Epoch	EpRet	EpRealRet	TestEpRet	AverageQ1	StdQ1	MaxQ1	MinQ1	Q2	TestSuccess	TotalEnvInteracts	TotalTime
0	-4.6188817	-4.6188817	0.0	-2.5205994	2.7558532	3.7774131	-21.251616	-2.5114644	0.0	196981	31.43240976333618
1	-4.8	-4.8	0.0	-2.0637176	2.3468618	3.757612	-22.261393	-2.0639303	0.0	398001	65.71303987503052
2	-5.8	-5.8	0.0	-2.28588	2.4775496	1.4603153	-20.917965	-2.2860088	0.0	598981	101.01783752441406
3	-5.6	-5.6	0.0	-3.5943933	2.8144522	0.36586094	-25.029736	-3.5941858	0.0	799981	136.02606201171875
4	-6.0089765	-6.0089765	0.0	-4.779774	2.8626945	-0.35105172	-27.7969	-4.7797894	0.0	1000987	170.5409860610962
5	-6.2087636	-6.2087636	0.0	-5.1615453	2.7191362	0.5219022	-28.873331	-5.16161	0.0	1201981	204.61881160736084
6	-5.2	-5.2	0.9519813	-6.0178003	2.8980498	-0.16689304	-30.031172	-6.0178137	0.0	1402983	238.94480419158936
7	-5.651967	-5.651967	7.61988	-6.8682423	3.0556972	-0.46004277	-35.49803	-6.867758	0.0	1603983	274.0330924987793
8	-3.7346003	-3.7346003	14.348154	-7.3998566	3.173443	0.26830193	-29.794346	-7.4001026	0.0	1804989	309.4130220413208
9	-7.617483	-7.617483	5.727677	-7.4745183	3.1103551	1.0216539	-27.039043	-7.474271	0.0	2006001	345.033607006073
10	-6.8325415	-6.8325415	3.8238425	-7.56846	3.1878338	3.5060842	-27.22191	-7.568707	0.0	2206995	382.0619730949402
11	-6.853037	-6.853037	10.497619	-8.032578	3.5585966	3.9144301	-28.16587	-8.032605	0.0	2407981	419.6052851676941
12	-7.050718	-7.050718	0.9565734	-7.574919	3.8155506	3.2445834	-29.74685	-7.575824	0.0	2608981	459.24721121788025
13	-7.0286803	-7.0286803	11.450729	-6.868919	3.286898	2.3769512	-30.971275	-6.869563	0.0	2810001	498.34978914260864
14	-3.4491446	-3.4491446	11.430824	-7.4415374	3.4375849	2.2635646	-32.61185	-7.441331	0.0	3010991	538.8467807769775
15	-5.302446	-5.302446	3.8699472	-8.188546	3.6125436	3.5901542	-32.873962	-8.188489	0.0	3211984	579.2386853694916
16	-4.8880305	-4.8880305	2.895307	-9.062545	3.6692758	2.4648707	-32.95163	-9.062451	0.0	3412983	615.8393287658691
17	-5.101033	-5.101033	4.7760806	-9.009436	3.83973	3.3095472	-36.073338	-9.009613	0.0	3614001	654.1887226104736
18	-4.8844357	-4.8844357	3.904071	-8.553857	4.0885634	6.1809688	-33.387768	-8.55354	0.0	3815001	691.9932029247284
19	-7.419746	-7.419746	7.6810884	-9.085542	4.8910513	3.8056715	-36.857327	-9.085891	0.0	4015981	730.6019694805145
20	-1.2130334	-1.2130334	18.37948	-9.188864	5.3367343	3.3429878	-37.999466	-9.189266	0.0	4216996	771.1076805591583
21	-4.7343984	-4.7343984	38.492603	-9.448824	5.1969805	3.5724485	-38.201298	-9.448831	0.0	4417994	809.5367686748505
22	-2.3662708	-2.3662708	24.079657	-8.888744	4.7641525	3.366852	-37.568817	-8.888773	0.0	4618981	847.938357591629
23	-3.1408136	-3.1408136	25.261347	-7.8929834	4.3620896	2.7604158	-35.160477	-7.8930426	0.0	4820001	885.3305711746216
24	-4.70977	-4.70977	21.130175	-6.6142573	3.9075546	2.17043	-31.782015	-6.614127	0.0	5020987	924.0932400226593
25	-2.5854368	-2.5854368	29.847593	-5.805234	3.5765865	3.7603765	-29.348007	-5.805251	0.0	5221988	961.8625295162201
26	-4.1254005	-4.1254005	33.643955	-5.4162345	3.4847085	3.2830112	-28.894735	-5.4158926	0.0	5422983	998.9615406990051
27	-1.958821	-1.958821	43.442047	-4.814229	3.387808	3.6133378	-28.192211	-4.814227	0.0	5624001	1037.6916086673737
28	-2.5513964	-2.5513964	35.51871	-4.5451784	3.3237565	2.8902574	-27.205019	-4.5452924	0.0	5824983	1075.5841796398163
29	3.0657325	3.0657325	31.77942	-4.4219484	3.3202918	2.9628696	-27.167606	-4.421782	0.0	6026001	1114.564343214035
30	-5.698898	-5.698898	36.636177	-4.1561346	3.2792351	2.4502468	-27.32214	-4.155904	0.0	6227001	1152.243259191513
31	-2.9472442	-2.9472442	31.537743	-4.025462	3.2405057	2.540683	-27.340183	-4.025328	0.0	6427983	1190.5914616584778
32	-1.0080916	-1.0080916	27.787334	-3.9677703	3.2137475	1.9095333	-27.128479	-3.9675524	0.0	6628983	1230.7560176849365
33	-3.3665273	-3.3665273	28.803112	-3.790965	3.1950035	2.0730195	-28.007698	-3.7904868	0.0	6829981	1268.9114248752594
34	1.1684442	1.1684442	18.338163	-3.8188753	3.1819365	1.8692855	-27.647026	-3.818543	0.0	7030981	1307.8074057102203
35	-1.3975346	-1.3975346	33.729786	-4.0046225	3.2052705	1.6757096	-26.658844	-4.004213	0.0	7232001	1346.0569217205048
36	-5.495989	-5.495989	21.168718	-4.1413083	3.2552705	2.7081127	-27.485338	-4.141148	0.0	7433001	1385.485862493515
37	-1.6150323	-1.6150323	37.496735	-4.286635	3.2711165	2.074074	-27.567408	-4.286177	0.0	7634001	1423.4505589008331
38	-2.956145	-2.956145	29.795305	-4.187054	3.302991	2.4192986	-27.059296	-4.186755	0.0	7835001	1462.713553905487
39	1.3640053	1.3640053	30.977339	-4.069446	3.3214314	2.0672195	-27.342957	-4.0688615	0.0	8035992	1500.8390009403229
40	-1.8003193	-1.8003193	27.818474	-3.9335394	3.2999563	1.8900615	-27.402897	-3.932827	0.0	8236994	1540.0418810844421
41	-1.8112448	-1.8112448	17.40822	-3.9549346	3.24997	1.9846652	-27.71033	-3.9545205	0.0	8438001	1577.8743155002594
42	-2.1761467	-2.1761467	18.441975	-4.052261	3.238337	2.0614185	-27.894644	-4.0522265	0.0	8638983	1616.9806370735168
43	-5.1192417	-5.1192417	25.102802	-4.348063	3.225473	1.5070608	-28.908987	-4.3478017	0.1	8839995	1655.7480330467224
44	-3.9148443	-3.9148443	21.426003	-4.60926	3.2266293	1.7993915	-29.686481	-4.6090183	0.0	9040982	1694.4049298763275
45	-3.9322085	-3.9322085	30.130077	-4.747306	3.2657304	1.8105884	-31.655262	-4.746823	0.0	9241994	1732.1513895988464
46	-5.317224	-5.317224	32.08731	-4.7499504	3.29696	2.1400962	-30.354883	-4.74972	0.0	9443001	1770.8773307800293
47	-4.928499	-4.928499	32.91838	-5.017162	3.246337	2.005017	-29.926414	-5.016653	0.0	9643984	1808.4763016700745
48	-1.205866	-1.205866	32.78844	-5.0872016	3.3303995	2.0508938	-31.91131	-5.0868382	0.0	9844982	1847.6095085144043
49	-1.3559097	-1.3559097	21.172762	-4.8906074	3.3160086	1.9545742	-31.459978	-4.890089	0.0	10046001	1885.749522447586
50	-0.3768132	-0.3768132	22.273746	-4.9174604	3.2870085	1.862313	-30.279875	-4.9171557	0.0	10247001	1923.832709312439
51	-3.362877	-3.362877	20.305092	-4.7838306	3.3401213	1.834644	-41.218834	-4.782886	0.1	10448001	1961.5523149967194
52	-1.8111131	-1.8111131	41.810757	-4.8527155	3.2720604	1.6305966	-30.589653	-4.852208	0.0	10648988	1999.1713137626648
53	-3.5229602	-3.5229602	23.271765	-4.979476	3.3224974	1.856334	-30.989346	-4.9789295	0.0	10849982	2037.8605349063873
54	-0.79865587	-0.79865587	30.04637	-5.1547422	3.3454952	2.2610874	-30.65354	-5.1544647	0.0	11051001	2076.784564971924
55	-1.8033909	-1.8033909	31.150219	-5.254713	3.3493497	1.9887121	-30.238253	-5.2542157	0.0	11251984	2114.158357143402
56	0.6056256	0.6056256	28.926289	-5.191423	3.3968358	2.1583405	-31.56398	-5.1911206	0.0	11452991	2153.3034608364105
57	-0.3784677	-0.3784677	20.347717	-5.2240243	3.382341	2.0276103	-31.662558	-5.223755	0.2	11653989	2191.7675688266754
58	-3.3801007	-3.3801007	38.700497	-5.4883413	3.4638448	2.0438085	-30.332203	-5.4877462	0.0	11854984	2229.801041126251
59	-5.334603	-5.334603	31.879457	-5.455334	3.5231712	2.3762267	-30.979368	-5.455268	0.0	12055987	2268.276524782181
60	-4.715083	-4.715083	54.3667	-5.6361604	3.5381932	3.2255013	-31.53658	-5.6355343	0.0	12256982	2306.320544242859
61	-3.1605182	-3.1605182	48.18983	-5.6703606	3.6416302	3.011323	-32.220657	-5.6698337	0.0	12457981	2343.658472776413
62	0.9822339	0.9822339	59.92285	-5.034184	3.5542846	2.992095	-30.1253	-5.0325627	0.0	12658981	2382.176294326782
63	0.36964798	0.36964798	56.98337	-4.747166	3.4743645	2.4244096	-31.873287	-4.7459183	0.0	12859982	2421.2755210399628
64	-3.9779198	-3.9779198	44.3205	-4.81915	3.5222976	2.7609115	-33.68377	-4.818675	0.0	13060981	2459.5333693027496
65	-1.389782	-1.389782	53.866543	-4.8705883	3.5686736	2.5346072	-29.658953	-4.869936	0.0	13262001	2497.806088447571
66	-4.1732087	-4.1732087	44.54163	-4.9771414	3.577175	2.5953803	-30.752659	-4.976976	0.0	13462985	2534.717839717865
67	-1.6109955	-1.6109955	45.483128	-5.0402875	3.6053574	2.8018005	-30.40778	-5.0400276	0.0	13664001	2572.980801343918
68	-5.1315293	-5.1315293	44.42365	-4.900738	3.6043801	2.9408374	-40.285362	-4.9003954	0.0	13864981	2611.4940373897552
69	0.78390115	0.78390115	52.924973	-4.835001	3.5562608	2.6283119	-31.589008	-4.8347316	0.0	14065996	2649.117262840271
70	-1.9919066	-1.9919066	41.558502	-5.060622	3.51308	2.777894	-31.844864	-5.060306	0.0	14267000	2688.0760328769684
71	-5.547552	-5.547552	50.072098	-5.2234282	3.6091793	2.9006703	-30.230165	-5.223141	0.0	14467986	2725.606295824051
72	2.5856996	2.5856996	34.707146	-5.005238	3.6390002	2.4147246	-30.16727	-5.004933	0.0	14668981	2764.189621448517
73	-0.21933065	-0.21933065	46.148087	-5.0617347	3.5861251	2.466731	-34.48092	-5.0619	0.0	14869993	2801.8727447986603
74	-2.7933252	-2.7933252	46.24787	-5.146149	3.634101	2.4917266	-37.241325	-5.1457853	0.0	15070981	2839.5520601272583
75	1.231447	1.231447	59.932003	-5.3633313	3.6164937	2.505013	-33.166943	-5.3631997	0.0	15271983	2878.175602197647
76	-1.9974552	-1.9974552	50.070805	-5.40197	3.695714	2.56117	-33.742985	-5.4015613	0.0	15472991	2916.661635875702
77	-0.2837632	-0.2837632	45.228664	-5.206141	3.676236	2.4586987	-35.936386	-5.205459	0.0	15673981	2954.5256884098053
78	-4.697455	-4.697455	51.22616	-5.3040137	3.637977	2.3737116	-35.01647	-5.303758	0.0	15874981	2992.1044220924377
79	-3.1543322	-3.1543322	35.830124	-5.5092974	3.69357	2.2471535	-36.235184	-5.509187	0.0	16075986	3030.051129579544
80	0.517803	0.517803	55.771595	-5.239071	3.7205486	3.201965	-36.18942	-5.2382774	0.0	16276982	3068.8823387622833
81	-3.3833625	-3.3833625	48.20491	-5.091747	3.6734636	3.0785155	-33.96183	-5.0911317	0.0	16477981	3106.998980283737
82	-2.5711281	-2.5711281	52.91295	-5.308026	3.6587815	2.4341922	-37.10403	-5.30761	0.0	16678982	3145.651756286621
83	-4.331601	-4.331601	56.689877	-5.3048296	3.6579645	3.061631	-35.73591	-5.304457	0.0	16879981	3184.9439504146576
84	-3.5830932	-3.5830932	48.06509	-5.294672	3.705458	2.5940287	-36.638428	-5.2937245	0.0	17080982	3222.6869077682495
85	0.505907	0.505907	57.864708	-5.2384853	3.6865575	2.8541632	-36.866547	-5.237977	0.0	17282001	3260.926809310913
86	-6.5057454	-6.5057454	49.06178	-5.181437	3.684631	2.5842197	-34.332035	-5.1805468	0.0	17482988	3299.037129163742
87	-0.26716086	-0.26716086	56.944263	-5.0352116	3.6015983	2.588686	-38.311825	-5.035027	0.0	17684001	3336.6459159851074
88	2.106523	2.106523	55.88595	-5.004264	3.6467829	2.8666165	-36.79288	-5.0038033	0.0	17884981	3374.5770177841187
89	-1.810907	-1.810907	58.697193	-5.048921	3.6803408	2.5996838	-39.82285	-5.0486484	0.0	18085997	3413.882800102234
90	-1.0284638	-1.0284638	64.52905	-4.920191	3.6070802	2.5785656	-38.414825	-4.919734	0.0	18287001	3452.682374238968
91	-0.07430271	-0.07430271	67.81104	-4.970989	3.6175525	2.7069662	-41.872692	-4.970931	0.0	18488001	3490.51340007782
92	-5.1110587	-5.1110587	54.76802	-4.9536376	3.6107552	2.0317693	-38.39072	-4.95357	0.0	18688981	3528.9026567935944
93	-1.0319072	-1.0319072	62.618286	-4.9767165	3.6264536	2.3772035	-35.431767	-4.976428	0.0	18889981	3567.38160943985
94	-0.87046814	-0.87046814	75.18937	-4.975186	3.6177735	2.5383213	-36.13949	-4.975007	0.0	19091001	3605.071304798126
95	-2.0300553	-2.0300553	72.17038	-4.7428765	3.6055627	2.726526	-37.982403	-4.7424436	0.0	19292001	3642.601925611496
96	-0.4398403	-0.4398403	56.59473	-4.5961976	3.591243	3.039235	-36.61955	-4.595403	0.0	19493001	3680.473909139633
97	-0.83303255	-0.83303255	64.771515	-4.563865	3.5522285	3.2244396	-39.273994	-4.5635977	0.0	19693981	3718.3421812057495
98	-0.8306212	-0.8306212	66.21834	-4.527784	3.5463183	2.7221997	-39.637665	-4.527571	0.0	19894984	3755.6611230373383
99	-4.724658	-4.724658	67.21441	-4.532389	3.5728076	3.044621	-34.088596	-4.5323243	0.0	20095996	3794.21387052536
100	2.1158955	2.1158955	72.213554	-4.493799	3.5577424	3.53091	-38.067352	-4.4937453	0.0	20296991	3832.0208098888397
101	0.7922544	0.7922544	72.220695	-4.403499	3.561682	4.4724536	-37.72632	-4.403416	0.0	20497981	3869.598518848419
102	-2.5919251	-2.5919251	56.953365	-4.392594	3.5666082	2.8860958	-37.673775	-4.392541	0.0	20698983	3907.7560560703278
103	-2.0103664	-2.0103664	73.43299	-4.564749	3.6303616	3.774098	-37.427345	-4.5645	0.0	20899981	3945.6413526535034
104	-2.0037243	-2.0037243	65.72906	-4.577526	3.5930827	3.5449436	-37.90054	-4.577252	0.0	21101001	3984.415079832077
105	-2.8049512	-2.8049512	68.48615	-4.5141783	3.63117	2.655607	-35.154293	-4.5142584	0.0	21302001	4022.2597241401672
106	6.54296	6.54296	52.13639	-4.401982	3.5999482	3.8038638	-35.79173	-4.4011984	0.0	21502999	4060.4725744724274
107	-3.9501193	-3.9501193	54.143917	-4.4368963	3.5709317	3.6527238	-42.131977	-4.4369373	0.0	21703982	4097.942636728287
108	-6.1161413	-6.1161413	82.06175	-4.4265103	3.5685925	3.6371686	-39.7042	-4.4266195	0.0	21904981	4135.450714588165
109	-2.5996869	-2.5996869	64.51577	-4.477029	3.5893228	3.1095042	-34.8581	-4.4764514	0.0	22105982	4174.66783452034
110	-2.2064795	-2.2064795	72.11608	-4.5825043	3.6043735	2.7217464	-38.776554	-4.58256	0.0	22306992	4213.083784103394
111	-0.08781378	-0.08781378	68.44019	-4.550606	3.6103573	2.9714844	-36.123074	-4.5500093	0.0	22507982	4250.784706354141
112	-0.666781	-0.666781	54.690895	-4.506374	3.6156702	3.934706	-37.047867	-4.5061913	0.0	22708984	4288.420378446579
113	5.1226306	5.1226306	67.710625	-4.5521765	3.6150925	3.8323984	-39.704025	-4.5519357	0.0	22909995	4327.294242858887
114	-0.25077108	-0.25077108	45.175583	-4.535045	3.59556	3.757663	-42.641975	-4.5352426	0.0	23110997	4365.477501153946
115	-3.0090275	-3.0090275	73.34873	-4.588991	3.5599642	3.6492674	-35.54908	-4.588934	0.0	23311981	4404.283863067627
116	-2.7601426	-2.7601426	55.961582	-4.661498	3.598204	4.654687	-39.04909	-4.660613	0.0	23512984	4442.379114151001
117	-1.4510537	-1.4510537	74.209526	-4.649073	3.6114998	4.8675423	-40.387516	-4.64871	0.0	23713981	4480.924026012421
118	-2.6010613	-2.6010613	75.185104	-4.5805297	3.6016912	3.0204759	-42.967796	-4.580713	0.0	23915001	4518.560257196426
119	-1.6079525	-1.6079525	62.514427	-4.6211014	3.616157	4.6046586	-40.23519	-4.620846	0.0	24115995	4556.7032470703125
120	-0.059954528	-0.059954528	71.348076	-4.64971	3.5997088	4.156141	-44.70435	-4.6494956	0.0	24316982	4594.27872633934
121	1.2994152	1.2994152	55.81133	-4.6201725	3.6179683	3.6369603	-38.228504	-4.6198754	0.0	24517981	4632.557755947113
122	-0.47186592	-0.47186592	45.093052	-4.6394534	3.6639552	3.6335757	-42.878605	-4.639827	0.0	24718981	4669.864554405212
123	-0.20347229	-0.20347229	70.481384	-4.7098565	3.68567	4.1049123	-41.22937	-4.709498	0.0	24919983	4707.877950429916
124	-3.1514192	-3.1514192	53.890335	-4.6875815	3.6302114	4.8041945	-41.777184	-4.6868057	0.0	25120995	4745.468561172485
125	0.33674324	0.33674324	67.169846	-4.6539273	3.6495879	5.152919	-44.431004	-4.653915	0.0	25321986	4783.925376653671
126	-2.2263536	-2.2263536	71.57333	-4.63372	3.6470013	4.1039453	-43.554398	-4.6329784	0.0	25522998	4821.439569711685
127	-2.0177503	-2.0177503	76.05095	-4.691079	3.6498575	3.8255205	-43.972736	-4.6902175	0.0	25723982	4859.281895637512
128	-2.7945337	-2.7945337	67.63392	-4.652886	3.6447542	4.1907578	-43.206615	-4.652437	0.0	25924989	4897.202910900116
129	-2.6320038	-2.6320038	85.13647	-4.647526	3.6680315	4.8699083	-38.72823	-4.6476464	0.0	26125987	4935.423905611038
130	-2.973237	-2.973237	67.46383	-4.5993443	3.6099017	3.9104464	-38.769	-4.5989532	0.0	26326982	4972.6736562252045
131	-3.1627765	-3.1627765	80.42587	-4.7140713	3.6555758	3.811498	-37.568714	-4.713352	0.0	26527982	5010.099189519882
132	0.10504147	0.10504147	77.97327	-4.611905	3.6558497	4.729201	-43.624588	-4.611868	0.0	26728983	5048.367220878601
133	-4.3606563	-4.3606563	60.794765	-4.6945744	3.6700146	4.0928783	-42.757656	-4.6943774	0.0	26929985	5086.766154766083
134	2.880881	2.880881	64.76673	-4.7800293	3.644936	6.059432	-44.518143	-4.780115	0.0	27130981	5124.520167827606
135	-0.23937073	-0.23937073	65.3408	-4.7846165	3.682314	3.668946	-42.69961	-4.783697	0.0	27331984	5163.393978595734
136	-0.04860592	-0.04860592	77.10383	-4.7327275	3.6942213	3.4558346	-37.68129	-4.732408	0.0	27532984	5201.778502702713
137	-2.8282537	-2.8282537	56.730396	-4.7164173	3.6989713	3.7779822	-41.597397	-4.7160234	0.0	27733982	5238.720673561096
138	-0.2647301	-0.2647301	79.066826	-4.8070564	3.7152922	3.8365774	-43.180405	-4.8067923	0.0	27935001	5277.177156925201
139	-1.8323761	-1.8323761	73.207306	-4.8202558	3.7371912	4.035567	-43.390854	-4.81983	0.0	28136001	5314.724384307861
140	6.2763634	6.2763634	71.23144	-4.8220224	3.70805	3.75836	-39.199806	-4.82186	0.0	28336983	5352.605702638626
141	-2.9804306	-2.9804306	74.174034	-4.8728995	3.7221901	4.7430763	-45.806812	-4.8728094	0.0	28537983	5390.263050079346
142	-5.3235207	-5.3235207	75.507996	-4.8810515	3.720001	4.5012484	-42.332783	-4.8804526	0.0	28738989	5427.535611867905
143	1.0993261	1.0993261	74.13804	-4.7576523	3.6618848	4.5225086	-43.815845	-4.757383	0.0	28940001	5465.2657680511475
144	1.0896419	1.0896419	69.33799	-4.779125	3.6716797	3.4104815	-36.943226	-4.779247	0.0	29140986	5505.3942766189575
145	-1.242142	-1.242142	79.265594	-4.8208613	3.6887074	3.4488232	-45.155388	-4.8199854	0.0	29341982	5542.523204565048
146	1.3608541	1.3608541	73.4856	-4.81549	3.6689665	4.005417	-40.276485	-4.815651	0.0	29543001	5579.458103895187
147	1.2858086	1.2858086	61.62939	-4.8778043	3.680514	4.960201	-40.423214	-4.8769665	0.0	29743996	5617.17874622345
148	1.0665867	1.0665867	64.847466	-4.784772	3.65162	3.7186294	-42.71955	-4.783969	0.0	29944982	5655.482627153397
149	-2.2208178	-2.2208178	76.07916	-4.9136667	3.6895018	4.156931	-40.871628	-4.913614	0.0	30145983	5693.480829954147
150	-2.233377	-2.233377	72.64825	-4.8158813	3.698288	4.671736	-40.547516	-4.8156443	0.0	30346989	5730.367981433868
151	0.7066045	0.7066045	70.23562	-4.80609	3.7096095	3.5062191	-43.33853	-4.8056126	0.0	30547981	5767.68673992157
152	-2.420114	-2.420114	65.444756	-4.9184136	3.6827645	4.3220673	-41.50489	-4.9181566	0.0	30748982	5805.610247135162
153	0.53280646	0.53280646	86.815285	-4.88586	3.6736841	5.310603	-41.9838	-4.885259	0.0	30949982	5843.582864999771
154	4.250542	4.250542	81.863464	-4.8735733	3.7082887	3.819923	-41.84107	-4.8733163	0.0	31150984	5880.594534397125
155	0.14559849	0.14559849	77.79522	-4.8936176	3.67834	3.7826107	-41.321922	-4.892875	0.0	31351982	5919.123926639557
156	0.764361	0.764361	84.14747	-4.8780556	3.6743572	3.5221853	-40.247143	-4.8775644	0.0	31552996	5956.976217746735
157	1.5100812	1.5100812	63.475876	-4.850781	3.735096	4.3499293	-40.143253	-4.849818	0.0	31753983	5994.596959352493
158	-4.164731	-4.164731	73.30494	-4.7751045	3.7228959	4.4741974	-38.631683	-4.7749243	0.0	31955001	6032.750546693802
159	-0.74496007	-0.74496007	83.90167	-4.858265	3.682958	5.1209326	-39.323883	-4.8581915	0.0	32155995	6070.665931940079
160	-3.7727985	-3.7727985	69.27684	-4.9116454	3.6669312	4.318225	-36.750504	-4.9114313	0.0	32356997	6108.277265787125
161	-2.3554013	-2.3554013	68.32234	-4.978993	3.7116663	4.5153637	-43.39498	-4.9788156	0.0	32557981	6145.232100725174
162	-5.3348765	-5.3348765	74.3069	-4.9663916	3.7266128	4.3396387	-41.36112	-4.9657497	0.0	32758994	6182.596174955368
163	-2.790923	-2.790923	75.14422	-5.0776486	3.7523918	4.142531	-39.502087	-5.0770144	0.0	32959998	6220.233352899551
164	-1.8315805	-1.8315805	68.2867	-5.0999627	3.7341084	4.41136	-39.883286	-5.099818	0.0	33160983	6258.715265035629
165	-3.816037	-3.816037	86.909546	-5.2173753	3.7902453	3.9960904	-50.863274	-5.216779	0.0	33361999	6295.774059057236
166	3.281893	3.281893	62.410755	-5.1294775	3.7626727	5.206481	-43.75604	-5.1288295	0.2	33562981	6333.813941240311
167	1.8719369	1.8719369	81.93613	-5.168488	3.787718	4.779137	-47.578384	-5.1678543	0.0	33764001	6371.368442296982
168	-2.59091	-2.59091	97.4923	-5.197589	3.7959821	3.8407748	-45.282566	-5.1970606	0.0	33964988	6408.967644453049
169	2.2387614	2.2387614	75.36268	-5.139636	3.7696486	4.5383306	-43.937115	-5.1394396	0.0	34165981	6446.206490039825
170	-3.581851	-3.581851	78.22271	-5.25038	3.7480528	4.223152	-45.810696	-5.2501845	0.0	34366983	6484.348205566406
171	-2.2458694	-2.2458694	77.01451	-5.4251385	3.7922564	5.7863965	-41.85143	-5.4248004	0.0	34567984	6522.5707924366
172	-1.0445933	-1.0445933	90.60711	-5.600628	3.86621	4.0165806	-43.089405	-5.5993924	0.0	34768984	6559.8767902851105
173	-0.29111832	-0.29111832	83.16453	-5.642939	3.8637924	5.5777903	-42.18763	-5.643376	0.0	34969988	6597.873030424118
174	-0.4734388	-0.4734388	78.300125	-5.6908665	3.843637	5.7326307	-45.444332	-5.689991	0.0	35170991	6635.510404109955
175	-2.2360473	-2.2360473	88.52282	-5.69001	3.8734214	5.078972	-43.836227	-5.690038	0.0	35372001	6673.497336864471
176	-2.9768753	-2.9768753	74.36077	-5.621739	3.8936317	6.0049148	-47.74827	-5.6214266	0.0	35573001	6711.429702043533
177	0.45314178	0.45314178	92.45425	-5.74316	3.8663805	4.8916955	-45.798103	-5.7426515	0.0	35773982	6748.675391674042
178	2.8837214	2.8837214	106.119804	-5.605083	3.8198247	4.7928853	-40.77442	-5.604794	0.0	35975001	6785.892614603043
179	-1.454115	-1.454115	98.355125	-5.622594	3.8112097	5.5291247	-40.734215	-5.622357	0.0	36175982	6823.173987150192
180	3.3897266	3.3897266	102.257416	-5.6681952	3.8034894	5.210245	-41.42728	-5.667402	0.0	36376988	6861.540201187134
181	-2.8527021	-2.8527021	99.54544	-5.679111	3.83467	4.8955555	-38.755795	-5.6785264	0.0	36577984	6898.848198413849
182	-1.2450327	-1.2450327	87.43115	-5.699977	3.8384902	4.277704	-35.211834	-5.6996646	0.0	36778987	6936.375290632248
183	2.265562	2.265562	85.58083	-5.7439966	3.8675473	4.207962	-41.571167	-5.7439666	0.0	36979982	6973.959802865982
184	-3.596403	-3.596403	98.47303	-5.6696944	3.8084252	5.2943254	-40.190147	-5.6687584	0.0	37180982	7011.262984514236
185	-2.253507	-2.253507	91.06187	-5.747329	3.8196886	4.296201	-39.670483	-5.7469153	0.0	37382001	7049.814815044403
186	7.929136	7.929136	106.317024	-5.7634945	3.8752367	4.6836376	-40.964962	-5.7629957	0.0	37582985	7087.393748044968
187	-0.29460257	-0.29460257	88.05067	-5.7437334	3.921931	5.06054	-35.471924	-5.743628	0.0	37783990	7125.411018133163
188	6.565914	6.565914	94.943794	-5.753567	3.9005127	3.858387	-36.835342	-5.7536526	0.0	37984981	7163.163876056671
189	-4.9441514	-4.9441514	115.98926	-5.6431355	3.8759506	5.889422	-39.267036	-5.642168	0.0	38185981	7200.7729160785675
190	5.446132	5.446132	97.246185	-5.7870097	3.8968868	5.6606693	-36.655403	-5.7870407	0.0	38386982	7237.235555410385
191	-3.0206244	-3.0206244	92.06393	-5.8015466	3.8881588	4.786965	-41.068645	-5.801111	0.0	38587989	7274.564716100693
192	2.056588	2.056588	94.576385	-5.789281	3.8791351	6.2034535	-43.853096	-5.788997	0.0	38788982	7312.845932006836
193	-2.9970136	-2.9970136	100.168625	-5.7605834	3.9011922	5.087702	-39.998833	-5.7602854	0.0	38989989	7350.135619163513
194	-3.242069	-3.242069	100.12762	-5.603965	3.897538	4.223294	-36.704014	-5.604294	0.0	39190993	7388.448881864548
195	3.9815936	3.9815936	76.18097	-5.494074	3.881873	4.091942	-41.56073	-5.4936476	0.0	39392001	7425.247300624847
196	-2.2250998	-2.2250998	103.11999	-5.5429435	3.8727832	4.0046372	-38.454052	-5.542934	0.0	39592984	7463.613127708435
197	3.2962866	3.2962866	89.652596	-5.6500764	3.8961954	5.4551435	-39.318783	-5.6497035	0.0	39793987	7500.660353183746
198	2.5403984	2.5403984	106.34641	-5.688416	3.9188588	3.5519674	-35.439053	-5.687707	0.0	39994996	7539.5507798194885
199	5.6183605	5.6183605	86.65362	-5.639493	3.9259984	4.2678404	-35.87757	-5.639274	0.0	40195988	7576.321798324585
200	5.233214	5.233214	100.48963	-5.61714	3.9000607	4.034302	-35.61389	-5.617169	0.0	40396990	7614.014671325684
201	-2.647549	-2.647549	107.02711	-5.6717944	3.9292128	4.6715846	-39.41092	-5.6718173	0.0	40597981	7652.05468416214
202	6.978138	6.978138	100.203514	-5.649255	3.9175222	4.177661	-34.387787	-5.648736	0.0	40798993	7689.443142414093
203	4.313045	4.313045	113.11284	-5.524082	3.9284837	4.0248194	-37.11434	-5.52345	0.0	40999989	7727.307976722717
204	-0.81639445	-0.81639445	108.22632	-5.5761724	3.906904	4.1132154	-38.64849	-5.5759983	0.0	41200987	7765.004385948181
205	0.10811499	0.10811499	101.0654	-5.551989	3.8894966	3.9522307	-33.90847	-5.551965	0.0	41401981	7802.645018815994
206	5.551638	5.551638	120.54794	-5.58052	3.8584223	4.1084266	-33.543205	-5.580169	0.0	41603001	7840.399158716202
207	5.77126	5.77126	76.506355	-5.642614	3.8798661	4.1393147	-39.38291	-5.6426163	0.0	41803981	7878.276873826981
208	6.161983	6.161983	103.80936	-5.709221	3.850886	4.01071	-33.63364	-5.709194	0.0	42004989	7916.483309984207
209	3.1989172	3.1989172	108.91165	-5.6022096	3.8464577	4.026723	-36.708656	-5.601141	0.0	42206001	7954.121600866318
210	2.8204708	2.8204708	97.05335	-5.4635773	3.8146536	3.245423	-34.004295	-5.4633613	0.0	42406983	7990.966401815414
211	1.4520657	1.4520657	110.72634	-5.3896074	3.8124785	3.7248387	-35.161873	-5.3898087	0.0	42607986	8028.2895357608795
212	-2.6051698	-2.6051698	89.0619	-5.4663663	3.8133576	4.65708	-33.369526	-5.466089	0.0	42808998	8066.494878530502
213	0.68131965	0.68131965	106.98362	-5.3974586	3.8157358	4.9045167	-32.09795	-5.397472	0.0	43010001	8104.731276512146
214	-3.4185717	-3.4185717	107.14114	-5.3362403	3.8082097	3.7092495	-33.187874	-5.3360248	0.0	43210990	8141.666536808014
215	2.6569915	2.6569915	67.46714	-5.388019	3.789826	2.9908946	-40.28395	-5.3881626	0.0	43411984	8178.5700507164
216	4.127182	4.127182	77.10741	-5.427822	3.798956	3.7589831	-41.669804	-5.4276032	0.0	43612983	8216.529167175293
217	-0.08528885	-0.08528885	78.99002	-5.4611187	3.8250053	3.986679	-33.956463	-5.460791	0.0	43814001	8254.203475952148
218	1.8646573	1.8646573	80.93008	-5.3971066	3.7967432	4.6119127	-33.499676	-5.3976893	0.0	44014986	8291.55892086029
219	5.3559837	5.3559837	97.59836	-5.4171257	3.8399506	4.107216	-38.89571	-5.4164557	0.0	44215983	8329.703920125961
220	0.50651526	0.50651526	91.63629	-5.498087	3.825848	4.1300154	-33.16169	-5.4973636	0.0	44417001	8367.553714513779
221	-0.14650278	-0.14650278	81.01283	-5.471835	3.8482614	4.037939	-37.209187	-5.47191	0.0	44617992	8403.992796182632
222	6.80333	6.80333	72.23489	-5.3910246	3.8602922	4.2909236	-34.111233	-5.390953	0.0	44819000	8441.708513259888
223	1.6638063	1.6638063	93.65417	-5.5020385	3.8086247	4.08602	-37.82862	-5.501844	0.0	45020001	8478.999506473541
224	-0.11580673	-0.11580673	84.573845	-5.6370807	3.857848	3.6716514	-37.225	-5.637066	0.0	45220981	8516.429710149765
225	6.16261	6.16261	88.192986	-5.6193357	3.8398664	4.4471917	-32.286285	-5.618448	0.0	45421990	8553.861711025238
226	2.2975483	2.2975483	86.75849	-5.594089	3.8644133	4.0413485	-31.61488	-5.593753	0.0	45623001	8591.35408782959
227	3.9061882	3.9061882	79.749115	-5.5893145	3.856756	4.2681465	-38.271835	-5.589317	0.0	45823984	8629.535678386688
228	-1.8325275	-1.8325275	71.63458	-5.6025887	3.8963137	3.7641172	-35.601837	-5.602444	0.0	46024983	8666.786639928818
229	2.1231818	2.1231818	102.10145	-5.596879	3.8614724	3.239543	-38.35704	-5.596453	0.0	46225990	8704.703664302826
230	3.8544242	3.8544242	90.96172	-5.6716447	3.894845	4.8543344	-47.2308	-5.671929	0.0	46426995	8742.532799243927
231	3.3495398	3.3495398	79.93904	-5.863516	3.9384046	4.084061	-35.33173	-5.8635406	0.0	46627996	8780.858381271362
232	-1.0946529	-1.0946529	89.483185	-5.7482185	3.955676	3.8505437	-38.75052	-5.7475333	0.0	46828983	8818.9015853405
233	7.3203254	7.3203254	85.06074	-5.6432834	3.9400277	4.061675	-37.7153	-5.6427264	0.0	47029981	8856.42789888382
234	0.72342145	0.72342145	88.07057	-5.6099153	3.8623838	4.4940476	-37.894638	-5.6088915	0.0	47230984	8894.168970823288
235	3.7663229	3.7663229	85.613045	-5.8547745	3.9628565	4.027317	-38.88047	-5.8546844	0.0	47431981	8932.053641080856
236	1.8256885	1.8256885	96.673065	-5.942613	3.9763644	3.9848232	-39.4716	-5.942261	0.0	47632996	8970.315752506256
237	3.7842155	3.7842155	96.92929	-5.8073983	4.0499444	4.3397202	-40.24292	-5.806364	0.0	47833989	9008.359908342361
238	1.3319063	1.3319063	98.52768	-5.7077065	3.9320962	5.5103865	-39.814293	-5.707414	0.0	48034981	9045.109122037888
239	0.46045434	0.46045434	75.16525	-5.7916813	3.9184284	4.099696	-38.509693	-5.791491	0.0	48235981	9081.870884418488
240	-0.066187136	-0.066187136	89.25572	-5.7998614	3.9581356	3.3627687	-39.07923	-5.799621	0.0	48436984	9119.260077238083
241	-2.2872322	-2.2872322	101.97641	-5.8236113	3.9441845	4.602428	-38.51748	-5.8235664	0.0	48637986	9156.223671674728
242	0.8457077	0.8457077	87.94489	-5.8161764	3.9862688	4.123565	-38.968605	-5.8154063	0.0	48838994	9193.904726028442
243	4.0709095	4.0709095	108.56966	-5.790998	3.992888	5.714649	-40.25423	-5.7906146	0.0	49039982	9231.586825370789
244	-1.079666	-1.079666	98.25991	-6.0875893	4.0484605	4.4255815	-38.961063	-6.0878377	0.0	49240982	9268.528099298477
245	5.241853	5.241853	108.32393	-6.218206	4.124144	4.4165816	-40.136658	-6.2183824	0.0	49441988	9305.33941245079
246	-0.51012367	-0.51012367	94.01753	-5.998984	4.100639	4.1959734	-40.55983	-5.9981914	0.0	49642985	9342.98393368721
247	5.325586	5.325586	98.06865	-6.0673604	4.1378675	4.6712976	-39.223064	-6.066632	0.0	49843983	9380.331909894943
248	-1.4192841	-1.4192841	121.37478	-6.104515	4.1205177	4.966102	-39.28236	-6.104983	0.0	50044986	9417.54241514206
249	-0.4608438	-0.4608438	106.270134	-5.9620113	4.1037974	3.9079049	-37.598732	-5.961662	0.0	50245981	9455.03968334198
