Epoch	EpRet	EpRealRet	TestEpRet	AverageQ1	StdQ1	MaxQ1	MinQ1	Q2	TestSuccess	TotalEnvInteracts	TotalTime
0	-1085.2251	-1085.2251	-1019.6129	-46.55654	8.508288	-0.09616051	-227.75473	-46.55209	0.7	197001	58.419076919555664
1	-985.77594	-985.77594	-1044.2559	-48.02904	5.965754	3.8642638	-65.04314	-48.031017	0.5	398001	120.27340292930603
2	-1142.4407	-1142.4407	-1116.1676	-48.12068	6.2669907	4.30961	-70.81423	-48.123283	0.7	598998	184.9646544456482
3	-1234.5298	-1234.5298	-958.944	-48.229877	6.136992	5.9610524	-72.30733	-48.227127	0.6	799981	249.65396785736084
4	-1203.1051	-1203.1051	-993.6282	-48.268867	6.118962	7.7982464	-82.3729	-48.26138	0.7	1001001	317.93388748168945
5	-1218.4899	-1218.4899	-996.417	-48.26216	6.146151	12.047069	-73.60928	-48.25455	0.9	1202001	388.8002281188965
6	-1002.6844	-1002.6844	-897.27734	-48.227455	6.270139	13.79189	-81.736145	-48.22019	0.3	1403001	464.50323820114136
7	-978.11163	-978.11163	-981.4791	-48.19836	6.340035	15.549236	-76.97576	-48.192207	0.5	1604001	535.6852188110352
8	-1028.331	-1028.331	-905.5086	-48.19834	6.3250823	18.235638	-68.838135	-48.194084	0.7	1805001	610.9616913795471
9	-1119.9214	-1119.9214	-775.9179	-48.096645	6.4233804	16.746613	-67.15935	-48.093014	0.7	2005991	684.0740628242493
10	-967.9189	-967.9189	-732.10803	-48.019386	6.4375057	25.235443	-69.3763	-48.01541	0.8	2206994	753.9973702430725
11	-1106.7976	-1106.7976	-557.0654	-48.055527	6.3166018	26.369987	-68.95785	-48.053165	0.8	2408001	822.0620639324188
12	-1078.8508	-1078.8508	-324.51852	-48.03494	6.399135	22.832125	-79.318565	-48.035244	0.9	2609001	890.1949064731598
13	-1030.7379	-1030.7379	-708.18555	-48.070854	6.427818	22.038553	-75.249695	-48.071228	0.8	2810001	957.5607154369354
14	-879.0832	-879.0832	-691.258	-48.091904	6.44096	32.434116	-69.186356	-48.092213	1.0	3010983	1022.349526643753
15	-972.13416	-972.13416	-516.9227	-48.092747	6.4644732	28.44292	-77.64993	-48.094666	0.7	3212001	1088.6237797737122
16	-970.1703	-970.1703	-1123.1815	-48.059235	6.5203266	43.240494	-86.88873	-48.062588	0.4	3413001	1157.025197505951
17	-1092.663	-1092.663	-794.8875	-48.04781	6.542785	55.6604	-80.97763	-48.049988	0.7	3614001	1225.0536992549896
18	-1036.7367	-1036.7367	-1046.854	-48.0594	6.590171	68.89075	-78.15495	-48.05997	0.5	3815001	1289.715316772461
19	-1033.0216	-1033.0216	-990.3209	-48.08812	6.6293464	41.134224	-80.34809	-48.090446	0.7	4015985	1356.0255131721497
20	-1048.6969	-1048.6969	-672.9975	-48.105183	6.624312	71.64848	-78.478935	-48.106743	0.2	4216992	1419.9583966732025
21	-1003.42194	-1003.42194	-1094.7653	-48.097286	6.619323	46.000294	-73.591896	-48.09885	0.5	4417989	1484.0142817497253
22	-1074.5304	-1074.5304	-1207.7864	-48.132614	6.640035	49.453987	-73.77887	-48.13642	0.5	4618989	1548.908744096756
23	-1083.4152	-1083.4152	-1073.2208	-48.164696	6.6226125	75.103485	-72.49452	-48.1657	0.5	4819999	1613.6637797355652
24	-1035.5465	-1035.5465	-1043.7313	-48.150425	6.727114	35.11236	-83.71151	-48.15097	0.5	5021001	1677.5242710113525
25	-1111.2223	-1111.2223	-1213.703	-48.142666	6.783779	36.50315	-67.18331	-48.144474	0.3	5222001	1742.47056722641
26	-1242.3335	-1242.3335	-1053.5492	-48.170776	6.746755	43.432262	-70.62838	-48.174107	0.8	5422987	1806.6571254730225
27	-1044.506	-1044.506	-499.35413	-48.135406	6.838702	56.335133	-72.24047	-48.13709	0.3	5623985	1870.230694770813
28	-1180.407	-1180.407	-636.95233	-48.176407	6.7909756	59.17994	-67.34641	-48.1786	0.8	5825001	1934.4624288082123
29	-955.3962	-955.3962	-615.43945	-48.18256	6.776576	56.00128	-70.293304	-48.184097	0.4	6026001	1999.0504686832428
30	-970.1492	-970.1492	-652.8626	-48.17988	6.840457	55.58423	-72.117134	-48.180546	0.2	6227001	2062.4461019039154
31	-1017.9297	-1017.9297	-1210.4281	-48.141678	6.908367	52.28813	-66.737175	-48.14325	0.5	6427982	2126.5611250400543
32	-1029.5233	-1029.5233	-578.54285	-48.168884	6.8387814	67.07624	-69.65362	-48.169403	0.5	6628989	2192.0631227493286
33	-944.0444	-944.0444	-932.55084	-48.16314	6.863027	63.560406	-68.95607	-48.1629	0.5	6830001	2254.140286207199
34	-946.99524	-946.99524	-488.99173	-48.17516	6.8326035	49.563087	-65.8144	-48.176167	0.6	7030983	2316.207569360733
35	-997.8373	-997.8373	-980.8687	-48.188602	6.8091645	44.62508	-63.826443	-48.188454	0.7	7232001	2378.3722400665283
36	-862.6326	-862.6326	-791.55994	-48.169907	6.808948	49.06719	-65.199974	-48.170437	0.5	7432983	2440.21134185791
37	-885.10565	-885.10565	-813.2319	-48.18074	6.795794	56.217262	-66.480515	-48.18085	0.3	7633996	2501.416554927826
38	-922.18915	-922.18915	-410.3632	-48.197693	6.7797747	45.494144	-65.284096	-48.19811	0.1	7835001	2562.7710399627686
39	-904.3591	-904.3591	-738.95044	-48.197437	6.8037763	76.97128	-70.836464	-48.19827	0.6	8036001	2624.5587775707245
40	-968.4416	-968.4416	-885.13385	-48.219246	6.7386513	55.188023	-67.018394	-48.22005	0.7	8236983	2685.6280419826508
41	-917.0644	-917.0644	-629.7117	-48.196712	6.750672	39.754185	-66.8082	-48.19725	0.6	8438001	2746.9114768505096
42	-947.76447	-947.76447	-1122.8834	-48.174904	6.780766	47.782944	-66.237625	-48.176647	0.8	8638982	2808.868020296097
43	-866.081	-866.081	-850.1464	-48.189445	6.714742	45.412544	-75.58201	-48.19068	0.6	8840001	2870.71692609787
44	-979.0493	-979.0493	-609.5313	-48.169537	6.728977	45.539318	-70.52136	-48.17166	0.7	9041001	2932.999826669693
45	-944.9614	-944.9614	-729.61774	-48.180843	6.70701	37.80514	-74.04084	-48.18311	0.4	9242001	2994.7341508865356
46	-921.8234	-921.8234	-750.5053	-48.158913	6.7574472	45.35394	-70.23669	-48.160717	0.4	9442984	3056.9915115833282
47	-867.5165	-867.5165	-915.80115	-48.157364	6.7268605	82.029396	-68.958305	-48.160656	0.7	9644001	3118.9223172664642
48	-1097.832	-1097.832	-776.4285	-48.13909	6.7331796	67.855354	-70.16174	-48.14105	1.0	9845001	3181.0417234897614
49	-1047.8911	-1047.8911	-869.0029	-48.15136	6.723362	53.73019	-69.44794	-48.151497	0.6	10046001	3242.9961202144623
50	-948.837	-948.837	-511.14102	-48.147835	6.7009244	44.9243	-67.38344	-48.15019	0.6	10247001	3305.3639640808105
51	-812.35547	-812.35547	-709.88354	-48.092793	6.747886	46.785492	-72.31051	-48.09456	0.5	10448001	3367.6411006450653
52	-1019.70557	-1019.70557	-297.55887	-48.107803	6.719835	54.763527	-68.952286	-48.110306	0.4	10649001	3429.992431163788
53	-938.05334	-938.05334	-222.56342	-48.09495	6.7319098	51.90729	-67.56665	-48.097496	0.5	10850001	3492.0426321029663
54	-859.8295	-859.8295	-37.25463	-48.05745	6.7773585	57.392162	-82.85473	-48.060287	0.2	11051001	3554.0880105495453
55	-962.50995	-962.50995	-530.2723	-48.048565	6.7523546	72.07705	-76.93386	-48.050762	0.3	11251989	3616.0054421424866
56	-940.7795	-940.7795	-650.1234	-48.057705	6.719	71.057236	-69.76459	-48.059658	0.5	11453001	3678.0595235824585
57	-807.23834	-807.23834	-830.0244	-48.085068	6.6987047	62.109283	-67.27572	-48.08779	0.9	11654001	3739.942414045334
58	-916.8696	-916.8696	-922.45044	-48.079594	6.6724157	44.39463	-64.943344	-48.080826	0.9	11855001	3802.1424746513367
59	-972.948	-972.948	-682.377	-48.072414	6.709411	55.4202	-68.4181	-48.07433	0.5	12055991	3864.6219754219055
60	-1083.3256	-1083.3256	-680.60767	-48.06981	6.686171	60.79248	-65.23377	-48.071304	0.6	12257001	3926.8833558559418
61	-992.0598	-992.0598	-862.57324	-48.04155	6.745526	81.010445	-70.84404	-48.045246	0.6	12458001	3989.5125501155853
62	-993.3401	-993.3401	-1054.4171	-48.034737	6.7246056	57.048607	-68.60245	-48.037205	0.7	12659001	4051.67644572258
63	-1002.34485	-1002.34485	-797.1652	-48.01299	6.729557	44.852486	-67.83383	-48.014202	0.7	12860001	4114.134417295456
64	-952.7078	-952.7078	-937.3176	-47.99189	6.762908	47.170715	-71.45565	-47.993366	0.8	13061001	4176.175911188126
65	-1035.0225	-1035.0225	-606.5945	-47.97734	6.782495	57.64383	-73.923195	-47.979626	0.6	13261998	4238.5740756988525
66	-901.1051	-901.1051	-668.3124	-47.956642	6.798166	84.76271	-67.263596	-47.958076	0.8	13463001	4300.090273857117
67	-859.3731	-859.3731	-859.8842	-47.963844	6.788939	49.720905	-79.93614	-47.966785	0.7	13663987	4362.000735998154
68	-892.83954	-892.83954	-615.64526	-47.950188	6.8324766	49.401913	-79.745094	-47.95162	0.8	13864982	4423.9787492752075
69	-743.17847	-743.17847	-689.7818	-47.941124	6.822848	46.462685	-73.51365	-47.942867	1.0	14065983	4485.328724622726
70	-949.7498	-949.7498	-774.8623	-47.93754	6.7947354	52.27781	-76.65324	-47.940205	0.8	14266987	4547.046527385712
71	-922.42084	-922.42084	-526.6123	-47.960808	6.7762485	60.823895	-74.65821	-47.960495	0.5	14467984	4609.695356369019
72	-967.17694	-967.17694	-826.5133	-47.97296	6.724362	56.86275	-65.632256	-47.975418	0.4	14669001	4672.4107892513275
73	-825.53625	-825.53625	-753.1307	-47.9413	6.8081307	58.88776	-66.356964	-47.94332	0.5	14870001	4733.74626326561
74	-883.0728	-883.0728	-809.5797	-47.98469	6.7221684	60.889503	-67.88206	-47.985046	0.6	15071001	4795.310150146484
75	-1013.71716	-1013.71716	-680.19403	-47.934105	6.810397	51.59689	-67.26931	-47.93501	0.4	15272001	4857.061829090118
76	-990.935	-990.935	-678.95123	-47.91849	6.8635693	43.22783	-71.46219	-47.91887	0.8	15472984	4918.929379224777
77	-981.67096	-981.67096	-652.12415	-47.930367	6.819131	58.960697	-71.49382	-47.931854	0.7	15673989	4980.880444288254
78	-929.8663	-929.8663	-335.95187	-47.917458	6.840212	51.213547	-74.61156	-47.918026	0.5	15875001	5042.337690830231
79	-872.3833	-872.3833	-590.0156	-47.936314	6.803962	72.43291	-68.16302	-47.93724	0.6	16076001	5105.030164718628
80	-934.581	-934.581	-556.9346	-47.905045	6.875264	44.148865	-73.04528	-47.905216	0.7	16277001	5167.46558880806
81	-909.71326	-909.71326	-855.7297	-47.943836	6.769595	54.452187	-73.08686	-47.94401	0.8	16478001	5229.234844446182
82	-885.1231	-885.1231	-583.64355	-47.951424	6.7762156	45.553448	-68.80785	-47.95208	0.8	16679001	5290.624270915985
83	-746.678	-746.678	-817.8004	-47.92334	6.7964897	79.576935	-69.81456	-47.92424	0.6	16879993	5352.469443321228
84	-938.9244	-938.9244	-465.4097	-47.93683	6.8147774	45.402798	-75.21468	-47.938026	0.8	17081001	5414.24122262001
85	-865.30005	-865.30005	-717.44824	-47.926804	6.8278337	57.698624	-71.43445	-47.92744	0.7	17282001	5475.899825811386
86	-856.31744	-856.31744	-571.72955	-47.95005	6.8036757	51.243023	-77.903755	-47.949066	0.5	17483001	5537.022572517395
87	-861.4295	-861.4295	-710.3401	-47.970524	6.722318	62.60081	-72.20865	-47.970417	0.7	17684001	5598.984305143356
88	-885.09827	-885.09827	-584.3438	-47.92198	6.817862	72.43811	-71.30314	-47.922886	0.8	17885001	5661.20822095871
89	-946.7469	-946.7469	-907.99536	-47.946312	6.7962513	70.821625	-69.25831	-47.947018	0.7	18085992	5722.947606086731
90	-800.9709	-800.9709	-542.22284	-47.957245	6.715083	57.49287	-76.52501	-47.95761	0.6	18287001	5784.273603439331
91	-966.27655	-966.27655	-945.81177	-47.953506	6.7505918	65.91259	-71.20969	-47.95417	0.6	18487987	5846.10417675972
92	-1018.5302	-1018.5302	-767.6218	-47.936344	6.774487	49.590717	-67.01194	-47.93735	0.6	18689000	5908.347504615784
93	-868.20953	-868.20953	-543.904	-47.921078	6.7540293	70.88886	-68.53555	-47.92089	0.9	18890001	5970.089433670044
94	-939.4824	-939.4824	-598.9281	-47.915207	6.7680645	84.25119	-68.97553	-47.915775	0.5	19091001	6032.385955095291
95	-906.1612	-906.1612	-626.7218	-47.914497	6.7598896	54.74109	-69.14413	-47.914867	0.9	19291991	6093.933707475662
96	-889.6979	-889.6979	-585.1667	-47.95366	6.685915	55.389797	-70.412834	-47.953987	1.0	19492994	6155.320889949799
97	-906.6125	-906.6125	-805.01294	-47.916637	6.7564354	94.11082	-68.88103	-47.916508	0.7	19694001	6217.144677877426
98	-971.1011	-971.1011	-958.1803	-47.91085	6.746338	56.173244	-72.32761	-47.91126	0.8	19894999	6278.9060978889465
99	-893.45514	-893.45514	-771.7078	-47.90325	6.7531753	77.161064	-70.48189	-47.901672	0.5	20096001	6340.291076421738
100	-952.4543	-952.4543	-547.2447	-47.951954	6.666196	58.760708	-67.52193	-47.951626	0.6	20296985	6401.700792551041
101	-1004.9614	-1004.9614	-732.2719	-47.920143	6.7198668	72.09271	-69.0687	-47.92167	0.4	20498001	6463.393735408783
102	-983.3108	-983.3108	-946.61255	-47.919743	6.7226076	50.63514	-67.12816	-47.918873	0.7	20698992	6525.14163851738
103	-890.71735	-890.71735	-559.2621	-47.92176	6.7260914	70.96973	-68.10429	-47.922543	0.6	20899983	6587.087413311005
104	-878.0658	-878.0658	-677.30035	-47.920944	6.6922784	70.87111	-70.52744	-47.920624	0.6	21101001	6649.119076490402
105	-885.58044	-885.58044	-821.39	-47.93238	6.6711373	69.098404	-75.035965	-47.93085	0.9	21302001	6711.136850833893
106	-1013.42126	-1013.42126	-802.14166	-47.904198	6.690791	69.04459	-83.165054	-47.90435	0.8	21503001	6773.707104444504
107	-858.94165	-858.94165	-492.42978	-47.920315	6.6729975	70.1396	-69.62958	-47.920242	0.7	21703984	6835.097688913345
108	-992.59735	-992.59735	-545.6943	-47.891582	6.705634	104.05153	-67.072075	-47.89094	0.4	21905001	6896.873059511185
109	-911.4698	-911.4698	-732.61005	-47.872417	6.7289195	79.35011	-81.56626	-47.87364	0.8	22106001	6958.853924274445
110	-814.9868	-814.9868	-757.6697	-47.91328	6.6519227	73.922	-68.24161	-47.912987	1.0	22307001	7019.565292596817
111	-891.33453	-891.33453	-662.4487	-47.910946	6.6733956	61.139164	-68.25387	-47.90988	0.8	22508001	7081.085260391235
112	-802.0557	-802.0557	-962.5195	-47.88319	6.6989417	65.1075	-78.04637	-47.883274	1.0	22708992	7142.7786412239075
113	-974.216	-974.216	-482.72833	-47.92151	6.6259127	76.78507	-69.87078	-47.920673	0.9	22910001	7204.0062074661255
114	-892.2894	-892.2894	-553.3063	-47.880737	6.6810203	62.093365	-71.28701	-47.879967	0.7	23111001	7265.1213965415955
115	-918.9826	-918.9826	-622.9522	-47.912964	6.6191177	63.78993	-66.76681	-47.913147	0.7	23312001	7326.4399609565735
116	-860.4732	-860.4732	-549.697	-47.895607	6.648054	66.46924	-79.06551	-47.89397	0.8	23512990	7387.807683229446
117	-927.8125	-927.8125	-621.00543	-47.878014	6.682018	70.2599	-67.804344	-47.877956	0.8	23713992	7450.264209747314
118	-909.641	-909.641	-810.3553	-47.854088	6.730079	60.62791	-69.62178	-47.853813	1.0	23915001	7511.6204788684845
119	-848.5472	-848.5472	-633.9731	-47.858566	6.705036	94.3151	-71.475464	-47.85892	0.9	24116001	7573.521027565002
120	-996.4268	-996.4268	-724.08295	-47.902905	6.6469893	67.93872	-71.78667	-47.90151	0.4	24316983	7635.231435775757
121	-892.87866	-892.87866	-727.98737	-47.872883	6.689711	76.88524	-67.98245	-47.873302	1.0	24517988	7697.010300159454
122	-938.87476	-938.87476	-452.93942	-47.873554	6.6464486	41.82132	-74.316536	-47.87228	0.8	24719001	7758.115871667862
123	-829.5856	-829.5856	-510.088	-47.86924	6.6757646	53.953518	-73.67208	-47.869297	0.8	24919988	7819.130570888519
124	-836.59393	-836.59393	-1089.1796	-47.859417	6.6963816	61.048767	-68.43876	-47.859264	0.6	25120988	7881.043287992477
125	-826.594	-826.594	-697.60944	-47.863377	6.6828065	68.06535	-68.385056	-47.86254	0.7	25322001	7942.533342838287
126	-776.81714	-776.81714	-842.4675	-47.862736	6.653371	97.22553	-68.54935	-47.861893	0.8	25522983	8004.819195508957
127	-987.97986	-987.97986	-602.2461	-47.847607	6.719695	60.43477	-74.11306	-47.848366	0.9	25724001	8066.594864606857
128	-830.6119	-830.6119	-738.84216	-47.86746	6.6586757	74.300606	-84.396454	-47.86602	0.9	25925001	8128.635014057159
129	-880.9922	-880.9922	-741.7045	-47.866447	6.6672816	111.08049	-73.13947	-47.866997	0.9	26125998	8190.769108772278
130	-745.2718	-745.2718	-549.7274	-47.85325	6.6603303	75.26518	-68.48078	-47.853054	0.9	26326989	8251.846199035645
131	-912.75635	-912.75635	-620.26544	-47.825054	6.707	66.978676	-67.450066	-47.82498	0.7	26528001	8313.45280623436
132	-803.0212	-803.0212	-633.691	-47.85419	6.6370287	90.19241	-69.364044	-47.853947	0.9	26728986	8374.866860628128
133	-856.46533	-856.46533	-759.3457	-47.823822	6.728644	73.71515	-76.32299	-47.822742	0.9	26929988	8436.477796077728
134	-856.54065	-856.54065	-664.7637	-47.836838	6.6407003	74.69106	-76.00808	-47.836464	0.9	27131001	8498.313373565674
135	-896.83374	-896.83374	-644.39496	-47.80177	6.7174816	68.99562	-71.36183	-47.802017	1.0	27331987	8560.117815256119
136	-903.19104	-903.19104	-795.1982	-47.82708	6.6513166	62.98537	-67.238945	-47.82735	1.0	27532992	8622.243875980377
137	-931.0147	-931.0147	-794.34924	-47.801243	6.674746	77.17011	-68.427864	-47.80032	0.9	27734001	8684.438814163208
138	-781.2354	-781.2354	-566.163	-47.79717	6.724138	77.99418	-76.19704	-47.79757	1.0	27935001	8748.05976319313
139	-945.56647	-945.56647	-735.10785	-47.810024	6.6687026	81.77626	-66.72428	-47.80929	1.0	28136001	8809.43229007721
140	-848.6552	-848.6552	-880.00287	-47.797523	6.679275	68.395424	-68.223946	-47.796925	1.0	28337001	8870.784194469452
141	-1003.2477	-1003.2477	-526.4279	-47.804317	6.674308	144.17735	-65.88491	-47.804348	1.0	28538001	8932.753264665604
142	-826.7251	-826.7251	-639.0194	-47.776676	6.6938715	57.957848	-68.004364	-47.77652	0.9	28739001	8994.226039648056
143	-923.00494	-923.00494	-457.43457	-47.802612	6.6632514	70.751656	-67.86941	-47.8024	0.8	28939997	9056.428503036499
144	-790.60406	-790.60406	-694.5274	-47.779366	6.708176	67.02961	-67.73827	-47.779045	0.9	29140992	9117.650518655777
145	-829.0652	-829.0652	-552.25885	-47.770016	6.71523	87.54535	-67.47303	-47.7695	1.0	29341990	9179.253872871399
146	-842.5284	-842.5284	-608.3	-47.77985	6.6609597	58.565147	-68.23649	-47.77972	1.0	29542983	9241.463945150375
147	-752.9958	-752.9958	-506.3781	-47.72178	6.769091	70.01844	-70.3487	-47.721466	0.8	29744001	9302.932455062866
148	-781.3967	-781.3967	-447.71844	-47.764214	6.706	119.95114	-67.228035	-47.764816	0.7	29944987	9364.735228061676
149	-870.4625	-870.4625	-506.03693	-47.760246	6.6915617	66.50657	-67.525276	-47.760235	1.0	30146000	9426.478370666504
150	-859.2765	-859.2765	-386.9115	-47.739334	6.7280064	78.62062	-76.836395	-47.73924	1.0	30347001	9488.313541173935
151	-746.18866	-746.18866	-435.11786	-47.726307	6.737975	67.744545	-64.32743	-47.726067	1.0	30547993	9550.164437055588
152	-866.03064	-866.03064	-436.86057	-47.72068	6.7519093	97.277115	-66.80183	-47.719948	1.0	30749001	9612.032519340515
153	-905.2277	-905.2277	-437.3384	-47.71082	6.765786	82.90571	-66.24512	-47.712116	0.9	30949981	9673.83636713028
154	-774.3194	-774.3194	-357.6173	-47.70137	6.7701364	73.29299	-70.19524	-47.701828	1.0	31150986	9735.2269718647
155	-783.7473	-783.7473	-431.66522	-47.707	6.7139373	80.33941	-67.40559	-47.705757	1.0	31351990	9796.876966238022
156	-798.5673	-798.5673	-618.05524	-47.713352	6.6970477	127.46205	-74.52488	-47.71365	0.9	31552996	9858.27188539505
157	-727.3082	-727.3082	-615.49713	-47.70169	6.713802	73.68749	-69.47973	-47.70189	0.9	31754001	9919.730804920197
158	-803.9934	-803.9934	-685.3447	-47.699	6.7265267	85.00848	-73.267815	-47.699043	1.0	31955001	9981.387402296066
159	-788.5405	-788.5405	-491.72498	-47.699986	6.717047	82.30045	-72.779396	-47.699875	1.0	32156001	10042.60157251358
160	-790.2699	-790.2699	-425.54657	-47.674248	6.761053	67.820305	-70.885826	-47.674664	1.0	32357001	10104.767592668533
161	-694.1456	-694.1456	-553.60657	-47.689857	6.763091	62.602535	-71.07422	-47.68919	0.8	32557983	10166.174482822418
162	-809.5486	-809.5486	-465.0862	-47.677185	6.7223625	80.61014	-68.78336	-47.677296	0.9	32759001	10227.59198141098
163	-872.2163	-872.2163	-560.92175	-47.67792	6.742161	87.19082	-65.81827	-47.677525	0.9	32960001	10289.52272605896
164	-796.0691	-796.0691	-388.6413	-47.659355	6.7705936	57.99401	-72.32345	-47.66011	1.0	33160991	10351.087016820908
165	-806.3155	-806.3155	-515.4021	-47.674572	6.71318	87.21124	-66.674286	-47.674454	1.0	33362001	10412.81406211853
166	-854.71313	-854.71313	-429.59567	-47.62932	6.7873225	78.458664	-71.87321	-47.628593	0.9	33563001	10474.433207988739
167	-834.41327	-834.41327	-723.08246	-47.65474	6.753942	54.435028	-71.57889	-47.655087	0.9	33763984	10536.553838968277
168	-769.7749	-769.7749	-355.37112	-47.65073	6.756665	57.681263	-75.36235	-47.650986	1.0	33965001	10598.76413655281
169	-748.92505	-748.92505	-515.13513	-47.651924	6.737723	62.593887	-74.30799	-47.65136	1.0	34166001	10660.270151376724
170	-698.67474	-698.67474	-718.74396	-47.626675	6.77496	76.18075	-70.06099	-47.626255	1.0	34367001	10722.236856222153
171	-770.34424	-770.34424	-596.77625	-47.62462	6.782977	91.50987	-74.14621	-47.624966	0.7	34567998	10783.736720085144
172	-666.243	-666.243	-322.4067	-47.629246	6.762149	74.70162	-73.18639	-47.628426	1.0	34768989	10845.332129001617
173	-749.56464	-749.56464	-645.8225	-47.618675	6.7601733	65.94307	-72.046036	-47.619198	1.0	34969990	10906.796362876892
174	-844.55054	-844.55054	-268.7278	-47.613274	6.7901998	75.073555	-68.077866	-47.612026	1.0	35170998	10968.436559200287
175	-741.35	-741.35	-813.6313	-47.60674	6.8364267	99.29435	-75.86641	-47.6072	1.0	35372001	11030.529474258423
176	-875.2224	-875.2224	-773.97095	-47.606426	6.7705283	58.47878	-68.90286	-47.605328	1.0	35573001	11092.670321702957
177	-731.3798	-731.3798	-559.0689	-47.584938	6.8082213	76.890724	-72.28762	-47.58529	1.0	35773988	11154.771366119385
178	-898.1269	-898.1269	-598.4134	-47.60107	6.7392635	58.862343	-69.10375	-47.59957	1.0	35974990	11216.647596359253
179	-814.5539	-814.5539	-347.57742	-47.562843	6.828045	80.20402	-69.34767	-47.563328	0.9	36176001	11277.724535942078
180	-859.80994	-859.80994	-423.98837	-47.579124	6.8101234	86.09959	-72.423775	-47.579754	1.0	36376983	11339.734615802765
181	-873.4205	-873.4205	-795.43286	-47.569763	6.777268	102.50209	-71.00209	-47.569572	0.9	36578001	11402.044552087784
182	-801.3685	-801.3685	-764.3191	-47.57138	6.8079515	63.3209	-75.130646	-47.570084	1.0	36778989	11464.496961593628
183	-876.0355	-876.0355	-892.35394	-47.529903	6.8391333	91.94481	-72.88784	-47.52981	1.0	36980001	11526.282330989838
184	-835.19135	-835.19135	-531.95306	-47.565807	6.801107	55.998905	-68.18414	-47.565662	0.9	37180994	11587.855932474136
185	-803.9593	-803.9593	-683.45264	-47.547894	6.8107266	82.2911	-72.262924	-47.54705	1.0	37381985	11649.402477264404
186	-836.1012	-836.1012	-696.9429	-47.53874	6.808401	69.4376	-83.35954	-47.538548	1.0	37583001	11711.049488067627
187	-891.29016	-891.29016	-527.58405	-47.518448	6.830007	72.71032	-70.72121	-47.518745	1.0	37783985	11773.105978488922
188	-794.67554	-794.67554	-728.642	-47.56804	6.762473	63.325035	-77.833374	-47.56731	1.0	37984983	11834.329228639603
189	-897.42883	-897.42883	-596.33673	-47.54231	6.7948046	63.337116	-79.303185	-47.54208	0.9	38185993	11895.86153459549
190	-838.9422	-838.9422	-727.9847	-47.543182	6.7959967	106.16442	-75.752785	-47.54246	1.0	38386982	11957.111824035645
191	-895.1037	-895.1037	-445.99118	-47.52031	6.8331347	62.729935	-72.488075	-47.520763	1.0	38588001	12018.83644938469
192	-857.096	-857.096	-566.893	-47.50198	6.8616824	133.88852	-88.62911	-47.501564	1.0	38789001	12080.36561203003
193	-850.72296	-850.72296	-683.79846	-47.502518	6.817261	69.54147	-74.50108	-47.5026	1.0	38990001	12143.601008176804
194	-786.46967	-786.46967	-702.7781	-47.53822	6.785919	65.53286	-83.883026	-47.53659	1.0	39190986	12206.579785108566
195	-765.28265	-765.28265	-532.73456	-47.54174	6.7440863	50.998627	-73.98265	-47.540604	1.0	39392001	12270.276510000229
196	-893.8546	-893.8546	-621.52106	-47.501965	6.824728	54.20906	-88.54061	-47.50244	1.0	39592987	12334.731251478195
197	-856.25415	-856.25415	-701.21954	-47.512016	6.7907276	69.89025	-74.39395	-47.511803	1.0	39793989	12398.71867275238
198	-826.036	-826.036	-533.5992	-47.52333	6.7619724	109.40892	-72.4488	-47.52174	1.0	39994995	12462.613889932632
199	-728.56946	-728.56946	-684.4378	-47.53048	6.729865	79.96915	-79.754944	-47.53064	1.0	40195990	12527.420454025269
200	-751.3805	-751.3805	-619.6825	-47.486145	6.7884345	50.939766	-76.17714	-47.485218	1.0	40397001	12592.309078216553
201	-780.1598	-780.1598	-551.36206	-47.508533	6.7928843	63.596695	-69.76906	-47.5075	1.0	40597983	12657.052739143372
202	-816.71173	-816.71173	-636.6005	-47.504692	6.778125	86.72047	-71.094246	-47.50522	1.0	40799001	12722.207637786865
203	-797.94336	-797.94336	-708.02106	-47.45925	6.8408093	145.85304	-74.29031	-47.458256	1.0	41000000	12787.167245864868
204	-854.8485	-854.8485	-784.5928	-47.456436	6.8639884	77.91666	-75.50468	-47.454685	1.0	41201001	12853.184853315353
205	-801.6604	-801.6604	-693.58514	-47.46261	6.8262663	73.5534	-73.82739	-47.462814	1.0	41401994	12919.109582901001
206	-795.0098	-795.0098	-525.67096	-47.460167	6.7990327	58.44573	-71.45066	-47.46068	1.0	41603001	12984.824042320251
207	-767.7395	-767.7395	-789.7947	-47.441784	6.8668513	72.048386	-78.18188	-47.439487	1.0	41803984	13050.908001184464
208	-893.59515	-893.59515	-693.2148	-47.455956	6.7901797	79.20019	-71.89078	-47.454906	1.0	42004985	13116.523361682892
209	-809.76013	-809.76013	-744.9633	-47.47493	6.8154593	81.40681	-67.88237	-47.475334	0.9	42205985	13182.243660211563
210	-848.8752	-848.8752	-778.6445	-47.458908	6.8290796	71.741295	-70.181496	-47.457882	1.0	42406996	13248.212068080902
211	-787.71014	-787.71014	-625.2496	-47.4499	6.833117	73.86632	-66.27147	-47.448982	1.0	42608001	13314.645624160767
212	-755.5965	-755.5965	-528.9771	-47.43059	6.8412876	102.939995	-77.97568	-47.430107	1.0	42808983	13380.170533180237
213	-800.089	-800.089	-742.95197	-47.44075	6.843856	76.64203	-69.02514	-47.438805	1.0	43010001	13446.183086395264
214	-815.12054	-815.12054	-718.3916	-47.413525	6.8324304	68.59691	-68.50351	-47.414036	1.0	43211001	13512.274865865707
215	-787.827	-787.827	-555.43225	-47.403847	6.8693357	56.82009	-70.584496	-47.40398	1.0	43411983	13578.303386688232
216	-888.7799	-888.7799	-499.05145	-47.398838	6.858818	69.771385	-69.76173	-47.398205	1.0	43613001	13644.77767086029
217	-755.97815	-755.97815	-434.4125	-47.40284	6.819539	80.66255	-69.64354	-47.40078	1.0	43814001	13710.639892101288
218	-709.9244	-709.9244	-665.2368	-47.40989	6.822418	74.575935	-80.60317	-47.40845	1.0	44015001	13776.759878873825
219	-866.87885	-866.87885	-432.88583	-47.397724	6.864419	59.063942	-68.04609	-47.396885	1.0	44216001	13842.608222484589
220	-812.80115	-812.80115	-812.7681	-47.40866	6.8204246	62.553097	-75.653595	-47.40651	1.0	44417001	13908.211493253708
221	-819.50916	-819.50916	-449.58133	-47.385326	6.8601184	68.04084	-73.1126	-47.38574	1.0	44617986	13974.43689918518
222	-733.0427	-733.0427	-435.79684	-47.411507	6.809381	64.44623	-73.41415	-47.410748	1.0	44819001	14040.190190315247
223	-806.0111	-806.0111	-654.11285	-47.40624	6.825091	59.348396	-67.22868	-47.405	1.0	45020001	14107.429781675339
224	-777.534	-777.534	-613.14856	-47.377293	6.8470283	94.95165	-70.195656	-47.375187	1.0	45220994	14174.41092801094
225	-856.90814	-856.90814	-645.41754	-47.368404	6.8437605	71.840805	-71.10241	-47.368725	1.0	45421997	14240.523657083511
226	-774.6693	-774.6693	-598.0606	-47.39644	6.8292217	76.23291	-70.025536	-47.396297	1.0	45623001	14306.7688934803
227	-864.89966	-864.89966	-657.0813	-47.36324	6.8549147	70.40123	-73.50112	-47.36188	1.0	45824001	14373.397160291672
228	-795.65924	-795.65924	-785.85443	-47.358883	6.873681	139.06882	-70.817604	-47.359543	1.0	46025001	14440.040246725082
229	-841.3043	-841.3043	-682.0496	-47.345848	6.8620343	54.66081	-75.26914	-47.344505	1.0	46225994	14506.289098024368
230	-776.53455	-776.53455	-331.1567	-47.371815	6.831837	66.84085	-68.909904	-47.37076	1.0	46426991	14572.600681304932
231	-751.62164	-751.62164	-381.24774	-47.357742	6.7981277	123.92674	-71.30844	-47.357563	1.0	46628001	14639.245084762573
232	-774.26416	-774.26416	-554.7899	-47.36194	6.8274117	56.142002	-67.73935	-47.360466	1.0	46829001	14705.748622894287
233	-893.23224	-893.23224	-853.0893	-47.35905	6.8247266	99.284744	-68.48019	-47.358257	1.0	47030001	14772.371304512024
234	-839.7809	-839.7809	-550.84467	-47.348934	6.8136053	81.00279	-71.21104	-47.348434	1.0	47231001	14838.446844816208
235	-901.10333	-901.10333	-584.5069	-47.32728	6.8415766	92.81932	-69.42267	-47.327934	1.0	47431987	14905.268451452255
236	-835.8569	-835.8569	-826.2097	-47.329636	6.855831	99.94523	-76.43799	-47.327446	1.0	47632996	14971.657271385193
237	-902.8434	-902.8434	-471.91614	-47.352524	6.79408	69.58453	-68.520256	-47.352867	1.0	47834001	15038.205643892288
238	-756.98413	-756.98413	-624.9922	-47.35055	6.829967	70.75551	-69.65153	-47.34925	1.0	48034997	15105.513989686966
239	-806.6157	-806.6157	-698.2101	-47.319	6.862144	80.130905	-71.04002	-47.31803	1.0	48236001	15172.289983272552
240	-881.829	-881.829	-639.1396	-47.32713	6.824155	84.37643	-73.89756	-47.328117	1.0	48436988	15238.784409999847
241	-813.57513	-813.57513	-344.75363	-47.331116	6.809769	66.13189	-72.523315	-47.329617	1.0	48638001	15305.140349626541
242	-778.4554	-778.4554	-1040.8962	-47.32046	6.848746	80.27077	-70.945404	-47.319534	0.9	48839001	15372.188698530197
243	-788.5831	-788.5831	-582.9454	-47.308437	6.844464	66.12085	-70.3829	-47.309143	1.0	49039988	15438.800981998444
244	-809.5775	-809.5775	-843.05	-47.334297	6.8059273	74.92308	-76.09313	-47.33349	1.0	49241001	15505.425382375717
245	-778.4788	-778.4788	-376.68613	-47.310223	6.803957	78.67966	-70.35148	-47.310005	1.0	49441983	15572.773985385895
246	-803.241	-803.241	-542.08856	-47.292248	6.863515	59.891468	-77.39882	-47.291035	1.0	49643001	15639.948331832886
247	-829.78766	-829.78766	-676.7646	-47.31134	6.811324	85.94568	-69.403015	-47.311268	1.0	49844001	15706.576190948486
248	-736.2272	-736.2272	-797.39514	-47.31724	6.777689	58.53581	-71.42724	-47.3153	1.0	50045001	15772.693979024887
249	-850.5627	-850.5627	-637.3604	-47.288544	6.8389206	73.075035	-74.178764	-47.28911	1.0	50246001	15839.158053398132
250	-787.11365	-787.11365	-475.69336	-47.273483	6.840198	60.130398	-70.4474	-47.27301	1.0	50446999	15905.10446357727
251	-806.67584	-806.67584	-759.8582	-47.263508	6.8615103	63.168297	-68.657906	-47.261715	1.0	50648001	15971.541214704514
252	-787.5405	-787.5405	-385.89734	-47.268105	6.833378	78.66351	-71.619865	-47.268444	1.0	50848984	16037.488430976868
253	-719.5136	-719.5136	-666.2774	-47.2648	6.8958454	90.796616	-75.383255	-47.264156	1.0	51050000	16104.248629331589
254	-837.1662	-837.1662	-739.4728	-47.26659	6.876119	85.65037	-72.63056	-47.266582	1.0	51251001	16171.048300981522
255	-790.8502	-790.8502	-823.82513	-47.28534	6.8387923	92.25269	-71.45076	-47.284313	0.9	51451988	16237.427103281021
256	-720.7968	-720.7968	-576.09314	-47.31506	6.764035	67.986435	-73.26813	-47.315174	1.0	51653001	16303.440727472305
257	-790.01404	-790.01404	-549.2298	-47.283104	6.7868996	63.931313	-73.83005	-47.282314	1.0	51853996	16369.697776556015
258	-778.01794	-778.01794	-635.5795	-47.257442	6.839389	83.13898	-76.76009	-47.25738	1.0	52055001	16436.370167016983
259	-896.6678	-896.6678	-661.2469	-47.214043	6.9107747	65.41125	-84.33802	-47.212948	1.0	52256000	16502.59206366539
260	-853.24646	-853.24646	-404.29343	-47.22977	6.8595715	58.938477	-72.0146	-47.229523	1.0	52456989	16569.09476661682
261	-747.75525	-747.75525	-521.89935	-47.25125	6.8133855	54.803917	-74.99659	-47.2502	1.0	52658001	16635.56925535202
262	-732.7008	-732.7008	-548.7962	-47.238094	6.8646636	74.4725	-72.022385	-47.23674	1.0	52858994	16701.85290503502
263	-897.2287	-897.2287	-609.89575	-47.23993	6.8582964	93.593506	-75.3923	-47.2413	1.0	53059989	16768.161787748337
264	-711.34106	-711.34106	-714.754	-47.237583	6.866592	90.68859	-73.74847	-47.23621	1.0	53261001	16834.64580130577
265	-801.5056	-801.5056	-603.4749	-47.23344	6.8836913	61.695866	-75.027534	-47.232574	1.0	53461986	16901.50111222267
266	-731.0881	-731.0881	-533.39844	-47.222496	6.8999367	53.795033	-73.383514	-47.223297	1.0	53662998	16967.75016093254
267	-871.5281	-871.5281	-730.0629	-47.22383	6.869889	55.177345	-76.14723	-47.223537	1.0	53864001	17034.47365283966
268	-881.0842	-881.0842	-578.7332	-47.178535	6.945579	83.33102	-73.50453	-47.17726	1.0	54065001	17101.227180957794
269	-813.28186	-813.28186	-710.46606	-47.217606	6.859309	88.75024	-81.30419	-47.21688	1.0	54266001	17168.102529525757
270	-741.13556	-741.13556	-663.50037	-47.201656	6.876353	66.822586	-73.742966	-47.200954	1.0	54467001	17234.453451156616
271	-830.17615	-830.17615	-595.1153	-47.220375	6.8592734	109.286095	-75.80483	-47.2206	1.0	54668001	17301.22873902321
272	-855.2928	-855.2928	-527.4417	-47.23485	6.824713	65.46491	-81.59445	-47.23507	1.0	54869001	17367.71504497528
273	-672.3424	-672.3424	-631.5704	-47.199387	6.8618436	85.375374	-80.98374	-47.197124	1.0	55070001	17434.12813091278
274	-779.5809	-779.5809	-603.8536	-47.228386	6.8028812	81.677956	-72.33356	-47.22804	1.0	55270984	17500.577031612396
275	-773.86304	-773.86304	-524.27094	-47.181023	6.877936	65.86417	-73.986435	-47.17997	1.0	55471988	17566.54558801651
276	-798.3375	-798.3375	-443.84814	-47.19513	6.8498883	61.792625	-79.4557	-47.195225	1.0	55673001	17632.71758389473
277	-763.9824	-763.9824	-651.5819	-47.206974	6.8045783	65.971954	-73.57728	-47.205303	1.0	55873985	17699.095799684525
278	-843.44556	-843.44556	-586.5218	-47.17982	6.8776255	97.79922	-76.87086	-47.17938	1.0	56074996	17765.86569595337
279	-761.35406	-761.35406	-850.4266	-47.188835	6.8679667	102.554276	-76.42302	-47.18844	1.0	56276001	17832.332050323486
280	-872.584	-872.584	-632.7696	-47.185913	6.851788	97.81848	-78.59839	-47.184124	0.9	56477001	17898.653404951096
281	-753.1138	-753.1138	-488.11288	-47.152214	6.9575114	62.06112	-76.562225	-47.151497	1.0	56677997	17964.75308418274
282	-880.32336	-880.32336	-627.19574	-47.17831	6.8546247	69.84265	-73.9541	-47.177937	1.0	56879001	18031.355030059814
283	-813.8558	-813.8558	-670.2568	-47.153835	6.91016	82.17355	-73.03412	-47.153553	1.0	57080001	18098.262295246124
284	-801.92365	-801.92365	-678.0244	-47.136677	6.9190373	62.618496	-76.24927	-47.137207	1.0	57280992	18165.662676095963
285	-820.2468	-820.2468	-627.4421	-47.170513	6.907284	68.27904	-75.373116	-47.1695	1.0	57482001	18232.44738316536
286	-877.3953	-877.3953	-500.0415	-47.135757	6.89245	71.513	-77.274	-47.135204	1.0	57682987	18299.30134344101
287	-917.27325	-917.27325	-643.3891	-47.134964	6.8976774	82.77164	-78.65549	-47.13532	0.9	57884001	18366.442455291748
288	-879.60095	-879.60095	-783.3399	-47.13262	6.946005	80.63885	-80.35812	-47.133453	1.0	58084999	18433.378454446793
289	-712.6725	-712.6725	-618.55475	-47.0999	6.942343	77.57129	-76.86475	-47.09932	1.0	58286001	18500.00324821472
290	-753.4485	-753.4485	-663.0092	-47.126583	6.9565825	94.73122	-71.80095	-47.126156	1.0	58486990	18566.955768108368
291	-776.02985	-776.02985	-762.9865	-47.07355	6.967915	89.01449	-74.11255	-47.073265	1.0	58688001	18633.94041132927
292	-793.8632	-793.8632	-641.43176	-47.122013	6.918676	66.76441	-74.14089	-47.120502	1.0	58889001	18701.217620134354
293	-781.354	-781.354	-356.4932	-47.116238	6.9353185	108.8795	-73.176834	-47.11633	1.0	59090001	18768.28843641281
294	-766.72314	-766.72314	-702.6901	-47.080574	6.9433594	69.758705	-74.56665	-47.080563	1.0	59290994	18835.2630944252
295	-756.9091	-756.9091	-669.1528	-47.097004	6.9393635	75.78995	-76.06874	-47.096027	1.0	59492001	18902.619807481766
296	-856.0352	-856.0352	-595.6508	-47.094948	6.949153	82.90603	-80.52782	-47.095062	1.0	59693001	18969.311931848526
297	-891.68604	-891.68604	-589.74316	-47.09277	6.9285455	90.00336	-77.34237	-47.09255	1.0	59894001	19036.916054964066
298	-696.1	-696.1	-689.6826	-47.11559	6.9194727	61.8711	-76.09503	-47.115425	1.0	60095001	19104.23736667633
299	-829.4589	-829.4589	-524.2564	-47.07323	6.970836	79.6077	-76.73093	-47.072525	1.0	60296001	19171.923964500427
300	-812.5309	-812.5309	-593.20667	-47.07385	6.9526796	69.83497	-76.910614	-47.073536	1.0	60497001	19239.073179244995
301	-748.47314	-748.47314	-593.76746	-47.046577	7.00151	69.909584	-75.88386	-47.04603	1.0	60697989	19306.074853420258
302	-775.8783	-775.8783	-484.84183	-47.076313	6.971674	57.16879	-77.0964	-47.074375	1.0	60899001	19372.863499403
303	-674.557	-674.557	-560.9881	-47.07258	6.9758735	77.15959	-77.188416	-47.073902	1.0	61100001	19439.837822914124
304	-792.28784	-792.28784	-618.7403	-47.02565	7.01828	94.42833	-74.432915	-47.025154	1.0	61301001	19507.763666391373
305	-796.0309	-796.0309	-505.39465	-47.02876	7.0165167	79.56126	-77.35406	-47.02911	0.9	61501987	19574.605712890625
306	-726.7775	-726.7775	-393.11005	-47.03134	7.002608	61.9498	-75.13194	-47.030766	0.9	61702987	19641.900637626648
307	-844.521	-844.521	-536.94763	-47.023895	7.0322843	63.501198	-80.585205	-47.02305	1.0	61904001	19709.054664850235
308	-830.9504	-830.9504	-705.053	-47.050182	6.970691	69.70476	-78.23207	-47.049557	1.0	62105001	19775.984343767166
309	-766.3907	-766.3907	-362.46228	-47.001747	7.0444865	85.83088	-78.071335	-47.003376	1.0	62305994	19843.47756743431
310	-801.533	-801.533	-482.07822	-47.002693	7.0651755	56.826286	-79.043015	-47.001923	1.0	62506995	19910.39444875717
311	-737.8793	-737.8793	-550.8609	-47.046223	6.955321	90.66674	-77.19964	-47.044853	0.9	62708001	19977.36646437645
312	-808.3526	-808.3526	-518.8233	-47.016186	7.0067935	66.82512	-82.32672	-47.015553	1.0	62908993	20043.889160871506
313	-676.72546	-676.72546	-682.2128	-47.03987	6.955439	63.966114	-79.1506	-47.0396	1.0	63109988	20110.893752098083
314	-767.97577	-767.97577	-592.28125	-47.01339	7.007644	95.54202	-78.29511	-47.013847	1.0	63311001	20178.129944562912
315	-822.46674	-822.46674	-557.1514	-46.98906	7.0230665	67.6206	-82.04329	-46.987747	1.0	63512001	20245.501322746277
316	-777.8769	-777.8769	-523.0634	-46.994503	7.0587244	92.44123	-81.28966	-46.9938	1.0	63713001	20312.64074611664
317	-686.75464	-686.75464	-564.5938	-47.01412	7.0102525	85.29658	-80.47472	-47.01292	1.0	63913988	20380.093982696533
318	-739.0359	-739.0359	-400.82263	-46.97633	7.0611415	68.385025	-85.08796	-46.975426	1.0	64114986	20447.26082444191
319	-808.30414	-808.30414	-258.92673	-46.980984	7.037496	64.11929	-76.87359	-46.98114	1.0	64316001	20514.794588804245
320	-742.92664	-742.92664	-447.17273	-46.973312	7.0549192	74.40959	-78.213356	-46.97448	1.0	64517001	20582.160602808
321	-765.76685	-765.76685	-412.3958	-46.962765	7.062576	58.48194	-81.55367	-46.9613	1.0	64718001	20648.84268474579
322	-724.1139	-724.1139	-522.2431	-46.972725	7.044604	72.772064	-80.34588	-46.97252	1.0	64918988	20715.669014930725
323	-736.4523	-736.4523	-344.0659	-46.951912	7.09397	77.53941	-81.49627	-46.952736	1.0	65119983	20782.540283203125
324	-727.1291	-727.1291	-438.92792	-46.964806	7.0381494	63.14089	-77.49381	-46.962162	1.0	65320984	20849.86809015274
325	-749.14136	-749.14136	-355.00137	-46.95409	7.077426	47.913834	-80.72623	-46.953556	1.0	65522001	20916.857881307602
326	-738.06775	-738.06775	-504.44055	-46.948483	7.0899544	69.20634	-81.69256	-46.947926	1.0	65723001	20983.5102789402
327	-661.8375	-661.8375	-496.11005	-46.943947	7.0894337	87.00742	-80.815025	-46.945133	1.0	65923990	21050.63699412346
328	-824.50775	-824.50775	-455.58047	-46.95827	7.028783	160.01491	-84.845146	-46.957718	1.0	66124994	21118.059186458588
329	-755.98	-755.98	-361.4188	-46.936245	7.080391	61.43189	-80.91103	-46.935085	1.0	66326001	21185.47536754608
330	-659.6417	-659.6417	-532.6191	-46.945053	7.067634	71.630066	-85.95998	-46.944405	1.0	66527001	21252.74904870987
331	-695.53235	-695.53235	-472.64053	-46.91288	7.1353	81.57147	-79.89938	-46.913578	1.0	66728001	21320.143436908722
332	-743.44116	-743.44116	-549.073	-46.900932	7.133927	92.039345	-78.22275	-46.899265	1.0	66929001	21387.347519636154
333	-803.1833	-803.1833	-539.8536	-46.896576	7.1301985	108.41289	-83.79947	-46.895973	1.0	67129993	21454.034406900406
334	-755.29913	-755.29913	-465.0251	-46.90793	7.096546	64.8299	-76.33438	-46.907448	1.0	67331001	21521.17156982422
335	-750.9213	-750.9213	-555.62054	-46.902622	7.1316776	68.451546	-84.501526	-46.902725	1.0	67531997	21588.66351866722
336	-717.74884	-717.74884	-405.6824	-46.90786	7.1088843	95.85355	-83.29279	-46.906673	1.0	67732994	21655.80762219429
337	-777.5101	-777.5101	-473.90155	-46.890816	7.1167927	93.87115	-83.37594	-46.89153	1.0	67934001	21723.50828051567
338	-771.35175	-771.35175	-566.63165	-46.924007	7.0772276	60.794548	-86.05724	-46.92224	1.0	68135001	21790.575540542603
339	-692.5655	-692.5655	-428.80682	-46.864265	7.1229115	82.12031	-87.4696	-46.864185	1.0	68336001	21858.03032374382
340	-721.4766	-721.4766	-413.5746	-46.85751	7.1807923	68.74174	-84.423935	-46.85771	1.0	68536995	21925.315418958664
341	-784.26135	-784.26135	-456.83514	-46.848083	7.1829724	59.697468	-86.77245	-46.847927	1.0	68738001	21992.52768111229
342	-740.06866	-740.06866	-516.22516	-46.872227	7.132968	90.82549	-83.51147	-46.87288	0.9	68939001	22059.605855464935
343	-718.1855	-718.1855	-520.9343	-46.886684	7.1102157	69.14585	-82.921425	-46.88666	1.0	69140001	22126.730288028717
344	-723.8421	-723.8421	-629.2996	-46.858513	7.1369944	57.059902	-82.85459	-46.85656	1.0	69340999	22193.241208791733
345	-710.60876	-710.60876	-646.184	-46.853508	7.186728	66.567894	-82.65862	-46.85284	1.0	69542001	22259.643904685974
346	-801.8842	-801.8842	-418.12744	-46.878582	7.123531	89.328674	-85.193405	-46.879288	1.0	69743001	22326.413547754288
347	-738.97815	-738.97815	-447.5713	-46.85807	7.176119	52.70981	-82.75155	-46.857204	1.0	69943987	22392.650480270386
348	-714.1457	-714.1457	-462.93185	-46.83865	7.1731725	59.439873	-89.707886	-46.837597	1.0	70144993	22458.523597717285
349	-670.8832	-670.8832	-252.30717	-46.86388	7.140058	65.201126	-83.97369	-46.86281	1.0	70345998	22524.835948705673
350	-699.1986	-699.1986	-401.5122	-46.854004	7.1531367	56.4563	-86.85126	-46.85452	1.0	70547001	22592.04408478737
351	-775.18085	-775.18085	-574.20465	-46.853947	7.131592	58.88069	-85.41518	-46.853577	1.0	70748001	22659.534241437912
352	-695.22845	-695.22845	-655.2957	-46.827187	7.170019	57.874664	-89.65175	-46.826767	1.0	70949001	22726.28984427452
353	-620.8981	-620.8981	-398.8078	-46.86926	7.1194015	68.468185	-86.96601	-46.86976	1.0	71149987	22792.3845539093
354	-633.7671	-633.7671	-276.09122	-46.84178	7.1651735	79.50833	-85.42105	-46.840282	1.0	71351001	22858.50284075737
355	-673.8075	-673.8075	-589.2615	-46.82583	7.1693993	56.439034	-84.05927	-46.825584	1.0	71552001	22925.578231573105
356	-808.24884	-808.24884	-546.7999	-46.83897	7.206045	51.918568	-84.71443	-46.83831	1.0	71752983	22992.382538080215
357	-798.4603	-798.4603	-450.26492	-46.815456	7.1992197	63.697647	-87.45029	-46.81563	1.0	71954001	23058.889377355576
358	-606.1477	-606.1477	-572.44183	-46.796616	7.226251	98.688576	-85.69746	-46.79424	1.0	72154997	23125.402636528015
359	-803.4149	-803.4149	-501.229	-46.77509	7.243415	106.84542	-90.62658	-46.775505	1.0	72356001	23191.921161413193
360	-724.245	-724.245	-398.05457	-46.82044	7.2100186	57.09146	-84.24599	-46.818855	1.0	72556995	23258.551959753036
361	-726.3855	-726.3855	-613.5731	-46.815063	7.1975994	107.17088	-86.78386	-46.81455	1.0	72758001	23325.182544231415
362	-713.09186	-713.09186	-598.3447	-46.77158	7.244911	57.250603	-86.92079	-46.77133	0.7	72958984	23391.289777755737
363	-735.1207	-735.1207	-502.84827	-46.77143	7.2363186	65.46146	-84.6188	-46.77079	1.0	73159989	23457.654559135437
364	-701.6454	-701.6454	-554.0372	-46.775	7.2355165	58.380005	-84.868065	-46.774136	1.0	73361001	23524.370829105377
365	-760.4481	-760.4481	-539.65625	-46.780544	7.245794	63.80381	-87.164024	-46.781166	1.0	73562001	23591.479083299637
366	-784.8706	-784.8706	-594.13806	-46.797222	7.2113786	111.00151	-84.42868	-46.79651	1.0	73763001	23658.720398187637
367	-658.7838	-658.7838	-571.32294	-46.750927	7.254673	56.45719	-83.70389	-46.750034	1.0	73964001	23725.54513478279
368	-741.87427	-741.87427	-372.8798	-46.797962	7.2340264	52.98398	-89.510155	-46.79669	1.0	74164988	23793.12142944336
369	-678.21545	-678.21545	-440.65332	-46.76734	7.2430754	57.682896	-82.698494	-46.76696	1.0	74366001	23859.890451431274
370	-722.4928	-722.4928	-396.08957	-46.75425	7.228875	89.89369	-90.12631	-46.753372	1.0	74567001	23927.08376812935
371	-749.6806	-749.6806	-551.83014	-46.74578	7.2608476	86.46861	-83.88564	-46.745747	1.0	74767995	23994.69036912918
372	-617.1402	-617.1402	-411.4244	-46.749577	7.28028	105.228	-87.11725	-46.749107	1.0	74969001	24061.687713623047
373	-691.1818	-691.1818	-507.5252	-46.746517	7.2823296	72.413765	-83.33929	-46.745575	1.0	75169989	24129.11543750763
374	-750.902	-750.902	-485.24902	-46.728085	7.2761707	55.40712	-81.76232	-46.72733	0.9	75371001	24196.419773578644
375	-676.27167	-676.27167	-550.7862	-46.71153	7.331751	51.915657	-86.02128	-46.712116	1.0	75571998	24262.640826702118
376	-759.50854	-759.50854	-393.31735	-46.725864	7.275257	71.303406	-84.1678	-46.724754	1.0	75772988	24329.003833770752
377	-646.081	-646.081	-353.45535	-46.717045	7.3316674	63.3258	-84.96674	-46.71711	1.0	75973983	24395.02064347267
378	-648.63403	-648.63403	-426.86874	-46.682632	7.346276	49.494102	-86.13341	-46.68314	1.0	76175001	24461.192913532257
379	-717.6795	-717.6795	-409.1685	-46.66757	7.3887677	64.23114	-90.373924	-46.666588	1.0	76375981	24528.306194782257
380	-668.574	-668.574	-544.5219	-46.659092	7.3785443	67.97669	-85.41936	-46.65936	1.0	76577001	24595.104785203934
381	-633.84515	-633.84515	-599.6074	-46.688038	7.351641	54.528862	-87.70373	-46.687656	1.0	76777996	24661.120763778687
382	-810.3052	-810.3052	-386.17004	-46.68793	7.345254	62.584026	-90.39699	-46.68672	1.0	76979001	24727.395535469055
383	-707.9825	-707.9825	-503.65286	-46.70747	7.3189044	78.88838	-82.31419	-46.708458	1.0	77180001	24794.02248430252
384	-694.89935	-694.89935	-383.69016	-46.671486	7.326031	64.0263	-93.727684	-46.670704	1.0	77381001	24860.857723474503
385	-692.4441	-692.4441	-553.56104	-46.675545	7.3590097	58.29193	-86.24927	-46.67671	1.0	77581997	24926.811451673508
386	-671.8871	-671.8871	-525.39557	-46.706936	7.327366	91.93259	-83.0725	-46.70606	1.0	77783001	24994.455307006836
387	-615.85846	-615.85846	-499.2091	-46.671497	7.3922043	105.35753	-85.53738	-46.670525	1.0	77984000	25061.542182207108
388	-740.3446	-740.3446	-525.22406	-46.664543	7.365266	92.86994	-85.018295	-46.663445	1.0	78184992	25128.812864542007
389	-727.0439	-727.0439	-265.58676	-46.63247	7.424131	60.186447	-86.49036	-46.631992	1.0	78386001	25195.83784365654
390	-642.5804	-642.5804	-317.79828	-46.640594	7.3967166	68.79153	-83.978806	-46.6409	1.0	78586993	25263.025350809097
391	-684.0645	-684.0645	-406.30878	-46.61055	7.4531937	67.321396	-86.66674	-46.610188	1.0	78788001	25330.034056186676
392	-658.12897	-658.12897	-340.25253	-46.611668	7.4484243	68.79972	-89.376625	-46.611427	1.0	78988992	25397.806941509247
393	-641.7805	-641.7805	-482.94305	-46.643032	7.383159	77.138725	-86.8102	-46.64229	1.0	79189986	25464.89364361763
394	-747.4768	-747.4768	-348.75153	-46.583397	7.440598	59.475883	-88.57448	-46.5833	1.0	79391001	25532.58072757721
395	-648.0247	-648.0247	-351.3181	-46.668976	7.3644466	52.116932	-89.22409	-46.66853	1.0	79591988	25599.724924325943
396	-639.78595	-639.78595	-160.01698	-46.610092	7.410018	58.720764	-87.46923	-46.609623	1.0	79792988	25666.748920679092
397	-648.28033	-648.28033	-351.59286	-46.611595	7.444451	48.869423	-87.8275	-46.611355	1.0	79993989	25733.888339042664
398	-584.1637	-584.1637	-226.17696	-46.60625	7.448956	73.84396	-86.74338	-46.604584	1.0	80194988	25801.110704421997
399	-645.84937	-645.84937	-301.72226	-46.578083	7.4533525	85.55305	-83.70153	-46.578438	1.0	80396000	25868.475768089294
400	-714.8329	-714.8329	-308.68704	-46.603485	7.4197593	71.605125	-85.99347	-46.60255	1.0	80597001	25936.124361753464
401	-662.99115	-662.99115	-315.4269	-46.60778	7.4020762	72.70658	-79.07731	-46.607853	1.0	80798001	26003.18315243721
402	-743.7657	-743.7657	-295.19943	-46.59215	7.4469676	66.32003	-90.510635	-46.590725	0.9	80998983	26070.068048000336
403	-601.6599	-601.6599	-304.5776	-46.55088	7.4795766	59.465553	-92.80233	-46.551685	1.0	81199990	26136.32687520981
404	-664.7768	-664.7768	-384.78525	-46.554153	7.4943314	67.45955	-96.0435	-46.55335	1.0	81400986	26202.96789073944
405	-749.8445	-749.8445	-146.2998	-46.5756	7.4554863	68.641716	-91.3661	-46.574272	1.0	81602001	26269.950151205063
406	-628.71326	-628.71326	-374.60886	-46.548695	7.5198817	90.75252	-88.03101	-46.54992	1.0	81802998	26336.89524960518
407	-607.8687	-607.8687	-463.56595	-46.584084	7.4463916	69.69737	-90.20773	-46.58361	1.0	82003994	26403.443623304367
408	-734.77124	-734.77124	-191.40825	-46.557976	7.499133	89.22854	-96.97734	-46.556488	1.0	82205001	26469.98609161377
409	-712.341	-712.341	-364.9198	-46.553333	7.474465	70.291985	-82.91152	-46.553913	1.0	82405989	26536.568922519684
410	-707.5167	-707.5167	-371.5601	-46.56379	7.4719605	46.983746	-88.6346	-46.563824	1.0	82607001	26604.441215991974
411	-751.91986	-751.91986	-314.17014	-46.556187	7.4333835	71.955246	-86.75649	-46.555367	1.0	82808001	26671.85828924179
412	-720.22906	-720.22906	-327.59	-46.561096	7.4954195	65.459724	-87.695175	-46.56146	1.0	83009001	26738.731132745743
413	-593.7684	-593.7684	-384.39334	-46.532627	7.478477	94.153946	-92.77497	-46.532173	1.0	83209999	26806.15748524666
414	-679.7651	-679.7651	-337.3953	-46.522568	7.5090227	69.958046	-84.16164	-46.521885	1.0	83410998	26873.711247205734
415	-669.3817	-669.3817	-417.97403	-46.543903	7.4804945	79.12969	-87.04791	-46.54387	0.9	83611990	26940.384870767593
416	-724.47064	-724.47064	-318.75262	-46.547535	7.455202	57.829514	-94.40562	-46.546288	1.0	83812989	27007.184713363647
417	-725.09607	-725.09607	-409.44794	-46.538334	7.495383	57.826416	-83.06684	-46.53861	1.0	84013991	27073.991942882538
418	-642.25726	-642.25726	-367.5491	-46.48931	7.5379543	68.56557	-85.41815	-46.491035	1.0	84215001	27141.565957784653
419	-678.78577	-678.78577	-307.9757	-46.505653	7.5084705	59.743324	-91.890915	-46.504147	1.0	84416001	27208.45028400421
420	-682.0214	-682.0214	-352.66946	-46.495655	7.5201626	119.378334	-82.22487	-46.4947	1.0	84616987	27276.02053451538
421	-630.68744	-630.68744	-356.92096	-46.50505	7.5145936	79.3662	-92.70073	-46.50449	1.0	84817989	27342.772223949432
422	-671.5023	-671.5023	-189.5378	-46.482475	7.530271	52.566154	-90.640884	-46.482265	1.0	85019001	27409.613963603973
423	-644.3541	-644.3541	-276.7297	-46.494667	7.5466123	67.02434	-86.830505	-46.49426	1.0	85219986	27476.26080751419
424	-697.25073	-697.25073	-381.23984	-46.490753	7.552343	57.05104	-91.61042	-46.491096	1.0	85420981	27542.807453155518
425	-696.74615	-696.74615	-354.18533	-46.461716	7.578387	47.85589	-83.537704	-46.46052	1.0	85622001	27609.531077861786
426	-679.77936	-679.77936	-381.85077	-46.42221	7.5960727	60.64187	-93.904	-46.42281	1.0	85822988	27676.148413181305
427	-585.53253	-585.53253	-331.6401	-46.44925	7.581624	51.67882	-84.60466	-46.448723	1.0	86024001	27742.754592895508
428	-702.6538	-702.6538	-407.64075	-46.395077	7.6075735	58.82775	-88.88234	-46.394817	1.0	86224993	27810.10490679741
429	-716.31	-716.31	-355.11035	-46.42088	7.627336	99.0857	-93.28902	-46.42083	1.0	86426001	27876.920236110687
430	-629.5416	-629.5416	-375.33115	-46.404537	7.5869694	84.80109	-89.456	-46.403923	1.0	86627001	27942.952756166458
431	-621.5541	-621.5541	-369.59482	-46.42267	7.5928016	54.19487	-81.50022	-46.422012	1.0	86828001	28009.708981752396
432	-622.86926	-622.86926	-276.8043	-46.37104	7.649985	73.37439	-89.67035	-46.36886	1.0	87029001	28076.63155245781
433	-624.8247	-624.8247	-310.9873	-46.4009	7.6007457	61.180973	-90.38339	-46.4011	1.0	87230001	28143.001737833023
434	-705.8303	-705.8303	-405.31134	-46.373314	7.6572313	53.121834	-88.89276	-46.372013	0.9	87430987	28209.784142255783
435	-712.7488	-712.7488	-278.69034	-46.38196	7.644126	81.548996	-86.301094	-46.38263	1.0	87632001	28277.06232404709
436	-718.7395	-718.7395	-220.13916	-46.342476	7.712955	78.117134	-83.255554	-46.342796	1.0	87832995	28344.129815340042
437	-608.98016	-608.98016	-258.0046	-46.38834	7.6041007	76.41352	-80.362465	-46.387955	1.0	88034001	28411.07564020157
438	-736.68134	-736.68134	-353.7721	-46.35148	7.673281	84.71792	-90.53625	-46.35111	1.0	88234997	28477.97367167473
439	-636.95197	-636.95197	-274.77945	-46.35128	7.6867366	55.064705	-96.273766	-46.352135	1.0	88435984	28545.0925283432
440	-555.48285	-555.48285	-321.26047	-46.318253	7.702386	58.221977	-89.466	-46.317253	1.0	88636983	28613.194954395294
441	-658.2863	-658.2863	-277.98416	-46.313526	7.742786	56.1208	-90.72463	-46.31477	1.0	88838001	28680.93631339073
442	-614.8131	-614.8131	-354.7089	-46.347954	7.684756	83.154686	-92.07211	-46.34718	1.0	89038989	28748.24148416519
443	-662.99365	-662.99365	-267.4448	-46.332397	7.6624436	66.011116	-95.77148	-46.33179	1.0	89240001	28814.779254198074
444	-651.31366	-651.31366	-285.3042	-46.3111	7.7108955	65.312515	-92.65944	-46.311802	1.0	89441001	28881.87303876877
445	-657.4009	-657.4009	-320.97653	-46.274483	7.756113	73.38881	-92.275055	-46.27311	1.0	89641998	28949.211386680603
446	-768.93414	-768.93414	-294.3437	-46.269905	7.718022	71.02523	-85.73849	-46.269444	1.0	89843001	29016.54518175125
447	-677.1129	-677.1129	-300.09402	-46.30319	7.689391	71.88743	-92.465294	-46.30266	1.0	90043984	29084.67227292061
448	-652.99	-652.99	-281.51688	-46.267807	7.7565017	74.72247	-84.77011	-46.26809	1.0	90245001	29152.550142765045
449	-561.843	-561.843	-359.11328	-46.25157	7.796935	88.47641	-88.65193	-46.251823	1.0	90445981	29219.795625925064
450	-675.2874	-675.2874	-394.87668	-46.265297	7.7819967	57.819508	-88.9911	-46.26593	1.0	90647001	29286.778746843338
451	-665.394	-665.394	-313.4075	-46.25602	7.7510657	79.65476	-86.05422	-46.25569	1.0	90848001	29353.863017320633
452	-615.3237	-615.3237	-337.64285	-46.244144	7.747746	61.492702	-83.02547	-46.24232	1.0	91048988	29420.5524661541
453	-595.17645	-595.17645	-267.5085	-46.227707	7.7858486	77.92896	-86.12916	-46.227875	1.0	91250001	29487.929579496384
454	-658.3338	-658.3338	-249.25912	-46.236294	7.781077	71.7198	-91.13824	-46.235165	1.0	91450988	29555.68976330757
455	-575.27466	-575.27466	-425.99414	-46.226646	7.783802	54.186913	-85.41113	-46.227585	1.0	91652001	29623.377436876297
456	-680.6936	-680.6936	-287.44473	-46.22491	7.7742143	78.29907	-88.548195	-46.22487	1.0	91853001	29690.85425901413
457	-658.99536	-658.99536	-365.38916	-46.201767	7.8337197	56.0455	-89.27871	-46.200893	1.0	92053991	29757.821296930313
458	-612.11554	-612.11554	-308.18	-46.209602	7.786657	61.279533	-90.4145	-46.208294	1.0	92255001	29825.085598230362
459	-633.59064	-633.59064	-268.77686	-46.164993	7.8640585	61.230022	-93.189804	-46.16569	1.0	92456001	29892.02263188362
460	-699.5421	-699.5421	-274.54535	-46.17989	7.835122	77.36224	-85.32558	-46.179462	1.0	92656992	29959.82134270668
461	-671.41876	-671.41876	-333.3561	-46.174324	7.854658	58.438637	-84.704475	-46.17375	1.0	92858001	30027.260157108307
462	-692.245	-692.245	-394.60995	-46.168324	7.864224	89.79164	-87.290184	-46.169094	1.0	93059001	30095.130232572556
463	-759.5789	-759.5789	-241.8291	-46.15976	7.862212	68.82901	-89.22545	-46.159702	1.0	93260001	30162.62328529358
464	-706.0408	-706.0408	-355.69113	-46.14551	7.8760324	55.23473	-88.85781	-46.145397	1.0	93460983	30229.706558465958
465	-636.0691	-636.0691	-288.1847	-46.187035	7.824177	59.521854	-87.47158	-46.186577	1.0	93662001	30296.860415935516
466	-629.3743	-629.3743	-380.93887	-46.187576	7.823734	54.939598	-88.0828	-46.18701	1.0	93862985	30364.296879053116
467	-751.2072	-751.2072	-295.72528	-46.170788	7.8122478	62.116505	-82.73794	-46.17134	1.0	94064001	30432.106637477875
468	-642.85205	-642.85205	-369.98758	-46.14748	7.8058424	53.06762	-83.85924	-46.147366	1.0	94265001	30500.11586499214
469	-602.53546	-602.53546	-263.25806	-46.148613	7.8499975	62.6994	-81.17763	-46.148117	1.0	94465997	30566.727638483047
470	-666.84784	-666.84784	-376.97186	-46.16537	7.826134	67.66677	-84.369606	-46.165	1.0	94667000	30633.96131014824
471	-601.5643	-601.5643	-289.85345	-46.150677	7.8043504	66.2206	-89.710205	-46.15118	1.0	94868001	30701.355722665787
472	-646.094	-646.094	-367.64587	-46.134975	7.860411	84.80046	-82.84167	-46.134666	1.0	95069001	30768.70902299881
473	-669.15643	-669.15643	-177.62572	-46.12206	7.868537	72.898705	-84.13816	-46.12297	1.0	95269988	30837.07117319107
474	-736.3192	-736.3192	-351.9691	-46.12616	7.8604407	84.287	-85.24868	-46.12567	1.0	95470995	30904.576023101807
475	-655.16003	-655.16003	-266.82422	-46.108112	7.857715	62.324276	-84.15261	-46.10776	1.0	95671992	30972.623002052307
476	-695.4249	-695.4249	-260.1753	-46.11749	7.8698406	57.79374	-84.12183	-46.118114	1.0	95873001	31042.108183145523
477	-575.30084	-575.30084	-266.51813	-46.10319	7.85199	55.241943	-85.23826	-46.103992	1.0	96074001	31110.63435769081
478	-639.30585	-639.30585	-364.2873	-46.057934	7.943392	81.06371	-89.186905	-46.05693	1.0	96274997	31178.429488182068
479	-653.34906	-653.34906	-265.8977	-46.093353	7.9037256	60.841553	-91.91624	-46.09373	1.0	96476001	31245.831406593323
480	-625.8527	-625.8527	-310.78378	-46.072968	7.8944798	74.484	-81.55199	-46.073627	1.0	96677001	31313.584769964218
481	-606.34424	-606.34424	-282.0304	-46.068893	7.904127	71.41617	-85.83291	-46.06689	1.0	96878001	31381.89820575714
482	-649.43146	-649.43146	-237.79364	-46.050858	7.96881	83.714806	-89.251724	-46.052845	1.0	97079001	31449.48188138008
483	-679.03076	-679.03076	-300.21506	-46.04028	7.9512763	80.44237	-92.15347	-46.040237	1.0	97280001	31517.132397651672
484	-699.9093	-699.9093	-268.37885	-46.075634	7.8833113	67.44181	-82.28765	-46.076294	1.0	97481001	31584.686344861984
485	-613.9265	-613.9265	-287.51028	-46.06441	7.9121113	73.13903	-92.21958	-46.062843	1.0	97681997	31652.175614356995
486	-574.74426	-574.74426	-238.56215	-46.04299	7.9640245	78.49151	-87.09455	-46.044147	1.0	97882997	31719.956617593765
487	-641.8505	-641.8505	-236.31616	-46.0108	7.971885	63.17695	-89.51732	-46.010296	1.0	98084001	31787.532346725464
488	-703.3029	-703.3029	-209.27324	-46.044434	7.957488	60.899956	-81.51375	-46.044136	1.0	98285001	31855.070636034012
489	-559.5994	-559.5994	-251.42824	-46.012608	7.9384365	66.1459	-83.49386	-46.011517	1.0	98486001	31922.08044028282
490	-634.59924	-634.59924	-211.93324	-45.987255	7.9949975	58.735928	-85.83422	-45.986946	1.0	98687001	31989.849936246872
491	-664.94727	-664.94727	-254.48238	-46.010235	7.9663014	55.497955	-83.42526	-46.009987	1.0	98888001	32057.492802858353
492	-578.5098	-578.5098	-238.97134	-45.99532	8.009543	54.217934	-85.492355	-45.9944	1.0	99088984	32125.101815462112
493	-730.9144	-730.9144	-252.06177	-45.97658	7.9895935	74.75415	-81.21346	-45.97815	1.0	99289994	32193.14467358589
494	-660.1683	-660.1683	-260.8851	-45.981884	8.007302	65.26274	-88.7551	-45.98066	1.0	99491001	32261.448487997055
495	-703.5682	-703.5682	-290.16745	-45.989727	7.969388	58.856422	-86.9141	-45.990364	1.0	99692001	32329.46686887741
496	-629.88916	-629.88916	-241.17862	-45.952816	8.055455	79.1898	-93.10608	-45.95255	1.0	99892986	32396.20020222664
497	-576.7622	-576.7622	-239.13652	-45.956738	8.016	71.33424	-90.53852	-45.956726	1.0	100093990	32462.951273918152
498	-596.69556	-596.69556	-260.63528	-45.95079	8.019683	71.10933	-80.9843	-45.95043	1.0	100294996	32529.519059181213
499	-614.8904	-614.8904	-232.31432	-45.93959	8.034485	54.715427	-82.43763	-45.93931	1.0	100495995	32596.950615167618
500	-627.0045	-627.0045	-247.94725	-45.95706	8.009507	91.83346	-84.80927	-45.956516	1.0	100696988	32665.157331228256
501	-646.9097	-646.9097	-210.63965	-45.90932	8.040935	63.386166	-89.83726	-45.91	1.0	100898001	32732.55996274948
502	-561.1179	-561.1179	-219.4996	-45.974937	7.9567704	63.556343	-83.61844	-45.97471	1.0	101099001	32799.671240091324
503	-666.02856	-666.02856	-301.76337	-45.958096	8.001774	55.924454	-90.35439	-45.957317	1.0	101300001	32867.50192832947
504	-575.7866	-575.7866	-229.733	-45.933857	8.047357	81.86897	-94.510574	-45.93523	1.0	101500982	32935.038680553436
505	-721.64844	-721.64844	-197.12982	-45.932064	8.040105	61.63613	-89.8228	-45.93028	1.0	101702001	33002.59857368469
506	-657.71375	-657.71375	-308.73734	-45.903606	8.025626	57.592827	-86.69657	-45.90251	1.0	101903001	33069.69588923454
507	-668.8162	-668.8162	-214.56392	-45.926437	8.046706	58.269764	-92.50683	-45.927006	1.0	102104001	33137.60766148567
508	-591.7128	-591.7128	-216.49176	-45.90954	8.062238	54.584442	-85.88957	-45.90857	1.0	102304984	33205.80628013611
509	-580.94244	-580.94244	-277.20963	-45.916653	8.057009	67.057335	-85.16701	-45.916203	1.0	102506001	33273.46463727951
510	-622.438	-622.438	-258.6638	-45.836323	8.142982	63.219463	-84.92747	-45.83661	1.0	102706988	33341.266343832016
511	-577.48083	-577.48083	-221.10297	-45.855816	8.131339	57.369095	-83.931274	-45.85515	1.0	102907998	33408.987877845764
512	-688.003	-688.003	-266.45013	-45.850838	8.116944	91.50981	-92.736465	-45.851147	1.0	103109001	33476.51211309433
513	-814.99713	-814.99713	-182.81432	-45.87561	8.077343	62.010883	-88.23591	-45.87569	1.0	103310001	33544.41984343529
514	-601.7767	-601.7767	-258.1028	-45.870934	8.07567	56.603798	-86.07223	-45.869507	1.0	103511001	33612.30509209633
515	-738.59796	-738.59796	-219.46613	-45.84322	8.110497	59.752697	-86.2079	-45.84302	1.0	103711999	33680.49314069748
516	-593.6766	-593.6766	-176.2231	-45.82177	8.10906	72.12837	-80.97397	-45.821518	1.0	103912991	33747.288380384445
517	-548.36206	-548.36206	-173.66843	-45.83275	8.125135	63.18492	-86.89202	-45.8324	1.0	104113989	33814.50158691406
518	-689.4202	-689.4202	-168.98732	-45.841663	8.111441	54.63511	-86.19083	-45.840614	1.0	104314992	33882.531066417694
519	-577.9426	-577.9426	-223.24214	-45.807922	8.174235	72.312355	-82.42802	-45.80804	1.0	104516001	33950.05954837799
520	-599.025	-599.025	-217.79097	-45.798767	8.178987	63.91879	-84.732605	-45.7996	1.0	104716992	34017.613995075226
521	-617.7393	-617.7393	-162.31886	-45.8097	8.159255	61.892857	-85.60444	-45.810116	1.0	104917981	34085.933510541916
522	-545.6374	-545.6374	-221.28574	-45.752388	8.26456	98.20686	-83.43171	-45.752975	1.0	105118985	34153.05810832977
523	-642.16565	-642.16565	-232.18916	-45.79946	8.196395	52.282795	-84.2392	-45.79925	1.0	105320001	34220.60778570175
524	-597.21344	-597.21344	-205.84908	-45.74896	8.239547	49.91794	-86.60571	-45.748795	1.0	105521001	34287.667189359665
525	-673.5097	-673.5097	-235.33711	-45.781193	8.18779	59.392212	-82.00833	-45.779797	1.0	105722001	34355.12177658081
526	-646.0735	-646.0735	-224.5888	-45.76639	8.188843	57.858646	-82.07857	-45.766716	1.0	105923001	34422.2599568367
527	-569.34546	-569.34546	-227.87169	-45.745068	8.234622	95.91545	-83.53362	-45.7455	1.0	106124001	34489.585169792175
528	-602.3008	-602.3008	-183.12726	-45.73103	8.214965	54.670666	-84.595184	-45.730324	1.0	106325001	34557.35494065285
529	-684.6029	-684.6029	-214.10374	-45.73875	8.216172	58.48017	-92.01997	-45.738728	1.0	106526001	34624.63218784332
530	-615.7312	-615.7312	-205.48325	-45.789837	8.157164	78.75516	-88.97933	-45.789913	1.0	106727001	34692.42837071419
531	-709.5112	-709.5112	-180.67345	-45.713604	8.246294	111.951775	-85.6736	-45.714146	1.0	106927990	34759.95168185234
532	-657.51416	-657.51416	-231.54955	-45.699017	8.260417	73.12214	-85.97415	-45.69879	1.0	107128986	34826.92131304741
533	-584.1402	-584.1402	-195.9446	-45.701233	8.308379	45.54899	-83.66793	-45.700287	1.0	107329993	34893.8356821537
534	-621.9277	-621.9277	-209.07846	-45.710945	8.269112	69.58404	-81.218376	-45.71132	1.0	107530987	34961.24042272568
535	-719.7544	-719.7544	-268.26923	-45.684826	8.272123	55.670696	-82.30498	-45.684277	1.0	107732001	35028.97846746445
536	-647.96423	-647.96423	-205.8082	-45.668396	8.301437	97.1956	-85.15389	-45.669613	1.0	107933001	35096.55369901657
537	-573.11566	-573.11566	-252.22476	-45.65632	8.294699	58.42438	-85.497665	-45.65648	1.0	108134001	35164.12973856926
538	-634.7951	-634.7951	-219.52153	-45.701656	8.274406	58.726467	-82.28759	-45.70169	1.0	108335001	35231.51307082176
539	-574.8845	-574.8845	-171.9438	-45.644608	8.329	54.74186	-83.83852	-45.64346	1.0	108536001	35298.31587982178
540	-591.83044	-591.83044	-188.2985	-45.633923	8.346151	60.24031	-84.19466	-45.634216	1.0	108736989	35365.354174137115
541	-602.7083	-602.7083	-207.90836	-45.657555	8.306912	108.76556	-86.25272	-45.65709	1.0	108938001	35432.57356119156
542	-521.78015	-521.78015	-173.20277	-45.62897	8.346649	108.512886	-83.15993	-45.62843	1.0	109139001	35499.39082360268
543	-638.49677	-638.49677	-180.15472	-45.599205	8.369504	55.498333	-84.89547	-45.598934	1.0	109340001	35566.770862817764
544	-632.3987	-632.3987	-191.82619	-45.607693	8.341336	54.090214	-86.06334	-45.609306	1.0	109540984	35634.468688964844
545	-652.5305	-652.5305	-142.03598	-45.615257	8.357685	75.74638	-85.78223	-45.61508	1.0	109741985	35701.87445521355
546	-607.60376	-607.60376	-164.26642	-45.588406	8.407566	58.215603	-84.40511	-45.587746	1.0	109942997	35769.065925598145
547	-687.97595	-687.97595	-164.44833	-45.574524	8.380251	59.861572	-84.38881	-45.574253	1.0	110144001	35836.73874115944
548	-623.2299	-623.2299	-167.85596	-45.585953	8.364927	55.968876	-84.468475	-45.585503	1.0	110345001	35904.559086322784
549	-693.09375	-693.09375	-221.98853	-45.577194	8.388199	71.74207	-86.230545	-45.577038	1.0	110546001	35971.76297211647
550	-609.10815	-609.10815	-227.57266	-45.56894	8.403191	59.15957	-80.29157	-45.568356	1.0	110747001	36039.102680921555
551	-606.9776	-606.9776	-142.97267	-45.584904	8.362909	92.62421	-84.26457	-45.58524	1.0	110948001	36106.60365176201
552	-662.4949	-662.4949	-161.3993	-45.564022	8.408888	59.187008	-91.83613	-45.5635	1.0	111149001	36173.8804628849
553	-649.0875	-649.0875	-184.3998	-45.51014	8.45374	73.49812	-90.965996	-45.510254	1.0	111350001	36241.418316841125
554	-676.25165	-676.25165	-168.96724	-45.53227	8.420007	76.58915	-84.21747	-45.532757	1.0	111551001	36308.62575149536
555	-570.53815	-570.53815	-207.96684	-45.51028	8.473738	42.3929	-86.406784	-45.510475	1.0	111751983	36375.90849161148
556	-590.0691	-590.0691	-209.32901	-45.48459	8.489509	63.771107	-86.7663	-45.48452	1.0	111953001	36443.171191215515
557	-638.9465	-638.9465	-123.607155	-45.453136	8.503239	60.51418	-86.87688	-45.45237	1.0	112154001	36510.13638186455
558	-637.98865	-637.98865	-166.30672	-45.476543	8.459229	51.02224	-81.999985	-45.476276	1.0	112355001	36577.83803606033
559	-674.0081	-674.0081	-157.56151	-45.46083	8.526281	56.931988	-80.37375	-45.46155	1.0	112556001	36645.43660092354
560	-555.0142	-555.0142	-198.99583	-45.42561	8.545983	51.88339	-81.90497	-45.42527	1.0	112757001	36712.09240818024
561	-592.86743	-592.86743	-184.23976	-45.453262	8.551139	99.82432	-85.07421	-45.45306	1.0	112957993	36780.28576040268
562	-573.9312	-573.9312	-163.67027	-45.48263	8.461252	100.22404	-84.98001	-45.481632	1.0	113158986	36846.867233514786
563	-637.26294	-637.26294	-159.2003	-45.40199	8.550112	57.730507	-82.119125	-45.40291	1.0	113360001	36913.572786808014
564	-565.32385	-565.32385	-168.71915	-45.409092	8.601622	47.889168	-84.59186	-45.408726	1.0	113560985	36980.89632511139
565	-618.75214	-618.75214	-187.22609	-45.392113	8.611471	75.33057	-84.770836	-45.391678	1.0	113761993	37048.37302160263
566	-626.90674	-626.90674	-173.50908	-45.421772	8.560365	53.67604	-80.3844	-45.422447	1.0	113962994	37114.94842553139
567	-589.3982	-589.3982	-213.77206	-45.363003	8.63363	83.0909	-86.93818	-45.36266	1.0	114164001	37181.75396466255
568	-635.4521	-635.4521	-166.76196	-45.37529	8.639687	56.75481	-82.0067	-45.376003	1.0	114365001	37248.623891592026
569	-589.6091	-589.6091	-169.35443	-45.31347	8.662566	79.81591	-85.3711	-45.313107	1.0	114566001	37315.458068847656
570	-560.5197	-560.5197	-195.61354	-45.353027	8.643902	70.162	-84.81043	-45.35221	1.0	114766989	37381.85412478447
571	-651.364	-651.364	-180.42033	-45.306366	8.679928	62.971752	-83.81022	-45.30641	1.0	114968001	37449.08001732826
572	-553.80743	-553.80743	-224.70123	-45.294155	8.670667	75.6114	-85.90634	-45.294327	1.0	115169001	37515.39552950859
573	-623.55835	-623.55835	-170.45677	-45.288937	8.656523	69.83562	-83.17664	-45.287792	1.0	115370000	37581.712707042694
574	-609.94946	-609.94946	-176.85393	-45.300014	8.655104	52.613922	-88.44572	-45.299255	1.0	115571001	37648.83329176903
575	-575.70013	-575.70013	-183.06984	-45.285053	8.711479	56.04596	-84.1832	-45.28609	1.0	115771988	37716.44757723808
576	-613.37604	-613.37604	-182.1144	-45.266388	8.708497	71.47355	-84.83264	-45.26611	1.0	115973001	37783.068007707596
577	-648.4037	-648.4037	-186.82455	-45.22666	8.750433	79.047356	-81.45029	-45.226837	1.0	116173986	37849.200870752335
578	-576.8855	-576.8855	-182.77106	-45.23212	8.775163	67.580635	-84.61871	-45.231873	1.0	116375001	37915.317002773285
579	-632.25903	-632.25903	-164.64722	-45.231125	8.746483	59.387398	-84.10638	-45.230892	1.0	116576001	37981.56003546715
580	-684.3329	-684.3329	-193.21703	-45.247005	8.711954	71.939354	-83.059906	-45.246525	1.0	116777001	38048.176110744476
581	-623.3812	-623.3812	-180.18225	-45.19717	8.753733	58.041443	-84.84578	-45.198204	1.0	116977992	38114.648399829865
582	-607.92664	-607.92664	-178.97308	-45.203274	8.75862	71.096176	-86.41425	-45.20242	1.0	117178990	38181.227507829666
583	-645.59705	-645.59705	-173.27785	-45.210316	8.746552	72.76634	-81.26151	-45.21061	1.0	117380001	38248.00520777702
584	-615.2418	-615.2418	-175.4662	-45.13894	8.853757	51.639687	-80.72894	-45.139236	1.0	117580986	38315.26844000816
585	-502.16458	-502.16458	-210.11229	-45.15702	8.817062	59.016632	-80.76387	-45.15644	1.0	117782000	38382.12250781059
586	-630.26184	-630.26184	-195.79883	-45.161804	8.806838	85.02766	-85.89365	-45.160988	1.0	117983001	38449.11983919144
587	-505.76538	-505.76538	-169.24776	-45.11634	8.877772	56.48118	-81.50053	-45.116985	1.0	118184001	38515.77852988243
588	-610.55707	-610.55707	-195.33055	-45.1202	8.825801	54.92169	-90.967445	-45.120514	1.0	118385001	38583.333726644516
589	-605.98975	-605.98975	-167.44441	-45.107292	8.862138	68.63628	-87.88429	-45.10748	1.0	118586001	38650.387510061264
590	-566.129	-566.129	-193.11948	-45.09757	8.907063	49.396896	-83.87955	-45.0976	1.0	118787001	38716.48987150192
591	-566.4322	-566.4322	-176.24312	-45.04924	8.940648	62.0017	-85.46292	-45.050266	1.0	118988001	38783.37685918808
592	-599.7695	-599.7695	-152.29948	-45.064907	8.920818	72.666794	-84.30789	-45.063633	1.0	119188993	38849.7068567276
593	-601.97107	-601.97107	-189.77461	-45.093323	8.902292	62.39699	-85.39592	-45.09239	1.0	119390001	38916.602662324905
594	-552.7393	-552.7393	-182.7671	-45.030106	8.9478245	65.925064	-87.20022	-45.030766	1.0	119591001	38982.993448495865
595	-584.232	-584.232	-167.03253	-44.978413	8.993958	57.373093	-79.58949	-44.978466	1.0	119792001	39049.65107321739
596	-611.2916	-611.2916	-166.96605	-45.003117	8.991084	52.736805	-83.14875	-45.002384	1.0	119992992	39116.580444812775
597	-511.67316	-511.67316	-170.9968	-45.028065	8.965605	60.60542	-80.95902	-45.028503	1.0	120194001	39183.40481162071
598	-547.06305	-547.06305	-137.39456	-45.002705	8.976208	73.20102	-80.70675	-45.002514	1.0	120394994	39249.88775396347
599	-575.22876	-575.22876	-183.79619	-44.97282	9.004762	59.678833	-84.98832	-44.972664	1.0	120596001	39316.608197927475
600	-532.9818	-532.9818	-172.86055	-44.975307	9.00574	70.67726	-87.231674	-44.97455	1.0	120796991	39383.55679869652
601	-627.2076	-627.2076	-189.55269	-44.956432	9.013875	67.55068	-82.89896	-44.955933	1.0	120998001	39450.23378252983
602	-585.14056	-585.14056	-239.88324	-44.952293	9.005165	79.239716	-84.062706	-44.95349	1.0	121199001	39517.09297609329
603	-583.46924	-583.46924	-171.2346	-44.8953	9.07423	59.981407	-84.800934	-44.89536	1.0	121400001	39583.417732954025
604	-603.2951	-603.2951	-164.20323	-44.90752	9.097355	57.029835	-79.88915	-44.907127	1.0	121601001	39650.12899565697
605	-553.0563	-553.0563	-176.8026	-44.928905	9.07426	83.00662	-82.93067	-44.92966	1.0	121802001	39716.53509902954
606	-633.33124	-633.33124	-137.1088	-44.857006	9.112965	51.07277	-93.167625	-44.85612	1.0	122003001	39783.467967033386
607	-603.09314	-603.09314	-161.62827	-44.875717	9.121856	59.722878	-82.90596	-44.875362	1.0	122203985	39851.38379383087
608	-601.7762	-601.7762	-175.85106	-44.828373	9.160804	87.507744	-83.53357	-44.829967	1.0	122404997	39918.319543123245
609	-644.26825	-644.26825	-153.78546	-44.826195	9.15405	56.590714	-87.11664	-44.82552	1.0	122606001	39985.197546482086
610	-497.29065	-497.29065	-156.88911	-44.842236	9.17513	70.2496	-86.34014	-44.841522	1.0	122806987	40051.9647963047
611	-576.2755	-576.2755	-160.24577	-44.76886	9.229796	66.317314	-82.58171	-44.769524	1.0	123007997	40118.769199848175
612	-610.92584	-610.92584	-163.56055	-44.769352	9.21404	86.056496	-87.391464	-44.76794	1.0	123208995	40185.398731946945
613	-544.48083	-544.48083	-142.05319	-44.762337	9.218078	69.21603	-82.29347	-44.76376	1.0	123410001	40252.82884001732
614	-506.39365	-506.39365	-186.48628	-44.72856	9.284171	72.75401	-83.29132	-44.72786	1.0	123611001	40323.18673872948
615	-540.6019	-540.6019	-188.61905	-44.75319	9.236464	62.81571	-81.12027	-44.753654	1.0	123811998	40391.18562221527
616	-606.7559	-606.7559	-143.02753	-44.705788	9.290623	79.19181	-85.14133	-44.705215	1.0	124013001	40457.575749874115
617	-592.1839	-592.1839	-172.19899	-44.6593	9.340849	59.96591	-82.35519	-44.65854	1.0	124214001	40523.87880086899
618	-607.2057	-607.2057	-173.24583	-44.651623	9.357403	93.982346	-82.58582	-44.653217	1.0	124414985	40590.46040010452
619	-576.2865	-576.2865	-172.72418	-44.63361	9.34562	59.631084	-85.179924	-44.6333	1.0	124616001	40657.16703128815
620	-554.06006	-554.06006	-163.25119	-44.656403	9.337836	58.881744	-81.447075	-44.655582	1.0	124816988	40723.231516838074
621	-601.9195	-601.9195	-163.00699	-44.63941	9.352047	82.80282	-86.897156	-44.63869	1.0	125018001	40790.04920959473
622	-650.9217	-650.9217	-176.51747	-44.621746	9.357796	45.714413	-84.61324	-44.622948	1.0	125219001	40857.10290598869
623	-601.56195	-601.56195	-172.4064	-44.548462	9.3979025	76.100914	-79.60649	-44.547928	1.0	125420001	40923.86006355286
624	-596.84424	-596.84424	-163.65265	-44.581272	9.439414	60.98889	-83.132195	-44.580643	1.0	125621001	40992.01921367645
625	-577.8234	-577.8234	-172.91437	-44.574352	9.393605	51.418304	-80.1025	-44.575104	1.0	125821999	41059.831787109375
626	-561.761	-561.761	-167.95985	-44.539753	9.443968	123.46227	-82.42724	-44.538574	1.0	126022991	41128.14430117607
627	-509.75806	-509.75806	-205.3919	-44.56204	9.450051	87.886215	-79.92443	-44.56145	1.0	126224001	41195.38766551018
628	-614.8516	-614.8516	-149.86555	-44.510464	9.460118	59.699085	-81.27482	-44.51171	1.0	126425001	41263.076335430145
629	-547.7336	-547.7336	-154.47873	-44.529293	9.448248	73.13399	-81.700615	-44.52848	1.0	126626001	41330.09552979469
630	-527.92975	-527.92975	-169.7993	-44.5003	9.456091	55.07481	-81.17266	-44.500404	1.0	126827001	41396.70194530487
631	-507.7999	-507.7999	-158.01039	-44.46336	9.522651	99.35327	-83.61782	-44.462364	1.0	127028001	41463.29292678833
632	-627.71436	-627.71436	-182.25148	-44.45138	9.537629	64.23511	-84.22121	-44.451923	1.0	127229001	41530.29323911667
633	-618.78314	-618.78314	-162.81482	-44.47657	9.506542	60.38332	-83.213425	-44.476196	1.0	127430001	41597.134670972824
634	-552.37506	-552.37506	-172.9128	-44.36729	9.591591	57.896717	-85.66932	-44.36647	1.0	127631001	41664.27472400665
635	-563.8781	-563.8781	-159.31549	-44.462536	9.520629	54.55093	-84.49187	-44.463436	1.0	127832001	41731.04092979431
636	-555.2902	-555.2902	-176.38521	-44.424316	9.5814705	58.702198	-81.752045	-44.42402	1.0	128033001	41797.40331339836
637	-551.1055	-551.1055	-143.81973	-44.40257	9.603398	78.21777	-86.911705	-44.40245	1.0	128233990	41863.64550805092
638	-592.6331	-592.6331	-165.69307	-44.359417	9.654288	48.66247	-88.36516	-44.359737	1.0	128434991	41930.92446351051
639	-618.51685	-618.51685	-166.34103	-44.404694	9.590675	52.830692	-81.79763	-44.404762	1.0	128635998	41996.781672000885
640	-540.5425	-540.5425	-154.28014	-44.367428	9.58443	64.02569	-85.29533	-44.367073	1.0	128837001	42063.15881514549
641	-556.6918	-556.6918	-169.26878	-44.374146	9.595008	54.507755	-88.43044	-44.37425	1.0	129038001	42129.481830596924
642	-517.5248	-517.5248	-150.44272	-44.3001	9.702213	84.22537	-88.093254	-44.300186	1.0	129239001	42196.551911354065
643	-598.18115	-598.18115	-171.53334	-44.293743	9.701394	67.60547	-83.92769	-44.29489	1.0	129440001	42263.27505493164
644	-527.86475	-527.86475	-162.51784	-44.28392	9.711462	63.417988	-83.113304	-44.28365	1.0	129640995	42329.82107806206
645	-620.45825	-620.45825	-161.82378	-44.294033	9.683435	57.28581	-86.24008	-44.293144	1.0	129841994	42397.01657176018
646	-522.49884	-522.49884	-159.05557	-44.247505	9.731899	73.68686	-87.76404	-44.24627	1.0	130043001	42463.648617982864
647	-568.02295	-568.02295	-154.42993	-44.25066	9.747995	53.66792	-84.46692	-44.251827	1.0	130244001	42530.099143743515
648	-570.4487	-570.4487	-135.02432	-44.267395	9.716411	82.5634	-84.86026	-44.267	1.0	130445001	42596.7551753521
649	-557.52814	-557.52814	-148.31764	-44.254143	9.712988	55.484245	-84.22296	-44.254463	1.0	130646001	42663.231971502304
650	-583.5047	-583.5047	-134.98683	-44.226128	9.774913	55.476746	-80.88482	-44.22615	1.0	130846984	42729.23262476921
651	-540.7015	-540.7015	-167.96162	-44.16022	9.819943	64.789925	-81.853935	-44.15935	1.0	131048001	42795.46002840996
652	-583.08636	-583.08636	-152.24141	-44.228584	9.76268	61.580677	-88.24739	-44.228443	1.0	131248987	42861.732600688934
653	-606.14764	-606.14764	-155.54852	-44.16604	9.837966	63.828747	-91.23772	-44.16645	1.0	131450001	42927.93205833435
654	-568.3677	-568.3677	-167.40099	-44.15647	9.84748	51.486763	-88.11731	-44.155594	1.0	131651001	42993.92363238335
655	-613.33203	-613.33203	-140.96422	-44.187145	9.761986	43.760498	-85.75585	-44.187298	1.0	131851988	43058.99107027054
656	-633.82666	-633.82666	-160.78027	-44.154663	9.81797	60.878674	-92.66655	-44.155342	1.0	132053001	43124.26686358452
657	-559.8502	-559.8502	-155.59538	-44.07916	9.920207	62.39659	-82.98844	-44.079723	1.0	132254001	43187.22895908356
658	-572.3759	-572.3759	-156.21835	-44.071148	9.922277	60.205673	-84.19387	-44.069317	1.0	132455001	43250.59371685982
659	-601.68964	-601.68964	-145.79236	-44.072983	9.929655	55.85694	-83.32646	-44.073517	1.0	132656001	43313.5449924469
660	-590.23083	-590.23083	-149.30977	-44.0457	9.964346	74.43965	-82.5488	-44.046864	1.0	132857001	43376.492136478424
661	-631.57263	-631.57263	-145.77248	-44.060783	9.908394	44.857285	-86.06433	-44.058445	1.0	133057998	43439.11431288719
662	-561.7521	-561.7521	-133.86241	-44.043823	9.873706	58.950634	-81.533936	-44.04405	1.0	133259001	43502.23976111412
663	-661.6397	-661.6397	-184.46303	-43.99002	9.989955	70.09163	-88.17707	-43.99069	1.0	133460001	43564.60102343559
664	-561.33954	-561.33954	-123.42197	-43.991116	9.966578	75.911385	-82.47475	-43.990616	1.0	133661001	43626.85455107689
665	-598.05444	-598.05444	-172.68654	-43.97299	9.998594	39.02292	-87.98891	-43.971508	1.0	133862001	43689.105301856995
666	-555.4718	-555.4718	-162.07082	-43.906017	10.085681	69.086784	-83.45912	-43.90585	1.0	134063001	43751.252708911896
667	-578.639	-578.639	-156.35094	-43.996944	9.984658	145.76186	-86.48088	-43.997135	1.0	134264001	43813.74017596245
668	-526.88904	-526.88904	-160.33801	-43.968224	10.002284	51.40488	-86.14304	-43.968113	1.0	134465001	43875.84366416931
669	-436.0087	-436.0087	-164.77917	-43.95282	10.010608	58.596912	-89.39472	-43.95183	1.0	134665984	43937.79518032074
670	-563.5633	-563.5633	-188.2667	-43.954815	10.029795	52.446037	-93.83949	-43.953987	1.0	134866994	44000.61142706871
671	-522.96954	-522.96954	-146.72736	-43.912167	10.055582	53.327526	-83.52539	-43.912933	1.0	135067991	44063.45709347725
672	-541.42236	-541.42236	-189.32198	-43.887825	10.117479	49.33424	-79.5225	-43.887768	1.0	135269001	44125.74804067612
673	-539.48676	-539.48676	-138.96133	-43.90567	10.060617	41.104126	-94.05657	-43.904182	1.0	135469993	44188.326352357864
674	-505.89383	-505.89383	-139.21881	-43.882862	10.082795	64.95381	-78.654236	-43.88377	1.0	135671001	44250.567521095276
675	-526.10205	-526.10205	-164.75429	-43.834515	10.100167	47.53772	-90.46494	-43.834118	1.0	135871986	44315.849860429764
676	-508.87985	-508.87985	-162.2148	-43.78074	10.151785	67.447945	-84.98344	-43.780937	1.0	136073001	44388.36492681503
677	-568.5388	-568.5388	-134.13356	-43.830612	10.163944	98.00116	-91.24689	-43.830254	1.0	136273988	44454.49203085899
678	-503.90723	-503.90723	-144.8319	-43.797638	10.141553	50.88344	-91.21964	-43.797718	1.0	136475000	44525.54019236565
679	-587.80255	-587.80255	-136.81102	-43.773834	10.170519	101.89931	-89.60845	-43.773506	1.0	136675995	44593.21162080765
680	-540.5352	-540.5352	-168.87811	-43.746075	10.227663	71.868805	-79.438416	-43.74603	1.0	136877001	44665.00583410263
681	-525.538	-525.538	-143.79207	-43.7552	10.201752	52.57427	-81.35962	-43.75362	1.0	137077983	44734.14983129501
682	-614.33936	-614.33936	-140.9647	-43.741997	10.192466	75.935295	-80.60456	-43.741737	1.0	137279001	44800.79967999458
