Epoch	EpRet	EpRealRet	TestEpRet	AverageQ1	StdQ1	MaxQ1	MinQ1	Q2	TestSuccess	TotalEnvInteracts	TotalTime
0	-12.412383	-12.412383	-11.982484	-11.767877	3.8074887	0.011337008	-32.297874	-11.751544	0.0	196981	36.32348132133484
1	-11.061465	-11.061465	-6.902436	-15.2824335	3.7740347	-7.1778183	-38.335255	-15.282336	0.0	398001	76.2267153263092
2	-10.700514	-10.700514	-7.3391895	-15.36314	3.495078	-10.000807	-41.47589	-15.36272	0.0	598981	120.04443526268005
3	-9.602951	-9.602951	-0.83106923	-16.700552	3.2358348	-12.0099	-43.441135	-16.700335	0.0	799981	162.76639461517334
4	-9.48697	-9.48697	-5.95559	-17.26615	3.3725524	-13.354161	-47.53843	-17.266161	0.0	1001001	205.75578427314758
5	-9.627283	-9.627283	-4.0526214	-16.902489	3.4403174	-12.465642	-46.277103	-16.902555	0.0	1201984	248.86214756965637
6	-9.588866	-9.588866	8.213989	-16.37814	3.3707523	-12.385883	-44.857555	-16.378159	0.0	1402988	292.47385263442993
7	-10.456647	-10.456647	-6.84121	-16.524883	3.3336089	-12.545496	-44.133827	-16.524746	0.0	1604001	334.48381304740906
8	-8.297136	-8.297136	2.0697706	-17.820953	3.2259374	-12.7718525	-44.64396	-17.820814	0.0	1805001	378.02556896209717
9	-9.823873	-9.823873	5.830628	-18.707283	3.1900916	-14.414285	-45.571102	-18.707087	0.0	2006001	421.50000262260437
10	-9.702255	-9.702255	6.096749	-18.510695	3.3398054	-13.928539	-48.648273	-18.510677	0.0	2207001	464.8813922405243
11	-9.506695	-9.506695	6.0657473	-18.207552	3.4191177	-13.945038	-49.540154	-18.207151	0.0	2408001	508.1753795146942
12	-9.507281	-9.507281	6.159671	-17.907257	3.5318055	-13.690581	-48.921097	-17.907236	0.0	2609001	549.637229681015
13	-9.874811	-9.874811	-1.99988	-17.743881	3.478247	-13.278766	-48.618416	-17.744032	0.0	2809982	592.5815877914429
14	-9.353963	-9.353963	-2.7036917	-17.715515	3.437674	-13.144867	-49.870132	-17.71545	0.0	3010981	635.1684424877167
15	-10.136942	-10.136942	-1.7518876	-17.591923	3.3807545	-12.852048	-51.42421	-17.592289	0.0	3211982	678.7229137420654
16	-10.235125	-10.235125	4.220742	-17.556332	3.469251	-13.004666	-51.91036	-17.556509	0.0	3412989	720.8153343200684
17	-9.168404	-9.168404	-4.3783026	-17.45322	3.3814106	-12.871947	-52.302273	-17.453556	0.0	3614001	763.685150384903
18	-10.250671	-10.250671	-4.2475514	-17.596413	3.2428458	-13.125636	-50.819023	-17.596704	0.0	3814982	806.5613017082214
19	-9.503054	-9.503054	1.2270738	-17.950787	3.167265	-13.418049	-51.11093	-17.950932	0.0	4015983	848.8442964553833
20	-9.129672	-9.129672	2.5832844	-18.341417	3.21634	-13.896438	-50.737385	-18.341621	0.0	4216981	892.3923213481903
21	-8.966258	-8.966258	3.6451545	-18.454962	3.3097746	-12.589879	-51.83702	-18.45552	0.0	4417982	932.4166963100433
22	-9.162432	-9.162432	2.436573	-18.190737	3.3432896	-12.80158	-52.119278	-18.190765	0.0	4618982	976.063294172287
23	-8.251346	-8.251346	2.7769704	-18.070427	3.5537539	-12.220723	-53.413746	-18.070553	0.0	4820001	1016.592325925827
24	-7.9976134	-7.9976134	4.7982135	-17.327074	3.5555882	-12.13982	-51.030144	-17.327606	0.0	5020982	1060.898421049118
25	-9.113976	-9.113976	4.164383	-16.70708	3.5127108	-10.734207	-51.41127	-16.707138	0.0	5221981	1103.5829458236694
26	-8.47109	-8.47109	9.4047165	-16.885405	3.4018862	-11.149179	-49.430874	-16.885792	0.0	5422981	1146.1512506008148
27	-6.3595138	-6.3595138	13.1415615	-17.478294	3.4088807	-12.203554	-51.03217	-17.478615	0.0	5623981	1188.8001098632812
28	-8.79763	-8.79763	7.943396	-18.192272	3.3012996	-12.636213	-51.305046	-18.1931	0.0	5825001	1229.6697733402252
29	-6.34083	-6.34083	7.5291443	-19.651846	3.177137	-13.877686	-52.092037	-19.651945	0.0	6025981	1271.399062871933
30	-10.168466	-10.168466	6.6220503	-20.997387	3.1397462	-15.529676	-53.74822	-20.997335	0.0	6226981	1312.0110948085785
31	-4.850554	-4.850554	11.995975	-22.30175	3.2275147	-17.078838	-53.26399	-22.302303	0.0	6427986	1354.2229385375977
32	-10.202129	-10.202129	8.748254	-23.272936	3.3174803	-17.72261	-52.76082	-23.273283	0.0	6628988	1397.1748311519623
33	-3.5039577	-3.5039577	9.124286	-23.89108	3.3340347	-16.640434	-53.087227	-23.890589	0.0	6829986	1437.703869342804
34	5.000004	5.000004	5.392198	-23.78668	3.5317173	-15.134625	-53.080803	-23.787483	1.0	7030988	1480.0397741794586
35	-7.636379	-7.636379	5.483873	-22.53061	3.6918657	-14.24204	-52.72288	-22.530537	1.0	7231981	1520.9240987300873
36	2.7241323	2.7241323	4.695411	-22.66021	3.4617267	-14.1872225	-52.38087	-22.660086	1.0	7432982	1563.2301559448242
37	0.09923699	0.09923699	8.348991	-23.256252	3.4412656	-13.865686	-52.284115	-23.256287	1.0	7633991	1603.5151422023773
38	-3.8208587	-3.8208587	7.52211	-23.68261	3.4148366	-14.35956	-51.494022	-23.683073	1.0	7834990	1644.6747081279755
39	-4.1729007	-4.1729007	5.600253	-24.582254	3.6006517	-14.0993805	-53.796547	-24.582117	1.0	8035988	1685.9709239006042
40	-3.9092684	-3.9092684	5.300595	-25.37267	3.5968683	-14.872267	-53.16701	-25.37321	1.0	8236984	1728.3319416046143
41	-0.012515716	-0.012515716	5.5716634	-27.345772	3.5257356	-15.290948	-52.908962	-27.346148	1.0	8437981	1768.0884799957275
42	-8.239057	-8.239057	5.503879	-28.467934	3.5723295	-16.80931	-53.1077	-28.46743	1.0	8638981	1811.0542042255402
43	-6.1008315	-6.1008315	5.5928044	-29.7669	3.6314754	-17.546844	-53.484577	-29.766838	1.0	8839981	1851.7822742462158
44	-4.0851226	-4.0851226	3.6109858	-31.569754	3.5879605	-18.542582	-53.574444	-31.569725	1.0	9040984	1893.5906207561493
45	0.6514639	0.6514639	7.823053	-32.15617	3.6224756	-17.652092	-58.94368	-32.15636	1.0	9241981	1933.7107770442963
46	-4.199347	-4.199347	5.529117	-32.35717	3.5921912	-16.10101	-55.970764	-32.357193	1.0	9442983	1973.9296443462372
47	0.623345	0.623345	5.6619377	-33.632027	3.4642577	-16.225023	-56.336067	-33.631718	1.0	9643981	2016.5762150287628
48	-5.992616	-5.992616	3.5665858	-34.238075	3.5328887	-13.686512	-58.00383	-34.238163	1.0	9844982	2056.528109550476
49	0.37899047	0.37899047	7.6722493	-34.663227	3.5528064	-12.029124	-57.845135	-34.66361	1.0	10045981	2097.7578794956207
