Epoch	EpRet	EpRealRet	TestEpRet	AverageQ1	StdQ1	MaxQ1	MinQ1	Q2	TestSuccess	TotalEnvInteracts	TotalTime
0	-17.166052	-17.166052	-2.3591907	-33.444336	12.606021	1.1548557	-53.440075	-33.472313	0.0	196981	85.93387818336487
1	-23.073713	-23.073713	-18.30648	-48.92632	2.766329	-26.608952	-59.852314	-48.927036	0.0	397981	169.8786838054657
2	-25.801025	-25.801025	-37.119274	-49.67046	1.1636426	-39.64088	-57.261086	-49.670135	0.0	598981	252.7134850025177
3	-26.814552	-26.814552	-32.76934	-49.663086	1.2661966	-38.234364	-56.136116	-49.662952	0.0	799983	334.34835052490234
4	-27.803267	-27.803267	-30.26413	-49.424767	1.8250542	-28.67229	-59.349407	-49.424473	0.0	1000983	418.5850250720978
5	-32.597916	-32.597916	-27.092041	-49.328037	2.149043	-25.971949	-57.384453	-49.328175	0.0	1201981	501.48563504219055
6	-26.80262	-26.80262	-21.903877	-49.379562	2.090916	-25.089577	-56.489765	-49.37949	0.0	1402983	581.6683218479156
7	-29.008657	-29.008657	-33.583134	-49.38303	1.9633789	-27.772768	-58.62282	-49.382877	0.0	1603984	662.0724394321442
8	-29.199987	-29.199987	-15.7125	-49.575974	1.4842644	-35.324608	-55.39672	-49.575867	0.0	1804981	746.0522410869598
9	-26.616245	-26.616245	-15.282772	-49.660732	1.2666333	-38.048286	-57.468555	-49.66058	0.0	2005981	825.6730587482452
10	-23.152376	-23.152376	-11.3415785	-49.685726	1.1976682	-39.104904	-55.814724	-49.6858	0.0	2206981	908.8237686157227
11	-26.30432	-26.30432	-12.736312	-49.675755	1.207682	-38.828053	-54.907955	-49.67572	0.0	2407981	990.1260116100311
12	-29.016556	-29.016556	-15.1342325	-49.66896	1.229728	-38.604897	-57.26596	-49.669037	0.0	2608985	1072.9933822154999
13	-26.028147	-26.028147	-22.85136	-49.679558	1.2194158	-37.90493	-54.427525	-49.679543	0.0	2809981	1156.160758972168
14	-27.067093	-27.067093	-18.201593	-49.682365	1.2170669	-38.215897	-54.1002	-49.682266	0.0	3010981	1238.2951164245605
15	-29.97814	-29.97814	-14.388751	-49.686375	1.2073857	-38.271385	-59.300293	-49.686394	0.0	3211983	1319.212518453598
16	-34.453136	-34.453136	-13.021343	-49.67443	1.2308228	-37.295074	-57.914165	-49.674286	0.0	3412983	1400.031706571579
17	-27.59091	-27.59091	-18.142881	-49.673523	1.2721714	-29.843136	-54.91639	-49.673485	0.0	3613984	1481.082174539566
18	-29.244696	-29.244696	-20.74217	-49.646996	1.3534406	-27.099937	-58.959785	-49.646954	0.0	3814981	1563.6156764030457
19	-27.577	-27.577	-13.042197	-49.61503	1.4359066	-23.812277	-56.15055	-49.614975	0.0	4015987	1645.1355564594269
20	-24.831532	-24.831532	-33.848118	-49.576077	1.5513178	-20.600231	-55.198696	-49.576256	0.0	4216984	1725.5046956539154
21	-25.018713	-25.018713	-14.771809	-49.53651	1.6451529	-16.839907	-55.3442	-49.536797	0.0	4417982	1805.9285752773285
22	-27.543213	-27.543213	-24.84527	-49.486156	1.7945437	-11.813276	-55.04475	-49.486256	0.0	4618981	1887.8881697654724
23	-24.090883	-24.090883	-11.1103735	-49.49438	1.7385484	-14.676519	-54.843254	-49.494553	0.0	4819982	1972.623946428299
24	-23.22447	-23.22447	-22.571922	-49.539825	1.5810031	-20.571392	-59.47008	-49.539726	0.0	5020983	2053.0423872470856
25	-26.28792	-26.28792	-22.970003	-49.569527	1.4932458	-25.076254	-56.093365	-49.56945	0.0	5221987	2132.8935718536377
26	-28.009417	-28.009417	-10.019149	-49.568832	1.4687334	-30.018892	-56.566643	-49.568836	0.0	5422987	2213.259433031082
27	-23.149208	-23.149208	-27.597328	-49.53424	1.6254565	-1.8113599	-57.04321	-49.534096	0.0	5623984	2294.1315488815308
28	-23.932106	-23.932106	-16.824478	-49.497288	1.8081502	0.1776981	-56.647465	-49.497494	0.0	5824982	2377.0642981529236
29	-28.008135	-28.008135	-26.984594	-49.476166	1.9526819	0.6261704	-59.23694	-49.475952	0.0	6025981	2460.11541724205
30	-29.48275	-29.48275	-14.555268	-49.466415	1.997332	1.5467275	-54.861774	-49.46635	0.0	6226988	2540.099294424057
31	-30.85664	-30.85664	-21.48827	-49.47706	1.94492	1.2656212	-55.190212	-49.47712	0.0	6427986	2621.283082962036
32	-24.986355	-24.986355	-14.065674	-49.48586	1.9526529	1.2031528	-56.0459	-49.485638	0.0	6628985	2703.7517504692078
33	-30.402246	-30.402246	-14.951651	-49.498688	1.8772163	2.3119252	-54.0044	-49.49835	0.0	6829983	2787.4362285137177
34	-26.574387	-26.574387	-28.34322	-49.48602	1.9264001	2.1954916	-53.85238	-49.485737	0.0	7030983	2870.7207293510437
35	-28.880178	-28.880178	-26.051819	-49.49658	1.8893924	2.2152843	-55.93354	-49.496353	0.0	7231986	2950.9383614063263
36	-22.539845	-22.539845	-10.586855	-49.490948	1.9220827	2.6980188	-55.088055	-49.490784	0.0	7432985	3034.1735281944275
37	-27.001093	-27.001093	-23.946638	-49.483566	1.8810807	2.0523915	-54.304897	-49.483547	0.0	7633986	3117.372755050659
38	-23.992538	-23.992538	-31.27018	-49.479557	1.8475292	4.45047	-53.29616	-49.47945	0.0	7834982	3203.1077404022217
39	-27.01023	-27.01023	-28.048773	-49.479164	1.8927379	2.9379632	-54.866753	-49.479416	0.0	8035984	3285.5105674266815
40	-26.697931	-26.697931	-20.856249	-49.46431	1.9027282	3.4276068	-57.28219	-49.464203	0.0	8236984	3367.0454721450806
41	-25.227869	-25.227869	-18.006834	-49.461796	1.8786774	2.1481538	-56.66829	-49.461704	0.0	8437986	3451.862993955612
42	-31.177279	-31.177279	-27.815691	-49.465416	1.8932525	2.386375	-54.249397	-49.465324	0.0	8638983	3533.197210073471
43	-24.929749	-24.929749	-22.687227	-49.465378	1.9009213	2.0926833	-58.283215	-49.465237	0.0	8839984	3616.6483335494995
44	-24.166428	-24.166428	-15.802533	-49.461224	1.8915721	3.5989861	-54.54177	-49.461002	0.0	9040982	3698.765902519226
45	-22.910456	-22.910456	-12.304288	-49.457188	1.9060025	4.438786	-54.724476	-49.456966	0.0	9241983	3781.800844669342
46	-31.846498	-31.846498	-13.5051155	-49.44149	1.9614685	3.005361	-55.97901	-49.441364	0.0	9442981	3863.8681490421295
47	-22.31047	-22.31047	-18.431408	-49.428192	1.9619291	3.9254506	-57.307415	-49.427963	0.0	9643983	3947.5694994926453
48	-22.007776	-22.007776	-19.473265	-49.416626	1.9908491	2.9309075	-54.696472	-49.416126	0.0	9844984	4027.8387489318848
49	-28.251793	-28.251793	-14.010334	-49.44137	1.9113777	3.8850646	-54.994644	-49.441547	0.0	10045983	4110.006455659866
50	-29.577993	-29.577993	-19.634506	-49.4654	1.8422027	2.5021982	-54.113388	-49.465515	0.0	10246982	4192.1564774513245
51	-27.20071	-27.20071	-14.43591	-49.45897	1.8549055	3.3068643	-56.212475	-49.458572	0.0	10447982	4272.441143989563
52	-26.31564	-26.31564	-15.492147	-49.4568	1.867734	3.9300249	-54.259174	-49.456562	0.0	10648988	4350.758798360825
53	-31.284922	-31.284922	-18.253977	-49.44583	1.874804	3.4619179	-55.247646	-49.445824	0.0	10849981	4432.227266788483
54	-26.270342	-26.270342	-19.979244	-49.433426	1.8902344	3.5437803	-57.339684	-49.433056	0.0	11050981	4512.729771375656
55	-29.511215	-29.511215	-11.193405	-49.416454	1.9543347	5.183069	-56.679733	-49.416107	0.0	11251985	4594.480014562607
56	-28.032585	-28.032585	-36.512806	-49.409985	1.9646913	4.515323	-55.811596	-49.409935	0.0	11452983	4675.865765810013
57	-22.126211	-22.126211	-18.552858	-49.388973	2.1008298	5.746319	-59.65894	-49.388767	0.0	11653982	4757.783033847809
58	-20.774744	-20.774744	-9.278832	-49.37875	2.1871583	7.4181066	-57.307095	-49.378716	0.0	11854981	4839.599733114243
59	-24.74238	-24.74238	-13.968385	-49.375374	2.2710094	11.150218	-59.69779	-49.374935	0.1	12055984	4923.1849200725555
60	-21.041265	-21.041265	-20.456362	-49.355198	2.3974116	12.836552	-55.247456	-49.355404	0.0	12256984	5005.818263292313
61	-17.883478	-17.883478	-9.785775	-49.32488	2.5699177	13.157535	-55.489243	-49.324715	0.2	12457982	5088.602530479431
62	-23.405603	-23.405603	-11.161559	-49.331757	2.6230974	9.939495	-57.21044	-49.33142	0.0	12658982	5170.8697962760925
63	-20.900518	-20.900518	-18.229383	-49.33383	2.6413174	15.902276	-54.679768	-49.333595	0.0	12859984	5252.658621311188
64	-23.532732	-23.532732	-21.41868	-49.330032	2.6440067	8.66101	-57.428463	-49.33006	0.1	13060981	5333.373283863068
65	-25.160957	-25.160957	-13.235504	-49.317524	2.723285	13.067217	-64.28311	-49.317307	0.0	13261983	5414.961582899094
66	-21.649605	-21.649605	-9.6727915	-49.302082	2.7454154	15.945936	-59.830627	-49.302433	0.0	13462982	5495.743752002716
67	-23.558844	-23.558844	-13.716933	-49.30355	2.7337673	14.198074	-60.133106	-49.303726	0.1	13663982	5576.960019350052
68	-23.092766	-23.092766	-21.300592	-49.27942	2.8331988	13.777458	-57.832867	-49.279163	0.0	13864986	5658.244337797165
69	-19.140915	-19.140915	-11.792602	-49.276653	2.8222315	13.895444	-57.19698	-49.276512	0.0	14065984	5737.41313290596
70	-26.215364	-26.215364	-20.426598	-49.282005	2.856837	40.7625	-55.47573	-49.2823	0.0	14266981	5818.29749917984
71	-15.081684	-15.081684	-23.349445	-49.26612	2.9596522	18.749035	-54.890663	-49.26573	0.0	14467981	5897.5472366809845
72	-20.866875	-20.866875	-21.537127	-49.222958	3.0957096	21.247026	-54.9504	-49.223213	0.0	14668981	5979.920113563538
73	-23.27641	-23.27641	-14.843805	-49.206837	3.1675045	16.432745	-54.67347	-49.207195	0.1	14869981	6064.036560058594
74	-21.510996	-21.510996	-16.416338	-49.199173	3.2058883	20.461971	-55.156437	-49.19943	0.1	15070982	6145.305256605148
75	-21.5485	-21.5485	-21.9565	-49.2002	3.1771538	24.831503	-57.95498	-49.200428	0.0	15271985	6225.5220952034
76	-27.622505	-27.622505	-17.209455	-49.25718	3.038065	17.518372	-55.536118	-49.256565	0.0	15472983	6307.553251743317
77	-24.901033	-24.901033	-7.199315	-49.25726	3.065212	26.691315	-55.68268	-49.257072	0.1	15673981	6390.506043434143
78	-22.059788	-22.059788	-30.696783	-49.249676	3.0966852	18.635143	-55.65834	-49.249523	0.0	15874983	6469.555950880051
79	-27.57345	-27.57345	-16.814802	-49.256065	3.0490384	16.254467	-55.124863	-49.256115	0.0	16075984	6552.060416221619
80	-23.571793	-23.571793	-11.03058	-49.254406	3.09246	19.13282	-55.37924	-49.254135	0.0	16276981	6634.427257299423
81	-32.04681	-32.04681	-18.96049	-49.2643	3.046288	16.38481	-55.66123	-49.26384	0.0	16477984	6715.229399681091
82	-23.065811	-23.065811	-13.649561	-49.250515	3.0714996	25.42868	-56.046955	-49.249897	0.0	16678981	6797.712699174881
83	-28.09394	-28.09394	-9.974185	-49.25809	3.1121364	20.098177	-57.687622	-49.258152	0.0	16879982	6880.346330881119
84	-30.398659	-30.398659	-14.111478	-49.270687	3.052773	22.480692	-58.061985	-49.27051	0.1	17080986	6962.799323797226
85	-27.971046	-27.971046	-18.072313	-49.27067	3.0583634	18.564634	-56.5895	-49.27067	0.0	17281982	7043.966060400009
86	-24.944159	-24.944159	-20.864058	-49.261932	3.1135514	19.33105	-55.764187	-49.26153	0.0	17482982	7127.433543920517
87	-24.492468	-24.492468	-20.580534	-49.270435	3.015492	22.744009	-57.387318	-49.270473	0.0	17683982	7210.135545492172
88	-28.606358	-28.606358	-22.417418	-49.274742	3.0637536	16.943989	-55.761955	-49.27445	0.0	17884985	7289.072049379349
89	-23.794518	-23.794518	-12.958868	-49.30388	3.0586805	18.062553	-55.016384	-49.303917	0.0	18085984	7371.403930425644
90	-24.913296	-24.913296	-16.50049	-49.30094	3.0090778	23.285248	-57.67101	-49.300602	0.0	18286984	7456.939521074295
91	-26.423515	-26.423515	-19.60658	-49.284397	3.0137582	30.984457	-56.9854	-49.284004	0.1	18487982	7537.007177591324
92	-28.003008	-28.003008	-35.97492	-49.27366	3.0690145	21.083532	-55.54381	-49.273403	0.0	18688984	7618.225072145462
93	-22.961252	-22.961252	-37.958584	-49.270653	3.0260758	27.394009	-58.296043	-49.270565	0.0	18889983	7702.961329936981
94	-26.041992	-26.041992	-13.27145	-49.273254	3.0450304	31.039532	-57.0781	-49.273018	0.1	19090981	7783.777348995209
95	-22.78943	-22.78943	-11.832691	-49.262016	3.1364076	17.353472	-55.152817	-49.261738	0.1	19291983	7868.096044540405
96	-32.599926	-32.599926	-26.651512	-49.263126	3.114649	20.892056	-55.686943	-49.263206	0.0	19492984	7952.0132188797
97	-26.677334	-26.677334	-21.06323	-49.26056	3.1009004	22.056894	-58.38713	-49.260376	0.0	19693984	8034.697917461395
98	-26.4152	-26.4152	-26.024864	-49.2409	3.157343	31.35095	-56.61848	-49.240913	0.0	19894983	8118.964055299759
99	-29.522839	-29.522839	-20.292803	-49.244312	3.1613195	24.955921	-55.75438	-49.244072	0.0	20095983	8201.899942398071
100	-21.534822	-21.534822	-30.098265	-49.24196	3.1348383	19.149778	-55.26762	-49.241913	0.0	20296987	8285.617276906967
101	-21.419914	-21.419914	-19.370468	-49.236694	3.133919	17.63594	-56.127937	-49.23672	0.0	20497981	8366.370698928833
102	-27.127325	-27.127325	-21.902468	-49.218285	3.1600244	25.01245	-54.56922	-49.218273	0.0	20698982	8449.837950706482
103	-21.661375	-21.661375	-26.876184	-49.21103	3.173446	24.519835	-56.30885	-49.211006	0.2	20899982	8533.13891530037
104	-35.73305	-35.73305	-19.751526	-49.1892	3.2596085	28.081463	-56.219505	-49.18875	0.0	21100981	8612.640506029129
105	-23.085888	-23.085888	-22.19081	-49.192547	3.2514162	22.045584	-56.52065	-49.192554	0.1	21301981	8695.688554763794
106	-27.038092	-27.038092	-3.8872068	-49.199036	3.217569	22.596783	-55.875458	-49.198788	0.0	21502983	8777.073915243149
107	-24.399015	-24.399015	-10.462307	-49.19852	3.287176	19.953676	-56.301743	-49.19856	0.0	21703984	8861.592060089111
108	-23.233315	-23.233315	-18.67649	-49.213997	3.2421885	18.80289	-57.883774	-49.213966	0.0	21904982	8942.362046480179
109	-14.624186	-14.624186	-18.939034	-49.21519	3.2474186	16.321909	-59.717136	-49.21504	0.0	22105983	9024.929744958878
110	-23.85526	-23.85526	-14.954144	-49.214172	3.261774	15.388412	-57.307255	-49.214073	0.0	22306981	9105.979049921036
111	-23.081411	-23.081411	-16.218824	-49.205753	3.3526373	26.835264	-59.222725	-49.205765	0.1	22507983	9186.06570482254
112	-23.812075	-23.812075	-31.279783	-49.204693	3.3294902	28.227427	-56.518578	-49.204853	0.0	22708983	9268.833995819092
113	-24.455542	-24.455542	-33.51557	-49.200253	3.3284354	22.506628	-57.29714	-49.20031	0.0	22909983	9353.4051861763
114	-18.823463	-18.823463	-11.239382	-49.195595	3.3512645	18.715588	-57.258453	-49.195454	0.0	23110983	9436.686348676682
115	-23.790884	-23.790884	-13.886216	-49.17392	3.3939178	16.397793	-57.472134	-49.173843	0.0	23311981	9519.68722319603
116	-19.500277	-19.500277	-38.377655	-49.172066	3.4382021	20.367468	-60.121536	-49.171757	0.1	23512983	9598.08866596222
117	-19.119984	-19.119984	-17.12074	-49.162045	3.450388	26.62516	-58.63534	-49.162243	0.0	23713985	9679.372775316238
118	-28.660313	-28.660313	-34.05246	-49.16842	3.4211197	21.239552	-57.273594	-49.16835	0.0	23914982	9759.74360370636
119	-28.778997	-28.778997	-56.47316	-49.15751	3.4995337	21.624943	-59.72021	-49.15755	0.1	24115982	9841.293876171112
120	-27.495155	-27.495155	-20.596165	-49.149563	3.5115407	23.424479	-58.145813	-49.149384	0.0	24316982	9922.39086818695
121	-32.153248	-32.153248	-23.028746	-49.154118	3.460288	18.9467	-57.865166	-49.153942	0.1	24517982	10004.479979515076
122	-32.485	-32.485	-35.51276	-49.146927	3.5014827	13.161478	-56.46182	-49.146976	0.0	24718990	10085.143630981445
123	-21.776495	-21.776495	-25.92741	-49.151745	3.4790745	19.17224	-61.126778	-49.151707	0.0	24919985	10169.57782125473
124	-21.062563	-21.062563	-27.592237	-49.132942	3.5522916	14.0918455	-56.44584	-49.133022	0.0	25120981	10250.347960710526
125	-25.481773	-25.481773	-30.625439	-49.126556	3.5477571	24.702852	-55.611412	-49.126453	0.0	25321986	10331.89745092392
126	-31.00962	-31.00962	-21.113037	-49.12756	3.5408418	20.619555	-54.878723	-49.12719	0.0	25522987	10415.198771715164
127	-35.90752	-35.90752	-26.749453	-49.13113	3.538634	21.981277	-59.315918	-49.130924	0.1	25723985	10499.065982341766
128	-14.52257	-14.52257	-25.621624	-49.1494	3.4536242	35.947727	-59.400826	-49.149326	0.0	25924983	10582.220653772354
129	-25.722586	-25.722586	-55.97699	-49.126087	3.5469258	41.66413	-58.876503	-49.12604	0.0	26125982	10663.839218378067
130	-18.982769	-18.982769	-34.25216	-49.114197	3.6116242	22.76224	-59.077854	-49.114017	0.0	26326989	10745.520795583725
131	-25.957815	-25.957815	-4.746055	-49.108826	3.6206906	18.232738	-57.07355	-49.108494	0.1	26527981	10826.821058034897
132	-28.395056	-28.395056	-22.104086	-49.13644	3.5501382	30.729214	-59.155056	-49.13644	0.0	26728988	10907.692663908005
133	-27.06835	-27.06835	-23.020296	-49.126606	3.5941	24.214226	-55.954365	-49.126247	0.0	26929985	10990.091099023819
134	-32.45595	-32.45595	-25.993128	-49.12496	3.6028616	28.65316	-57.999054	-49.125	0.0	27130987	11072.292878866196
135	-36.636715	-36.636715	-29.519892	-49.133	3.59673	29.698343	-56.497818	-49.132687	0.3	27331989	11152.591322898865
136	-34.22023	-34.22023	-13.499255	-49.14954	3.5203066	17.983177	-58.14574	-49.149235	0.1	27532982	11236.892593383789
137	-27.44167	-27.44167	-36.06293	-49.141308	3.5378358	23.086012	-57.269943	-49.14142	0.0	27733981	11319.627851009369
138	-23.880796	-23.880796	-28.096333	-49.133858	3.5607722	26.244982	-57.143955	-49.13358	0.0	27934985	11403.033958673477
139	-27.875114	-27.875114	-31.502308	-49.123318	3.5790124	29.940886	-56.30753	-49.123196	0.0	28135984	11485.635838270187
140	-17.7074	-17.7074	-41.66279	-49.120632	3.552053	27.009302	-59.34176	-49.12048	0.1	28336987	11567.748627662659
141	-28.013039	-28.013039	-17.39316	-49.102142	3.6278505	16.452473	-57.028603	-49.101906	0.0	28537981	11648.46673321724
142	-23.759686	-23.759686	-46.03395	-49.109325	3.6217515	17.013449	-57.82071	-49.109	0.1	28738984	11730.804994106293
143	-24.084257	-24.084257	-16.586271	-49.098755	3.6442246	20.106691	-57.395893	-49.098595	0.0	28939982	11816.270107507706
144	-32.39439	-32.39439	-24.269403	-49.08479	3.6814191	19.294102	-56.23447	-49.084835	0.0	29140982	11901.10676908493
145	-31.103716	-31.103716	-12.098968	-49.092274	3.6441762	33.13289	-57.67501	-49.091953	0.1	29341983	11984.870992422104
146	-30.829767	-30.829767	-21.387474	-49.08364	3.6800804	23.084568	-57.567455	-49.083706	0.0	29542987	12067.98913860321
147	-27.961475	-27.961475	-19.784252	-49.090595	3.6404643	14.965701	-56.19415	-49.09044	0.2	29743982	12153.274620294571
148	-28.805326	-28.805326	-23.188776	-49.079884	3.6665988	20.664362	-56.571636	-49.0798	0.0	29944985	12233.594760894775
149	-21.270714	-21.270714	-20.860943	-49.0923	3.613939	20.031567	-61.086258	-49.092403	0.0	30145982	12314.31408905983
150	-29.63056	-29.63056	-34.446476	-49.071022	3.6720254	27.434584	-56.208874	-49.07094	0.1	30346983	12393.378376483917
151	-33.92693	-33.92693	-31.286837	-49.074097	3.688384	16.267012	-59.70397	-49.07395	0.1	30547981	12475.377275943756
152	-24.655573	-24.655573	-40.317295	-49.068386	3.6964111	24.715988	-55.958355	-49.06839	0.0	30748982	12555.948518276215
153	-23.950642	-23.950642	-23.092295	-49.06881	3.718172	23.719112	-57.22419	-49.0687	0.0	30949984	12637.63236784935
154	-20.504711	-20.504711	-26.256811	-49.072357	3.6978273	21.594692	-57.776302	-49.07235	0.1	31150983	12718.969955205917
155	-25.119186	-25.119186	-10.143443	-49.0443	3.8058858	20.81329	-56.770813	-49.04426	0.0	31351986	12802.269867658615
156	-26.572117	-26.572117	-39.19406	-49.03774	3.7919474	22.489496	-58.783627	-49.03772	0.0	31552984	12883.939569950104
157	-20.434843	-20.434843	-11.065248	-49.054245	3.7731717	22.797115	-56.65611	-49.05384	0.2	31753981	12964.585869312286
158	-24.632124	-24.632124	-6.603792	-49.057262	3.7400498	23.457884	-58.19901	-49.057106	0.1	31954987	13045.78725528717
159	-19.18009	-19.18009	-20.8544	-49.054153	3.6834588	23.003094	-57.19561	-49.054173	0.0	32155983	13125.270522117615
160	-18.697105	-18.697105	-13.867641	-49.023727	3.7761414	22.897139	-55.61614	-49.02355	0.1	32356983	13209.72285079956
161	-22.519995	-22.519995	-29.175165	-49.004356	3.8533056	20.169724	-58.920055	-49.004105	0.1	32557982	13292.073410511017
162	-22.895344	-22.895344	-14.89928	-48.985878	3.8916085	20.654886	-57.16956	-48.985764	0.0	32758984	13375.827473163605
163	-19.549883	-19.549883	-48.109276	-48.99467	3.8730938	20.664234	-56.55971	-48.99451	0.1	32959982	13457.560702085495
164	-32.58579	-32.58579	-10.751517	-48.97988	3.8969686	18.034956	-56.708843	-48.979717	0.0	33160983	13538.610547065735
165	-27.93377	-27.93377	-14.867924	-48.9756	3.9482179	20.999195	-58.630344	-48.975258	0.1	33361988	13618.461612224579
166	-27.548096	-27.548096	-43.197052	-48.989902	3.9239066	24.51402	-56.67399	-48.989788	0.0	33562981	13700.26313328743
167	-30.613056	-30.613056	-9.1767	-48.982937	3.9073994	19.157	-56.851463	-48.983032	0.2	33763983	13782.031825304031
168	-29.098064	-29.098064	-23.868025	-48.988174	3.9203844	29.112106	-58.042736	-48.987846	0.0	33964982	13866.315377473831
169	-19.862253	-19.862253	-28.970428	-48.98087	3.9428527	31.955502	-56.932392	-48.980686	0.0	34165981	13950.650931596756
170	-34.08873	-34.08873	-37.36631	-48.97226	3.9540687	24.30133	-63.303032	-48.972397	0.0	34366990	14034.001140356064
171	-23.830278	-23.830278	-22.274693	-48.96179	4.0150204	25.92967	-59.295464	-48.961445	0.0	34567982	14115.606959581375
172	-22.665926	-22.665926	-5.097428	-48.9764	3.9617867	16.588814	-58.201084	-48.97618	0.2	34768984	14199.287979125977
173	-29.748684	-29.748684	-7.422	-48.980946	3.9407146	26.975775	-58.882656	-48.98098	0.2	34969987	14283.287678956985
174	-22.561943	-22.561943	-11.179867	-48.963634	3.9978962	17.725914	-58.390396	-48.963356	0.0	35170981	14363.806701898575
175	-30.283062	-30.283062	-9.333737	-48.97106	4.015793	16.550821	-58.933174	-48.970993	0.1	35371985	14446.94391989708
176	-23.629375	-23.629375	-38.566933	-48.956516	4.0493116	24.31247	-57.743374	-48.956364	0.1	35572984	14526.54365158081
177	-18.250168	-18.250168	-17.954296	-48.978172	3.9685946	23.682917	-59.19049	-48.978123	0.1	35773983	14609.260107755661
178	-15.439761	-15.439761	-41.126156	-48.95395	4.05548	20.937647	-58.35427	-48.953827	0.0	35974984	14693.047345876694
179	-24.67461	-24.67461	-43.395554	-48.963634	3.9715126	22.180723	-61.973537	-48.96339	0.2	36175983	14774.513496160507
180	-24.144167	-24.144167	-8.9894495	-48.95598	4.030752	21.407793	-58.162132	-48.955933	0.0	36376987	14854.096959590912
181	-32.04989	-32.04989	-12.670075	-48.959976	4.0419354	20.54935	-60.045425	-48.959904	0.0	36577983	14935.1333360672
182	-35.45325	-35.45325	-40.779556	-48.970825	4.042332	17.03594	-61.032124	-48.970394	0.1	36778982	15016.383006095886
183	-22.11437	-22.11437	-2.3445714	-48.96078	4.0589046	21.362556	-59.92791	-48.960804	0.1	36979984	15099.353032588959
184	-29.303066	-29.303066	-16.508446	-48.97008	4.009284	16.085657	-57.650024	-48.969887	0.1	37180991	15181.740383148193
185	-33.248745	-33.248745	-10.73846	-48.965622	4.034036	16.672836	-59.648006	-48.965225	0.0	37381986	15264.770701885223
186	-21.29336	-21.29336	-23.03868	-48.960045	4.0580463	20.20221	-60.2535	-48.95996	0.0	37582991	15344.304950237274
187	-27.329216	-27.329216	-17.56978	-48.948456	4.113586	20.965479	-59.21941	-48.947903	0.2	37783983	15425.027112007141
188	-16.493893	-16.493893	-20.460537	-48.95673	4.0598674	14.869641	-56.745674	-48.956455	0.2	37984988	15505.962280511856
189	-21.60105	-21.60105	-17.463728	-48.935673	4.1057944	24.260252	-58.530262	-48.9355	0.0	38185986	15588.592225313187
190	-23.57905	-23.57905	-12.584456	-48.934364	4.123212	25.093796	-59.478146	-48.934258	0.0	38386986	15672.7751557827
191	-26.861635	-26.861635	-14.306417	-48.94564	4.0645504	24.194832	-58.53606	-48.945324	0.0	38587985	15752.010442972183
192	-17.170996	-17.170996	-2.4533916	-48.933346	4.1127715	18.276754	-58.74781	-48.933357	0.3	38788982	15831.647818565369
193	-17.820444	-17.820444	-50.138393	-48.93752	4.0816946	20.414988	-58.680042	-48.937332	0.1	38989982	15912.784101009369
194	-29.063326	-29.063326	-7.45977	-48.897015	4.1646686	18.916986	-57.86894	-48.896835	0.0	39190982	15993.214280128479
195	-29.139816	-29.139816	-1.3311635	-48.909283	4.117076	25.51472	-58.61989	-48.90913	0.2	39391981	16079.047849178314
196	-17.286575	-17.286575	-16.128296	-48.902508	4.1548166	20.211662	-60.671417	-48.90218	0.1	39592981	16163.983501195908
197	-24.753881	-24.753881	-24.07185	-48.890022	4.200928	18.473572	-57.95174	-48.889877	0.0	39793984	16247.61778330803
198	-25.269756	-25.269756	-21.98154	-48.869884	4.2502356	27.329203	-59.117153	-48.86982	0.0	39994981	16332.119528055191
199	-22.709478	-22.709478	-3.1711051	-48.870502	4.2341638	18.44389	-60.64216	-48.870296	0.1	40195984	16416.33635210991
200	-21.067286	-21.067286	-13.934495	-48.86422	4.2343726	19.699986	-62.719162	-48.863884	0.0	40396981	16497.78969168663
201	-36.529537	-36.529537	-23.424555	-48.84724	4.2954717	20.348047	-60.067127	-48.847286	0.1	40597982	16579.80777668953
202	-21.343811	-21.343811	-12.356385	-48.8509	4.3066573	18.32011	-64.61351	-48.850735	0.0	40798982	16663.22866988182
203	-20.527922	-20.527922	-25.666933	-48.85026	4.2538824	28.614141	-59.571754	-48.8502	0.2	40999987	16745.292906999588
204	-23.803423	-23.803423	-5.4406853	-48.82522	4.33089	25.67059	-59.9209	-48.825108	0.0	41200981	16828.542660474777
205	-26.344534	-26.344534	-5.273954	-48.813995	4.350946	16.394892	-59.896076	-48.81383	0.2	41401984	16912.82893228531
206	-19.770197	-19.770197	-37.43093	-48.80967	4.370664	15.451231	-59.78425	-48.809704	0.1	41602983	16995.17981648445
207	-22.99094	-22.99094	-41.088135	-48.815018	4.370747	23.79987	-61.616016	-48.814625	0.0	41803981	17076.266647577286
208	-23.41172	-23.41172	-16.457705	-48.79373	4.4090548	27.512848	-59.15686	-48.79356	0.3	42004982	17158.39767932892
209	-22.141808	-22.141808	-20.602001	-48.776188	4.476642	23.72702	-60.35431	-48.77608	0.1	42205981	17242.217017889023
210	-10.824116	-10.824116	-23.75713	-48.77728	4.490311	20.620058	-61.405922	-48.777195	0.0	42406985	17323.935963630676
211	-28.463316	-28.463316	-12.511663	-48.784664	4.4432683	27.375359	-59.05129	-48.784466	0.1	42607986	17402.187793016434
212	-26.378145	-26.378145	-3.2440033	-48.75507	4.5222797	21.69975	-59.356438	-48.75497	0.1	42808981	17482.01956653595
213	-31.209404	-31.209404	-14.494802	-48.744896	4.543664	20.09531	-58.30997	-48.744827	0.1	43009981	17562.740411758423
214	-25.454767	-25.454767	-16.692392	-48.722385	4.6235037	19.19399	-60.73804	-48.722153	0.1	43210986	17646.93888950348
215	-22.575317	-22.575317	-26.66891	-48.735573	4.597914	17.854523	-60.62183	-48.735504	0.0	43411982	17729.86002111435
216	-23.08148	-23.08148	-14.487701	-48.714783	4.6429844	18.239761	-59.337505	-48.714916	0.0	43612981	17811.059400081635
217	-21.23083	-21.23083	-5.4598436	-48.72647	4.6023903	21.852291	-59.252323	-48.72626	0.2	43813987	17894.575693130493
218	-28.09696	-28.09696	-5.6766887	-48.718655	4.6460695	20.802458	-60.10063	-48.718117	0.2	44014990	17976.60975766182
219	-28.618607	-28.618607	-16.254765	-48.73866	4.5748377	24.827637	-59.104992	-48.738728	0.2	44215982	18058.827840566635
220	-24.505745	-24.505745	-10.773736	-48.742657	4.5700016	24.653063	-62.42555	-48.741745	0.1	44416989	18139.71192550659
221	-18.98404	-18.98404	6.753441	-48.746544	4.5865107	19.794922	-57.558056	-48.746334	0.2	44617984	18221.54666852951
222	-21.511503	-21.511503	-6.8403916	-48.740635	4.607391	19.59793	-61.96216	-48.740654	0.0	44818981	18303.114322185516
223	-25.099947	-25.099947	-26.800255	-48.744198	4.565879	19.924301	-60.525105	-48.74394	0.2	45019981	18382.55013370514
224	-18.64533	-18.64533	-1.1266329	-48.726856	4.6519027	19.377811	-60.64933	-48.726578	0.3	45220984	18463.816853046417
225	-28.026602	-28.026602	-35.211395	-48.717842	4.708712	28.109894	-59.328053	-48.71774	0.1	45421982	18545.67356777191
226	-22.863071	-22.863071	-25.98418	-48.72194	4.681808	23.650799	-60.158787	-48.721687	0.1	45622991	18627.90408730507
227	-21.425186	-21.425186	-14.259762	-48.708447	4.7227945	21.350348	-57.87647	-48.707745	0.2	45823982	18706.803306102753
228	-13.686732	-13.686732	-28.587744	-48.71307	4.6790104	23.33824	-58.029243	-48.712917	0.0	46024981	18787.787971735
229	-26.338951	-26.338951	-8.116386	-48.691578	4.736424	22.72329	-59.183296	-48.691265	0.1	46225983	18870.622368574142
230	-19.702492	-19.702492	4.1590614	-48.698837	4.717134	25.975382	-59.045822	-48.69847	0.0	46426985	18950.658406496048
231	-21.403242	-21.403242	-22.607763	-48.68961	4.7158346	20.293036	-59.385593	-48.689293	0.0	46627984	19032.341559410095
232	-30.401367	-30.401367	-29.047218	-48.70009	4.7042828	20.900118	-60.048027	-48.699764	0.2	46828985	19114.280055761337
233	-16.932472	-16.932472	-5.2757444	-48.68661	4.733459	29.437551	-60.99983	-48.686543	0.1	47029987	19196.24434685707
234	-14.212952	-14.212952	-24.694532	-48.68226	4.7512913	20.056398	-58.97369	-48.681908	0.2	47230982	19276.866719961166
235	-29.21855	-29.21855	-0.7389986	-48.69204	4.7418275	19.498945	-59.042587	-48.69171	0.0	47431988	19358.97943878174
236	-26.385914	-26.385914	-14.394678	-48.68063	4.7491384	38.50199	-59.238464	-48.680504	0.3	47632991	19440.26387000084
237	-26.681093	-26.681093	2.0046031	-48.691555	4.754188	22.243784	-60.254932	-48.691154	0.1	47833984	19521.931631088257
238	-24.38929	-24.38929	-15.256925	-48.69228	4.7414436	24.085302	-61.506603	-48.692226	0.3	48034981	19604.299138069153
239	-21.807283	-21.807283	-1.4259408	-48.711212	4.6872625	21.751495	-59.650555	-48.710533	0.2	48235987	19688.187294721603
240	-23.894194	-23.894194	-20.938099	-48.693993	4.7449136	26.345953	-60.180122	-48.693745	0.3	48436981	19774.520334482193
241	-18.939753	-18.939753	-13.029547	-48.69855	4.709924	27.811443	-60.800396	-48.698463	0.0	48637982	19855.937840938568
242	-9.660247	-9.660247	1.0542011	-48.67094	4.7557178	32.376976	-59.49985	-48.670525	0.4	48838983	19937.770977973938
243	-23.789406	-23.789406	1.3870791	-48.664467	4.8201876	20.893406	-61.68845	-48.664562	0.2	49039985	20019.00600218773
244	-13.859833	-13.859833	-18.54313	-48.695312	4.6992655	25.457874	-60.951805	-48.694653	0.0	49240985	20099.74001264572
245	-18.87098	-18.87098	-3.129757	-48.67521	4.782898	29.582924	-61.57818	-48.67496	0.0	49441982	20182.624255895615
246	-16.70144	-16.70144	-9.328802	-48.67924	4.7523646	20.085474	-60.607525	-48.679153	0.3	49642983	20265.2085647583
247	-19.226646	-19.226646	-10.650252	-48.672775	4.761998	22.621128	-61.312386	-48.672348	0.3	49843984	20344.726989507675
248	-13.74189	-13.74189	-11.065375	-48.67694	4.762725	22.303896	-64.16209	-48.676846	0.1	50044983	20426.661059856415
249	-18.708752	-18.708752	-24.889101	-48.66618	4.766739	24.776121	-62.59689	-48.66593	0.0	50245982	20509.479052066803
250	-12.278002	-12.278002	-2.3367796	-48.662415	4.7494693	20.316093	-62.835705	-48.662304	0.1	50446983	20591.313847780228
251	-22.911287	-22.911287	-12.471085	-48.655167	4.803493	19.827097	-61.515213	-48.654762	0.0	50647985	20675.848520755768
252	-16.125658	-16.125658	-3.9743524	-48.637352	4.852512	28.999413	-60.37454	-48.63685	0.5	50848990	20758.464962244034
253	-13.586396	-13.586396	-7.4400096	-48.633617	4.8446603	26.935673	-62.20407	-48.633507	0.1	51049984	20838.983469963074
254	-24.362299	-24.362299	-4.078893	-48.624172	4.848724	31.444658	-61.589268	-48.623898	0.0	51250987	20924.452808380127
255	-23.94049	-23.94049	-21.062326	-48.61267	4.8643575	28.175798	-59.491497	-48.612663	0.0	51451981	21007.241198778152
256	-18.986677	-18.986677	-10.548186	-48.622177	4.8522453	25.123623	-62.658264	-48.621624	0.1	51652981	21089.342244148254
257	-17.48494	-17.48494	-7.478871	-48.615837	4.875765	40.266068	-65.2852	-48.615856	0.3	51853990	21173.010764837265
258	-30.034737	-30.034737	0.1758057	-48.607964	4.9148316	39.444153	-60.775646	-48.607254	0.1	52054984	21255.791326999664
259	-25.077875	-25.077875	-40.652805	-48.608494	4.9083405	19.463945	-58.916656	-48.60829	0.1	52255981	21339.878843784332
260	-23.561155	-23.561155	-9.407546	-48.588474	4.9550233	40.87587	-62.385433	-48.588333	0.2	52456984	21422.658398389816
261	-20.892424	-20.892424	-2.54346	-48.59661	4.9297957	26.316116	-63.244522	-48.596283	0.2	52657982	21504.199259757996
262	-28.916393	-28.916393	-27.5423	-48.60059	4.913264	21.048685	-60.61768	-48.600033	0.2	52858987	21585.54942202568
263	-18.866783	-18.866783	-6.741048	-48.61272	4.877889	39.998	-62.29934	-48.612804	0.1	53059982	21667.981657505035
264	-19.670013	-19.670013	-15.748841	-48.605896	4.8831162	31.842464	-60.562122	-48.605736	0.2	53260981	21746.430312156677
265	-24.712465	-24.712465	-3.4709198	-48.593273	4.928275	23.430408	-60.13598	-48.593033	0.1	53461983	21829.017076015472
266	-30.477676	-30.477676	-5.6211658	-48.590874	4.9544587	38.464565	-60.718113	-48.591003	0.2	53662986	21909.683038949966
267	-17.812168	-17.812168	-15.323185	-48.59668	4.958857	17.213234	-67.97653	-48.596123	0.3	53863982	21991.603771209717
268	-27.864046	-27.864046	-15.106293	-48.594654	4.994942	24.837654	-64.93988	-48.594616	0.1	54064984	22075.150096654892
269	-16.40429	-16.40429	-39.996098	-48.599163	4.937897	24.826164	-61.013718	-48.599148	0.1	54265982	22156.119364261627
270	-25.075483	-25.075483	-6.970918	-48.603313	4.9693666	22.067574	-62.82506	-48.603317	0.2	54466982	22237.036046266556
271	-13.1111	-13.1111	-13.085635	-48.61053	4.9199495	22.648705	-60.657425	-48.61023	0.1	54667981	22318.638065814972
272	-25.246572	-25.246572	-46.125057	-48.591114	4.972129	24.016327	-59.055832	-48.591183	0.1	54868981	22401.3432161808
273	-25.771614	-25.771614	-4.4225135	-48.581303	5.0215516	24.430378	-66.338554	-48.581272	0.2	55069982	22484.05677843094
274	-24.962568	-24.962568	-9.720428	-48.566944	5.059578	37.369274	-59.446556	-48.567112	0.2	55270986	22567.112934350967
275	-16.866085	-16.866085	-12.654786	-48.566704	5.028536	27.696247	-62.08391	-48.566715	0.1	55471981	22652.342628240585
276	-22.572598	-22.572598	-14.1469755	-48.550987	5.0381956	31.041296	-61.206104	-48.550766	0.3	55672983	22734.427327632904
277	-18.57557	-18.57557	-17.027758	-48.551464	5.052239	17.08845	-59.86091	-48.551685	0.1	55873981	22816.046762228012
278	-20.520657	-20.520657	-10.615772	-48.55922	5.020935	17.897184	-61.697193	-48.559254	0.3	56074982	22900.33135819435
279	-11.213551	-11.213551	-16.008795	-48.541897	5.0744586	49.58728	-61.083973	-48.541847	0.2	56275983	22982.25210738182
280	-23.886395	-23.886395	-11.204881	-48.540546	5.0586143	26.2923	-61.099167	-48.540718	0.2	56476983	23065.63157558441
281	-16.746557	-16.746557	-8.445006	-48.52359	5.1178093	24.157272	-60.708878	-48.523823	0.0	56677984	23148.000559329987
282	-19.684446	-19.684446	-14.166848	-48.4989	5.2054763	21.054026	-62.969925	-48.498848	0.2	56878981	23231.866211891174
283	-17.564945	-17.564945	-0.84729886	-48.513874	5.1489706	26.348719	-60.547104	-48.513958	0.3	57079983	23314.519816875458
284	-19.35255	-19.35255	0.79893535	-48.51257	5.161055	20.907364	-60.443455	-48.512714	0.1	57280982	23396.88627743721
285	-21.386744	-21.386744	-28.681055	-48.499626	5.2102118	22.0175	-63.861237	-48.499973	0.1	57481981	23477.805862426758
286	-20.290874	-20.290874	2.9449453	-48.482117	5.2266583	20.454294	-60.55787	-48.482475	0.3	57682982	23559.55594611168
287	-14.201188	-14.201188	7.4906816	-48.484238	5.206143	20.721138	-73.08248	-48.48402	0.3	57883983	23642.890457868576
288	-15.486687	-15.486687	-2.8340516	-48.465908	5.27036	20.285578	-62.76716	-48.466305	0.1	58084981	23725.67574453354
289	-14.021592	-14.021592	-4.884025	-48.47608	5.233068	20.70918	-60.091408	-48.476074	0.1	58285982	23805.9261405468
290	-17.6838	-17.6838	-5.1242156	-48.46923	5.2457314	23.651133	-60.38164	-48.469173	0.3	58486985	23885.110023736954
291	-22.605501	-22.605501	5.912161	-48.46237	5.2652683	24.327677	-61.557938	-48.462406	0.1	58687982	23966.311113357544
292	-14.399309	-14.399309	-3.9999123	-48.46645	5.2481775	25.412569	-61.61318	-48.466576	0.1	58888982	24046.51283621788
293	-24.722229	-24.722229	-0.5638397	-48.4508	5.243855	25.955746	-60.330208	-48.45069	0.2	59089982	24129.347679138184
294	-16.31943	-16.31943	-21.912306	-48.44722	5.2692833	25.003014	-66.01406	-48.447468	0.4	59290986	24212.681384801865
295	-26.9648	-26.9648	-1.4383793	-48.43311	5.3362923	28.470327	-64.763306	-48.433094	0.1	59491988	24293.48374271393
296	-16.984901	-16.984901	3.924636	-48.432335	5.309701	25.680508	-60.809772	-48.432636	0.2	59692982	24379.01772737503
297	-11.293313	-11.293313	-5.248481	-48.421627	5.331569	21.502586	-60.980618	-48.421646	0.4	59893984	24461.284076452255
298	-21.217241	-21.217241	-8.681663	-48.42465	5.320638	17.43932	-62.921627	-48.424515	0.2	60094982	24543.936232089996
299	-16.93647	-16.93647	-1.2136512	-48.431515	5.2788844	23.22153	-58.911606	-48.431644	0.3	60295983	24625.840342998505
300	-7.215203	-7.215203	-26.207983	-48.431168	5.291785	15.855873	-62.025375	-48.4313	0.1	60496983	24705.487909317017
301	-17.45256	-17.45256	-7.553215	-48.41593	5.321863	26.829458	-60.88528	-48.415737	0.2	60697982	24788.806906223297
302	-13.568232	-13.568232	-2.8874843	-48.402554	5.36652	26.339756	-60.607536	-48.40302	0.3	60898984	24871.608760118484
303	-32.346645	-32.346645	-12.769781	-48.403927	5.360846	21.767967	-62.930367	-48.403595	0.0	61099984	24951.047372817993
304	-22.897337	-22.897337	-4.9661274	-48.400192	5.3856907	28.173077	-63.41089	-48.400036	0.6	61300984	25030.65923476219
305	-7.641478	-7.641478	5.5924993	-48.395535	5.361945	24.567532	-62.10235	-48.3957	0.2	61501981	25114.061234235764
306	-16.66112	-16.66112	-4.4671826	-48.39772	5.3717465	21.92177	-64.1362	-48.397385	0.4	61702981	25198.39667582512
307	-19.18934	-19.18934	-3.3876014	-48.370956	5.437549	31.49908	-61.37735	-48.371037	0.3	61903984	25282.73394227028
308	-24.382889	-24.382889	-4.2644563	-48.364227	5.4534864	21.50952	-61.35031	-48.363865	0.0	62104982	25366.848923444748
309	-17.559732	-17.559732	-8.00595	-48.38594	5.405622	20.944164	-59.978703	-48.385803	0.3	62305988	25449.80299115181
310	-21.639599	-21.639599	-7.7688475	-48.370445	5.485649	28.990181	-62.534664	-48.370434	0.3	62506981	25531.634753227234
311	-14.680173	-14.680173	-15.349578	-48.372326	5.431509	25.006458	-67.523094	-48.37171	0.0	62707982	25609.841197490692
312	-30.31051	-30.31051	-4.084261	-48.362934	5.474687	24.566545	-63.4279	-48.363182	0.2	62908985	25693.585750818253
313	-18.482847	-18.482847	-11.964594	-48.375088	5.4531393	25.125376	-61.374825	-48.374958	0.2	63109991	25772.938651800156
314	-24.592112	-24.592112	-19.121695	-48.35939	5.5019555	26.72837	-60.922375	-48.359215	0.3	63310982	25854.694318532944
315	-28.478401	-28.478401	-8.634522	-48.373253	5.447723	29.617987	-63.12854	-48.373543	0.0	63511982	25935.89130783081
316	-27.683437	-27.683437	2.2686546	-48.385803	5.3906083	25.741678	-63.33528	-48.38539	0.1	63712987	26018.85814499855
317	-27.1226	-27.1226	0.936779	-48.365784	5.457211	26.669138	-65.622	-48.365322	0.2	63913985	26101.07711172104
318	-16.550653	-16.550653	3.7255614	-48.352486	5.5209517	37.672836	-63.038807	-48.352596	0.2	64114981	26185.26228427887
319	-14.585038	-14.585038	6.273175	-48.34597	5.5453424	21.27369	-62.014732	-48.345787	0.1	64315982	26267.211901664734
320	-16.177301	-16.177301	-5.963083	-48.369205	5.452611	23.692999	-62.555862	-48.36905	0.0	64516982	26347.53050851822
321	-11.330484	-11.330484	0.5934291	-48.35852	5.50232	28.060953	-62.009933	-48.357765	0.1	64717982	26430.816715955734
322	-24.653572	-24.653572	-5.0845084	-48.363613	5.453783	27.489767	-63.115032	-48.363865	0.2	64918991	26511.98459172249
323	-0.5003703	-0.5003703	3.3837273	-48.34071	5.5268974	23.669973	-61.74645	-48.340164	0.2	65119987	26593.199841976166
324	-22.144154	-22.144154	-8.650938	-48.33142	5.5242696	28.913515	-60.518135	-48.331276	0.1	65320981	26675.35163450241
325	-21.952663	-21.952663	5.214285	-48.36054	5.461616	24.387196	-61.999195	-48.36049	0.2	65521982	26759.289935112
326	-29.495716	-29.495716	-0.8272798	-48.346275	5.5235696	22.748175	-64.277985	-48.346077	0.2	65722982	26844.20468878746
327	-18.182894	-18.182894	1.3090879	-48.339367	5.54142	28.483473	-63.393677	-48.338753	0.2	65923981	26926.1427192688
328	-21.11646	-21.11646	4.74631	-48.35423	5.5007052	21.251251	-62.66613	-48.353703	0.2	66124982	27010.357241868973
329	-3.406856	-3.406856	2.212423	-48.346706	5.4994717	20.849659	-62.623596	-48.346725	0.3	66325984	27091.742651700974
330	-26.31667	-26.31667	2.668863	-48.337994	5.517465	28.72512	-62.123234	-48.33804	0.1	66526981	27176.610231161118
331	-9.194113	-9.194113	-0.78725904	-48.329205	5.5074244	23.967892	-61.141174	-48.32851	0.3	66727982	27260.278677225113
332	-14.566603	-14.566603	2.2818038	-48.318466	5.527444	25.070751	-60.956696	-48.31817	0.4	66928982	27345.37922477722
333	-27.259323	-27.259323	6.689885	-48.326553	5.5494013	27.046947	-62.21335	-48.32624	0.0	67129982	27430.230509757996
334	-14.446236	-14.446236	-11.93218	-48.31031	5.570694	21.810114	-67.01695	-48.3101	0.5	67330982	27513.05318069458
335	-17.78552	-17.78552	3.5851386	-48.32607	5.550686	18.160255	-63.061832	-48.325916	0.4	67531981	27596.316073656082
336	-17.70698	-17.70698	-5.477764	-48.33638	5.569191	23.140663	-62.34002	-48.33631	0.0	67732983	27678.805544376373
337	-20.64718	-20.64718	-1.0673602	-48.33695	5.532894	22.68671	-62.879417	-48.336674	0.3	67933982	27761.81919169426
338	-7.320979	-7.320979	1.613417	-48.301426	5.5999103	19.39453	-61.11032	-48.301296	0.2	68134983	27844.26949930191
339	-7.925166	-7.925166	6.6301045	-48.303093	5.594837	23.096935	-63.3676	-48.30278	0.3	68335988	27926.687789201736
340	-6.3591533	-6.3591533	3.3970652	-48.272495	5.6463356	24.92013	-62.149	-48.272125	0.4	68536984	28008.872139930725
341	-16.232054	-16.232054	-16.79492	-48.265915	5.65878	28.172926	-62.864502	-48.265675	0.0	68737985	28090.47377371788
342	-16.410904	-16.410904	-5.8296175	-48.273273	5.6560645	16.780058	-61.05586	-48.27272	0.3	68938981	28172.04050731659
343	-7.6099157	-7.6099157	4.5581965	-48.263653	5.6974907	20.460493	-63.966854	-48.263794	0.1	69139982	28252.875024557114
344	-21.826292	-21.826292	3.0469933	-48.257565	5.6780515	23.61151	-62.64155	-48.25751	0.0	69340984	28339.396033763885
345	-6.0698957	-6.0698957	2.6521103	-48.253258	5.700647	24.02665	-63.06528	-48.252808	0.3	69541982	28419.678276777267
346	-14.744793	-14.744793	1.094221	-48.240257	5.7309685	31.459278	-61.81576	-48.24022	0.0	69742982	28502.84810423851
347	-19.646564	-19.646564	4.3308034	-48.243027	5.719493	32.08215	-64.79533	-48.24267	0.2	69943983	28584.94778752327
348	-29.465359	-29.465359	2.46084	-48.24062	5.7096014	22.63749	-66.64267	-48.24034	0.3	70144983	28669.683040618896
349	-20.256126	-20.256126	-6.0768223	-48.251556	5.6976147	23.349237	-64.276794	-48.251236	0.2	70345981	28751.683250188828
350	-11.744331	-11.744331	-1.0038863	-48.246426	5.6777034	24.80249	-61.356483	-48.246506	0.1	70546981	28833.71916627884
351	-8.939849	-8.939849	-2.5954037	-48.24643	5.6910877	21.390923	-62.359097	-48.24625	0.5	70747982	28916.96905732155
352	-12.794666	-12.794666	-18.914154	-48.2383	5.693595	22.907963	-64.37368	-48.238083	0.3	70948985	29000.67443370819
353	-15.872732	-15.872732	4.343281	-48.240112	5.703211	23.829037	-62.022354	-48.240055	0.4	71149986	29084.1553440094
354	-19.303389	-19.303389	-8.639709	-48.22079	5.7516823	29.615084	-64.00676	-48.220818	0.1	71350982	29167.790578603745
355	-18.506353	-18.506353	-13.54499	-48.23386	5.7274904	21.708292	-63.746357	-48.233704	0.4	71551982	29250.093039751053
356	-25.147793	-25.147793	5.937593	-48.21578	5.768923	30.674046	-66.685524	-48.215904	0.3	71752982	29332.491657972336
357	-4.3375072	-4.3375072	-13.190829	-48.208973	5.797058	21.06286	-64.64402	-48.208538	0.3	71953984	29413.694223880768
358	-15.152358	-15.152358	5.5459657	-48.209446	5.7756867	34.086	-66.186676	-48.20903	0.2	72154991	29495.92924594879
359	-22.062876	-22.062876	0.40428573	-48.21719	5.7225738	31.93947	-63.39579	-48.217335	0.1	72355983	29577.196888685226
360	-20.160189	-20.160189	-1.4554648	-48.186275	5.843885	18.66938	-61.180965	-48.185974	0.1	72556985	29659.297879695892
361	-13.758812	-13.758812	-10.407605	-48.199528	5.810237	30.614117	-61.376003	-48.199577	0.1	72757981	29740.266098976135
362	-25.074675	-25.074675	-22.690687	-48.18389	5.8569465	33.94154	-62.573124	-48.18398	0.2	72958981	29823.232801914215
363	-15.69156	-15.69156	2.9567373	-48.203156	5.8050327	43.548378	-65.258	-48.20321	0.2	73159984	29906.588366508484
364	-29.139944	-29.139944	2.6265192	-48.198303	5.822603	20.102505	-62.772305	-48.197887	0.3	73360984	29988.88801598549
365	-24.560503	-24.560503	-11.19278	-48.18914	5.8439026	34.749615	-63.402172	-48.189297	0.3	73561982	30072.73727965355
366	-20.942207	-20.942207	6.140958	-48.192356	5.8419	29.495804	-64.150185	-48.19168	0.4	73762982	30154.737637043
367	-20.888243	-20.888243	1.4821441	-48.21031	5.7950325	30.378319	-62.276688	-48.210766	0.4	73963983	30236.241077899933
368	-16.464756	-16.464756	2.5465014	-48.19747	5.8490925	35.282562	-63.638256	-48.197144	0.3	74164981	30322.125670433044
369	-15.339186	-15.339186	-6.0370464	-48.193474	5.844874	21.486895	-64.20984	-48.193287	0.3	74365984	30404.74389243126
370	-8.93519	-8.93519	-6.1104794	-48.196312	5.823748	26.802895	-61.603973	-48.196327	0.2	74566983	30484.142679214478
371	-12.977058	-12.977058	-14.349651	-48.163094	5.9127965	20.886238	-63.278896	-48.163033	0.0	74767982	30568.51152253151
372	-19.681644	-19.681644	6.6467867	-48.1965	5.827233	24.909224	-65.86194	-48.19638	0.1	74968981	30649.864500284195
373	-12.483938	-12.483938	-31.523993	-48.19213	5.7898946	18.955091	-64.463356	-48.191765	0.1	75169981	30732.7132897377
374	-31.076372	-31.076372	3.18797	-48.17637	5.859636	30.10474	-67.29826	-48.176228	0.2	75370982	30813.26577782631
375	-9.427429	-9.427429	0.17768651	-48.13672	5.930815	22.640175	-64.605774	-48.136528	0.4	75571982	30894.050081968307
376	-13.9485655	-13.9485655	7.5015135	-48.141495	5.9400873	24.779953	-74.0836	-48.14157	0.1	75772990	30979.26912212372
377	-15.72621	-15.72621	-3.0486603	-48.140484	5.929167	25.098194	-64.4057	-48.14017	0.4	75973984	31061.03561425209
378	-11.77825	-11.77825	4.319026	-48.154816	5.8795834	29.43537	-64.39889	-48.1549	0.3	76174981	31144.570553541183
379	-3.6281433	-3.6281433	-3.3179383	-48.177013	5.8232737	33.731827	-62.36989	-48.176884	0.1	76375982	31226.453990459442
380	-9.418663	-9.418663	-0.65547425	-48.131893	5.9299607	30.95878	-62.49775	-48.131985	0.3	76576981	31308.606378793716
381	-23.646206	-23.646206	-10.817646	-48.130737	5.9127192	21.197552	-65.39018	-48.130455	0.2	76777983	31393.340840101242
382	-16.682579	-16.682579	5.3189764	-48.13082	5.89882	21.16164	-63.215313	-48.13072	0.2	76978981	31474.558878183365
383	-2.4148474	-2.4148474	4.4649153	-48.145	5.8665156	20.644506	-61.029755	-48.144886	0.3	77179981	31557.14331293106
384	-8.6350355	-8.6350355	-0.20056461	-48.105644	5.9514675	25.2864	-66.56086	-48.10536	0.5	77380981	31639.84442591667
385	-21.076113	-21.076113	1.8251137	-48.092873	6.0072694	27.253399	-63.850616	-48.09242	0.2	77581982	31722.77933549881
386	-16.747883	-16.747883	-6.7128572	-48.100307	5.9828353	34.817307	-61.7873	-48.100372	0.1	77782982	31804.653267383575
387	-10.608773	-10.608773	-5.829773	-48.10688	5.954436	23.362755	-64.23694	-48.10661	0.5	77983991	31886.304001569748
388	-35.821674	-35.821674	4.300676	-48.118114	5.959022	22.103992	-65.55555	-48.11756	0.2	78184990	31967.00000858307
389	-15.865928	-15.865928	8.534844	-48.11147	5.9593015	27.237484	-66.18345	-48.111443	0.2	78385987	32047.15107178688
390	-13.952775	-13.952775	-6.225345	-48.110123	5.986251	22.962864	-64.6615	-48.110046	0.3	78586981	32128.5343003273
391	-10.355216	-10.355216	2.2814033	-48.110172	5.9564996	33.406265	-63.12774	-48.109554	0.4	78787982	32210.670218467712
392	-22.089048	-22.089048	2.2943559	-48.096302	5.991257	19.58983	-62.576252	-48.096233	0.1	78988985	32293.439758062363
393	-16.246332	-16.246332	-10.9761	-48.092945	5.9879074	25.492445	-62.20128	-48.0925	0.1	79189981	32374.40659427643
394	-10.281053	-10.281053	-0.081248164	-48.09684	6.00781	31.741148	-61.34597	-48.096943	0.0	79390982	32456.52491903305
395	-16.558565	-16.558565	7.608479	-48.076935	6.0607185	22.505033	-64.41712	-48.07694	0.2	79591983	32538.60805439949
396	-17.074818	-17.074818	5.2993083	-48.084076	6.0190425	18.879616	-62.583256	-48.08401	0.2	79792983	32622.495175600052
397	-24.417873	-24.417873	2.0199733	-48.08943	5.9860845	29.025566	-65.333374	-48.08909	0.1	79993981	32705.66066813469
398	-13.973123	-13.973123	-5.2705154	-48.079033	6.047362	20.26726	-85.412346	-48.079113	0.3	80194982	32787.72847986221
399	-14.985909	-14.985909	3.4970682	-48.075954	6.020492	36.10969	-81.506096	-48.075382	0.2	80395984	32870.84573125839
400	-12.457076	-12.457076	5.8849306	-48.075455	6.016562	26.469896	-72.40215	-48.07579	0.3	80596989	32950.896933078766
401	-18.134005	-18.134005	6.262236	-48.0625	6.0768704	28.933874	-66.28377	-48.06234	0.2	80797982	33033.35112762451
402	-20.254824	-20.254824	-9.976025	-48.069992	6.0355716	24.825699	-74.5106	-48.069813	0.3	80998981	33116.500702381134
403	-12.913391	-12.913391	8.4595375	-48.08672	5.990015	25.686623	-70.75593	-48.0867	0.3	81199986	33201.61938905716
404	-15.05345	-15.05345	-2.2740748	-48.050117	6.117358	23.978674	-77.302444	-48.049442	0.0	81400984	33285.120822906494
405	-12.4061165	-12.4061165	4.4989657	-48.035995	6.115821	23.109156	-71.802704	-48.035896	0.3	81601982	33366.5708732605
406	-21.652544	-21.652544	-5.1330037	-48.043976	6.1258907	28.158905	-64.35865	-48.04424	0.5	81802987	33449.221821546555
407	-24.24651	-24.24651	1.4771335	-48.044167	6.1146035	21.03985	-65.83199	-48.04388	0.5	82003982	33530.32393407822
408	-6.0695915	-6.0695915	3.4657204	-48.041595	6.092718	42.682125	-67.077	-48.041294	0.2	82204983	33610.54103851318
409	-25.535067	-25.535067	-0.25166434	-48.04407	6.078671	22.258625	-70.42091	-48.044018	0.2	82405982	33693.79209804535
410	-16.951794	-16.951794	-2.176634	-48.04157	6.074327	18.48243	-65.34282	-48.041367	0.4	82606984	33776.349086523056
411	-9.603102	-9.603102	2.66256	-48.02358	6.1283717	36.510612	-65.077934	-48.02347	0.2	82807984	33856.228294849396
412	-13.312484	-13.312484	1.9671185	-48.014557	6.1339235	21.63599	-63.427113	-48.014393	0.1	83008982	33938.5965116024
413	-10.206338	-10.206338	2.5942976	-48.008835	6.1263323	21.732681	-64.565094	-48.0091	0.3	83209982	34020.26692390442
414	-18.517925	-18.517925	6.063248	-48.0004	6.181375	27.448872	-66.55246	-47.99991	0.3	83410984	34104.29924583435
415	-16.83521	-16.83521	-0.90806556	-48.01062	6.1116385	29.641666	-62.932182	-48.010773	0.2	83611991	34188.18258714676
416	-11.769225	-11.769225	7.873916	-47.993786	6.184134	23.759766	-64.93487	-47.99346	0.3	83812990	34269.06762647629
417	-15.39301	-15.39301	1.7348922	-48.004044	6.1703773	22.30338	-61.808117	-48.00364	0.0	84013986	34351.81963515282
418	-2.2573566	-2.2573566	0.7618334	-47.98901	6.2006707	38.76855	-64.5861	-47.989025	0.3	84214981	34433.80272316933
419	-12.400809	-12.400809	0.13126956	-47.992867	6.2025166	23.234303	-62.890144	-47.99246	0.1	84415985	34515.93865799904
420	-19.061829	-19.061829	-4.243551	-48.00215	6.1422644	35.869198	-72.4663	-48.001945	0.4	84616981	34600.10730600357
421	-11.68077	-11.68077	-3.2802262	-47.980026	6.1821494	22.677961	-74.93609	-47.980137	0.3	84817983	34681.90812468529
422	-13.58579	-13.58579	5.5126634	-47.970108	6.225345	31.42596	-71.5357	-47.97012	0.1	85018985	34763.492411375046
423	-16.372173	-16.372173	7.377334	-47.96301	6.209303	23.37305	-71.55293	-47.96245	0.5	85219982	34844.393084049225
424	-14.406921	-14.406921	-3.2632515	-47.99568	6.14596	25.683226	-93.29755	-47.99572	0.0	85420983	34927.11125421524
425	-23.659286	-23.659286	5.382382	-47.957527	6.2416115	37.976997	-76.118904	-47.95743	0.1	85621982	35010.779124975204
426	-21.091778	-21.091778	5.5393376	-47.97461	6.1999245	19.446068	-68.23518	-47.974632	0.4	85822987	35094.21445322037
427	-16.782568	-16.782568	5.896745	-47.99091	6.162043	21.130962	-66.93123	-47.99118	0.1	86023991	35178.45165538788
428	-18.103346	-18.103346	7.252519	-47.93527	6.276348	25.978943	-64.32291	-47.934826	0.1	86224983	35260.65040874481
429	-18.87259	-18.87259	2.2423007	-47.94251	6.2674236	29.761698	-68.67012	-47.942398	0.2	86425983	35342.13424372673
430	-13.171886	-13.171886	0.51576763	-47.94611	6.222981	32.922688	-66.49071	-47.946007	0.2	86626984	35422.41861605644
431	-17.041742	-17.041742	1.6328168	-47.960495	6.226391	23.588049	-76.42673	-47.96011	0.4	86827981	35504.05343198776
432	-17.614819	-17.614819	4.7390027	-47.948402	6.216282	29.917543	-72.16049	-47.948368	0.3	87028981	35585.20508337021
433	-20.515694	-20.515694	4.5832934	-47.947475	6.2034636	28.710403	-69.08518	-47.947342	0.3	87229982	35665.422823905945
434	-15.06293	-15.06293	4.5517583	-47.9188	6.294199	24.955051	-69.135544	-47.918888	0.1	87430981	35745.87370848656
435	-14.208749	-14.208749	2.5542593	-47.952263	6.225994	28.206257	-73.756134	-47.952045	0.2	87631983	35826.54215836525
436	-6.2845726	-6.2845726	-1.2383721	-47.953354	6.23248	23.672592	-65.97673	-47.952213	0.2	87832982	35909.16054224968
437	-14.308749	-14.308749	0.4157818	-47.919426	6.31051	34.38128	-67.05069	-47.91972	0.3	88033987	35991.76015639305
438	-24.667358	-24.667358	-1.8243161	-47.93757	6.2759023	66.092155	-64.49275	-47.937798	0.2	88234985	36074.34455037117
439	-15.88168	-15.88168	0.47381356	-47.93699	6.280834	32.422325	-65.021484	-47.936256	0.5	88435981	36155.78037762642
440	-18.84029	-18.84029	7.214517	-47.947956	6.233514	26.588533	-63.8908	-47.94765	0.2	88636982	36239.13154244423
441	-0.06382936	-0.06382936	2.9149091	-47.918842	6.334964	24.474026	-63.859016	-47.91865	0.2	88837982	36321.99910950661
442	-15.83108	-15.83108	6.368635	-47.918217	6.3002834	22.02066	-68.33042	-47.91761	0.4	89038984	36406.900307655334
443	-15.455369	-15.455369	4.266667	-47.9202	6.3262467	28.153965	-68.17373	-47.92062	0.3	89239981	36487.85239863396
444	-11.3225765	-11.3225765	-0.2332957	-47.899506	6.307487	28.283773	-65.16651	-47.899628	0.2	89440983	36569.437512397766
445	-15.849043	-15.849043	5.795438	-47.91224	6.3015575	27.161877	-62.761696	-47.912365	0.2	89641984	36650.75414466858
446	-10.619528	-10.619528	2.6779075	-47.90518	6.3240075	28.217009	-64.72482	-47.90476	0.2	89842981	36732.13792824745
447	-12.998109	-12.998109	1.375487	-47.902386	6.332604	22.929577	-64.516655	-47.90274	0.5	90043988	36816.13989019394
448	-5.9631653	-5.9631653	5.0318503	-47.90478	6.3242526	21.997742	-64.32812	-47.90474	0.1	90244983	36898.29165530205
449	-12.060208	-12.060208	6.038889	-47.90221	6.2920165	21.107473	-73.08206	-47.90164	0.2	90445982	36981.90807008743
450	-16.400995	-16.400995	7.3396454	-47.898827	6.2986703	23.63301	-64.15159	-47.899055	0.5	90646982	37065.44338083267
451	-11.034085	-11.034085	5.2043395	-47.89061	6.3009644	29.713308	-72.164665	-47.89014	0.3	90847983	37146.97898244858
452	-5.3936	-5.3936	2.6309955	-47.88834	6.3343687	30.206184	-68.996925	-47.88827	0.2	91048981	37231.2632496357
453	-22.308182	-22.308182	-0.6120956	-47.861584	6.38622	19.388222	-65.79375	-47.861374	0.1	91249987	37312.9814286232
454	-21.972431	-21.972431	1.1769462	-47.88195	6.3429437	24.457165	-64.75767	-47.882023	0.0	91450982	37394.18194913864
455	0.4982526	0.4982526	3.5549812	-47.89509	6.2650967	20.880884	-63.295166	-47.89496	0.1	91651983	37474.983266830444
456	-5.9501634	-5.9501634	-3.0356467	-47.872334	6.363846	18.649063	-67.351036	-47.872078	0.3	91852984	37558.53502988815
457	2.016163	2.016163	-2.488884	-47.86968	6.3551455	27.029015	-65.27012	-47.869537	0.2	92053981	37639.736186504364
458	-16.123022	-16.123022	-4.656592	-47.84286	6.3874135	35.86065	-65.75971	-47.84281	0.3	92254982	37724.80344104767
459	-14.905255	-14.905255	7.3668885	-47.832314	6.4177384	32.23411	-65.03639	-47.83197	0.4	92455981	37806.804955005646
460	-14.193518	-14.193518	-0.57483613	-47.85773	6.368858	24.256224	-66.81986	-47.85786	0.1	92656983	37889.945350170135
461	-18.85879	-18.85879	6.250429	-47.822266	6.4352193	19.271399	-65.63677	-47.82197	0.3	92857982	37970.95977306366
462	-7.992304	-7.992304	5.7010193	-47.82401	6.447465	24.6396	-65.237854	-47.823696	0.4	93058983	38054.408784389496
463	-11.324407	-11.324407	4.68193	-47.828312	6.4052877	22.693499	-64.86446	-47.82866	0.2	93259985	38138.96115851402
464	-15.216111	-15.216111	-7.141881	-47.850086	6.4051056	29.974499	-73.48704	-47.84945	0.3	93460983	38224.06079816818
465	-11.845608	-11.845608	7.839562	-47.838943	6.398756	24.559996	-63.928246	-47.838528	0.3	93661983	38308.06291723251
466	-8.113234	-8.113234	0.1936245	-47.813656	6.459458	26.799942	-67.59085	-47.81356	0.2	93862981	38391.41340851784
467	-14.090555	-14.090555	7.3140426	-47.830826	6.4440346	34.704807	-64.71692	-47.830956	0.5	94063982	38472.53195929527
468	-9.585937	-9.585937	8.715707	-47.818092	6.435349	25.11964	-65.0226	-47.818073	0.4	94264983	38554.24984049797
469	-5.414534	-5.414534	7.6071153	-47.82437	6.417357	30.33028	-66.05428	-47.824226	0.3	94465982	38632.883541345596
470	-20.707932	-20.707932	3.3977242	-47.809822	6.4456406	24.052105	-64.85678	-47.809772	0.4	94666982	38713.95135474205
471	-9.538409	-9.538409	6.0588317	-47.78493	6.509986	24.660574	-64.8266	-47.784897	0.2	94867982	38794.96874284744
472	-15.255776	-15.255776	3.730278	-47.817062	6.442364	19.945845	-65.68486	-47.816833	0.4	95068981	38876.58874440193
473	-8.732207	-8.732207	6.836969	-47.77344	6.5136333	27.77243	-67.245	-47.773056	0.1	95269981	38957.78884482384
474	-2.190639	-2.190639	2.551608	-47.75073	6.534742	20.359774	-64.375275	-47.75077	0.3	95470983	39040.37515711784
475	-15.917078	-15.917078	3.4983108	-47.76905	6.5376225	22.819422	-66.46456	-47.76936	0.4	95671983	39123.94735407829
476	-7.3563824	-7.3563824	4.1856136	-47.74678	6.5597143	22.612616	-69.03746	-47.74652	0.3	95872982	39207.99339556694
477	-7.2267704	-7.2267704	4.7350254	-47.758987	6.5388784	20.60293	-68.032166	-47.758698	0.2	96073983	39290.49340796471
478	-4.348947	-4.348947	-9.284835	-47.76716	6.479748	25.010155	-68.459335	-47.767746	0.6	96274981	39369.3969976902
479	-1.6988751	-1.6988751	7.4241486	-47.72207	6.5840225	23.68651	-65.0423	-47.721985	0.5	96475982	39453.6630961895
480	-14.918209	-14.918209	5.494433	-47.733986	6.545331	22.84866	-71.25013	-47.73411	0.2	96676981	39537.66329741478
481	-6.611336	-6.611336	6.5008073	-47.720627	6.558192	26.854742	-65.97386	-47.720913	0.3	96877982	39619.16420006752
482	-11.291294	-11.291294	5.415138	-47.738667	6.5073905	20.611847	-67.24604	-47.738056	0.6	97078981	39698.78339982033
483	-12.774919	-12.774919	6.897328	-47.714863	6.600841	23.506748	-67.36576	-47.715168	0.2	97279986	39780.08427071571
484	-9.042944	-9.042944	3.9309752	-47.71549	6.5963564	51.639614	-67.17157	-47.71541	0.3	97480982	39863.320774555206
485	-5.002291	-5.002291	5.4015408	-47.72545	6.580444	32.894882	-65.92865	-47.726208	0.5	97681983	39946.10435509682
486	-10.447175	-10.447175	4.1239796	-47.68421	6.6564817	20.28125	-66.655594	-47.683693	0.5	97882983	40028.155269145966
487	-9.923502	-9.923502	7.6698656	-47.712234	6.5992656	21.636295	-98.797615	-47.7124	0.1	98083982	40112.22295856476
488	-15.296464	-15.296464	7.4605846	-47.72572	6.562791	28.665829	-97.20003	-47.725266	0.3	98284982	40195.02293086052
489	-15.679731	-15.679731	5.1251173	-47.711533	6.5971794	26.681965	-76.93667	-47.711403	0.1	98485987	40277.193670511246
490	-7.586165	-7.586165	-1.967173	-47.686405	6.6376276	23.786942	-70.10543	-47.685875	0.2	98686981	40360.35974240303
491	-14.408324	-14.408324	-1.7076752	-47.68638	6.6266985	31.58956	-68.31978	-47.687237	0.3	98887991	40444.744718551636
492	-15.913086	-15.913086	-0.5707457	-47.68433	6.6517315	31.152235	-68.84327	-47.68394	0.0	99088987	40526.74700832367
493	-19.136059	-19.136059	5.0629687	-47.676414	6.642633	29.28291	-66.48137	-47.677216	0.4	99289989	40610.446983098984
494	-10.224501	-10.224501	7.1826873	-47.678806	6.6677556	29.250504	-65.12622	-47.679474	0.4	99490981	40695.632249593735
495	-8.394995	-8.394995	8.31569	-47.677258	6.665989	22.108154	-84.31787	-47.676704	0.2	99691985	40779.46521162987
496	-12.938149	-12.938149	4.706846	-47.675808	6.6659803	23.3599	-72.77318	-47.675465	0.6	99892981	40863.63541841507
497	-11.914725	-11.914725	3.352341	-47.659676	6.6850886	24.086157	-69.78467	-47.660168	0.3	100093983	40942.535814762115
498	-9.323223	-9.323223	7.1744595	-47.65839	6.680552	25.53149	-64.0901	-47.657883	0.3	100294990	41024.88716721535
499	-16.72778	-16.72778	3.809803	-47.64534	6.6965203	30.192383	-67.753334	-47.64573	0.2	100495982	41106.78881120682
