Epoch	EpRet	EpRealRet	TestEpRet	AverageQ1	StdQ1	MaxQ1	MinQ1	Q2	TestSuccess	TotalEnvInteracts	TotalTime
0	-785.7718	-785.7718	-552.0109	-46.31751	10.506837	4.40546	-124.99634	-46.37618	0.8	196991	58.776143312454224
1	-621.4853	-621.4853	-517.85034	-47.053463	10.1036415	5.466049	-70.172165	-47.05198	0.8	397986	111.84527444839478
2	-584.6308	-584.6308	-418.22168	-46.693794	10.628661	8.090056	-76.88454	-46.69262	0.8	598991	167.87636756896973
3	-628.9448	-628.9448	-411.52344	-46.465187	10.888098	10.777884	-84.15988	-46.463802	0.5	799991	225.95282697677612
4	-587.3237	-587.3237	-545.34894	-46.413334	11.029814	15.649349	-84.16284	-46.41155	0.5	1000991	285.5720760822296
5	-618.84924	-618.84924	-521.10956	-46.27011	11.143008	15.629491	-88.29877	-46.267345	0.8	1201991	346.66310477256775
6	-581.85956	-581.85956	-495.6212	-46.04626	11.324225	10.877452	-88.74454	-46.04445	0.7	1402991	408.86182165145874
7	-643.5609	-643.5609	-475.28796	-45.814034	11.674659	19.749592	-83.22548	-45.80867	0.7	1603981	472.12177324295044
8	-642.8531	-642.8531	-372.6843	-45.887543	11.624985	9.72734	-83.70725	-45.882828	0.6	1804991	536.0802571773529
9	-559.788	-559.788	-480.5129	-45.926216	11.525354	14.214726	-95.3119	-45.923958	0.8	2005991	601.133857011795
10	-608.99774	-608.99774	-543.79126	-45.829357	11.635903	18.617212	-94.10646	-45.82525	0.6	2206991	666.3106198310852
11	-583.3967	-583.3967	-467.95547	-45.79393	11.772011	13.279204	-91.9639	-45.79058	0.6	2407991	732.1715569496155
12	-572.816	-572.816	-486.77716	-45.77331	11.832342	18.178122	-86.77459	-45.770283	0.4	2608991	797.3638615608215
13	-618.3253	-618.3253	-406.52933	-45.8227	11.775014	13.231398	-95.427055	-45.821007	0.7	2809991	863.400390625
14	-564.90424	-564.90424	-436.4429	-45.779606	11.7936	12.3197155	-84.475586	-45.78113	0.8	3010991	929.8816649913788
15	-569.9485	-569.9485	-480.73993	-45.772606	11.683	21.469717	-82.53201	-45.771866	0.5	3211988	993.6273767948151
16	-577.6023	-577.6023	-538.0593	-45.780712	11.685785	27.20651	-92.28196	-45.778713	0.6	3412987	1058.886382341385
17	-638.13885	-638.13885	-467.39413	-45.80046	11.661383	13.954194	-87.63628	-45.79965	0.5	3613991	1124.6961736679077
18	-598.3361	-598.3361	-521.4951	-45.84128	11.5938	17.698807	-104.41828	-45.840282	1.0	3814986	1188.4357781410217
19	-558.28076	-558.28076	-379.56104	-45.812138	11.611913	14.187195	-85.47873	-45.80828	0.7	4015991	1252.0976119041443
20	-571.82227	-571.82227	-525.6646	-45.789783	11.623611	20.46013	-97.82585	-45.78893	0.9	4216991	1316.0027766227722
21	-585.2813	-585.2813	-516.5264	-45.723423	11.693453	17.68388	-86.97855	-45.724007	0.7	4417989	1380.3806958198547
22	-625.75415	-625.75415	-538.55804	-45.73271	11.6981325	29.018261	-84.79967	-45.73336	0.6	4618991	1444.0909984111786
23	-621.7149	-621.7149	-403.35117	-45.755733	11.648277	21.558847	-89.67139	-45.758183	0.6	4819991	1508.674319267273
24	-629.10986	-629.10986	-463.57208	-45.714134	11.689994	24.53897	-76.99803	-45.71569	0.7	5020991	1573.176855802536
25	-650.3388	-650.3388	-517.299	-45.698643	11.651199	20.77787	-78.97664	-45.70018	0.7	5221990	1637.9601633548737
26	-621.3804	-621.3804	-445.1007	-45.667194	11.703767	19.709091	-82.77892	-45.669292	0.4	5422991	1701.7372035980225
27	-561.96924	-561.96924	-461.89914	-45.680843	11.721716	18.426147	-78.0628	-45.68084	0.7	5623989	1765.603172302246
28	-501.20856	-501.20856	-468.42706	-45.672977	11.76935	20.504038	-79.131836	-45.67327	0.7	5824991	1829.2286014556885
29	-563.9506	-563.9506	-464.2787	-45.62874	11.819971	29.137794	-78.208824	-45.62948	0.7	6025991	1892.3004467487335
30	-649.85736	-649.85736	-378.13846	-45.652016	11.786316	31.923288	-80.77792	-45.654766	0.8	6226991	1955.9547328948975
31	-535.09076	-535.09076	-502.00296	-45.66269	11.749693	23.919594	-79.608696	-45.664497	0.5	6427986	2019.5951285362244
32	-641.0537	-641.0537	-309.7461	-45.684513	11.708249	42.894547	-76.61556	-45.68545	0.9	6628991	2083.3234448432922
33	-637.08514	-637.08514	-537.5546	-45.65715	11.729208	28.88455	-82.148865	-45.658344	0.8	6829986	2146.9114668369293
34	-663.16235	-663.16235	-519.0769	-45.72126	11.674057	54.98907	-78.744995	-45.72192	0.5	7030991	2210.34104180336
35	-621.37463	-621.37463	-440.53293	-45.712467	11.665652	30.289452	-82.11726	-45.71503	0.4	7231991	2273.9306259155273
36	-589.2367	-589.2367	-460.27576	-45.73336	11.607357	24.424837	-77.435135	-45.73701	0.5	7432991	2337.4076840877533
37	-611.75165	-611.75165	-487.55917	-45.714687	11.624026	43.274586	-81.0765	-45.71729	0.8	7633991	2401.26460981369
38	-589.3903	-589.3903	-510.76492	-45.706287	11.624091	34.91709	-81.01615	-45.708084	0.8	7834991	2465.6368894577026
39	-599.7617	-599.7617	-485.77673	-45.68929	11.626501	33.149235	-80.87441	-45.693024	0.9	8035991	2530.6989719867706
40	-629.61	-629.61	-472.63837	-45.695286	11.626181	28.928253	-83.97206	-45.701088	0.5	8236991	2594.4119873046875
41	-556.24097	-556.24097	-666.90375	-45.70554	11.58489	31.040956	-76.4315	-45.712814	0.7	8437991	2657.7010831832886
42	-573.5198	-573.5198	-399.4802	-45.70114	11.582414	31.858732	-88.61359	-45.706028	0.6	8638991	2721.314242362976
43	-542.0946	-542.0946	-521.31177	-45.696575	11.576768	24.497278	-86.32931	-45.70172	0.7	8839991	2784.4124698638916
44	-579.88104	-579.88104	-436.10397	-45.696396	11.629045	39.533035	-79.61659	-45.700565	0.7	9040991	2848.2822642326355
45	-595.19525	-595.19525	-318.92456	-45.72227	11.605242	42.05834	-87.4334	-45.727745	0.6	9241991	2911.7818336486816
46	-522.5366	-522.5366	-448.608	-45.686028	11.610656	34.07049	-75.247955	-45.691303	0.5	9442988	2975.1685526371
47	-591.6461	-591.6461	-389.4249	-45.67907	11.600443	30.24634	-83.92309	-45.684753	0.6	9643985	3038.564061641693
48	-539.74603	-539.74603	-503.59012	-45.634552	11.640531	29.748684	-74.67021	-45.638416	0.8	9844985	3102.742345571518
49	-523.03955	-523.03955	-382.73074	-45.620094	11.667526	38.40082	-90.150345	-45.626923	0.7	10045991	3166.823018550873
50	-567.7704	-567.7704	-523.8168	-45.655373	11.630259	29.783297	-86.57474	-45.66224	0.7	10246985	3230.5459728240967
51	-560.7184	-560.7184	-495.11465	-45.62031	11.651289	30.933521	-78.36552	-45.622646	0.8	10447991	3294.5974457263947
52	-630.0567	-630.0567	-445.39493	-45.615574	11.615369	33.965034	-75.40253	-45.620865	0.8	10648991	3358.512307167053
53	-630.17346	-630.17346	-519.48883	-45.614784	11.600706	29.369589	-88.8673	-45.619545	0.9	10849991	3422.3557364940643
54	-642.6677	-642.6677	-511.66992	-45.578556	11.6483965	54.9369	-78.45144	-45.58528	0.9	11050991	3486.3499155044556
55	-583.72974	-583.72974	-504.88196	-45.630684	11.5568075	40.945515	-78.95176	-45.638687	0.6	11251991	3550.08967256546
56	-527.32465	-527.32465	-590.8857	-45.63782	11.531536	92.71819	-86.24502	-45.643078	0.9	11452991	3613.4383397102356
57	-565.636	-565.636	-530.4075	-45.57672	11.621267	36.42742	-83.08732	-45.584854	0.4	11653984	3676.936587572098
58	-525.9275	-525.9275	-462.5957	-45.651886	11.519833	37.14322	-86.93235	-45.657326	0.6	11854991	3740.2575335502625
59	-568.38416	-568.38416	-464.44095	-45.65762	11.553551	65.681465	-84.8155	-45.665142	0.9	12055991	3803.7353546619415
60	-572.7149	-572.7149	-556.78394	-45.65386	11.506089	36.28115	-74.76432	-45.660404	0.6	12256991	3867.287972688675
61	-563.3132	-563.3132	-488.2081	-45.66589	11.477904	37.34258	-74.41502	-45.672615	0.5	12457991	3931.3497273921967
62	-559.6957	-559.6957	-460.1927	-45.65248	11.471905	36.4021	-80.53404	-45.655384	0.8	12658991	3995.3546180725098
63	-581.64233	-581.64233	-407.1174	-45.635464	11.477582	31.204964	-81.41399	-45.64211	0.7	12859991	4059.554503917694
64	-560.8191	-560.8191	-576.09076	-45.61784	11.46872	53.903973	-76.98817	-45.62382	0.6	13060982	4122.871746063232
65	-581.0422	-581.0422	-352.5532	-45.619198	11.491109	42.83897	-73.84694	-45.624138	0.5	13261991	4186.69225358963
66	-579.63776	-579.63776	-460.793	-45.62044	11.458062	47.673782	-82.1775	-45.626614	0.6	13462991	4250.32266330719
67	-541.0733	-541.0733	-365.47015	-45.6113	11.467222	33.02304	-79.78222	-45.61857	0.4	13663985	4313.880402326584
68	-557.5415	-557.5415	-422.2114	-45.63865	11.409963	39.46918	-75.79632	-45.64385	0.8	13864991	4378.716427564621
69	-579.7975	-579.7975	-450.04684	-45.597942	11.451792	40.10661	-81.711205	-45.60579	0.9	14065982	4442.83957862854
70	-532.6245	-532.6245	-462.63956	-45.596333	11.408437	40.761536	-80.3963	-45.601315	0.6	14266991	4506.1634957790375
71	-554.742	-554.742	-499.13632	-45.607742	11.427587	43.854195	-80.15694	-45.613865	0.8	14467991	4569.428041219711
72	-534.88403	-534.88403	-368.38315	-45.590046	11.430584	36.556637	-79.130844	-45.598167	0.6	14668991	4633.1974539756775
73	-566.98364	-566.98364	-451.55887	-45.62795	11.385733	36.687992	-80.920654	-45.633755	0.7	14869991	4697.158130407333
74	-595.9538	-595.9538	-384.61612	-45.613106	11.371675	37.54825	-83.47539	-45.62195	0.8	15070991	4760.8784646987915
75	-499.33356	-499.33356	-442.3925	-45.58921	11.412355	47.76016	-80.28397	-45.59763	0.7	15271991	4824.377557754517
76	-558.30585	-558.30585	-463.796	-45.60815	11.390073	34.81355	-85.95176	-45.61825	0.5	15472991	4888.590137004852
77	-577.9387	-577.9387	-402.791	-45.578598	11.439531	48.044113	-80.838554	-45.587368	0.7	15673987	4952.498388528824
78	-533.71	-533.71	-469.88397	-45.621716	11.351945	44.27123	-78.9486	-45.628925	0.8	15874984	5016.310006380081
79	-592.44916	-592.44916	-440.92188	-45.59972	11.358775	47.462883	-83.825	-45.60969	0.6	16075986	5079.9896631240845
80	-606.5522	-606.5522	-307.09784	-45.607174	11.330454	37.553463	-81.807434	-45.6162	0.5	16276991	5144.298535108566
81	-551.98553	-551.98553	-378.8209	-45.601185	11.280978	29.722982	-82.25897	-45.610863	0.6	16477989	5208.512151956558
82	-590.45935	-590.45935	-488.996	-45.577217	11.296107	85.22032	-78.92598	-45.586388	0.6	16678981	5272.294656276703
83	-536.53235	-536.53235	-403.46378	-45.57198	11.301511	43.637524	-79.67229	-45.580074	0.7	16879991	5335.8051970005035
84	-536.4243	-536.4243	-370.35965	-45.57688	11.323316	45.389526	-78.120186	-45.58339	0.5	17080991	5400.020555019379
85	-506.33896	-506.33896	-433.48126	-45.575447	11.290844	51.11159	-77.442375	-45.584366	0.9	17281984	5463.246550321579
86	-524.80664	-524.80664	-413.2497	-45.577732	11.305115	63.839615	-83.846535	-45.585674	0.8	17482991	5527.058008670807
87	-547.5545	-547.5545	-454.20068	-45.590973	11.271416	48.907806	-76.88616	-45.598213	0.6	17683991	5591.207865715027
88	-564.8872	-564.8872	-549.3231	-45.589745	11.20999	93.93118	-98.81429	-45.598164	0.7	17884991	5654.36000418663
89	-529.5888	-529.5888	-379.38132	-45.56197	11.268464	63.399197	-78.383995	-45.57116	0.7	18085991	5717.93256521225
90	-582.6194	-582.6194	-452.78632	-45.535492	11.268463	46.596684	-76.13081	-45.54147	0.7	18286991	5781.57377910614
91	-502.85028	-502.85028	-390.45984	-45.558872	11.257202	46.494617	-76.52359	-45.567688	0.7	18487991	5845.015722513199
92	-557.1139	-557.1139	-427.82312	-45.58171	11.221617	37.702663	-84.13728	-45.588406	0.8	18688990	5909.464962482452
93	-557.70233	-557.70233	-462.40012	-45.54309	11.233377	50.210808	-77.689804	-45.550415	0.5	18889985	5973.19579410553
94	-589.2008	-589.2008	-344.07907	-45.563694	11.203689	45.212894	-76.66925	-45.571995	0.6	19090991	6037.265479326248
95	-511.03195	-511.03195	-382.40457	-45.545853	11.203527	37.138824	-82.08357	-45.55234	0.3	19291991	6102.3442096710205
96	-487.8844	-487.8844	-425.1385	-45.558586	11.184693	45.56033	-78.13058	-45.565052	0.6	19492991	6167.899951457977
97	-532.9344	-532.9344	-300.30023	-45.52197	11.211734	39.500877	-79.811356	-45.530243	0.4	19693991	6231.823879003525
98	-601.6964	-601.6964	-365.29486	-45.503056	11.209268	64.592476	-83.40321	-45.509224	0.7	19894991	6296.0048151016235
99	-525.2068	-525.2068	-420.25616	-45.52806	11.157746	52.390133	-80.78202	-45.534595	1.0	20095985	6360.193848609924
100	-610.1926	-610.1926	-409.12668	-45.51762	11.111215	49.920914	-79.91161	-45.525173	0.8	20296984	6424.579368591309
101	-534.2573	-534.2573	-441.5035	-45.534557	11.117758	58.76316	-76.58271	-45.54247	0.7	20497991	6488.815564632416
102	-535.72974	-535.72974	-397.29456	-45.499924	11.162095	79.42824	-80.38573	-45.508034	0.6	20698991	6552.88206076622
103	-537.6291	-537.6291	-363.62302	-45.45505	11.175204	36.83731	-75.2886	-45.463062	0.5	20899982	6616.924854278564
104	-534.78467	-534.78467	-360.6265	-45.46158	11.203149	78.657326	-81.077896	-45.46743	0.3	21100991	6680.897374391556
105	-537.15027	-537.15027	-467.80615	-45.473648	11.153521	41.539238	-80.95382	-45.48217	0.7	21301982	6744.953287124634
106	-567.7498	-567.7498	-405.09158	-45.46025	11.173277	49.69394	-78.45694	-45.469208	0.7	21502986	6809.341686487198
107	-520.5012	-520.5012	-402.82565	-45.48701	11.119614	53.95989	-78.173195	-45.49427	0.7	21703991	6873.726935148239
108	-552.41583	-552.41583	-310.18994	-45.450024	11.171775	46.288177	-77.51034	-45.458652	0.6	21904986	6937.905956029892
109	-529.5674	-529.5674	-411.67587	-45.465202	11.151874	55.087753	-74.278015	-45.47393	0.7	22105991	7001.415297746658
110	-571.0101	-571.0101	-296.8277	-45.44525	11.172706	42.701923	-80.784485	-45.45212	0.8	22306991	7065.370812177658
111	-545.4686	-545.4686	-466.8757	-45.438824	11.179199	60.69865	-78.5022	-45.44641	0.5	22507990	7128.989038705826
112	-513.34	-513.34	-419.8414	-45.476128	11.10683	46.208282	-77.6166	-45.484135	0.5	22708991	7192.738015174866
113	-553.7028	-553.7028	-532.45013	-45.47485	11.132298	71.76042	-77.21609	-45.48385	0.8	22909982	7256.02111697197
114	-526.37335	-526.37335	-419.9086	-45.46681	11.104637	51.67284	-75.20077	-45.47327	0.5	23110991	7318.9972512722015
115	-572.5442	-572.5442	-292.85574	-45.49944	11.0685625	52.417225	-77.56978	-45.50745	0.7	23311983	7382.730557441711
116	-532.66833	-532.66833	-445.662	-45.47821	11.072337	65.19801	-78.05474	-45.48697	0.7	23512982	7446.382998466492
117	-555.3794	-555.3794	-453.9039	-45.505077	11.0638485	38.373077	-76.5863	-45.511177	0.7	23713991	7510.843822002411
118	-549.8993	-549.8993	-347.93878	-45.484642	11.049383	60.959816	-76.976685	-45.492126	0.4	23914991	7574.544791221619
119	-566.9741	-566.9741	-431.8449	-45.470184	11.086405	37.853916	-76.83287	-45.47972	0.7	24115991	7638.187269926071
120	-505.9474	-505.9474	-340.97592	-45.497395	11.04399	40.81252	-79.02629	-45.503113	0.8	24316991	7702.16272854805
121	-572.3596	-572.3596	-451.33524	-45.491802	11.012234	52.715046	-83.5045	-45.500618	0.8	24517991	7765.344839334488
122	-583.1202	-583.1202	-347.2489	-45.44769	11.088536	50.72672	-85.88525	-45.454735	0.6	24718991	7829.610596179962
123	-543.846	-543.846	-396.14688	-45.425705	11.064899	61.301144	-84.58578	-45.43365	0.6	24919984	7893.324872970581
124	-506.45453	-506.45453	-426.14053	-45.475075	10.979955	45.449028	-81.026886	-45.481575	0.8	25120991	7957.71491932869
125	-519.32776	-519.32776	-380.1205	-45.428608	11.024898	50.61967	-81.05179	-45.43606	0.6	25321991	8021.065172195435
126	-494.48984	-494.48984	-372.3569	-45.46353	10.943579	64.59782	-76.061554	-45.47144	0.7	25522991	8084.243645906448
127	-570.73755	-570.73755	-421.51767	-45.42221	10.995654	71.86342	-81.36233	-45.428967	0.7	25723991	8147.359815597534
128	-513.1329	-513.1329	-370.19193	-45.434944	10.971974	58.797268	-79.04623	-45.44109	0.6	25924991	8210.719604253769
129	-522.5486	-522.5486	-455.00827	-45.468605	10.946245	67.19755	-81.54824	-45.47305	0.8	26125991	8274.238425254822
130	-535.04596	-535.04596	-387.43408	-45.46306	10.897472	37.972824	-80.19052	-45.46843	0.5	26326991	8337.54286813736
131	-509.9551	-509.9551	-360.0341	-45.429146	10.935741	53.02788	-75.93615	-45.43551	0.7	26527991	8400.953227996826
132	-558.5388	-558.5388	-440.2959	-45.4404	10.905653	61.62729	-78.50358	-45.44646	0.6	26728991	8463.961009263992
133	-524.1637	-524.1637	-387.3433	-45.450626	10.910765	37.62847	-79.37341	-45.457626	0.5	26929989	8527.553761482239
134	-523.1413	-523.1413	-457.5579	-45.4074	10.9564295	35.772224	-75.044014	-45.41513	0.8	27130984	8591.197818756104
135	-516.6079	-516.6079	-403.1789	-45.404274	10.954326	38.628544	-78.56684	-45.409252	0.6	27331991	8654.767472743988
136	-529.1443	-529.1443	-374.26218	-45.40605	10.914783	60.11221	-78.526886	-45.411964	0.5	27532991	8718.13337302208
137	-490.0308	-490.0308	-514.5305	-45.420963	10.913463	45.883785	-77.10141	-45.427067	0.5	27733986	8781.302500486374
138	-629.3457	-629.3457	-466.48175	-45.424545	10.858396	59.358025	-76.61182	-45.431385	0.7	27934991	8844.575351715088
139	-515.062	-515.062	-397.51257	-45.426197	10.849552	70.39516	-76.92684	-45.43266	0.7	28135984	8907.94394826889
140	-511.73618	-511.73618	-361.04715	-45.41374	10.842524	46.065063	-75.47083	-45.41976	0.8	28336983	8971.246265888214
141	-555.0499	-555.0499	-347.84793	-45.42811	10.820973	80.926674	-75.136795	-45.43454	0.8	28537991	9034.511139631271
142	-581.81445	-581.81445	-340.03757	-45.43473	10.841544	51.45063	-81.579544	-45.441517	0.6	28738981	9097.541638374329
143	-567.1598	-567.1598	-434.00143	-45.483376	10.721722	74.16409	-74.89305	-45.489902	0.9	28939991	9160.731226205826
144	-509.2815	-509.2815	-408.50946	-45.439983	10.787045	71.7192	-87.41382	-45.44576	0.7	29140991	9223.997252941132
145	-524.3647	-524.3647	-423.34836	-45.429745	10.79172	45.333836	-73.9859	-45.437546	0.8	29341981	9287.50048995018
146	-525.25195	-525.25195	-471.54895	-45.4736	10.748063	56.403835	-90.95605	-45.4795	0.9	29542991	9350.729968070984
147	-556.67175	-556.67175	-258.79587	-45.433895	10.759082	42.812702	-79.42911	-45.440434	0.8	29743991	9414.636650323868
148	-524.9996	-524.9996	-447.30487	-45.438564	10.75525	69.46311	-87.086685	-45.445522	0.8	29944991	9478.269050121307
149	-478.4555	-478.4555	-364.16605	-45.433796	10.732755	69.14249	-75.63337	-45.439766	0.7	30145991	9541.082130908966
150	-484.99606	-484.99606	-435.1413	-45.44092	10.746395	58.54779	-79.61502	-45.447136	0.6	30346991	9604.389209508896
151	-518.1863	-518.1863	-350.65988	-45.443596	10.717673	44.655914	-75.41183	-45.4483	0.8	30547991	9667.639630794525
152	-544.9329	-544.9329	-494.4247	-45.44709	10.674378	61.06088	-75.060745	-45.453644	0.8	30748991	9731.02204155922
153	-511.48456	-511.48456	-362.34842	-45.403614	10.7255745	82.32183	-83.91322	-45.409943	0.7	30949991	9794.542739391327
154	-556.2404	-556.2404	-433.04007	-45.43241	10.660687	66.91113	-83.46704	-45.438053	0.7	31150988	9857.562806367874
155	-456.85068	-456.85068	-522.0972	-45.420776	10.665095	43.29187	-75.38602	-45.42778	0.8	31351991	9921.69835472107
156	-517.8845	-517.8845	-381.60388	-45.386524	10.7104845	43.989143	-75.44665	-45.39389	0.6	31552981	9985.480927228928
157	-493.20395	-493.20395	-402.36212	-45.379482	10.705456	66.45163	-82.391685	-45.387928	0.8	31753991	10049.515742063522
158	-578.7781	-578.7781	-462.99228	-45.403767	10.661357	57.273094	-76.51351	-45.40844	0.6	31954991	10112.804077625275
159	-525.01227	-525.01227	-435.15594	-45.39069	10.657852	39.430965	-80.827095	-45.395977	0.7	32155991	10176.329771757126
160	-494.51212	-494.51212	-433.63303	-45.40124	10.653706	52.44063	-86.60685	-45.408134	0.8	32356991	10239.842981338501
161	-510.6489	-510.6489	-376.68973	-45.44561	10.585967	53.096428	-78.48384	-45.450573	0.6	32557988	10303.28836965561
162	-496.90015	-496.90015	-394.9038	-45.375584	10.668302	49.69348	-82.7143	-45.38442	0.9	32758987	10366.971637487411
163	-485.06668	-485.06668	-375.11667	-45.386242	10.652546	48.205025	-78.38562	-45.39188	1.0	32959991	10431.021411180496
164	-510.7161	-510.7161	-402.37003	-45.402744	10.641415	51.05553	-84.894325	-45.40987	0.8	33160991	10495.65462565422
165	-494.72073	-494.72073	-344.2783	-45.410027	10.5632515	69.87931	-81.18782	-45.414577	0.7	33361982	10560.335737228394
166	-522.3655	-522.3655	-414.36533	-45.395554	10.611086	46.025097	-88.45872	-45.40279	0.5	33562981	10625.759838104248
167	-520.7405	-520.7405	-345.10587	-45.416042	10.590078	75.17205	-80.156845	-45.422943	0.8	33763991	10689.812012195587
168	-516.09534	-516.09534	-324.87878	-45.394493	10.55544	49.64111	-78.94416	-45.397774	0.7	33964985	10752.792670488358
169	-534.12573	-534.12573	-323.41214	-45.365047	10.612738	65.07386	-77.102585	-45.373352	0.5	34165991	10816.711303472519
170	-521.5645	-521.5645	-334.3059	-45.365498	10.576314	49.563755	-75.55943	-45.368336	0.8	34366990	10880.080911159515
171	-521.64923	-521.64923	-319.9084	-45.35919	10.562213	52.328228	-74.964935	-45.36648	0.5	34567991	10943.863640069962
172	-534.2721	-534.2721	-336.43698	-45.36844	10.556346	51.247753	-79.621025	-45.37288	0.9	34768991	11007.58429479599
173	-565.6361	-565.6361	-329.16003	-45.394615	10.5041485	54.721134	-72.48447	-45.399258	1.0	34969991	11071.279531002045
174	-541.3632	-541.3632	-401.71414	-45.37733	10.498112	55.33254	-74.17266	-45.381805	0.7	35170985	11134.531436920166
175	-511.2905	-511.2905	-331.33475	-45.352905	10.527352	70.58621	-82.574844	-45.358982	0.7	35371983	11197.953397989273
176	-549.5082	-549.5082	-238.20921	-45.393566	10.455226	71.72573	-82.94093	-45.39811	0.6	35572991	11261.379839420319
177	-504.69196	-504.69196	-331.17096	-45.34734	10.486786	69.79948	-79.84286	-45.35149	0.7	35773991	11325.275540351868
178	-427.958	-427.958	-455.22128	-45.36228	10.481426	86.34509	-79.74394	-45.369267	0.7	35974987	11388.942338705063
179	-505.48108	-505.48108	-312.2096	-45.369556	10.466556	54.84236	-81.03355	-45.375088	0.9	36175991	11452.348379135132
180	-468.03088	-468.03088	-402.60828	-45.3496	10.468398	44.0497	-75.85344	-45.353783	0.9	36376991	11515.854328155518
181	-464.4576	-464.4576	-350.34732	-45.33859	10.460149	58.0374	-84.96183	-45.348137	0.9	36577985	11579.811862707138
182	-601.40894	-601.40894	-348.45267	-45.389324	10.410879	45.657955	-77.51194	-45.393673	0.8	36778987	11643.310625314713
183	-526.5997	-526.5997	-388.74677	-45.354652	10.429725	91.85357	-78.4662	-45.361603	0.7	36979991	11706.99698805809
184	-520.39606	-520.39606	-355.02588	-45.35264	10.418006	40.45485	-75.636505	-45.357845	0.8	37180991	11770.080040931702
185	-534.01685	-534.01685	-414.24982	-45.36973	10.387542	67.390854	-79.47457	-45.378487	0.8	37381991	11833.530418157578
186	-450.11887	-450.11887	-390.97025	-45.34681	10.400196	63.891506	-77.49487	-45.3533	0.7	37582991	11897.629061937332
187	-560.5936	-560.5936	-462.52682	-45.338734	10.376083	66.65976	-85.419685	-45.345604	0.6	37783991	11961.380148887634
188	-532.55853	-532.55853	-311.15674	-45.35942	10.3825245	64.69046	-83.62264	-45.36723	0.8	37984991	12024.769976854324
189	-514.88983	-514.88983	-379.0907	-45.340565	10.366999	80.73866	-79.25312	-45.347794	1.0	38185991	12088.427318572998
190	-436.2984	-436.2984	-454.75784	-45.375343	10.297117	53.29245	-76.22182	-45.38153	0.9	38386982	12152.122043132782
191	-534.7469	-534.7469	-197.14966	-45.30906	10.392753	111.91151	-86.2439	-45.316086	0.8	38587991	12216.012397050858
192	-510.2271	-510.2271	-384.05887	-45.32616	10.362913	48.228363	-77.26992	-45.3324	0.8	38788991	12279.900227546692
193	-488.57144	-488.57144	-406.7242	-45.333717	10.350301	66.390114	-81.17926	-45.33905	0.7	38989991	12343.696170806885
194	-490.4414	-490.4414	-400.7328	-45.340508	10.333248	78.528534	-78.969635	-45.348446	0.9	39190991	12407.783380746841
195	-495.7794	-495.7794	-419.47382	-45.329243	10.310801	57.908485	-84.20636	-45.33472	0.9	39391991	12471.944856882095
196	-464.83478	-464.83478	-351.9198	-45.336487	10.285216	49.484512	-77.40126	-45.34323	0.9	39592991	12535.102079153061
197	-463.93307	-463.93307	-314.08472	-45.30229	10.321258	53.052963	-81.70571	-45.306477	0.7	39793991	12598.463213205338
198	-533.68616	-533.68616	-361.28482	-45.314556	10.280913	63.673912	-74.79197	-45.318554	1.0	39994991	12661.954988718033
199	-543.29474	-543.29474	-311.8977	-45.310196	10.274611	44.855915	-74.60228	-45.31766	0.6	40195990	12725.194281578064
200	-519.7618	-519.7618	-363.80215	-45.31396	10.25212	56.63379	-82.567314	-45.32042	0.6	40396991	12788.722451210022
201	-548.2375	-548.2375	-261.65793	-45.30192	10.233122	46.255287	-77.48273	-45.30402	0.5	40597991	12852.007270097733
202	-515.7593	-515.7593	-414.8026	-45.346165	10.213482	46.8585	-81.871864	-45.34987	0.9	40798988	12915.416099309921
203	-505.28302	-505.28302	-334.6793	-45.31027	10.217047	55.073727	-76.04232	-45.316467	0.8	40999991	12979.184626102448
204	-512.31024	-512.31024	-302.99475	-45.32816	10.184605	100.85955	-88.36128	-45.33177	0.9	41200991	13042.398455381393
205	-536.5207	-536.5207	-359.69147	-45.317696	10.184489	71.05568	-76.124565	-45.324318	0.5	41401991	13105.831431865692
206	-544.01697	-544.01697	-371.9324	-45.290707	10.201003	53.04936	-76.59945	-45.29326	0.9	41602991	13169.119243621826
207	-491.94974	-491.94974	-251.86375	-45.276726	10.1624365	76.24894	-75.38327	-45.281605	0.8	41803991	13232.527245998383
208	-444.7518	-444.7518	-346.75693	-45.261387	10.202528	57.91411	-81.23772	-45.265305	0.6	42004991	13295.55476808548
209	-518.62714	-518.62714	-325.98553	-45.320297	10.119888	57.351234	-75.13249	-45.32644	0.6	42205986	13358.543891191483
210	-482.39484	-482.39484	-304.08438	-45.30466	10.160519	72.57048	-86.48695	-45.30507	0.8	42406985	13422.179008960724
211	-505.4089	-505.4089	-334.71048	-45.302902	10.119406	62.743816	-73.350426	-45.306908	0.9	42607991	13485.235438346863
212	-494.07407	-494.07407	-442.3786	-45.30297	10.113683	56.41059	-78.43584	-45.306828	0.8	42808983	13548.28739976883
213	-468.6727	-468.6727	-302.3524	-45.263676	10.156786	49.28775	-81.29237	-45.269222	0.9	43009981	13611.312427043915
214	-479.4584	-479.4584	-467.28552	-45.26826	10.121675	46.739918	-78.675674	-45.273247	0.7	43210991	13674.385811567307
215	-511.27206	-511.27206	-289.9704	-45.26648	10.114015	41.65615	-72.14965	-45.270893	0.7	43411989	13737.495613574982
216	-485.48544	-485.48544	-385.98972	-45.251083	10.128591	55.534943	-84.684296	-45.257114	0.6	43612991	13800.549052238464
217	-526.51324	-526.51324	-334.44705	-45.25416	10.08885	62.90331	-78.54216	-45.258415	0.8	43813991	13864.21285867691
218	-546.18536	-546.18536	-460.62082	-45.253994	10.093701	58.720505	-77.74733	-45.257862	0.9	44014991	13927.808846950531
219	-460.0845	-460.0845	-425.12042	-45.25412	10.088702	52.770176	-79.33838	-45.25854	0.5	44215983	13991.365463733673
220	-567.03217	-567.03217	-317.8936	-45.246624	10.082317	44.02929	-77.68781	-45.25014	0.7	44416991	14055.083126783371
221	-453.75827	-453.75827	-371.16272	-45.261	10.052622	40.923946	-74.62547	-45.268547	0.6	44617986	14118.959726333618
222	-509.80823	-509.80823	-414.15558	-45.25995	10.053909	73.97856	-76.168884	-45.264732	0.8	44818991	14182.9087703228
223	-480.15985	-480.15985	-384.4719	-45.249157	10.041	59.583694	-76.6895	-45.25268	0.9	45019989	14246.69903755188
224	-486.6781	-486.6781	-459.6864	-45.24132	10.047163	52.62449	-75.52037	-45.2432	0.8	45220991	14310.771753311157
225	-469.56	-469.56	-483.21368	-45.223904	10.064943	69.69164	-76.92756	-45.22843	1.0	45421991	14373.749761104584
226	-476.4997	-476.4997	-355.62268	-45.26291	10.036258	69.94716	-77.87753	-45.268345	0.9	45622981	14437.328718423843
227	-480.02335	-480.02335	-294.0719	-45.22844	10.019737	48.42483	-75.457954	-45.232273	0.8	45823991	14500.209614515305
228	-461.84427	-461.84427	-397.86368	-45.20483	10.060328	56.98871	-76.492165	-45.210293	0.8	46024991	14563.243530750275
229	-457.7375	-457.7375	-400.05823	-45.20547	10.038083	48.557297	-77.871956	-45.20837	0.9	46225991	14626.548296689987
230	-508.38272	-508.38272	-327.59708	-45.190277	10.048691	48.716396	-76.79061	-45.197395	0.8	46426991	14689.260328531265
231	-565.8333	-565.8333	-267.92532	-45.179714	10.03993	82.241905	-76.29266	-45.185425	0.7	46627991	14752.081385612488
232	-495.95224	-495.95224	-356.55197	-45.225475	9.99779	51.73991	-74.44234	-45.228657	0.9	46828991	14815.14283657074
233	-496.74808	-496.74808	-316.5141	-45.1959	10.009469	68.186424	-81.54925	-45.20151	0.8	47029991	14878.23939704895
234	-473.29672	-473.29672	-237.3459	-45.17671	10.0181	45.460876	-78.935455	-45.18074	0.6	47230986	14941.298300981522
235	-452.05148	-452.05148	-385.575	-45.20257	9.971833	44.149963	-80.29787	-45.208015	0.7	47431991	15004.671456098557
236	-470.17035	-470.17035	-308.90967	-45.173218	9.983644	98.56105	-84.81018	-45.17756	0.6	47632991	15068.034069538116
237	-539.2482	-539.2482	-304.18405	-45.23433	9.982482	56.584198	-76.23073	-45.239895	0.7	47833991	15131.262549638748
238	-485.4012	-485.4012	-277.71902	-45.19826	9.935765	62.485893	-76.49019	-45.20205	0.8	48034991	15195.176201105118
239	-511.80206	-511.80206	-323.82507	-45.188354	9.941217	58.850906	-76.21917	-45.191605	0.7	48235991	15258.202223300934
240	-531.4375	-531.4375	-345.58493	-45.150723	9.983013	64.72524	-82.627	-45.156937	0.7	48436985	15321.176870822906
241	-469.03586	-469.03586	-287.87033	-45.187405	9.940149	51.930603	-76.47254	-45.19139	0.8	48637991	15384.13696551323
242	-439.37372	-439.37372	-399.44864	-45.20486	9.902552	68.55013	-75.78619	-45.20976	1.0	48838991	15447.017635822296
243	-474.34778	-474.34778	-272.32108	-45.168983	9.891465	171.66063	-75.99277	-45.17245	0.9	49039986	15510.332066297531
244	-497.76172	-497.76172	-334.48782	-45.175426	9.923684	114.40581	-78.941505	-45.17988	0.5	49240988	15573.41960644722
245	-472.60825	-472.60825	-273.95654	-45.16259	9.867936	52.216362	-78.49153	-45.16553	0.6	49441991	15636.328940153122
246	-495.3192	-495.3192	-318.1667	-45.16268	9.868021	61.90579	-74.62718	-45.16464	0.6	49642991	15699.65066075325
247	-525.0257	-525.0257	-281.3072	-45.153145	9.87701	69.053116	-75.094345	-45.15719	0.4	49843991	15762.881625175476
248	-477.4791	-477.4791	-351.90857	-45.148384	9.890076	60.122204	-74.05803	-45.151997	0.6	50044982	15826.838554382324
249	-471.3124	-471.3124	-334.3782	-45.129272	9.86307	52.609787	-75.63231	-45.13227	0.7	50245991	15890.312381744385
250	-480.33453	-480.33453	-362.01938	-45.126255	9.908921	55.898605	-79.478874	-45.130665	0.8	50446991	15954.066454410553
251	-507.3626	-507.3626	-382.99655	-45.14357	9.861035	49.74943	-84.26267	-45.146072	0.7	50647991	16017.361991167068
252	-473.49847	-473.49847	-335.97433	-45.161247	9.821405	53.834167	-83.17018	-45.165016	0.7	50848984	16081.04303431511
253	-491.1152	-491.1152	-343.05222	-45.114704	9.86265	102.48659	-75.29301	-45.11705	0.9	51049991	16143.863975286484
254	-480.2528	-480.2528	-322.10608	-45.124752	9.810107	60.15807	-76.98959	-45.12789	0.5	51250991	16206.53546667099
255	-510.90616	-510.90616	-284.40848	-45.159626	9.761107	57.878777	-75.18265	-45.162697	0.8	51451991	16269.24482345581
256	-461.5106	-461.5106	-428.60583	-45.13044	9.794012	46.249027	-77.350105	-45.1346	0.6	51652991	16331.749290466309
257	-474.53525	-474.53525	-322.1943	-45.145973	9.765149	57.294964	-72.89349	-45.14632	0.7	51853985	16395.270689964294
258	-448.54715	-448.54715	-349.7363	-45.1806	9.733877	84.97673	-75.63209	-45.18563	0.7	52054986	16458.152101755142
259	-471.14148	-471.14148	-335.09186	-45.154434	9.779308	49.968647	-73.57866	-45.15835	0.9	52255991	16521.09848833084
260	-484.08646	-484.08646	-330.44986	-45.111355	9.772586	57.396553	-80.54889	-45.11386	0.6	52456991	16583.844749450684
261	-492.7658	-492.7658	-334.40598	-45.12024	9.765572	53.233444	-79.935776	-45.121937	1.0	52657989	16646.79546070099
262	-495.84824	-495.84824	-350.9634	-45.085373	9.804031	129.07156	-73.31931	-45.088043	0.8	52858991	16710.056153535843
263	-483.66815	-483.66815	-379.35587	-45.089973	9.778992	68.01948	-79.74533	-45.094048	0.6	53059987	16773.321026086807
264	-487.54395	-487.54395	-363.53903	-45.121704	9.723584	55.924	-78.694984	-45.125317	0.7	53260991	16837.339883565903
265	-440.44028	-440.44028	-399.13077	-45.119076	9.7135	70.12815	-78.41462	-45.121624	0.8	53461991	16900.34844350815
266	-489.94168	-489.94168	-338.07394	-45.079716	9.74877	54.517532	-76.574295	-45.0823	0.5	53662985	16963.338068008423
267	-516.76886	-516.76886	-275.78705	-45.13857	9.672098	57.889484	-78.63045	-45.14059	0.9	53863991	17026.65132713318
268	-479.95178	-479.95178	-342.941	-45.116726	9.684622	71.314735	-76.00534	-45.11956	0.9	54064984	17089.558663845062
269	-463.37192	-463.37192	-373.1139	-45.068684	9.7690735	49.92638	-77.2917	-45.071953	0.8	54265991	17152.55437207222
270	-492.7208	-492.7208	-277.49564	-45.07689	9.729796	54.71207	-74.47161	-45.07929	0.9	54466991	17215.23033809662
271	-484.36694	-484.36694	-317.86716	-45.06929	9.690043	48.45109	-76.03933	-45.072838	1.0	54667982	17278.97293281555
272	-427.14435	-427.14435	-262.02145	-45.04811	9.7374735	39.740654	-75.789	-45.05113	0.8	54868982	17342.006570339203
273	-445.0996	-445.0996	-242.28143	-45.054806	9.72814	43.234745	-79.07077	-45.05722	0.9	55069989	17405.38864684105
274	-511.04312	-511.04312	-194.64874	-45.07999	9.656773	49.701145	-75.00248	-45.08163	0.8	55270986	17469.025524377823
275	-482.58444	-482.58444	-392.86786	-45.082478	9.708886	51.665375	-76.41296	-45.086094	0.5	55471983	17532.681385993958
276	-473.21405	-473.21405	-354.92825	-45.08567	9.633608	53.878822	-74.52205	-45.08866	0.9	55672991	17595.894056081772
277	-453.977	-453.977	-324.49173	-45.0876	9.603319	46.251316	-78.42254	-45.087498	0.6	55873991	17659.249202013016
278	-521.6399	-521.6399	-319.90372	-45.08074	9.632177	67.97786	-80.18259	-45.083565	0.8	56074991	17722.590383291245
279	-501.6138	-501.6138	-337.15616	-45.05397	9.663166	51.781757	-80.46514	-45.057575	0.5	56275991	17787.182706594467
280	-504.88333	-504.88333	-261.36353	-45.071823	9.611472	36.650375	-79.523735	-45.0729	0.8	56476991	17850.647536754608
281	-495.91443	-495.91443	-326.82953	-45.039917	9.643629	53.197445	-80.55536	-45.04462	0.8	56677991	17914.497401237488
282	-483.51413	-483.51413	-367.83786	-45.05342	9.600246	58.50032	-76.18047	-45.05524	0.8	56878991	17977.752816915512
283	-478.60828	-478.60828	-302.03098	-45.043274	9.610696	42.156517	-76.258224	-45.045956	0.6	57079991	18040.800270795822
284	-437.25574	-437.25574	-318.51837	-45.084167	9.555494	51.63816	-75.02667	-45.086708	0.8	57280991	18103.883162498474
285	-505.87976	-505.87976	-213.10957	-45.073883	9.541052	45.729053	-74.005196	-45.07515	0.7	57481991	18167.372435092926
286	-472.6382	-472.6382	-424.28513	-45.03297	9.620362	61.529243	-74.636665	-45.036186	0.9	57682991	18230.586956739426
287	-502.10962	-502.10962	-299.99243	-45.05755	9.585539	58.20567	-74.37783	-45.05765	0.9	57883986	18293.863054037094
288	-479.14755	-479.14755	-310.8385	-45.037197	9.551656	91.06663	-77.78391	-45.04003	0.8	58084985	18356.897543907166
289	-475.9148	-475.9148	-277.36145	-45.04467	9.531434	61.95568	-79.87794	-45.047215	0.8	58285991	18420.60126185417
290	-476.28345	-476.28345	-372.51007	-44.99253	9.583611	65.179985	-73.946335	-44.99389	0.8	58486989	18483.92686033249
291	-455.41766	-455.41766	-307.46863	-45.066757	9.518255	60.117203	-73.32023	-45.069633	0.7	58687991	18547.869436264038
292	-462.79105	-462.79105	-352.3352	-45.04832	9.512823	54.73045	-78.00358	-45.05262	0.7	58888991	18610.664640903473
293	-476.62097	-476.62097	-335.11282	-45.020336	9.522999	64.6735	-73.89546	-45.02013	0.9	59089991	18673.487703323364
294	-439.38858	-439.38858	-282.6214	-45.002956	9.545216	55.853493	-76.20903	-45.006023	0.7	59290982	18737.03953242302
295	-475.8577	-475.8577	-333.4061	-45.026245	9.53301	67.52904	-78.63577	-45.028473	0.8	59491991	18800.419235944748
296	-493.80313	-493.80313	-311.72375	-45.002857	9.50865	60.152645	-76.48433	-45.007576	0.7	59692991	18863.594519138336
297	-507.01855	-507.01855	-269.0289	-45.021362	9.496105	47.191135	-73.23053	-45.02163	0.9	59893991	18926.910254478455
298	-476.88	-476.88	-406.46133	-45.05862	9.463239	59.727356	-76.13199	-45.063793	0.8	60094985	18989.514410495758
299	-449.2667	-449.2667	-305.7578	-45.032333	9.470594	65.04747	-76.10371	-45.035057	0.7	60295984	19052.58680176735
300	-473.29758	-473.29758	-292.20972	-44.99871	9.456664	54.32579	-74.03605	-45.00188	0.9	60496991	19115.37295460701
301	-459.57217	-459.57217	-318.9097	-44.981693	9.49168	60.85964	-76.60826	-44.98513	0.9	60697991	19178.24188542366
302	-463.61417	-463.61417	-277.59552	-45.03763	9.425455	69.773766	-73.002266	-45.03843	0.9	60898991	19241.31926035881
303	-470.38174	-470.38174	-295.06924	-45.015797	9.442923	50.813503	-74.84174	-45.01852	0.8	61099991	19304.351768493652
304	-437.65134	-437.65134	-281.07272	-45.014965	9.4236555	63.997177	-76.1612	-45.016327	0.8	61300991	19367.74828863144
305	-465.52054	-465.52054	-254.79439	-45.021065	9.398791	42.660263	-74.74565	-45.02393	0.7	61501991	19431.22559452057
306	-477.33316	-477.33316	-317.0544	-44.993153	9.405335	46.852795	-74.313156	-44.995667	0.9	61702991	19494.08025598526
307	-506.23618	-506.23618	-208.67715	-45.02145	9.387874	48.738243	-75.472336	-45.023083	0.8	61903991	19557.66726732254
308	-458.04926	-458.04926	-267.88348	-45.012905	9.383982	58.205235	-76.47805	-45.01545	0.6	62104991	19620.859034776688
309	-449.37207	-449.37207	-334.27136	-44.974747	9.395823	43.303806	-74.21328	-44.975864	0.8	62305982	19684.098055124283
310	-454.85876	-454.85876	-410.45068	-44.999664	9.377982	49.227043	-75.54293	-45.004436	0.9	62506991	19747.977730751038
311	-476.9481	-476.9481	-338.13696	-44.99361	9.366307	52.854862	-76.15358	-44.996853	0.7	62707991	19811.190741539
312	-452.9319	-452.9319	-322.8396	-44.970345	9.353746	62.993797	-75.071625	-44.973503	0.8	62908985	19874.313502073288
313	-474.36523	-474.36523	-277.71933	-44.990852	9.387755	76.63154	-77.69795	-44.992275	1.0	63109991	19937.84186244011
314	-460.9662	-460.9662	-337.96274	-44.95858	9.388446	92.26901	-80.84288	-44.95881	0.9	63310990	20000.82799100876
315	-483.2784	-483.2784	-230.68756	-44.949863	9.381554	55.241264	-74.7378	-44.95383	0.6	63511991	20063.818111419678
316	-486.9632	-486.9632	-377.6424	-44.97505	9.347186	52.634743	-80.424545	-44.975914	0.9	63712991	20127.1020591259
317	-428.1369	-428.1369	-277.22403	-44.951786	9.363205	43.58477	-76.9507	-44.956856	0.8	63913984	20190.468659877777
318	-497.5186	-497.5186	-309.96335	-44.997387	9.350773	47.10037	-78.738	-45.002712	0.8	64114991	20254.071671247482
319	-497.31107	-497.31107	-318.2795	-44.93306	9.3607855	42.82516	-77.75385	-44.935905	0.9	64315991	20317.27023124695
320	-504.17734	-504.17734	-392.41602	-44.948856	9.347698	83.60523	-78.497025	-44.951057	0.8	64516991	20380.831312179565
321	-484.20303	-484.20303	-311.78412	-44.943104	9.404444	59.41574	-74.512314	-44.94827	0.8	64717989	20444.153033733368
322	-453.68015	-453.68015	-286.81192	-44.969162	9.305928	59.90577	-77.40036	-44.972725	0.8	64918991	20507.16783761978
323	-470.99112	-470.99112	-337.24142	-44.953472	9.305662	49.011177	-75.60263	-44.957798	0.9	65119988	20571.043079853058
324	-427.77438	-427.77438	-294.9569	-44.94131	9.303255	46.950184	-76.217674	-44.943413	0.7	65320991	20634.94010567665
325	-481.418	-481.418	-333.57654	-44.933052	9.325502	73.41445	-76.930916	-44.9334	0.9	65521991	20698.54857301712
326	-439.726	-439.726	-332.58298	-44.943462	9.324053	50.961136	-81.608086	-44.946808	0.8	65722989	20761.567103147507
327	-427.2533	-427.2533	-306.73138	-44.924503	9.300556	53.1167	-75.54339	-44.926624	0.8	65923987	20826.770793676376
328	-469.4314	-469.4314	-466.88507	-44.93357	9.317024	85.466156	-77.38658	-44.93682	0.8	66124981	20891.92413187027
329	-431.55875	-431.55875	-361.56537	-44.916653	9.296731	72.09208	-77.024536	-44.92061	0.4	66325984	20955.919230222702
330	-511.30478	-511.30478	-387.19754	-44.925613	9.265278	68.59203	-73.92137	-44.926853	1.0	66526991	21019.243457078934
331	-448.4368	-448.4368	-284.86136	-44.891495	9.309796	55.71217	-79.11507	-44.893333	0.8	66727991	21083.009991645813
332	-519.2492	-519.2492	-240.75177	-44.897808	9.2564945	52.63911	-77.66472	-44.901283	0.9	66928983	21146.083083868027
333	-445.54645	-445.54645	-350.47708	-44.88284	9.3178835	50.566147	-76.22917	-44.886185	0.8	67129985	21208.93257832527
334	-476.71527	-476.71527	-240.1066	-44.95899	9.224125	57.26953	-75.209045	-44.96063	0.9	67330991	21271.681604623795
335	-483.90363	-483.90363	-317.2585	-44.927685	9.252135	50.08955	-76.8157	-44.931454	0.7	67531991	21334.46254181862
336	-435.74814	-435.74814	-289.96368	-44.916203	9.213212	49.22595	-76.4045	-44.919395	0.7	67732991	21398.74469256401
337	-474.43417	-474.43417	-349.71417	-44.878113	9.282973	58.393116	-84.516106	-44.88155	0.7	67933991	21462.26588153839
338	-499.57404	-499.57404	-357.15503	-44.894165	9.250463	64.85984	-75.14322	-44.897247	0.7	68134991	21525.592588186264
339	-488.99927	-488.99927	-312.53323	-44.92397	9.171582	68.19435	-81.23486	-44.9252	0.9	68335991	21588.401719093323
340	-487.86597	-487.86597	-206.29474	-44.92539	9.195801	62.90391	-76.93171	-44.9297	0.9	68536991	21651.053744077682
341	-482.6056	-482.6056	-279.59683	-44.891094	9.216081	69.848465	-75.68491	-44.89514	0.8	68737991	21713.83841276169
342	-428.4552	-428.4552	-329.36447	-44.88424	9.211474	46.78396	-74.0087	-44.886837	0.8	68938991	21776.85880637169
343	-447.0769	-447.0769	-278.53262	-44.884724	9.219628	67.20333	-78.050606	-44.888424	0.7	69139982	21839.96061015129
344	-463.7841	-463.7841	-300.86887	-44.889713	9.179945	91.38889	-77.6821	-44.89079	0.8	69340991	21903.00059580803
345	-478.60547	-478.60547	-253.23389	-44.84927	9.253927	73.489395	-83.928505	-44.85038	0.9	69541987	21966.102643489838
346	-509.70493	-509.70493	-314.45963	-44.89324	9.168915	56.416653	-75.95964	-44.89999	0.9	69742991	22028.85787844658
347	-515.8514	-515.8514	-351.31665	-44.93407	9.126779	81.70151	-76.00128	-44.935818	0.9	69943991	22091.507397174835
348	-456.77667	-456.77667	-291.98538	-44.896465	9.163919	47.64211	-79.89513	-44.900433	0.8	70144991	22154.076640605927
349	-475.87305	-475.87305	-345.19098	-44.87319	9.161018	58.4543	-74.38317	-44.875023	0.9	70345991	22217.04082965851
350	-449.4129	-449.4129	-312.2967	-44.865364	9.191126	54.087257	-75.98145	-44.86985	0.7	70546991	22279.8025598526
351	-473.73367	-473.73367	-203.44012	-44.898743	9.120868	56.495487	-78.8006	-44.902878	0.7	70747991	22342.648550510406
352	-490.42087	-490.42087	-372.5546	-44.83707	9.179369	47.051804	-76.742165	-44.839188	0.9	70948991	22406.411092996597
353	-426.10574	-426.10574	-257.7991	-44.882763	9.114448	44.413437	-77.78833	-44.88562	0.5	71149991	22469.172506809235
354	-458.93884	-458.93884	-290.1527	-44.86121	9.11548	56.562485	-81.17337	-44.865604	1.0	71350984	22532.19756412506
355	-422.1131	-422.1131	-370.04953	-44.801674	9.178255	76.75064	-74.827614	-44.803272	0.6	71551991	22594.460116386414
356	-454.80746	-454.80746	-275.22955	-44.8506	9.116436	48.97126	-75.16465	-44.85207	0.9	71752991	22657.486626386642
357	-461.34323	-461.34323	-286.21112	-44.854843	9.082546	62.13548	-74.845764	-44.858734	0.7	71953985	22720.86470890045
358	-493.1457	-493.1457	-242.62617	-44.86861	9.125539	46.447033	-76.541084	-44.87268	0.9	72154991	22783.777522325516
359	-454.95648	-454.95648	-211.7206	-44.849792	9.088344	75.35807	-75.917885	-44.85359	0.8	72355991	22847.19624018669
360	-427.9495	-427.9495	-283.802	-44.858818	9.055235	56.980343	-74.268616	-44.860004	0.9	72556991	22910.225672721863
361	-499.59665	-499.59665	-250.39496	-44.827312	9.086451	43.55747	-79.14484	-44.831493	1.0	72757986	22973.67027759552
362	-478.23203	-478.23203	-225.05156	-44.85152	9.06704	55.63806	-74.71125	-44.851944	0.7	72958991	23036.44771361351
363	-447.13077	-447.13077	-339.2649	-44.843906	9.043605	53.101242	-76.62682	-44.84617	0.8	73159988	23099.5639834404
364	-494.2161	-494.2161	-321.24182	-44.815716	9.092592	51.84875	-74.225395	-44.81778	0.8	73360986	23162.21449947357
365	-449.761	-449.761	-250.30093	-44.813805	9.090737	57.678272	-79.6995	-44.817646	0.9	73561991	23225.17119526863
366	-504.51794	-504.51794	-342.0413	-44.810047	9.086906	64.67287	-73.79128	-44.812878	0.9	73762983	23288.37176322937
367	-420.1709	-420.1709	-258.7385	-44.77258	9.107393	42.2479	-76.99264	-44.775402	0.9	73963991	23352.002656936646
368	-407.1681	-407.1681	-262.0469	-44.8339	9.059242	60.919518	-76.342766	-44.83757	0.9	74164991	23415.198226690292
369	-409.29935	-409.29935	-226.21803	-44.824535	9.04948	74.56395	-75.138374	-44.826553	0.8	74365991	23478.335462331772
370	-440.00143	-440.00143	-326.87692	-44.79993	9.1041355	53.30847	-73.701	-44.80157	0.7	74566991	23541.2488822937
371	-460.12708	-460.12708	-267.824	-44.83072	9.017277	68.39544	-75.53092	-44.83419	0.9	74767983	23604.27040863037
372	-468.57642	-468.57642	-288.55344	-44.8042	9.046187	42.371784	-75.05128	-44.80617	0.7	74968991	23667.399485349655
373	-420.66125	-420.66125	-262.38696	-44.810123	9.02357	52.658745	-74.69476	-44.81545	1.0	75169985	23730.544679641724
374	-427.1947	-427.1947	-284.83255	-44.78451	9.047381	61.96422	-73.75817	-44.78829	0.9	75370991	23793.70383453369
375	-435.71082	-435.71082	-276.30954	-44.820515	9.010517	39.73191	-77.12594	-44.821224	0.6	75571991	23856.1100025177
376	-428.30313	-428.30313	-383.82	-44.80306	9.032895	46.80093	-75.036385	-44.803635	0.7	75772985	23919.584906339645
377	-464.11346	-464.11346	-263.3428	-44.77862	9.014889	55.51028	-73.67404	-44.783264	0.6	75973990	23982.82385134697
378	-494.30017	-494.30017	-293.38974	-44.76667	9.079301	87.766106	-77.73695	-44.770966	1.0	76174991	24045.46838068962
379	-457.06152	-457.06152	-220.40163	-44.78425	9.017575	50.101303	-72.31156	-44.78581	0.6	76375991	24108.155858278275
380	-469.61423	-469.61423	-231.3648	-44.80508	8.981907	50.36314	-74.74663	-44.808865	0.7	76576991	24170.993128061295
381	-476.20547	-476.20547	-264.18628	-44.79902	9.010353	51.526054	-73.47942	-44.803085	1.0	76777991	24233.851055145264
382	-405.91003	-405.91003	-452.73163	-44.773674	9.006568	65.51185	-75.49097	-44.774067	0.5	76978991	24296.611275434494
383	-470.50238	-470.50238	-345.71716	-44.790028	9.002489	129.41011	-74.993	-44.792664	0.9	77179991	24360.3798019886
384	-453.5951	-453.5951	-195.73158	-44.778706	9.012495	50.26171	-76.158226	-44.77932	0.8	77380988	24423.25072813034
385	-425.81696	-425.81696	-308.33475	-44.798786	8.961172	58.256805	-73.242035	-44.802647	0.6	77581982	24486.431339502335
386	-438.05313	-438.05313	-318.53644	-44.807827	8.962392	56.759705	-76.85793	-44.809746	0.6	77782991	24549.081368923187
387	-499.71988	-499.71988	-248.29825	-44.76818	8.990942	60.457035	-74.69674	-44.771885	1.0	77983991	24612.30934238434
388	-457.23734	-457.23734	-301.57742	-44.719307	9.008019	47.689804	-74.24502	-44.72227	0.8	78184981	24675.253588199615
389	-466.9581	-466.9581	-274.41867	-44.759068	8.977592	54.198433	-73.30768	-44.763252	0.8	78385991	24738.026772260666
390	-451.37155	-451.37155	-270.49557	-44.797188	8.934054	58.628292	-75.19112	-44.79872	0.8	78586991	24800.904193639755
391	-408.73077	-408.73077	-192.53642	-44.74043	8.972805	73.04429	-78.77275	-44.740932	0.7	78787982	24863.72425699234
392	-463.31555	-463.31555	-348.2011	-44.73104	8.991799	59.248684	-75.80178	-44.738308	1.0	78988991	24927.30978536606
393	-457.48636	-457.48636	-277.62024	-44.79722	8.912745	79.94192	-73.946465	-44.798363	0.8	79189991	24990.47662138939
394	-448.40915	-448.40915	-298.06616	-44.765617	8.948523	41.043514	-73.29073	-44.768505	0.9	79390991	25054.730041742325
395	-465.04886	-465.04886	-302.17032	-44.76011	8.923406	54.9982	-72.236176	-44.762447	0.6	79591991	25118.172443389893
396	-469.2441	-469.2441	-287.02707	-44.756207	8.926655	62.783558	-80.73218	-44.757416	1.0	79792988	25180.43100452423
397	-406.66226	-406.66226	-336.06128	-44.77199	8.900151	47.558475	-74.55509	-44.771133	0.8	79993991	25242.862614631653
398	-434.42722	-434.42722	-352.59106	-44.74346	8.939853	103.99566	-79.83196	-44.748737	0.9	80194991	25305.444312095642
399	-441.0509	-441.0509	-247.98065	-44.76767	8.89605	67.15907	-76.298904	-44.770714	0.9	80395991	25368.670288562775
400	-465.75687	-465.75687	-243.63226	-44.724842	8.894597	64.72531	-77.74796	-44.727844	0.8	80596988	25431.431025266647
401	-432.47305	-432.47305	-269.3524	-44.732212	8.907451	50.761276	-80.82828	-44.734077	0.9	80797991	25494.227662324905
402	-449.92032	-449.92032	-269.49628	-44.72392	8.913617	48.284348	-79.365944	-44.72338	0.8	80998982	25557.04125213623
403	-448.92017	-448.92017	-252.05092	-44.717274	8.915936	60.616272	-79.26058	-44.718872	0.8	81199991	25620.51668047905
404	-467.3906	-467.3906	-301.05698	-44.700108	8.945577	105.45013	-76.28191	-44.70401	1.0	81400991	25683.635957956314
405	-493.2284	-493.2284	-283.70163	-44.71472	8.927869	65.27214	-79.83257	-44.715904	0.9	81601991	25746.240199565887
406	-415.80942	-415.80942	-255.03986	-44.720547	8.89524	52.55869	-76.56571	-44.72099	0.9	81802991	25809.43743467331
407	-482.22522	-482.22522	-254.74556	-44.727993	8.885031	83.90323	-77.62636	-44.73026	1.0	82003991	25872.659427642822
408	-411.6539	-411.6539	-300.01883	-44.73223	8.85858	61.651802	-77.98354	-44.73262	0.8	82204991	25936.138241052628
409	-448.35214	-448.35214	-273.3645	-44.73632	8.860417	60.055607	-76.383484	-44.737667	0.9	82405991	25999.782219409943
410	-496.02863	-496.02863	-262.1776	-44.703392	8.867983	73.13766	-77.73323	-44.702477	0.8	82606991	26063.11890053749
411	-429.59317	-429.59317	-239.05713	-44.68596	8.864167	55.347336	-74.58622	-44.68684	0.8	82807981	26126.048183202744
412	-458.8656	-458.8656	-174.70856	-44.71544	8.871317	62.566742	-75.13224	-44.718067	0.7	83008983	26189.01392889023
413	-429.7414	-429.7414	-339.0508	-44.71906	8.860437	59.16279	-77.33127	-44.723316	0.7	83209991	26252.024988651276
414	-505.41956	-505.41956	-279.48587	-44.6825	8.873354	49.82225	-77.817894	-44.68483	0.8	83410991	26314.848973751068
415	-463.02835	-463.02835	-318.63626	-44.65701	8.878592	62.355503	-75.32639	-44.65458	0.9	83611991	26377.97187948227
416	-451.87698	-451.87698	-231.61334	-44.68729	8.864397	113.03756	-75.637955	-44.68877	0.9	83812991	26441.278665065765
417	-466.1914	-466.1914	-283.9026	-44.690372	8.850384	48.16858	-75.69071	-44.69178	1.0	84013991	26505.308505773544
418	-451.4933	-451.4933	-198.91734	-44.650288	8.881567	58.421047	-75.49025	-44.650883	0.8	84214991	26568.794420480728
419	-401.64563	-401.64563	-277.7017	-44.675045	8.873522	50.57358	-73.57673	-44.67903	0.8	84415991	26632.076247692108
420	-450.30945	-450.30945	-273.07245	-44.6843	8.854158	53.0172	-75.61272	-44.687267	0.8	84616991	26695.223435401917
421	-424.98804	-424.98804	-325.8944	-44.662907	8.847578	51.168785	-73.92142	-44.666603	0.7	84817983	26758.7012488842
422	-401.96152	-401.96152	-263.97662	-44.657322	8.883865	53.51325	-74.486046	-44.658104	0.8	85018991	26821.713057756424
423	-427.12418	-427.12418	-350.16705	-44.65275	8.854634	62.567673	-77.43498	-44.65611	0.8	85219991	26885.171708106995
424	-438.18726	-438.18726	-328.60083	-44.643063	8.842985	48.096863	-76.45987	-44.643436	0.5	85420991	26948.459321975708
425	-422.6445	-422.6445	-240.5395	-44.66475	8.816434	53.242367	-74.881615	-44.66708	0.8	85621991	27011.561089515686
426	-467.69687	-467.69687	-193.38927	-44.681854	8.844701	134.07883	-75.76542	-44.684933	0.8	85822991	27074.512347221375
427	-451.46652	-451.46652	-333.62457	-44.62266	8.868271	67.65874	-79.77575	-44.623886	0.7	86023991	27137.34035563469
428	-426.6816	-426.6816	-295.76367	-44.649635	8.821545	83.84962	-80.10993	-44.65116	1.0	86224991	27200.02178835869
429	-459.3734	-459.3734	-298.76932	-44.639385	8.823167	58.5724	-76.96277	-44.638	0.7	86425988	27263.344506025314
430	-431.83942	-431.83942	-267.13458	-44.612396	8.855056	140.16112	-73.97408	-44.614494	1.0	86626991	27325.93469285965
431	-426.95523	-426.95523	-310.44504	-44.63713	8.803894	53.138958	-73.77986	-44.639305	0.8	86827991	27388.910337924957
432	-433.21152	-433.21152	-217.37804	-44.642662	8.780469	52.58782	-75.10302	-44.642727	0.7	87028988	27452.242032051086
433	-440.1687	-440.1687	-304.74802	-44.644615	8.826733	56.54213	-75.71312	-44.649105	0.9	87229991	27514.9594912529
434	-453.78088	-453.78088	-281.2374	-44.656334	8.770086	43.94126	-73.77619	-44.65527	0.9	87430982	27577.46739935875
435	-480.29636	-480.29636	-320.37183	-44.63068	8.801533	61.663494	-77.194916	-44.63339	0.9	87631988	27640.10744023323
436	-454.4506	-454.4506	-315.9065	-44.647717	8.755956	50.09207	-73.98528	-44.65077	0.9	87832991	27703.114532232285
437	-510.44446	-510.44446	-312.91125	-44.629044	8.782755	47.0031	-74.25765	-44.629524	1.0	88033991	27766.370937347412
438	-423.57797	-423.57797	-273.77463	-44.619286	8.775476	42.883587	-74.38263	-44.62102	0.9	88234991	27829.398445367813
439	-420.23407	-420.23407	-256.6851	-44.636547	8.764977	64.37421	-75.026276	-44.637657	0.8	88435991	27892.163653612137
440	-431.59427	-431.59427	-250.78995	-44.62993	8.750226	47.73657	-77.19658	-44.629845	0.9	88636990	27954.656103610992
441	-427.02216	-427.02216	-338.84015	-44.613045	8.754009	39.387875	-78.636185	-44.614227	0.9	88837983	28017.061787366867
442	-431.89163	-431.89163	-260.83963	-44.58471	8.794812	73.10058	-78.01147	-44.585564	1.0	89038987	28079.8897960186
443	-470.7037	-470.7037	-224.24599	-44.616962	8.774107	54.208164	-75.72369	-44.617588	0.6	89239991	28142.42905855179
444	-451.39233	-451.39233	-339.57178	-44.59979	8.792362	58.170464	-78.99065	-44.6017	1.0	89440991	28205.147393226624
445	-440.27823	-440.27823	-303.0281	-44.639324	8.753155	65.6789	-74.98789	-44.637283	0.8	89641991	28267.657338619232
446	-425.61465	-425.61465	-257.85144	-44.58514	8.741395	42.877293	-79.45639	-44.588516	0.7	89842991	28330.442458629608
447	-446.61032	-446.61032	-274.17752	-44.58259	8.776833	53.39835	-75.53811	-44.580128	0.9	90043991	28393.642632961273
448	-420.26233	-420.26233	-260.58664	-44.583797	8.781192	60.236008	-75.72063	-44.588734	0.9	90244991	28456.725568771362
449	-447.78827	-447.78827	-284.57578	-44.616047	8.716321	40.66335	-73.32975	-44.62011	0.8	90445988	28520.039820194244
450	-458.1201	-458.1201	-252.90498	-44.55845	8.736238	44.56692	-75.180244	-44.55681	0.8	90646991	28582.914416074753
451	-436.09973	-436.09973	-294.11682	-44.56783	8.763921	41.433655	-76.02021	-44.568077	0.9	90847991	28647.035007476807
452	-465.9008	-465.9008	-195.95767	-44.557068	8.798463	44.37147	-74.27029	-44.55715	0.9	91048991	28710.270749807358
453	-447.59586	-447.59586	-220.39604	-44.59011	8.726325	47.893646	-72.49178	-44.593597	0.8	91249991	28773.41391825676
454	-426.71036	-426.71036	-196.81252	-44.600216	8.745927	44.03419	-74.97321	-44.600754	0.9	91450991	28836.544659614563
455	-427.19672	-427.19672	-286.51877	-44.607506	8.704156	68.70599	-76.85396	-44.608887	0.8	91651991	28899.79955983162
456	-455.16132	-455.16132	-275.8661	-44.570522	8.732271	50.098526	-73.78721	-44.5703	0.8	91852991	28962.964698791504
457	-430.0232	-430.0232	-254.96196	-44.61514	8.687284	61.0262	-74.40819	-44.614754	0.9	92053991	29026.37219119072
458	-441.74023	-441.74023	-265.52103	-44.538322	8.743037	49.07905	-76.47296	-44.540165	0.9	92254991	29089.376759052277
459	-469.69055	-469.69055	-295.71286	-44.537643	8.723048	93.25392	-74.19074	-44.538506	0.9	92455991	29152.458122491837
460	-451.4789	-451.4789	-208.23187	-44.547363	8.70668	69.84924	-73.22263	-44.551212	0.7	92656991	29215.66841363907
461	-435.93155	-435.93155	-295.3242	-44.57871	8.706208	82.028824	-73.295685	-44.57753	1.0	92857991	29279.008086681366
462	-436.16565	-436.16565	-255.15038	-44.555904	8.715825	62.401943	-73.953545	-44.554554	0.8	93058984	29341.945363998413
463	-426.4	-426.4	-272.36807	-44.531387	8.710488	67.26751	-79.09924	-44.53162	0.8	93259991	29405.248871564865
464	-495.49548	-495.49548	-252.19833	-44.5256	8.701448	69.63131	-74.68527	-44.52809	1.0	93460991	29468.17664217949
465	-464.1475	-464.1475	-277.95706	-44.561203	8.703961	56.564983	-74.66204	-44.560867	0.8	93661989	29531.20215511322
466	-411.85486	-411.85486	-299.38797	-44.530334	8.698304	60.853676	-73.4218	-44.530605	1.0	93862981	29594.47002005577
467	-467.50476	-467.50476	-236.90358	-44.540813	8.688218	57.368137	-74.20624	-44.54133	1.0	94063991	29657.66707587242
468	-442.06317	-442.06317	-306.6226	-44.522182	8.69947	44.768524	-75.287895	-44.52309	0.8	94264991	29721.003743171692
469	-446.64438	-446.64438	-297.67984	-44.52637	8.707819	49.938416	-73.97272	-44.5264	0.8	94465990	29783.808847665787
470	-421.68008	-421.68008	-239.86229	-44.524128	8.683541	51.729694	-74.2387	-44.525932	0.8	94666991	29846.729642391205
471	-468.86646	-468.86646	-277.1488	-44.520836	8.698013	38.393253	-74.69195	-44.524166	0.6	94867991	29909.475901842117
472	-445.39917	-445.39917	-266.72662	-44.525887	8.669882	50.74218	-76.48715	-44.525818	0.9	95068991	29972.82207107544
473	-414.1359	-414.1359	-304.57062	-44.50429	8.693228	56.80513	-74.830315	-44.506306	1.0	95269991	30035.50849032402
474	-426.8966	-426.8966	-288.0387	-44.532352	8.672629	71.080894	-74.91891	-44.532135	1.0	95470991	30098.58690214157
475	-429.7496	-429.7496	-336.48517	-44.503193	8.690714	43.83184	-76.42228	-44.504105	0.6	95671991	30161.53730416298
476	-412.1484	-412.1484	-241.13951	-44.51589	8.640407	42.48792	-75.860016	-44.516117	0.8	95872991	30224.571793794632
477	-428.77417	-428.77417	-328.436	-44.552692	8.611824	43.0017	-76.6397	-44.552315	1.0	96073991	30287.429754257202
478	-433.34888	-433.34888	-305.86484	-44.53729	8.63198	57.05597	-74.615005	-44.536385	0.9	96274991	30350.712581396103
479	-431.40845	-431.40845	-199.68779	-44.477562	8.656792	54.654495	-74.0483	-44.478874	0.8	96475991	30413.47132372856
480	-379.1843	-379.1843	-345.4316	-44.527657	8.615481	47.30906	-75.952286	-44.530396	0.9	96676989	30476.69282436371
481	-396.6783	-396.6783	-186.42279	-44.46511	8.658724	43.85807	-71.58115	-44.4662	0.8	96877991	30540.090851306915
482	-391.86115	-391.86115	-274.18976	-44.491096	8.614292	42.92834	-72.61886	-44.491367	0.9	97078991	30602.729398727417
483	-476.51077	-476.51077	-230.92125	-44.496365	8.601781	49.11402	-75.171234	-44.4978	1.0	97279991	30665.562427520752
484	-441.40042	-441.40042	-246.02988	-44.510082	8.587108	62.681927	-75.66905	-44.50914	0.9	97480982	30728.25084042549
485	-425.07245	-425.07245	-264.84113	-44.493553	8.645102	77.01063	-76.87709	-44.49186	1.0	97681987	30790.901865959167
486	-428.3849	-428.3849	-246.52858	-44.474903	8.649922	51.709213	-74.63671	-44.475544	0.7	97882986	30853.524964571
487	-461.73935	-461.73935	-226.24068	-44.518726	8.591111	38.05334	-75.244514	-44.520702	0.9	98083991	30916.442277431488
488	-423.51233	-423.51233	-241.84557	-44.45976	8.628707	59.624683	-73.5731	-44.458958	0.5	98284991	30979.264174222946
489	-455.01978	-455.01978	-223.55421	-44.488075	8.625887	51.98476	-72.99932	-44.48805	0.8	98485991	31041.832456350327
490	-460.8007	-460.8007	-198.72511	-44.479053	8.629775	62.154278	-75.29167	-44.47875	0.8	98686989	31104.824022769928
491	-418.76312	-418.76312	-235.81691	-44.46957	8.629593	43.159714	-75.63637	-44.467716	0.9	98887991	31167.263115882874
492	-452.05603	-452.05603	-164.10234	-44.45699	8.634129	67.1052	-72.18397	-44.461086	0.8	99088991	31230.451002836227
493	-431.49402	-431.49402	-154.39061	-44.496063	8.557452	45.5573	-74.577156	-44.496098	0.4	99289991	31293.08356499672
494	-463.82718	-463.82718	-286.69705	-44.435738	8.643222	60.682953	-74.240814	-44.436916	0.8	99490991	31356.12183690071
495	-379.68713	-379.68713	-337.20703	-44.469585	8.553433	56.216778	-73.86701	-44.467613	0.8	99691991	31418.910981416702
496	-444.98593	-444.98593	-221.41983	-44.427868	8.596372	41.275875	-76.45104	-44.428204	1.0	99892991	31481.737028360367
497	-420.51535	-420.51535	-232.96051	-44.453304	8.608064	45.270313	-76.11947	-44.45202	0.9	100093991	31544.672783136368
498	-429.2932	-429.2932	-331.32858	-44.47791	8.56023	46.34961	-75.158775	-44.481667	0.9	100294991	31607.05668568611
499	-456.0986	-456.0986	-187.39386	-44.458546	8.5969515	72.607765	-75.37893	-44.456726	0.8	100495991	31669.380074739456
