Epoch	EpRet	EpRealRet	TestEpRet	AverageQ1	StdQ1	MaxQ1	MinQ1	Q2	TestSuccess	TotalEnvInteracts	TotalTime
0	-62.256393	-62.256393	0.0	-42.09522	15.097856	4.578897	-94.72143	-42.130848	0.2	196981	69.4441409111023
1	-65.60837	-65.60837	0.0	-44.101696	14.4517145	6.3145795	-63.00375	-44.10486	0.1	397981	137.32000946998596
2	-64.238625	-64.238625	0.0	-45.179844	12.847119	2.4690387	-71.99824	-45.179073	0.0	598981	196.2071418762207
3	-58.699127	-58.699127	0.0	-45.65541	12.143215	4.3525043	-67.24952	-45.655388	0.0	799981	256.01673460006714
4	-63.161556	-63.161556	0.0	-45.711384	11.975437	5.4890223	-64.74914	-45.71081	0.0	1000981	322.4362270832062
5	-54.620148	-54.620148	0.0	-45.944527	11.826606	3.553979	-65.379395	-45.944283	0.2	1201981	385.6227231025696
6	-69.583374	-69.583374	0.0	-46.052124	11.724028	4.3692265	-64.556915	-46.05191	0.1	1402981	455.007887840271
7	-65.18796	-65.18796	0.0	-46.349163	11.309155	3.2242658	-59.73927	-46.349144	0.0	1603981	519.5702173709869
8	-61.96802	-61.96802	0.0	-46.52988	11.144667	3.5325089	-66.170105	-46.52983	0.0	1804981	587.4869675636292
9	-66.81061	-66.81061	0.0	-46.285946	11.527473	4.631643	-69.162674	-46.285873	0.2	2005981	654.5367505550385
10	-80.57431	-80.57431	0.0	-46.420357	11.448607	3.6411536	-63.08406	-46.4204	0.2	2206981	725.5968098640442
11	-64.7501	-64.7501	0.0	-46.434803	11.515789	6.609242	-65.484375	-46.434998	0.0	2407981	794.5468533039093
12	-67.42568	-67.42568	0.0	-46.456512	11.50966	3.5156448	-69.01452	-46.45649	0.1	2608981	862.9570610523224
13	-69.25181	-69.25181	0.0	-46.615105	11.314969	3.6409817	-56.911114	-46.614944	0.0	2809981	929.9785141944885
14	-72.49226	-72.49226	0.0	-46.675343	11.265038	4.0578027	-66.670746	-46.675507	0.0	3010981	1000.8146126270294
15	-67.30282	-67.30282	0.0	-46.60729	11.420512	6.240371	-65.46197	-46.60732	0.0	3211981	1067.2829246520996
16	-59.58053	-59.58053	0.0	-46.685345	11.282151	6.015232	-63.9962	-46.685604	0.1	3412981	1133.878793001175
17	-66.53106	-66.53106	0.0	-46.623398	11.370338	3.8796034	-64.073555	-46.623352	0.0	3613981	1201.4969244003296
18	-57.404972	-57.404972	0.0	-46.6258	11.330098	7.194246	-64.04414	-46.625877	0.0	3814981	1270.8462409973145
19	-59.601166	-59.601166	0.0	-46.559414	11.431494	6.4872766	-67.541306	-46.55912	0.2	4015981	1341.6961641311646
20	-57.718403	-57.718403	0.0	-46.54492	11.437264	5.77389	-57.224674	-46.545033	0.1	4216981	1414.3340992927551
21	-61.759815	-61.759815	0.0	-46.44826	11.629233	7.195188	-64.128235	-46.44845	0.0	4417981	1482.467941045761
22	-60.17864	-60.17864	0.0	-46.37974	11.72606	4.759565	-60.458282	-46.379856	0.1	4618981	1559.8477518558502
23	-66.27898	-66.27898	0.0	-46.35054	11.800545	4.0476494	-59.161934	-46.350433	0.2	4819981	1646.6701312065125
24	-60.601562	-60.601562	0.0	-46.415398	11.72031	5.7369795	-70.69719	-46.41562	0.0	5020981	1720.997386455536
25	-62.676258	-62.676258	0.0	-46.454147	11.685669	5.082296	-64.79047	-46.45434	0.2	5221981	1791.5174918174744
26	-54.13906	-54.13906	0.0	-46.44787	11.669838	5.016954	-73.69093	-46.447956	0.1	5422981	1874.1785435676575
27	-67.289955	-67.289955	0.0	-46.509605	11.608403	4.7147207	-69.170654	-46.50992	0.0	5623981	1941.7838134765625
28	-71.30381	-71.30381	0.0	-46.498505	11.614393	7.548623	-63.098347	-46.498898	0.1	5824981	2012.7204513549805
29	-65.5552	-65.5552	0.0	-46.431553	11.715743	3.2702057	-66.64625	-46.431423	0.0	6025981	2084.8528804779053
30	-60.689648	-60.689648	0.0	-46.43346	11.69439	5.135175	-68.574066	-46.433426	0.3	6226981	2154.5076775550842
31	-59.73941	-59.73941	0.0	-46.321163	11.851254	6.409307	-65.072334	-46.321495	0.1	6427981	2223.1659862995148
32	-65.164764	-65.164764	0.0	-46.373714	11.766602	4.4719257	-68.86908	-46.374184	0.2	6628981	2292.767915248871
33	-58.586323	-58.586323	0.0	-46.363487	11.78112	5.791879	-66.96187	-46.36353	0.3	6829981	2367.305469274521
34	-62.754364	-62.754364	0.0	-46.382496	11.743924	11.161133	-66.20011	-46.38247	0.2	7030981	2440.224069595337
35	-64.6607	-64.6607	0.0	-46.479034	11.5947895	5.232612	-75.68403	-46.47921	0.2	7231981	2506.229815006256
36	-64.976974	-64.976974	0.0	-46.517467	11.548205	8.026178	-65.11489	-46.517696	0.0	7432981	2570.884767770767
37	-58.982613	-58.982613	0.0	-46.50222	11.585162	5.566775	-62.976727	-46.502525	0.1	7633981	2635.4793581962585
38	-84.65671	-84.65671	0.0	-46.51903	11.569386	5.6153708	-62.7726	-46.51871	0.2	7834981	2702.79247713089
39	-59.39682	-59.39682	0.0	-46.602062	11.453993	6.180276	-68.533455	-46.6025	0.0	8035981	2767.1421682834625
40	-55.166817	-55.166817	0.0	-46.576057	11.480849	11.778933	-68.61482	-46.576096	0.0	8236981	2833.154366493225
41	-65.19102	-65.19102	0.0	-46.583508	11.443896	6.222068	-62.539513	-46.58343	0.0	8437981	2895.5532450675964
42	-62.11886	-62.11886	0.0	-46.586433	11.4602165	9.141415	-68.21503	-46.586857	0.3	8638981	2961.092300891876
43	-57.112648	-57.112648	0.0	-46.58582	11.442844	13.471254	-59.273228	-46.585876	0.0	8839981	3025.4772005081177
44	-64.10704	-64.10704	0.0	-46.592777	11.435968	6.4952965	-69.301285	-46.593216	0.1	9040981	3092.29705619812
45	-61.22295	-61.22295	0.0	-46.601284	11.4127445	8.445551	-64.25877	-46.601524	0.1	9241981	3160.0476026535034
46	-53.903976	-53.903976	0.0	-46.619484	11.381956	7.863104	-66.68692	-46.620083	0.0	9442981	3227.731290578842
47	-63.13237	-63.13237	0.0	-46.64059	11.363339	14.350011	-59.699287	-46.640965	0.1	9643981	3292.9093070030212
48	-64.9618	-64.9618	0.0	-46.60353	11.424586	4.956355	-61.733982	-46.604065	0.1	9844981	3361.174391269684
49	-64.68953	-64.68953	0.0	-46.605846	11.404739	5.150457	-67.553955	-46.606007	0.0	10045981	3425.650597333908
50	-59.110596	-59.110596	0.0	-46.60829	11.409572	11.475888	-64.74793	-46.608536	0.0	10246981	3495.3382942676544
51	-63.16078	-63.16078	0.0	-46.651867	11.348097	7.0707903	-63.851078	-46.651867	0.1	10447981	3564.461163043976
52	-58.731415	-58.731415	0.0	-46.65194	11.352542	6.4340687	-67.24273	-46.65246	0.0	10648981	3636.1919860839844
53	-58.440384	-58.440384	0.0	-46.639854	11.362073	6.646532	-70.65925	-46.639523	0.1	10849981	3706.5128836631775
54	-60.254074	-60.254074	0.0	-46.625965	11.390975	7.553802	-64.84909	-46.626408	0.1	11050981	3773.9405703544617
55	-61.66353	-61.66353	0.0	-46.61501	11.413917	6.162802	-69.74191	-46.615463	0.1	11251981	3846.078106880188
56	-62.91536	-62.91536	0.0	-46.60933	11.408859	8.778955	-67.9325	-46.609173	0.0	11452981	3917.7535738945007
57	-70.70846	-70.70846	0.0	-46.58109	11.452685	5.478693	-61.713028	-46.58062	0.1	11653981	3987.269600391388
58	-71.30695	-71.30695	0.0	-46.619167	11.413078	7.121798	-64.63692	-46.619286	0.0	11854981	4058.062734603882
59	-65.37497	-65.37497	0.0	-46.642563	11.380072	5.872443	-68.73709	-46.642807	0.0	12055981	4128.24377655983
60	-62.667824	-62.667824	0.0	-46.56765	11.49447	10.578574	-66.970345	-46.567635	0.0	12256981	4196.726714134216
61	-62.29185	-62.29185	0.0	-46.581722	11.473466	6.613126	-81.101105	-46.582058	0.1	12457981	4264.801236867905
62	-72.09744	-72.09744	0.0	-46.626488	11.416532	6.8346696	-66.2431	-46.627514	0.0	12658981	4328.196762084961
63	-53.836445	-53.836445	0.0	-46.57703	11.463124	8.329102	-68.43247	-46.57776	0.0	12859981	4391.419085264206
64	-55.35512	-55.35512	0.0	-46.56604	11.480035	5.51441	-63.98828	-46.566544	0.1	13060981	4454.98594045639
65	-67.587814	-67.587814	0.0	-46.542828	11.505087	5.918135	-60.193592	-46.542976	0.2	13261981	4520.193534374237
66	-59.073532	-59.073532	0.0	-46.5516	11.486762	6.627068	-71.40915	-46.55358	0.1	13462981	4583.347946882248
67	-60.79875	-60.79875	0.0	-46.492218	11.581321	12.23841	-72.549515	-46.49415	0.0	13663981	4646.508905410767
68	-67.34397	-67.34397	0.0	-46.517113	11.5565815	13.464441	-70.02354	-46.518764	0.0	13864981	4709.658704042435
69	-67.08223	-67.08223	0.0	-46.538746	11.530221	8.06457	-61.874294	-46.539333	0.1	14065981	4773.302462339401
70	-67.247795	-67.247795	0.0	-46.538086	11.526714	8.50591	-60.8361	-46.538605	0.1	14266981	4837.153544664383
71	-69.20325	-69.20325	0.0	-46.520836	11.574468	9.824211	-62.82928	-46.521233	0.1	14467981	4901.083310842514
72	-68.61424	-68.61424	0.0	-46.582027	11.495401	9.981543	-68.50588	-46.581745	0.2	14668981	4964.841755151749
73	-62.926395	-62.926395	0.0	-46.54348	11.531774	18.735123	-65.66623	-46.54397	0.0	14869981	5028.734375715256
74	-59.54972	-59.54972	0.0	-46.469296	11.667326	6.471025	-70.81131	-46.46973	0.0	15070981	5093.067268848419
75	-61.92951	-61.92951	0.0	-46.446865	11.722915	5.8492765	-64.17051	-46.447906	0.1	15271981	5156.542469739914
76	-67.54614	-67.54614	0.0	-46.46778	11.672728	4.80451	-71.42145	-46.468933	0.3	15472981	5218.284152269363
77	-53.881554	-53.881554	0.0	-46.45984	11.6804	12.280539	-63.81217	-46.46185	0.1	15673981	5280.585344552994
78	-67.96119	-67.96119	0.0	-46.447968	11.725492	5.7830853	-71.43726	-46.44867	0.1	15874981	5343.176764249802
79	-61.306133	-61.306133	0.0	-46.469215	11.681144	14.194321	-69.4247	-46.470802	0.0	16075981	5405.260143518448
80	-59.078632	-59.078632	0.0	-46.471855	11.693533	14.037766	-68.75152	-46.4741	0.0	16276981	5467.384026765823
81	-70.04364	-70.04364	0.0	-46.51797	11.62033	7.935534	-70.325035	-46.5195	0.1	16477981	5528.801352024078
82	-52.5551	-52.5551	0.0	-46.5289	11.601675	5.8776116	-70.00153	-46.530125	0.1	16678981	5590.595156669617
83	-64.88038	-64.88038	0.0	-46.478073	11.666952	7.0542336	-69.69385	-46.47885	0.1	16879981	5652.75594162941
84	-62.921253	-62.921253	0.0	-46.526413	11.588409	10.135785	-68.77297	-46.527683	0.2	17080981	5714.914813995361
85	-55.287045	-55.287045	0.0	-46.480953	11.656019	8.049191	-68.129425	-46.48208	0.1	17281981	5776.605971574783
86	-69.9935	-69.9935	0.0	-46.479633	11.669991	8.5729065	-71.53273	-46.48043	0.1	17482981	5838.5064651966095
87	-73.395355	-73.395355	0.0	-46.453056	11.695765	8.481067	-65.02229	-46.454216	0.1	17683981	5899.975753068924
88	-69.10659	-69.10659	0.0	-46.43501	11.72986	9.996809	-60.38758	-46.436066	0.2	17884981	5961.89217877388
89	-73.40033	-73.40033	0.0	-46.451958	11.682389	7.4366965	-65.371475	-46.452618	0.2	18085981	6023.782939910889
90	-70.54571	-70.54571	0.0	-46.449383	11.680423	5.665894	-62.169006	-46.44971	0.1	18286981	6085.392593622208
91	-54.49978	-54.49978	0.0	-46.48292	11.63444	7.0303726	-64.73969	-46.483456	0.0	18487981	6147.086871147156
92	-47.88026	-47.88026	0.0	-46.461483	11.676619	13.597056	-64.06337	-46.46416	0.1	18688981	6208.96097278595
93	-63.142315	-63.142315	0.0	-46.44028	11.708256	11.002722	-69.23657	-46.443157	0.1	18889981	6271.057535409927
94	-66.68198	-66.68198	0.0	-46.43978	11.711796	9.829577	-70.45558	-46.441853	0.0	19090981	6333.718559265137
95	-59.532837	-59.532837	0.0	-46.392704	11.783504	8.352962	-61.859592	-46.392437	0.0	19291981	6395.526069641113
96	-62.69683	-62.69683	0.0	-46.43472	11.727463	6.826122	-73.915855	-46.43555	0.1	19492981	6457.357812643051
97	-62.037304	-62.037304	0.0	-46.43108	11.745207	10.3524275	-62.91564	-46.43139	0.0	19693981	6519.000039577484
98	-59.241043	-59.241043	0.0	-46.407955	11.776084	13.064521	-67.95683	-46.408134	0.4	19894981	6580.80680680275
99	-58.576317	-58.576317	0.0	-46.40476	11.798402	10.015868	-64.95142	-46.405125	0.0	20095981	6642.211316585541
100	-57.91262	-57.91262	0.0	-46.392963	11.820704	7.5538144	-61.06641	-46.39422	0.1	20296981	6703.465449094772
101	-61.854843	-61.854843	0.0	-46.42558	11.766457	6.45563	-63.371853	-46.426098	0.2	20497981	6764.982011556625
102	-68.535904	-68.535904	0.0	-46.40032	11.806894	9.2700615	-60.23844	-46.40093	0.2	20698981	6826.702014684677
103	-73.47253	-73.47253	0.0	-46.402843	11.801247	7.178329	-64.32501	-46.403004	0.1	20899981	6887.880844593048
104	-57.49199	-57.49199	0.0	-46.440937	11.747222	8.490242	-65.3802	-46.44181	0.1	21100981	6949.183616876602
105	-58.262627	-58.262627	0.0	-46.41986	11.784434	5.7345867	-64.77735	-46.420425	0.2	21301981	7010.660952568054
106	-54.77722	-54.77722	0.0	-46.377853	11.861993	8.334608	-66.687126	-46.379494	0.1	21502981	7071.880707740784
107	-57.38285	-57.38285	0.0	-46.407276	11.790734	15.571299	-66.44089	-46.40903	0.3	21703981	7133.67099905014
108	-54.20537	-54.20537	0.0	-46.402374	11.795506	7.459348	-61.415874	-46.402916	0.1	21904981	7195.287339448929
109	-56.22422	-56.22422	0.0	-46.407543	11.791911	8.031573	-61.12094	-46.408222	0.1	22105981	7256.952488660812
110	-54.85081	-54.85081	0.0	-46.391525	11.816239	6.551439	-65.92651	-46.3918	0.1	22306981	7317.9737985134125
111	-54.403008	-54.403008	0.0	-46.391727	11.829476	8.309824	-78.55144	-46.393215	0.0	22507981	7378.856108665466
112	-59.373188	-59.373188	0.0	-46.36225	11.87276	7.6924777	-70.179665	-46.36264	0.0	22708981	7440.25248003006
113	-71.86616	-71.86616	0.0	-46.368385	11.859407	10.036261	-66.794945	-46.36873	0.1	22909981	7501.120225191116
114	-58.217228	-58.217228	0.0	-46.383038	11.828853	6.7654066	-65.32963	-46.3838	0.1	23110981	7562.295683860779
115	-61.297794	-61.297794	0.0	-46.399094	11.811776	9.360245	-68.976105	-46.39959	0.0	23311981	7623.036775827408
116	-66.17169	-66.17169	0.0	-46.36208	11.863897	8.649633	-65.8129	-46.362675	0.0	23512981	7684.503628253937
117	-54.20481	-54.20481	0.0	-46.3553	11.855524	7.3468127	-76.09969	-46.355106	0.0	23713981	7746.235163450241
118	-57.81255	-57.81255	0.0	-46.35438	11.873379	7.1768937	-68.69135	-46.35471	0.2	23914981	7807.25302362442
119	-61.405785	-61.405785	0.0	-46.348946	11.880196	14.13902	-62.97393	-46.34841	0.0	24115981	7868.774102449417
120	-62.423916	-62.423916	0.0	-46.332455	11.906749	6.396613	-65.095406	-46.33284	0.2	24316981	7929.816397428513
121	-52.24928	-52.24928	0.0	-46.364697	11.854949	7.848251	-66.923	-46.36501	0.0	24517981	7990.893036842346
122	-62.13698	-62.13698	0.0	-46.37323	11.844593	15.255353	-70.53961	-46.373947	0.1	24718981	8051.852108716965
123	-55.263554	-55.263554	0.0	-46.357197	11.855661	6.387927	-70.80103	-46.357273	0.1	24919981	8113.035742759705
124	-53.456024	-53.456024	0.0	-46.338837	11.893083	9.124642	-64.02096	-46.33987	0.2	25120981	8174.391362428665
125	-77.61386	-77.61386	0.0	-46.347507	11.879092	5.063693	-64.77096	-46.348625	0.0	25321981	8235.26875948906
126	-65.51791	-65.51791	0.0	-46.36828	11.830525	15.938699	-72.21438	-46.368675	0.2	25522981	8296.04185295105
127	-52.186512	-52.186512	0.0	-46.38757	11.802157	8.957562	-68.539185	-46.38828	0.0	25723981	8357.004463672638
128	-63.57023	-63.57023	0.0	-46.33619	11.885182	7.1159935	-63.722786	-46.3363	0.1	25924981	8417.98651599884
129	-66.22263	-66.22263	0.0	-46.32325	11.91435	9.007743	-67.99519	-46.32307	0.1	26125981	8478.812598466873
130	-52.691734	-52.691734	0.0	-46.33236	11.898174	9.391659	-73.95158	-46.332508	0.0	26326981	8539.834261894226
131	-59.88224	-59.88224	0.0	-46.338272	11.8849535	9.330601	-70.98382	-46.33845	0.2	26527981	8600.632859706879
132	-65.19868	-65.19868	0.0	-46.303783	11.955258	8.974789	-69.06282	-46.304108	0.1	26728981	8661.935708522797
133	-63.114605	-63.114605	0.0	-46.349506	11.876859	5.7876544	-68.38938	-46.34961	0.1	26929981	8723.018432617188
134	-52.294834	-52.294834	0.0	-46.319622	11.931141	8.517327	-64.77513	-46.31928	0.1	27130981	8783.761047124863
135	-57.806183	-57.806183	0.0	-46.314167	11.926371	9.138433	-66.851166	-46.314632	0.1	27331981	8845.214804887772
136	-69.881325	-69.881325	0.0	-46.31411	11.945854	13.137016	-62.462612	-46.314026	0.0	27532981	8907.268911123276
137	-58.6262	-58.6262	0.0	-46.296814	11.967198	9.675192	-64.200966	-46.29688	0.1	27733981	8968.213667869568
138	-69.224236	-69.224236	0.0	-46.325317	11.920951	6.866913	-71.29374	-46.325558	0.1	27934981	9029.608176231384
139	-64.76476	-64.76476	0.0	-46.3001	11.968558	22.238918	-72.46035	-46.299965	0.2	28135981	9090.477455615997
140	-50.245815	-50.245815	0.0	-46.29354	11.948325	10.425956	-61.625206	-46.293644	0.2	28336981	9151.645075798035
141	-71.1883	-71.1883	0.0	-46.30311	11.930568	11.634749	-63.628147	-46.303226	0.0	28537981	9212.762884378433
142	-51.601006	-51.601006	0.0	-46.315147	11.91808	8.431778	-67.922844	-46.31533	0.1	28738981	9274.203095674515
143	-61.549892	-61.549892	0.0	-46.305416	11.942652	7.091943	-72.80627	-46.304703	0.0	28939981	9335.119774580002
144	-58.042725	-58.042725	0.0	-46.322548	11.916574	7.7381024	-64.26452	-46.32256	0.2	29140981	9396.150708436966
145	-58.5876	-58.5876	0.0	-46.34226	11.878613	9.051016	-67.9092	-46.341866	0.1	29341981	9457.089914798737
146	-67.43292	-67.43292	0.0	-46.345375	11.871033	7.096903	-63.96989	-46.344685	0.3	29542981	9518.054403066635
147	-55.133873	-55.133873	0.0	-46.308758	11.926453	27.170435	-72.969055	-46.308846	0.0	29743981	9579.139106035233
148	-70.51121	-70.51121	0.0	-46.336216	11.869186	7.685701	-70.14212	-46.33591	0.2	29944981	9639.93752861023
149	-66.87523	-66.87523	0.0	-46.306274	11.921623	8.321901	-62.24228	-46.30576	0.1	30145981	9700.963403463364
150	-58.269165	-58.269165	0.0	-46.262005	11.9772415	20.2273	-64.868866	-46.262417	0.1	30346981	9762.366287708282
151	-60.230736	-60.230736	0.0	-46.288887	11.938972	6.355484	-67.4738	-46.2889	0.1	30547981	9823.834163665771
152	-64.91149	-64.91149	0.0	-46.32581	11.897616	10.547871	-72.54461	-46.326317	0.1	30748981	9884.80590581894
153	-58.670376	-58.670376	0.0	-46.27585	11.947383	8.587457	-74.4409	-46.276062	0.0	30949981	9946.117434501648
154	-51.8995	-51.8995	0.0	-46.281715	11.952523	16.593985	-60.888264	-46.281162	0.2	31150981	10006.972381591797
155	-62.09427	-62.09427	0.0	-46.264908	11.972949	7.5118313	-76.958305	-46.265224	0.2	31351981	10067.647731542587
156	-66.80019	-66.80019	0.0	-46.292084	11.939026	8.337233	-64.8033	-46.292053	0.0	31552981	10128.537096738815
157	-78.742485	-78.742485	0.0	-46.28118	11.949282	12.363628	-67.829185	-46.28102	0.3	31753981	10189.174631118774
158	-62.131012	-62.131012	0.0	-46.29848	11.933037	16.638983	-69.59433	-46.29824	0.0	31954981	10249.871361970901
159	-61.719574	-61.719574	0.0	-46.26281	11.990523	12.250554	-76.718445	-46.263138	0.2	32155981	10310.470675230026
160	-60.622574	-60.622574	0.0	-46.26797	11.967107	7.7392654	-74.48635	-46.268013	0.0	32356981	10371.512552022934
161	-51.072174	-51.072174	0.0	-46.289093	11.945955	14.909694	-65.18773	-46.28906	0.1	32557981	10432.33825969696
162	-59.312332	-59.312332	0.0	-46.288685	11.940904	8.226592	-71.900955	-46.288418	0.2	32758981	10493.230240821838
163	-51.233917	-51.233917	0.0	-46.271736	11.966073	7.2257648	-68.32626	-46.27191	0.0	32959981	10553.85392999649
164	-56.674107	-56.674107	0.0	-46.27595	11.953066	11.042958	-61.262802	-46.27533	0.2	33160981	10614.59901547432
165	-64.16045	-64.16045	0.0	-46.28846	11.932531	7.125816	-69.75904	-46.288887	0.2	33361981	10674.806065559387
166	-66.209076	-66.209076	0.0	-46.29057	11.941683	7.8640795	-73.53209	-46.290348	0.1	33562981	10735.736708641052
167	-57.6664	-57.6664	0.0	-46.260216	11.978614	8.292126	-64.947754	-46.259583	0.1	33763981	10796.67829298973
168	-64.635666	-64.635666	0.0	-46.264427	11.981677	10.6435375	-65.56171	-46.26428	0.0	33964981	10857.689914226532
169	-67.9479	-67.9479	0.0	-46.287704	11.94611	9.746813	-67.76696	-46.28766	0.2	34165981	10918.41918849945
170	-56.859966	-56.859966	0.0	-46.284565	11.956064	8.209491	-62.882473	-46.28443	0.0	34366981	10978.971279859543
171	-57.783066	-57.783066	0.0	-46.294308	11.955264	9.813343	-67.691734	-46.294205	0.2	34567981	11039.778721570969
172	-57.611835	-57.611835	0.0	-46.226177	12.042281	8.902816	-63.2594	-46.225735	0.1	34768981	11100.966995477676
173	-65.06932	-65.06932	0.0	-46.27571	11.977302	8.079565	-65.16036	-46.275574	0.0	34969981	11161.807349443436
174	-64.15959	-64.15959	0.0	-46.23474	12.044954	6.7808642	-61.883167	-46.23526	0.1	35170981	11222.535556316376
175	-63.848343	-63.848343	0.0	-46.265327	12.01391	11.266307	-72.99809	-46.265858	0.2	35371981	11283.802973270416
176	-59.080746	-59.080746	0.0	-46.274952	11.990934	8.869302	-61.670567	-46.27485	0.0	35572981	11346.493391036987
177	-73.30706	-73.30706	0.0	-46.264442	12.008751	6.0113955	-74.665886	-46.264603	0.1	35773981	11408.008704900742
178	-63.28375	-63.28375	0.0	-46.27834	11.980778	10.026206	-62.186447	-46.27785	0.0	35974981	11469.234186410904
179	-64.73812	-64.73812	0.0	-46.249596	12.02526	9.936112	-65.077644	-46.24975	0.0	36175981	11530.238104343414
180	-52.432755	-52.432755	0.0	-46.243008	12.039141	6.346264	-62.0071	-46.24276	0.0	36376981	11591.602092981339
181	-68.30138	-68.30138	0.0	-46.247845	12.031195	12.623191	-74.65165	-46.248123	0.1	36577981	11652.822985887527
182	-54.051605	-54.051605	0.0	-46.256683	12.020004	7.473772	-67.15838	-46.256363	0.0	36778981	11714.138072013855
183	-75.35591	-75.35591	0.0	-46.270897	12.000973	7.2458	-70.41467	-46.27127	0.2	36979981	11776.28892159462
184	-66.99881	-66.99881	0.0	-46.255123	12.01759	7.7049465	-60.54842	-46.25503	0.1	37180981	11837.436486244202
185	-58.20604	-58.20604	0.0	-46.292	11.963749	11.171148	-64.136536	-46.29173	0.1	37381981	11898.277348279953
186	-57.685753	-57.685753	0.0	-46.299004	11.96175	10.025912	-70.01579	-46.299324	0.1	37582981	11959.525166034698
187	-67.46159	-67.46159	0.0	-46.244057	12.043795	15.969801	-62.278446	-46.244396	0.1	37783981	12020.044950723648
188	-58.743286	-58.743286	0.0	-46.259304	12.012408	9.599051	-58.380527	-46.259125	0.2	37984981	12080.742231845856
189	-64.78883	-64.78883	0.0	-46.298523	11.951024	6.3562565	-73.563835	-46.298595	0.1	38185981	12141.058989048004
190	-63.0364	-63.0364	0.0	-46.298286	11.968167	8.179041	-80.239586	-46.298534	0.1	38386981	12201.904326677322
191	-71.10439	-71.10439	0.0	-46.284386	11.988466	6.66103	-74.24978	-46.284668	0.0	38587981	12262.18620967865
192	-59.212757	-59.212757	0.0	-46.24167	12.043097	13.460045	-76.310585	-46.24184	0.1	38788981	12322.841104745865
193	-58.913986	-58.913986	0.0	-46.252483	12.025609	8.479747	-70.06123	-46.2528	0.1	38989981	12383.40669298172
194	-59.840755	-59.840755	0.0	-46.243683	12.049726	9.553084	-73.85645	-46.243793	0.2	39190981	12443.479829788208
195	-55.3614	-55.3614	0.0	-46.249744	12.029916	6.6196556	-68.769844	-46.249996	0.0	39391981	12503.893327474594
196	-65.54351	-65.54351	0.0	-46.22525	12.0766945	10.157511	-76.66705	-46.22471	0.1	39592981	12564.472414970398
197	-64.74801	-64.74801	0.0	-46.241043	12.060312	5.7260346	-60.163742	-46.241158	0.3	39793981	12625.396611452103
198	-53.409813	-53.409813	0.0	-46.236732	12.060486	8.132776	-72.0702	-46.2367	0.1	39994981	12686.399530410767
199	-65.417946	-65.417946	0.0	-46.242313	12.046804	8.658537	-76.272964	-46.2423	0.2	40195981	12746.845448493958
200	-68.15787	-68.15787	0.0	-46.238308	12.065516	8.793305	-65.08823	-46.2383	0.0	40396981	12807.172175884247
201	-49.62219	-49.62219	0.0	-46.235752	12.0603895	9.069013	-69.96056	-46.23577	0.5	40597981	12868.08719921112
202	-66.744965	-66.744965	0.0	-46.203285	12.1034775	4.866526	-69.50918	-46.203224	0.0	40798981	12928.492740869522
203	-64.15556	-64.15556	0.0	-46.196983	12.12633	7.346344	-78.525	-46.19729	0.0	40999981	12989.365010976791
204	-62.526623	-62.526623	0.0	-46.22257	12.090503	7.643813	-69.85287	-46.222435	0.4	41200981	13049.662831544876
205	-66.7575	-66.7575	0.0	-46.23593	12.067852	8.6207	-66.22839	-46.235687	0.3	41401981	13110.261795043945
206	-59.6334	-59.6334	0.0	-46.23291	12.062894	8.735681	-74.181465	-46.23254	0.0	41602981	13170.935647249222
207	-49.243423	-49.243423	0.0	-46.186092	12.123887	5.5598288	-70.72806	-46.185658	0.0	41803981	13231.552112817764
208	-54.108665	-54.108665	0.0	-46.208775	12.100634	7.5952086	-70.48286	-46.208885	0.2	42004981	13291.867265224457
209	-53.863686	-53.863686	0.0	-46.218445	12.078512	6.9017076	-65.39688	-46.21864	0.2	42205981	13352.507879257202
210	-59.595074	-59.595074	0.0	-46.208984	12.09955	11.303433	-77.201225	-46.20876	0.0	42406981	13413.596181869507
211	-64.47287	-64.47287	0.0	-46.227695	12.070794	8.981497	-79.99286	-46.22839	0.1	42607981	13474.104841709137
212	-67.96018	-67.96018	0.0	-46.21634	12.088338	14.224064	-64.16171	-46.217175	0.0	42808981	13535.06215262413
213	-59.882027	-59.882027	0.0	-46.209385	12.112043	8.964851	-67.30941	-46.209743	0.0	43009981	13595.656855344772
214	-58.053818	-58.053818	0.0	-46.188465	12.150552	7.6719346	-68.48251	-46.188576	0.2	43210981	13656.34041595459
215	-60.491055	-60.491055	0.0	-46.211987	12.107421	6.6952815	-68.10074	-46.212276	0.1	43411981	13716.794056892395
216	-61.866226	-61.866226	0.0	-46.220142	12.083022	7.0296617	-75.563515	-46.220154	0.1	43612981	13777.090383052826
217	-61.11264	-61.11264	0.0	-46.2635	12.022513	10.715401	-63.275826	-46.26345	0.1	43813981	13837.806139230728
218	-69.78104	-69.78104	0.0	-46.259388	12.037435	12.586859	-73.387566	-46.259365	0.2	44014981	13898.366025209427
219	-58.895527	-58.895527	0.0	-46.272457	12.006797	6.3780937	-69.787865	-46.272453	0.2	44215981	13958.77102470398
220	-61.68214	-61.68214	0.0	-46.239254	12.059451	6.0535917	-62.04882	-46.239193	0.2	44416981	14019.519780158997
221	-58.440563	-58.440563	0.0	-46.248184	12.0236635	5.5594516	-67.65636	-46.248596	0.0	44617981	14080.043258428574
222	-70.32993	-70.32993	0.0	-46.274284	12.005429	9.178329	-75.983505	-46.27478	0.2	44818981	14140.746080160141
223	-57.899883	-57.899883	0.0	-46.2655	12.02191	7.9685116	-70.72897	-46.265488	0.0	45019981	14201.992354869843
224	-72.50036	-72.50036	0.0	-46.27252	11.997725	11.219102	-64.06235	-46.27246	0.2	45220981	14263.21272611618
225	-52.528942	-52.528942	0.0	-46.24615	12.046444	9.556007	-62.521633	-46.24615	0.1	45421981	14324.308626174927
226	-56.266582	-56.266582	0.0	-46.26891	12.012988	10.029556	-65.060005	-46.268898	0.1	45622981	14385.119064092636
227	-59.54672	-59.54672	0.0	-46.21777	12.094312	7.031459	-74.883835	-46.217823	0.3	45823981	14445.244841337204
228	-58.889774	-58.889774	0.0	-46.2564	12.024447	9.516896	-70.9885	-46.25664	0.3	46024981	14505.939852237701
229	-63.647877	-63.647877	0.0	-46.232544	12.056911	7.786869	-69.68056	-46.23229	0.1	46225981	14566.651556253433
230	-58.842403	-58.842403	0.0	-46.224087	12.092259	9.052915	-71.576294	-46.223633	0.1	46426981	14627.503402471542
231	-60.53691	-60.53691	0.0	-46.26978	12.017202	9.8743725	-75.77978	-46.269783	0.0	46627981	14688.393615722656
232	-72.451454	-72.451454	0.0	-46.290184	11.975587	5.973612	-69.12236	-46.290287	0.1	46828981	14749.171137332916
233	-60.382412	-60.382412	0.0	-46.254414	12.029265	9.041044	-64.5937	-46.25357	0.0	47029981	14810.446887254715
234	-55.539783	-55.539783	0.0	-46.246487	12.049113	9.862819	-69.980576	-46.24609	0.1	47230981	14872.684499263763
235	-58.953495	-58.953495	0.0	-46.251453	12.042681	10.6340475	-69.04008	-46.251354	0.0	47431981	14934.6903693676
236	-69.26159	-69.26159	0.0	-46.238667	12.06091	11.267706	-68.439514	-46.238354	0.0	47632981	14995.473878145218
237	-55.226547	-55.226547	0.0	-46.2264	12.076049	19.385925	-67.98111	-46.22649	0.0	47833981	15056.712134599686
238	-68.026855	-68.026855	0.0	-46.261612	12.018722	7.860816	-69.975044	-46.26123	0.1	48034981	15118.02125120163
239	-53.685966	-53.685966	0.0	-46.222824	12.077515	7.3739953	-76.664345	-46.22296	0.0	48235981	15178.872138738632
240	-64.40354	-64.40354	0.0	-46.246944	12.055756	7.198472	-72.252945	-46.246586	0.2	48436981	15240.03619337082
241	-65.03626	-65.03626	0.0	-46.26136	12.020527	15.793918	-63.27691	-46.26111	0.0	48637981	15301.344809532166
242	-57.81002	-57.81002	0.0	-46.21995	12.097804	11.633947	-72.97131	-46.2199	0.2	48838981	15363.092739582062
243	-55.574387	-55.574387	0.0	-46.27018	12.027626	10.108892	-72.557175	-46.27039	0.0	49039981	15423.73462319374
244	-60.05995	-60.05995	0.0	-46.27517	12.012215	8.059773	-90.47013	-46.275043	0.1	49240981	15483.95963382721
245	-57.178368	-57.178368	0.0	-46.264656	12.037818	12.217872	-63.410217	-46.26463	0.1	49441981	15544.774451971054
246	-57.316143	-57.316143	0.0	-46.24862	12.056194	7.0941	-73.57416	-46.24841	0.0	49642981	15605.433376550674
247	-57.27291	-57.27291	0.0	-46.2681	12.017517	8.3225155	-71.44965	-46.2685	0.0	49843981	15666.468356370926
248	-61.305695	-61.305695	0.0	-46.246742	12.044783	8.788544	-71.267105	-46.247353	0.2	50044981	15726.910938739777
249	-60.630104	-60.630104	0.0	-46.245304	12.061777	9.021946	-77.46075	-46.24551	0.0	50245981	15787.868194818497
250	-57.956997	-57.956997	0.0	-46.266933	12.0252905	6.2792783	-70.236	-46.267105	0.0	50446981	15848.261707782745
251	-61.348038	-61.348038	0.0	-46.25613	12.033764	8.768041	-68.28625	-46.256023	0.1	50647981	15909.200798749924
252	-65.94144	-65.94144	0.0	-46.27386	11.996096	5.8856454	-69.58891	-46.27395	0.2	50848981	15969.871636152267
253	-50.789906	-50.789906	0.0	-46.2779	11.99178	8.602067	-70.54186	-46.27799	0.0	51049981	16030.65192580223
254	-61.823452	-61.823452	0.0	-46.254368	12.035106	6.541224	-72.319695	-46.25397	0.1	51250981	16091.394067049026
255	-64.34935	-64.34935	0.0	-46.241806	12.062873	6.7080045	-70.043755	-46.241844	0.2	51451981	16152.080002784729
256	-57.528057	-57.528057	0.0	-46.255978	12.033922	7.7338376	-68.3215	-46.256203	0.1	51652981	16212.85074186325
257	-65.20488	-65.20488	0.0	-46.24522	12.053959	7.6199727	-81.095955	-46.245148	0.0	51853981	16273.775835752487
258	-45.832775	-45.832775	0.0	-46.23512	12.045892	8.137793	-79.06415	-46.234177	0.2	52054981	16334.985710144043
259	-59.549633	-59.549633	0.0	-46.253765	12.022355	6.641403	-70.94556	-46.25364	0.1	52255981	16396.119294643402
260	-61.797718	-61.797718	0.0	-46.2471	12.034128	14.084408	-67.27569	-46.246914	0.2	52456981	16457.25942659378
261	-59.417618	-59.417618	0.0	-46.237812	12.065775	9.106673	-64.88839	-46.23752	0.1	52657981	16517.855942249298
262	-58.394062	-58.394062	0.0	-46.224556	12.078059	6.4138923	-75.2438	-46.224148	0.2	52858981	16578.652973651886
263	-68.52376	-68.52376	0.0	-46.259144	12.025053	7.2197914	-65.99211	-46.25917	0.3	53059981	16639.413573741913
264	-68.35051	-68.35051	0.0	-46.208168	12.098296	9.72035	-66.62853	-46.208527	0.2	53260981	16700.28125667572
265	-59.851894	-59.851894	0.0	-46.23423	12.065	8.467708	-69.195946	-46.233974	0.3	53461981	16761.041342258453
266	-62.59199	-62.59199	0.0	-46.230106	12.068793	5.643928	-73.77349	-46.23031	0.2	53662981	16821.899633407593
267	-73.001785	-73.001785	0.0	-46.25349	12.04183	11.562596	-87.37997	-46.253628	0.1	53863981	16882.485665798187
268	-71.48297	-71.48297	0.0	-46.24324	12.0485	10.650718	-77.1829	-46.243626	0.1	54064981	16943.542961359024
269	-63.43372	-63.43372	0.0	-46.249588	12.034376	8.84468	-68.2558	-46.249813	0.1	54265981	17004.300040245056
270	-64.72148	-64.72148	0.0	-46.241524	12.050391	13.412496	-68.9553	-46.241703	0.0	54466981	17065.43621492386
271	-65.37821	-65.37821	0.0	-46.23722	12.056517	6.481515	-83.13008	-46.237923	0.0	54667981	17126.648597955704
272	-52.828808	-52.828808	0.0	-46.249294	12.027965	6.725223	-67.730576	-46.249237	0.2	54868981	17187.72129702568
273	-50.810863	-50.810863	0.0	-46.22556	12.072104	6.779623	-76.66202	-46.225624	0.0	55069981	17248.010125160217
274	-62.609444	-62.609444	0.0	-46.212997	12.085928	10.569028	-79.42901	-46.213276	0.0	55270981	17308.699365854263
275	-64.50639	-64.50639	0.0	-46.20602	12.092468	5.90854	-72.47179	-46.20648	0.1	55471981	17369.406881570816
276	-58.14263	-58.14263	0.0	-46.201237	12.112221	8.278117	-68.42392	-46.20121	0.0	55672981	17429.63588619232
277	-60.00675	-60.00675	0.0	-46.17557	12.153541	9.071499	-65.93521	-46.17521	0.2	55873981	17489.766172647476
278	-58.916153	-58.916153	0.0	-46.211636	12.093747	6.177822	-68.30922	-46.212204	0.3	56074981	17550.395568847656
279	-59.657192	-59.657192	0.0	-46.248386	12.038837	7.102318	-70.34214	-46.24865	0.1	56275981	17611.13434267044
280	-61.13669	-61.13669	0.0	-46.19462	12.125404	6.0143824	-73.78199	-46.19496	0.2	56476981	17671.940804719925
281	-66.363785	-66.363785	0.0	-46.204014	12.116412	9.351002	-77.034904	-46.204453	0.0	56677981	17732.454302072525
282	-51.417423	-51.417423	0.0	-46.207706	12.094693	11.825552	-73.56757	-46.20839	0.2	56878981	17793.246785640717
283	-65.82022	-65.82022	0.0	-46.21652	12.092817	5.8234806	-66.72436	-46.216866	0.0	57079981	17854.45726251602
284	-62.843685	-62.843685	0.0	-46.201485	12.11646	6.454179	-71.26013	-46.20214	0.2	57280981	17916.49442076683
285	-60.09722	-60.09722	0.0	-46.17894	12.153428	9.241269	-80.54634	-46.179245	0.0	57481981	17977.341908693314
286	-56.38179	-56.38179	0.0	-46.180115	12.151249	7.1939955	-65.88653	-46.180466	0.0	57682981	18038.30792593956
287	-63.74656	-63.74656	0.0	-46.20461	12.099703	6.997107	-72.79311	-46.204548	0.2	57883981	18098.94187927246
288	-54.498802	-54.498802	0.0	-46.16211	12.174565	6.412713	-69.8403	-46.161842	0.1	58084981	18159.672493219376
289	-60.71789	-60.71789	0.0	-46.181767	12.14872	7.362217	-78.51069	-46.181328	0.0	58285981	18220.572412252426
290	-68.103195	-68.103195	0.0	-46.20684	12.104832	6.7981024	-76.85938	-46.20731	0.1	58486981	18281.885057926178
291	-58.23664	-58.23664	0.0	-46.15477	12.188166	7.237927	-68.87289	-46.15523	0.2	58687981	18342.83793759346
292	-65.13791	-65.13791	0.0	-46.155212	12.197526	7.3552017	-73.7413	-46.15531	0.0	58888981	18403.588782548904
293	-66.738464	-66.738464	0.0	-46.19009	12.142433	7.2621818	-68.39994	-46.190304	0.1	59089981	18464.348317861557
294	-55.395912	-55.395912	0.0	-46.143894	12.215139	6.350219	-85.50706	-46.14402	0.1	59290981	18525.271017313004
295	-59.120922	-59.120922	0.0	-46.176468	12.148443	4.4778876	-77.83728	-46.176323	0.2	59491981	18586.644461631775
296	-59.646584	-59.646584	0.0	-46.209732	12.111473	5.810663	-66.87922	-46.209507	0.2	59692981	18647.818029880524
297	-51.66667	-51.66667	0.0	-46.200066	12.116226	7.8741803	-63.360386	-46.199963	0.0	59893981	18708.823716402054
298	-54.470108	-54.470108	0.0	-46.15105	12.190209	10.376003	-63.60436	-46.151485	0.0	60094981	18769.67007946968
299	-63.93328	-63.93328	0.0	-46.15547	12.191842	9.332176	-76.61498	-46.156353	0.2	60295981	18830.45908331871
300	-59.16295	-59.16295	0.0	-46.183384	12.14327	8.60082	-78.78237	-46.183548	0.3	60496981	18891.65599298477
301	-60.80253	-60.80253	0.0	-46.171646	12.163779	7.028218	-75.28376	-46.1714	0.1	60697981	18952.89395594597
302	-68.77496	-68.77496	0.0	-46.165264	12.18179	6.3672857	-64.91217	-46.165154	0.0	60898981	19013.883947372437
303	-61.546764	-61.546764	0.0	-46.15686	12.190805	8.92428	-69.219246	-46.156433	0.2	61099981	19074.522572278976
304	-54.486305	-54.486305	0.0	-46.171852	12.161855	5.894329	-86.24968	-46.171894	0.0	61300981	19135.058254003525
305	-61.678818	-61.678818	0.0	-46.200016	12.110601	5.7453694	-62.82823	-46.2001	0.0	61501981	19196.07268857956
306	-56.56601	-56.56601	0.0	-46.17197	12.15698	10.399967	-73.61307	-46.17205	0.0	61702981	19257.106999635696
307	-60.91773	-60.91773	0.0	-46.16448	12.184771	9.489627	-69.71751	-46.16417	0.2	61903981	19318.16825890541
308	-61.09133	-61.09133	0.0	-46.177044	12.149593	6.566504	-72.545166	-46.176918	0.1	62104981	19379.340723514557
309	-59.69123	-59.69123	0.0	-46.151047	12.188472	7.2854123	-68.87797	-46.15091	0.1	62305981	19440.19304585457
310	-71.04292	-71.04292	0.0	-46.163113	12.16523	12.276135	-65.72932	-46.16249	0.0	62506981	19501.046886205673
311	-69.09148	-69.09148	0.0	-46.187195	12.137054	5.3395505	-72.8122	-46.187122	0.1	62707981	19561.98449611664
312	-66.279144	-66.279144	0.0	-46.158745	12.178435	21.284319	-68.44889	-46.158665	0.2	62908981	19622.519298791885
313	-54.68979	-54.68979	0.0	-46.15937	12.165445	5.6798835	-71.14187	-46.15903	0.0	63109981	19683.28836274147
314	-56.69925	-56.69925	0.0	-46.16965	12.152226	11.31817	-76.270775	-46.16992	0.2	63310981	19744.149290800095
315	-58.997246	-58.997246	0.0	-46.167606	12.147846	8.640027	-81.31171	-46.167973	0.1	63511981	19804.766273975372
316	-54.89551	-54.89551	0.0	-46.145103	12.186015	5.0044613	-75.775345	-46.14515	0.0	63712981	19866.004724502563
317	-62.361176	-62.361176	0.0	-46.147015	12.199354	6.18105	-67.62561	-46.14674	0.1	63913981	19926.977724552155
318	-72.69965	-72.69965	0.0	-46.141052	12.203715	6.9603662	-71.20045	-46.140724	0.1	64114981	19987.682950258255
319	-63.185894	-63.185894	0.0	-46.13349	12.226242	12.000203	-73.7319	-46.133575	0.1	64315981	20050.483822584152
320	-60.977036	-60.977036	0.0	-46.140095	12.215458	5.7540183	-71.34594	-46.139847	0.1	64516981	20111.657794952393
321	-55.54584	-55.54584	0.0	-46.142467	12.193709	5.9542074	-71.3097	-46.142605	0.1	64717981	20172.4768512249
322	-57.01008	-57.01008	0.0	-46.09593	12.278083	15.506224	-70.06827	-46.096313	0.1	64918981	20233.476779460907
323	-61.161255	-61.161255	0.0	-46.118324	12.241801	27.417812	-63.65716	-46.117817	0.3	65119981	20294.458268404007
324	-61.59189	-61.59189	0.0	-46.1258	12.224843	9.053406	-77.50895	-46.12572	0.1	65320981	20355.552465438843
325	-65.439674	-65.439674	0.0	-46.100624	12.2637005	7.2915072	-73.17203	-46.10014	0.0	65521981	20416.925374269485
326	-74.47406	-74.47406	0.0	-46.113503	12.23768	8.91075	-85.63182	-46.113533	0.0	65722981	20477.854008197784
327	-46.8298	-46.8298	0.0	-46.120296	12.224279	6.8753967	-65.2124	-46.119953	0.1	65923981	20538.578184843063
328	-61.36523	-61.36523	0.0	-46.116295	12.248889	6.7725067	-70.85034	-46.116184	0.1	66124981	20599.478378534317
329	-67.17203	-67.17203	0.0	-46.10685	12.250719	8.088091	-71.89386	-46.10664	0.3	66325981	20659.833218336105
330	-59.6115	-59.6115	0.0	-46.106358	12.254155	6.6304	-73.79462	-46.106125	0.5	66526981	20720.752993106842
331	-60.265514	-60.265514	0.0	-46.09373	12.270024	14.10891	-83.26502	-46.09371	0.2	66727981	20782.31741809845
332	-65.59925	-65.59925	0.0	-46.09045	12.273817	8.584552	-71.18125	-46.090363	0.2	66928981	20843.142827749252
333	-67.887215	-67.887215	0.0	-46.041306	12.352013	6.368835	-83.68736	-46.041393	0.3	67129981	20903.650072813034
334	-54.518505	-54.518505	0.0	-46.10883	12.262484	10.047371	-74.63	-46.10887	0.1	67330981	20964.175270080566
335	-55.702652	-55.702652	0.0	-46.08037	12.304224	5.8844814	-73.56761	-46.080173	0.2	67531981	21024.487036943436
336	-61.249924	-61.249924	0.0	-46.10381	12.259823	6.7094784	-78.12844	-46.1039	0.3	67732981	21085.307458162308
337	-64.890236	-64.890236	0.0	-46.07759	12.29836	7.3008933	-73.71965	-46.077213	0.0	67933981	21145.425896406174
338	-64.34611	-64.34611	0.0	-46.053276	12.340187	8.342209	-83.12931	-46.05253	0.1	68134981	21205.984533548355
339	-74.66815	-74.66815	0.0	-46.084126	12.289679	15.724889	-78.00239	-46.08459	0.0	68335981	21267.034328699112
340	-64.287155	-64.287155	0.0	-46.06817	12.315078	6.332928	-63.407967	-46.067192	0.2	68536981	21327.976413726807
341	-60.545902	-60.545902	0.0	-46.10595	12.27012	6.6589856	-71.997925	-46.105618	0.1	68737981	21388.919744491577
342	-66.80362	-66.80362	0.0	-46.075672	12.301026	11.040643	-79.4187	-46.075203	0.0	68938981	21449.704226255417
343	-72.65874	-72.65874	0.0	-46.096733	12.282047	19.540668	-74.37646	-46.09692	0.1	69139981	21510.621353387833
344	-55.218292	-55.218292	0.0	-46.082703	12.297189	6.615434	-82.93907	-46.08209	0.1	69340981	21571.47867155075
345	-59.701603	-59.701603	0.0	-46.069443	12.31231	8.233704	-73.90194	-46.06962	0.0	69541981	21632.162450313568
346	-62.49885	-62.49885	0.0	-46.09342	12.28875	7.8250484	-80.849754	-46.093063	0.0	69742981	21692.899911403656
347	-68.355965	-68.355965	0.0	-46.09986	12.275557	6.753183	-79.4481	-46.09994	0.0	69943981	21753.69638633728
348	-67.501	-67.501	0.0	-46.080917	12.305411	5.9910893	-70.012115	-46.08036	0.0	70144981	21814.81204199791
349	-63.00495	-63.00495	0.0	-46.11452	12.24515	7.611372	-82.422226	-46.113655	0.0	70345981	21875.896399497986
350	-60.14464	-60.14464	0.0	-46.134712	12.227672	18.407057	-79.52548	-46.134018	0.1	70546981	21937.045922279358
351	-58.648037	-58.648037	0.0	-46.11692	12.243196	8.161395	-71.44724	-46.116123	0.1	70747981	21998.23534178734
352	-61.24145	-61.24145	0.0	-46.103138	12.265025	8.641193	-78.023705	-46.102093	0.2	70948981	22059.174431800842
353	-54.253677	-54.253677	0.0	-46.12524	12.232128	6.663253	-71.376526	-46.12451	0.1	71149981	22119.957938671112
354	-73.37991	-73.37991	0.0	-46.110382	12.25633	6.4216413	-71.44403	-46.10985	0.2	71350981	22181.32250070572
355	-56.322533	-56.322533	0.0	-46.093407	12.280121	11.317623	-74.1787	-46.092793	0.1	71551981	22243.584210157394
356	-60.065517	-60.065517	0.0	-46.08909	12.283072	8.53256	-80.57592	-46.088688	0.0	71752981	22304.59596991539
357	-50.281124	-50.281124	0.0	-46.114082	12.246007	6.058499	-67.53838	-46.1141	0.1	71953981	22365.571984767914
358	-69.53755	-69.53755	0.0	-46.121742	12.243364	14.165678	-72.35432	-46.121895	0.4	72154981	22426.39273738861
359	-54.929054	-54.929054	0.0	-46.133377	12.223677	11.936086	-83.19912	-46.133137	0.0	72355981	22487.805574655533
360	-52.010563	-52.010563	0.0	-46.09781	12.257383	8.738623	-84.25541	-46.09746	0.2	72556981	22548.678840875626
361	-52.29144	-52.29144	0.0	-46.079643	12.299795	7.1088233	-73.33299	-46.080128	0.2	72757981	22609.937078475952
362	-68.056046	-68.056046	0.0	-46.108894	12.240104	6.5671806	-73.02957	-46.10894	0.0	72958981	22670.68192100525
363	-72.7509	-72.7509	0.0	-46.140213	12.200374	8.348865	-77.34537	-46.14103	0.0	73159981	22731.6070458889
364	-66.77967	-66.77967	0.0	-46.120113	12.236979	6.107181	-75.88949	-46.120625	0.2	73360981	22792.39458346367
365	-54.478535	-54.478535	0.0	-46.10247	12.25258	7.2116303	-73.62658	-46.103092	0.2	73561981	22853.084341049194
366	-64.482635	-64.482635	0.0	-46.11783	12.230515	7.764053	-72.72074	-46.117973	0.1	73762981	22913.7721054554
367	-65.52415	-65.52415	0.0	-46.11966	12.231342	6.218861	-69.26815	-46.120148	0.1	73963981	22974.158184289932
368	-55.713795	-55.713795	0.0	-46.098743	12.259358	10.339999	-76.075294	-46.098793	0.0	74164981	23034.809626579285
369	-70.66382	-70.66382	0.0	-46.12781	12.219885	8.534841	-78.42734	-46.12822	0.1	74365981	23095.25177359581
370	-70.12967	-70.12967	0.0	-46.115543	12.24447	8.474007	-69.339836	-46.115726	0.0	74566981	23156.177624225616
371	-52.990414	-52.990414	0.0	-46.093372	12.272164	6.297425	-71.784485	-46.09354	0.1	74767981	23216.747791051865
372	-59.27593	-59.27593	0.0	-46.099487	12.263455	13.143951	-72.54359	-46.09919	0.4	74968981	23277.260758638382
373	-63.772804	-63.772804	0.0	-46.13229	12.203249	5.9695454	-77.6174	-46.13181	0.1	75169981	23338.523493528366
374	-71.35344	-71.35344	0.0	-46.117733	12.233255	6.776853	-75.08915	-46.118095	0.1	75370981	23399.78173327446
375	-59.251225	-59.251225	0.0	-46.11411	12.240916	7.8879147	-86.25293	-46.114468	0.0	75571981	23460.595157146454
376	-64.79331	-64.79331	0.0	-46.08831	12.277851	7.0421333	-84.91714	-46.08808	0.2	75772981	23521.656960487366
377	-61.886303	-61.886303	0.0	-46.147488	12.188179	8.040357	-64.132904	-46.147774	0.1	75973981	23582.293377399445
378	-58.96948	-58.96948	0.0	-46.12553	12.225342	5.4249415	-68.43163	-46.12569	0.2	76174981	23643.16864013672
379	-56.244312	-56.244312	0.0	-46.103645	12.249863	8.689621	-66.97509	-46.103477	0.2	76375981	23703.742757558823
380	-60.001602	-60.001602	0.0	-46.10586	12.249836	10.679263	-77.86392	-46.10588	0.1	76576981	23763.982681512833
381	-70.34564	-70.34564	0.0	-46.10834	12.2458	9.850351	-76.1545	-46.10835	0.1	76777981	23824.711581230164
382	-68.3346	-68.3346	0.0	-46.133694	12.209208	7.4196305	-72.85344	-46.13358	0.1	76978981	23885.772346019745
383	-62.38314	-62.38314	0.0	-46.12656	12.21112	6.1179714	-70.80884	-46.12629	0.1	77179981	23947.019612312317
384	-57.06269	-57.06269	0.0	-46.120777	12.220784	8.603562	-78.956245	-46.120926	0.0	77380981	24007.914833307266
385	-68.8169	-68.8169	0.0	-46.116795	12.231848	8.113452	-70.542725	-46.116882	0.2	77581981	24068.451003551483
386	-61.51527	-61.51527	0.0	-46.10357	12.251601	8.591882	-66.62596	-46.103836	0.1	77782981	24129.259441375732
387	-59.331123	-59.331123	0.0	-46.130306	12.213179	6.952738	-76.79464	-46.130154	0.1	77983981	24190.074863672256
388	-59.204605	-59.204605	0.0	-46.109802	12.238419	7.6692686	-83.02639	-46.10989	0.2	78184981	24250.81548309326
389	-60.399498	-60.399498	0.0	-46.155636	12.1749	7.271106	-74.74919	-46.15594	0.0	78385981	24311.93542933464
390	-66.49002	-66.49002	0.0	-46.102837	12.245022	7.074414	-75.02439	-46.10269	0.1	78586981	24372.850561380386
391	-52.950104	-52.950104	0.0	-46.126255	12.215634	9.076286	-65.60558	-46.126194	0.0	78787981	24434.04696726799
392	-61.40653	-61.40653	0.0	-46.13569	12.198752	12.289205	-70.90091	-46.134666	0.0	78988981	24494.710314273834
393	-64.88547	-64.88547	0.0	-46.124752	12.218805	6.6374574	-74.37175	-46.12446	0.0	79189981	24555.241503477097
394	-70.65572	-70.65572	0.0	-46.15978	12.171675	7.756472	-78.9831	-46.159344	0.0	79390981	24616.015065908432
395	-55.60092	-55.60092	0.0	-46.12326	12.206453	9.941131	-81.08932	-46.122566	0.1	79591981	24676.695849895477
396	-68.097115	-68.097115	0.0	-46.132652	12.202523	9.954041	-76.23201	-46.132195	0.1	79792981	24737.378734588623
397	-59.197617	-59.197617	0.0	-46.139454	12.1948185	6.966839	-75.70169	-46.139694	0.1	79993981	24797.902951717377
398	-62.172497	-62.172497	0.0	-46.134403	12.2140665	7.808686	-73.77549	-46.135376	0.2	80194981	24858.84270143509
399	-62.97503	-62.97503	0.0	-46.107147	12.249562	6.5785527	-67.916626	-46.10731	0.0	80395981	24919.53417134285
400	-52.868454	-52.868454	0.0	-46.139008	12.203098	6.4637566	-75.725	-46.1393	0.2	80596981	24980.258833408356
401	-59.612595	-59.612595	0.0	-46.097214	12.251854	10.0597315	-75.2777	-46.09702	0.1	80797981	25040.874330043793
402	-68.4835	-68.4835	0.0	-46.124825	12.220564	8.94341	-86.32407	-46.12439	0.1	80998981	25101.754580020905
403	-65.5289	-65.5289	0.0	-46.12082	12.228182	8.722242	-70.53819	-46.120167	0.0	81199981	25162.424387931824
404	-65.82287	-65.82287	0.0	-46.123466	12.212493	11.003349	-86.18248	-46.123135	0.1	81400981	25223.060288906097
405	-59.429688	-59.429688	0.0	-46.098488	12.25549	7.7159014	-81.886566	-46.09838	0.0	81601981	25284.19037914276
406	-56.60725	-56.60725	0.0	-46.09469	12.251775	5.984837	-86.684105	-46.09457	0.2	81802981	25344.32513141632
407	-60.21693	-60.21693	0.0	-46.08858	12.255565	7.806573	-80.03284	-46.08829	0.2	82003981	25404.866285800934
408	-68.977165	-68.977165	0.0	-46.096428	12.251198	8.939907	-77.08979	-46.09593	0.0	82204981	25465.68672823906
409	-67.12476	-67.12476	0.0	-46.088116	12.268461	7.3976746	-79.193245	-46.08812	0.0	82405981	25526.362488269806
410	-56.332943	-56.332943	0.0	-46.08917	12.254023	6.138412	-79.72148	-46.08888	0.2	82606981	25586.697058677673
411	-71.116356	-71.116356	0.0	-46.10723	12.244099	6.534495	-75.54141	-46.106712	0.1	82807981	25647.09060883522
412	-63.693604	-63.693604	0.0	-46.101074	12.258072	8.337474	-79.13447	-46.100834	0.3	83008981	25707.120131254196
413	-56.13429	-56.13429	0.0	-46.129414	12.20899	8.152648	-71.81286	-46.12922	0.2	83209981	25767.705174446106
414	-57.794697	-57.794697	0.0	-46.096172	12.271119	9.809273	-72.6988	-46.096268	0.3	83410981	25828.816370010376
415	-57.565273	-57.565273	0.0	-46.061913	12.314442	6.853129	-84.76953	-46.061623	0.0	83611981	25889.582405090332
416	-62.26869	-62.26869	0.0	-46.096294	12.268427	6.538798	-71.931694	-46.096333	0.1	83812981	25950.366751194
417	-56.7171	-56.7171	0.0	-46.05781	12.322259	5.6990795	-69.307495	-46.056664	0.1	84013981	26010.986481189728
418	-65.65755	-65.65755	0.0	-46.0879	12.273187	9.8124	-82.53268	-46.087074	0.1	84214981	26071.334192752838
419	-64.05372	-64.05372	0.0	-46.111805	12.246641	7.110888	-82.96582	-46.111725	0.1	84415981	26131.874920368195
420	-50.981354	-50.981354	0.0	-46.11104	12.228193	7.5612903	-88.429825	-46.10957	0.0	84616981	26192.58661723137
421	-66.443596	-66.443596	0.0	-46.093723	12.264898	12.258486	-75.21429	-46.093388	0.2	84817981	26252.54732275009
422	-71.34724	-71.34724	0.0	-46.10075	12.244338	11.973099	-68.96973	-46.100433	0.2	85018981	26312.85111141205
423	-64.3032	-64.3032	0.0	-46.114414	12.224347	7.844165	-83.27712	-46.114513	0.1	85219981	26373.296035051346
424	-64.519585	-64.519585	0.0	-46.09533	12.252032	8.060907	-74.96359	-46.095	0.3	85420981	26433.300520181656
425	-69.125374	-69.125374	0.0	-46.092827	12.25598	9.669106	-72.757256	-46.092304	0.2	85621981	26493.4099316597
426	-69.316795	-69.316795	0.0	-46.118362	12.227656	5.900832	-80.259735	-46.117336	0.2	85822981	26553.905742883682
427	-57.622887	-57.622887	0.0	-46.113663	12.226392	13.737877	-76.427605	-46.112843	0.0	86023981	26613.84252023697
428	-50.848557	-50.848557	0.0	-46.105446	12.246879	8.652147	-78.10023	-46.104717	0.0	86224981	26674.158276557922
429	-57.79112	-57.79112	0.0	-46.131195	12.2028475	6.2352953	-70.85469	-46.12976	0.2	86425981	26734.323436260223
430	-59.363888	-59.363888	0.0	-46.106903	12.250343	5.457076	-78.631256	-46.105923	0.0	86626981	26794.281737327576
431	-48.65452	-48.65452	0.0	-46.110928	12.236565	7.9837694	-87.2511	-46.11018	0.2	86827981	26854.58703327179
432	-53.584858	-53.584858	0.0	-46.130817	12.213608	8.455392	-66.17249	-46.12994	0.0	87028981	26914.65962743759
433	-61.839928	-61.839928	0.0	-46.085583	12.274659	7.3462467	-77.03123	-46.08559	0.1	87229981	26975.11101961136
434	-63.812656	-63.812656	0.0	-46.098125	12.249663	9.08408	-66.658554	-46.097958	0.1	87430981	27035.212857484818
435	-59.048782	-59.048782	0.0	-46.11024	12.249285	9.569856	-80.548134	-46.11056	0.1	87631981	27095.56008696556
436	-58.357533	-58.357533	0.0	-46.13305	12.217023	5.8464794	-70.518456	-46.132996	0.1	87832981	27155.572613477707
437	-70.33954	-70.33954	0.0	-46.12709	12.233266	9.254786	-66.01388	-46.12683	0.1	88033981	27215.452748298645
438	-68.08518	-68.08518	0.0	-46.120308	12.232393	6.5236344	-76.99332	-46.12005	0.1	88234981	27275.7365899086
439	-70.75315	-70.75315	0.0	-46.153767	12.174517	20.554678	-85.40184	-46.153873	0.1	88435981	27336.448795318604
440	-65.40406	-65.40406	0.0	-46.13129	12.207642	12.057561	-75.53724	-46.131542	0.1	88636981	27396.398279190063
441	-57.37559	-57.37559	0.0	-46.160892	12.157318	9.891378	-73.283424	-46.1606	0.1	88837981	27456.262733459473
442	-69.879776	-69.879776	0.0	-46.13499	12.205048	16.31861	-89.538795	-46.1353	0.0	89038981	27516.650339841843
443	-67.825226	-67.825226	0.0	-46.117348	12.230641	11.775655	-68.86294	-46.11767	0.4	89239981	27576.932189702988
444	-63.864742	-63.864742	0.0	-46.138077	12.198096	6.4237776	-86.71101	-46.137535	0.0	89440981	27637.842355251312
445	-73.71958	-73.71958	0.0	-46.114845	12.235282	11.988548	-71.341415	-46.114334	0.0	89641981	27698.18770623207
446	-59.96585	-59.96585	0.0	-46.131786	12.2130375	10.694345	-95.37894	-46.13087	0.1	89842981	27758.953295230865
447	-61.592026	-61.592026	0.0	-46.16717	12.154562	5.93045	-82.26099	-46.16649	0.0	90043981	27820.090463638306
448	-55.82204	-55.82204	0.0	-46.154488	12.186851	9.666599	-65.99132	-46.154194	0.1	90244981	27880.755891561508
449	-46.441303	-46.441303	0.0	-46.119045	12.233561	9.939505	-82.83307	-46.11871	0.1	90445981	27941.41379737854
450	-60.916927	-60.916927	0.0	-46.141922	12.196444	7.5897474	-68.59446	-46.141285	0.0	90646981	28002.506511449814
451	-56.88811	-56.88811	0.0	-46.137512	12.205311	10.518062	-74.45858	-46.1378	0.3	90847981	28063.304943561554
452	-60.323647	-60.323647	0.0	-46.16638	12.153701	13.3361025	-82.45808	-46.16667	0.1	91048981	28123.84063243866
453	-50.04176	-50.04176	0.0	-46.16838	12.14187	10.346726	-82.04153	-46.16881	0.1	91249981	28183.94331216812
454	-64.72877	-64.72877	0.0	-46.174625	12.135178	7.7084985	-82.748886	-46.174454	0.3	91450981	28244.310444831848
455	-56.438553	-56.438553	0.0	-46.13731	12.201583	6.9536257	-74.54873	-46.137047	0.1	91651981	28304.670118808746
456	-69.138176	-69.138176	0.0	-46.15335	12.172436	9.435334	-76.44477	-46.15333	0.1	91852981	28365.48952937126
457	-54.33104	-54.33104	0.0	-46.15137	12.174209	9.250059	-67.264946	-46.151016	0.3	92053981	28426.29899454117
458	-69.25444	-69.25444	0.0	-46.153633	12.161729	9.720827	-87.327896	-46.153652	0.1	92254981	28486.68652319908
459	-64.75516	-64.75516	0.0	-46.13395	12.1962805	6.3453526	-67.78342	-46.133907	0.0	92455981	28546.980340480804
460	-52.75288	-52.75288	0.0	-46.12942	12.203978	6.931164	-72.0635	-46.129242	0.0	92656981	28607.47860765457
461	-59.30087	-59.30087	0.0	-46.144005	12.1813755	6.8758345	-77.655426	-46.143917	0.1	92857981	28667.61140537262
462	-72.30507	-72.30507	0.0	-46.185543	12.126314	10.9545765	-77.90673	-46.1854	0.3	93058981	28728.22393512726
463	-63.602455	-63.602455	0.0	-46.144867	12.169941	5.869596	-77.50938	-46.145283	0.2	93259981	28788.77406525612
464	-65.75897	-65.75897	0.0	-46.149387	12.173163	20.639517	-81.08516	-46.149143	0.2	93460981	28849.27034187317
465	-58.367943	-58.367943	0.0	-46.169304	12.1436405	10.350744	-74.45505	-46.168755	0.1	93661981	28909.990018606186
466	-70.63976	-70.63976	0.0	-46.169994	12.1431	8.821541	-67.31451	-46.169537	0.2	93862981	28970.802964687347
467	-61.605484	-61.605484	0.0	-46.163586	12.157235	4.9560814	-74.179825	-46.163296	0.1	94063981	29030.826535224915
468	-60.822845	-60.822845	0.0	-46.137783	12.187483	11.734308	-78.459045	-46.13743	0.0	94264981	29091.17767071724
469	-61.46162	-61.46162	0.0	-46.12596	12.20836	7.359515	-72.6288	-46.12536	0.0	94465981	29151.296954870224
470	-61.360703	-61.360703	0.0	-46.194912	12.104099	8.53768	-73.589424	-46.194717	0.3	94666981	29211.818667650223
471	-56.440895	-56.440895	0.0	-46.164936	12.1483135	6.9161134	-92.27982	-46.16509	0.3	94867981	29273.67334508896
472	-55.43884	-55.43884	0.0	-46.142387	12.176419	7.133467	-80.56453	-46.141743	0.1	95068981	29335.536463975906
473	-60.294678	-60.294678	0.0	-46.179066	12.119365	13.995848	-74.67455	-46.179367	0.0	95269981	29396.698956251144
474	-56.808105	-56.808105	0.0	-46.160114	12.1552105	8.330619	-77.958916	-46.15994	0.1	95470981	29457.635021209717
475	-65.923035	-65.923035	0.0	-46.17185	12.119332	8.946335	-91.87747	-46.17121	0.1	95671981	29518.350706338882
476	-50.9288	-50.9288	0.0	-46.172752	12.131445	11.164282	-67.925995	-46.17189	0.0	95872981	29578.94272708893
477	-69.704285	-69.704285	0.0	-46.15917	12.153452	7.4308233	-76.38544	-46.15884	0.0	96073981	29639.361206769943
478	-59.76386	-59.76386	0.0	-46.157944	12.153913	6.4282722	-71.57226	-46.15735	0.1	96274981	29699.795647859573
479	-55.291187	-55.291187	0.0	-46.196945	12.101178	10.010182	-75.436455	-46.19652	0.1	96475981	29759.949518680573
480	-66.28779	-66.28779	0.0	-46.140068	12.176962	7.138777	-86.99212	-46.14053	0.2	96676981	29820.959021806717
481	-68.66273	-68.66273	0.0	-46.171444	12.125301	7.213818	-79.146835	-46.1718	0.0	96877981	29880.914742708206
482	-62.1517	-62.1517	0.0	-46.157394	12.157165	6.46899	-71.788445	-46.15738	0.1	97078981	29941.162645339966
483	-60.546463	-60.546463	0.0	-46.22351	12.050087	6.979116	-75.687195	-46.223293	0.0	97279981	30001.23655796051
484	-64.8145	-64.8145	0.0	-46.172737	12.1320915	6.476075	-88.232414	-46.17288	0.2	97480981	30061.488488674164
485	-63.84319	-63.84319	0.0	-46.182228	12.112866	6.644559	-80.51762	-46.182358	0.1	97681981	30121.890034914017
486	-69.958984	-69.958984	0.0	-46.18056	12.121924	7.2997856	-73.166466	-46.180687	0.1	97882981	30182.48858499527
487	-58.53388	-58.53388	0.0	-46.16719	12.141055	7.2309666	-72.73758	-46.167747	0.1	98083981	30242.61332678795
488	-70.765526	-70.765526	0.0	-46.162827	12.141162	6.0951614	-82.26413	-46.162323	0.2	98284981	30304.42508649826
489	-59.75808	-59.75808	0.0	-46.186935	12.098297	7.225669	-74.13635	-46.18663	0.0	98485981	30365.04954648018
490	-59.52843	-59.52843	0.0	-46.16337	12.1245	17.118107	-73.85812	-46.162872	0.1	98686981	30425.46004843712
491	-58.843697	-58.843697	0.0	-46.162235	12.13387	7.94223	-100.15369	-46.161934	0.0	98887981	30486.439480781555
492	-58.90593	-58.90593	0.0	-46.197697	12.084919	7.0725093	-78.689575	-46.197273	0.1	99088981	30547.022104024887
493	-55.334526	-55.334526	0.0	-46.16481	12.126839	7.7122607	-68.378075	-46.16362	0.1	99289981	30607.512904167175
494	-62.767044	-62.767044	0.0	-46.168327	12.126155	10.130928	-78.63761	-46.16804	0.1	99490981	30668.521344423294
495	-54.000553	-54.000553	0.0	-46.168385	12.122879	17.798527	-81.07998	-46.168015	0.0	99691981	30729.487889528275
496	-63.7546	-63.7546	0.0	-46.15028	12.145704	7.7481804	-84.65224	-46.150204	0.1	99892981	30790.27538537979
497	-56.628487	-56.628487	0.0	-46.15114	12.144591	8.820238	-85.48524	-46.151005	0.0	100093981	30851.321195364
498	-60.205246	-60.205246	0.0	-46.142467	12.16186	11.015673	-76.33015	-46.14261	0.2	100294981	30911.87947869301
499	-62.299164	-62.299164	0.0	-46.152367	12.154501	16.57915	-78.59212	-46.15231	0.2	100495981	30973.00710082054
500	-64.01104	-64.01104	0.0	-46.15108	12.140048	12.372211	-86.27975	-46.151184	0.1	100696981	31033.862889051437
501	-65.075584	-65.075584	0.0	-46.151546	12.143041	10.044201	-70.05903	-46.151787	0.0	100897981	31094.566671848297
502	-56.026634	-56.026634	0.0	-46.12533	12.182717	9.269928	-72.112015	-46.125446	0.1	101098981	31155.150755167007
503	-59.630726	-59.630726	0.0	-46.134007	12.158956	6.5759335	-78.325584	-46.133953	0.1	101299981	31215.39569067955
504	-67.108055	-67.108055	0.0	-46.136215	12.164393	6.914157	-77.73961	-46.136375	0.2	101500981	31275.677749872208
505	-57.122276	-57.122276	0.0	-46.15013	12.132241	7.8610487	-75.74313	-46.149635	0.2	101701981	31337.29454612732
506	-55.659576	-55.659576	0.0	-46.116127	12.176471	6.665076	-72.716896	-46.11557	0.0	101902981	31398.185973644257
507	-59.1009	-59.1009	0.0	-46.160664	12.114575	7.529563	-88.885155	-46.160477	0.1	102103981	31458.892684936523
508	-75.9385	-75.9385	0.0	-46.13195	12.159347	8.140395	-84.76524	-46.131145	0.2	102304981	31519.59184861183
509	-65.76155	-65.76155	0.0	-46.13773	12.159548	7.202626	-73.28498	-46.13734	0.1	102505981	31580.377381324768
510	-64.61814	-64.61814	0.0	-46.138924	12.154122	10.1616535	-78.89891	-46.138744	0.1	102706981	31641.116008758545
511	-52.644394	-52.644394	0.0	-46.124447	12.178893	26.040955	-80.103065	-46.124866	0.2	102907981	31701.741903066635
512	-63.556206	-63.556206	0.0	-46.15145	12.12776	10.259079	-84.44189	-46.15175	0.1	103108981	31762.28605031967
513	-54.347782	-54.347782	0.0	-46.141342	12.146666	7.322133	-83.688805	-46.14158	0.0	103309981	31822.839171886444
514	-65.350624	-65.350624	0.0	-46.13409	12.160216	6.890658	-77.326965	-46.133854	0.2	103510981	31882.990398406982
515	-55.370155	-55.370155	0.0	-46.101925	12.194486	5.1992373	-81.182304	-46.101353	0.3	103711981	31943.535150289536
516	-66.295685	-66.295685	0.0	-46.112522	12.193096	8.12055	-76.00665	-46.11246	0.0	103912981	32003.65244102478
517	-57.14042	-57.14042	0.0	-46.134693	12.1602335	6.2238426	-78.85384	-46.134438	0.2	104113981	32064.125509262085
518	-63.33384	-63.33384	0.0	-46.132504	12.165998	7.283268	-75.50146	-46.132156	0.3	104314981	32124.135049819946
519	-65.5484	-65.5484	0.0	-46.127922	12.162784	6.8618054	-74.9639	-46.12779	0.0	104515981	32184.299451589584
520	-59.46776	-59.46776	0.0	-46.10926	12.195797	8.780131	-90.537094	-46.109203	0.0	104716981	32244.605204105377
521	-57.13588	-57.13588	0.0	-46.135784	12.151965	6.668556	-82.96695	-46.13552	0.0	104917981	32305.261166334152
522	-61.49676	-61.49676	0.0	-46.130234	12.146276	6.594771	-76.55718	-46.129177	0.3	105118981	32365.92401957512
523	-65.576096	-65.576096	0.0	-46.129604	12.166471	8.798636	-72.365616	-46.1289	0.1	105319981	32426.798802614212
524	-49.103195	-49.103195	0.0	-46.138885	12.151385	7.9557676	-81.09003	-46.13944	0.1	105520981	32487.1140396595
525	-67.712456	-67.712456	0.0	-46.112587	12.183927	8.453573	-86.52072	-46.1131	0.1	105721981	32547.871219158173
526	-54.16738	-54.16738	0.0	-46.108734	12.20279	5.9201784	-83.34474	-46.108143	0.0	105922981	32608.297717809677
527	-57.34544	-57.34544	0.0	-46.1216	12.176283	8.063962	-77.21116	-46.12093	0.0	106123981	32669.350232362747
528	-63.96116	-63.96116	0.0	-46.122032	12.175374	6.9725323	-76.04938	-46.121822	0.0	106324981	32729.706881284714
529	-59.84813	-59.84813	0.0	-46.166138	12.107615	7.836637	-76.752045	-46.1657	0.3	106525981	32790.462460041046
530	-64.51633	-64.51633	0.0	-46.114296	12.187845	11.606859	-81.63749	-46.113876	0.0	106726981	32850.66053557396
531	-59.622734	-59.622734	0.0	-46.107258	12.179678	11.043628	-77.68091	-46.107327	0.1	106927981	32911.06807184219
532	-68.939026	-68.939026	0.0	-46.127415	12.162483	7.9111094	-71.01022	-46.12616	0.1	107128981	32971.704489946365
533	-52.172623	-52.172623	0.0	-46.13395	12.158721	8.886476	-85.35328	-46.13365	0.1	107329981	33032.06412816048
534	-67.28108	-67.28108	0.0	-46.118126	12.168794	15.938411	-70.59412	-46.118034	0.1	107530981	33093.30704021454
535	-58.417137	-58.417137	0.0	-46.118347	12.174821	7.7625437	-88.0249	-46.118183	0.0	107731981	33154.03935790062
536	-72.17229	-72.17229	0.0	-46.12996	12.152705	7.988213	-80.51976	-46.129524	0.0	107932981	33214.74658370018
537	-69.171585	-69.171585	0.0	-46.14488	12.14501	19.736687	-85.85695	-46.144634	0.1	108133981	33275.37849521637
538	-53.96707	-53.96707	0.0	-46.126404	12.163874	5.5732584	-85.716644	-46.126728	0.1	108334981	33336.39355969429
539	-54.889633	-54.889633	0.0	-46.151436	12.12339	10.60779	-102.27025	-46.151543	0.0	108535981	33396.81358623505
540	-59.62514	-59.62514	0.0	-46.140385	12.136965	7.475743	-82.31141	-46.140354	0.2	108736981	33457.527178287506
541	-65.03672	-65.03672	0.0	-46.124992	12.159855	5.8666563	-85.436485	-46.12415	0.0	108937981	33518.20197534561
542	-69.32835	-69.32835	0.0	-46.141125	12.13789	9.860326	-74.836876	-46.14086	0.1	109138981	33578.10985040665
543	-59.8347	-59.8347	0.0	-46.12669	12.165029	8.540068	-80.798836	-46.126587	0.0	109339981	33638.38768076897
544	-71.35479	-71.35479	0.0	-46.160107	12.102355	5.8072357	-78.4235	-46.159195	0.2	109540981	33698.3987634182
545	-63.72407	-63.72407	0.0	-46.14512	12.129377	10.59646	-75.79376	-46.144455	0.1	109741981	33758.9847984314
546	-61.510498	-61.510498	0.0	-46.154892	12.113993	19.23624	-78.41172	-46.15381	0.2	109942981	33819.66608476639
547	-60.336185	-60.336185	0.0	-46.170853	12.078424	6.3579283	-79.39952	-46.16999	0.0	110143981	33880.03821325302
548	-63.02401	-63.02401	0.0	-46.141926	12.124339	6.9860287	-69.92425	-46.14131	0.1	110344981	33940.24225592613
549	-67.548065	-67.548065	0.0	-46.159126	12.097041	7.9840803	-77.163826	-46.158768	0.1	110545981	34001.50149154663
550	-59.627285	-59.627285	0.0	-46.165695	12.082967	19.338644	-75.76963	-46.165695	0.0	110746981	34061.907036304474
551	-68.54884	-68.54884	0.0	-46.1311	12.141284	6.444708	-79.309044	-46.130665	0.2	110947981	34122.27516436577
552	-65.423935	-65.423935	0.0	-46.165657	12.082706	7.1704435	-76.424385	-46.16526	0.2	111148981	34182.6318128109
553	-56.588646	-56.588646	0.0	-46.13067	12.135307	15.571358	-85.322914	-46.129936	0.1	111349981	34242.86776924133
554	-58.75725	-58.75725	0.0	-46.12863	12.123582	39.75792	-82.77934	-46.127785	0.3	111550981	34303.74772310257
555	-76.44868	-76.44868	0.0	-46.135963	12.126423	6.203326	-67.42099	-46.13502	0.1	111751981	34364.40886926651
556	-57.537743	-57.537743	0.0	-46.127907	12.128247	9.80613	-76.00657	-46.126137	0.0	111952981	34424.81139612198
557	-48.3557	-48.3557	0.0	-46.173836	12.065395	7.9045362	-88.61636	-46.17284	0.3	112153981	34485.67369174957
558	-45.9754	-45.9754	0.0	-46.1339	12.1254635	7.5378847	-85.69293	-46.132862	0.0	112354981	34545.96251869202
559	-65.82882	-65.82882	0.0	-46.15853	12.084961	8.402867	-78.21014	-46.15809	0.1	112555981	34606.23442912102
560	-60.905724	-60.905724	0.0	-46.111668	12.146333	20.458212	-84.99046	-46.112167	0.1	112756981	34666.42947459221
561	-60.581863	-60.581863	0.0	-46.109882	12.158467	7.19068	-77.292854	-46.109146	0.1	112957981	34726.70334863663
562	-47.838047	-47.838047	0.0	-46.117115	12.144566	8.142644	-85.70719	-46.116825	0.1	113158981	34787.385640621185
563	-55.13682	-55.13682	0.0	-46.115753	12.153664	6.8791575	-83.6091	-46.115456	0.3	113359981	34847.77177834511
564	-62.640556	-62.640556	0.0	-46.133705	12.115103	7.729168	-90.25768	-46.133175	0.0	113560981	34907.880093574524
565	-60.32985	-60.32985	0.0	-46.09181	12.181466	5.4339113	-89.27077	-46.09105	0.0	113761981	34967.93853664398
566	-63.083744	-63.083744	0.0	-46.13221	12.122862	6.8282337	-81.95454	-46.1308	0.3	113962981	35028.704117536545
567	-55.584145	-55.584145	0.0	-46.110573	12.150851	6.6921635	-73.38611	-46.109497	0.0	114163981	35088.97902107239
568	-49.21189	-49.21189	0.0	-46.095474	12.174959	7.521047	-83.08056	-46.094948	0.2	114364981	35149.45435667038
569	-59.444454	-59.444454	0.0	-46.112587	12.1283865	9.614975	-77.2587	-46.112545	0.1	114565981	35210.14174461365
570	-52.17868	-52.17868	0.0	-46.139507	12.10519	8.501942	-79.140305	-46.13907	0.2	114766981	35270.31795287132
571	-75.353424	-75.353424	0.0	-46.10338	12.147703	9.338764	-83.97913	-46.102722	0.1	114967981	35330.83386874199
572	-52.667984	-52.667984	0.0	-46.129196	12.11316	10.929228	-83.38018	-46.128777	0.0	115168981	35391.259368658066
573	-70.0096	-70.0096	0.0	-46.136818	12.109225	10.559737	-79.28644	-46.135525	0.2	115369981	35451.56215643883
574	-55.151684	-55.151684	0.0	-46.11065	12.143509	8.316357	-72.37508	-46.109837	0.1	115570981	35511.36140990257
575	-63.152267	-63.152267	0.0	-46.09471	12.177574	6.3816953	-70.22219	-46.09362	0.1	115771981	35571.91555738449
576	-57.771744	-57.771744	0.0	-46.1292	12.128052	6.391326	-78.47075	-46.12886	0.1	115972981	35633.270641088486
577	-58.188637	-58.188637	0.0	-46.127125	12.120354	7.954005	-85.202126	-46.126534	0.2	116173981	35693.80884599686
578	-56.158165	-56.158165	0.0	-46.1263	12.1179085	6.953154	-82.336784	-46.125717	0.3	116374981	35754.34102463722
579	-62.203644	-62.203644	0.0	-46.14083	12.094236	9.461732	-103.6352	-46.14045	0.0	116575981	35815.11256289482
580	-62.962387	-62.962387	0.0	-46.114677	12.135054	8.433014	-100.507095	-46.113575	0.1	116776981	35875.674173116684
581	-57.931595	-57.931595	0.0	-46.12242	12.119347	6.1861362	-86.903206	-46.12111	0.1	116977981	35936.64270067215
582	-60.843822	-60.843822	0.0	-46.11511	12.134666	46.619976	-82.22626	-46.113358	0.0	117178981	35996.96244597435
583	-65.42157	-65.42157	0.0	-46.083687	12.184274	21.688824	-81.15612	-46.0831	0.2	117379981	36057.211383104324
584	-56.71251	-56.71251	0.0	-46.120026	12.131277	7.167367	-79.99528	-46.118893	0.0	117580981	36117.87774848938
585	-60.06435	-60.06435	0.0	-46.131184	12.103499	13.399379	-70.84121	-46.13033	0.1	117781981	36178.32312750816
586	-63.204235	-63.204235	0.0	-46.107754	12.151258	8.513515	-76.70924	-46.105755	0.0	117982981	36238.81791996956
587	-70.53384	-70.53384	0.0	-46.148586	12.09332	11.4360485	-84.79591	-46.148422	0.0	118183981	36299.28826189041
588	-58.24588	-58.24588	0.0	-46.134098	12.114038	7.734652	-94.75173	-46.134563	0.0	118384981	36359.62148690224
589	-66.75713	-66.75713	0.0	-46.115105	12.130508	9.082095	-78.156845	-46.115875	0.0	118585981	36420.02452158928
590	-62.99524	-62.99524	0.0	-46.14166	12.092075	6.1549125	-81.810486	-46.141262	0.1	118786981	36480.38728928566
591	-54.46071	-54.46071	0.0	-46.117485	12.127445	11.941824	-89.39805	-46.1167	0.1	118987981	36541.037137269974
592	-68.20945	-68.20945	0.0	-46.109917	12.141229	6.494252	-82.06689	-46.109444	0.1	119188981	36601.731920957565
593	-63.672382	-63.672382	0.0	-46.135338	12.108553	25.034504	-82.09424	-46.133877	0.0	119389981	36662.309938430786
594	-56.834877	-56.834877	0.0	-46.14349	12.088202	6.950723	-80.04248	-46.14292	0.1	119590981	36724.27106714249
595	-69.32193	-69.32193	0.0	-46.10967	12.146558	6.961258	-98.98573	-46.10884	0.0	119791981	36785.18259549141
596	-66.184555	-66.184555	0.0	-46.115788	12.130684	8.914904	-110.942314	-46.115215	0.2	119992981	36845.93988442421
597	-61.9568	-61.9568	0.0	-46.130558	12.1172285	10.048905	-88.52796	-46.13004	0.1	120193981	36907.081468343735
598	-59.663773	-59.663773	0.0	-46.155537	12.082405	7.8528166	-65.678116	-46.155373	0.1	120394981	36968.669826984406
599	-56.82718	-56.82718	0.0	-46.119854	12.133939	16.768616	-81.0132	-46.119347	0.1	120595981	37029.69564676285
600	-55.815662	-55.815662	0.0	-46.111134	12.148734	7.6987267	-84.36797	-46.11066	0.1	120796981	37090.245779037476
601	-64.68416	-64.68416	0.0	-46.118073	12.124881	6.181776	-85.94721	-46.117966	0.2	120997981	37151.34743309021
602	-53.196983	-53.196983	0.0	-46.10489	12.159422	8.478899	-75.0929	-46.104763	0.0	121198981	37212.462062597275
603	-57.962345	-57.962345	0.0	-46.12522	12.131804	7.14911	-87.46237	-46.125126	0.0	121399981	37273.44407582283
604	-69.795746	-69.795746	0.0	-46.141335	12.103539	7.14112	-91.52995	-46.141247	0.4	121600981	37334.325790166855
605	-75.72192	-75.72192	0.0	-46.141308	12.102384	9.317577	-87.46019	-46.141396	0.3	121801981	37394.9711728096
606	-63.109615	-63.109615	0.0	-46.14396	12.106525	7.666751	-76.692764	-46.143368	0.0	122002981	37455.96271753311
607	-66.09071	-66.09071	0.0	-46.10063	12.169802	8.3971815	-86.82523	-46.10105	0.1	122203981	37516.43209719658
608	-69.365	-69.365	0.0	-46.13231	12.1202965	7.016519	-75.131256	-46.13248	0.0	122404981	37577.107860565186
609	-61.84717	-61.84717	0.0	-46.19179	12.030712	60.087482	-99.55556	-46.19112	0.1	122605981	37638.047946453094
610	-68.95488	-68.95488	0.0	-46.10398	12.158299	12.209827	-78.44761	-46.10416	0.0	122806981	37698.99375844002
611	-66.234375	-66.234375	0.0	-46.14341	12.101217	8.707303	-94.72058	-46.14296	0.2	123007981	37760.11439824104
612	-58.47913	-58.47913	0.0	-46.153976	12.081651	7.488603	-87.893486	-46.154037	0.1	123208981	37821.01510620117
613	-65.0448	-65.0448	0.0	-46.163925	12.07562	13.015231	-83.74147	-46.164368	0.1	123409981	37882.2825114727
614	-55.121017	-55.121017	0.0	-46.146397	12.096005	10.9089365	-88.278946	-46.145496	0.1	123610981	37943.41776752472
615	-72.98593	-72.98593	0.0	-46.138798	12.090682	8.311743	-91.24308	-46.13911	0.1	123811981	38003.90719103813
616	-67.73517	-67.73517	0.0	-46.143993	12.089111	7.8317595	-85.68947	-46.1445	0.3	124012981	38064.48376917839
617	-54.66567	-54.66567	0.0	-46.160164	12.06555	26.039495	-97.29559	-46.15999	0.2	124213981	38125.068552970886
618	-62.723545	-62.723545	0.0	-46.175426	12.046991	8.235582	-82.02919	-46.17551	0.1	124414981	38185.75132870674
619	-66.88073	-66.88073	0.0	-46.159855	12.072062	11.398115	-84.284134	-46.158703	0.1	124615981	38246.28051900864
620	-68.16634	-68.16634	0.0	-46.137268	12.100576	7.598916	-83.87745	-46.13656	0.0	124816981	38307.46798300743
621	-67.82653	-67.82653	0.0	-46.132877	12.119461	6.5112314	-88.713936	-46.131824	0.3	125017981	38367.45857477188
622	-56.3928	-56.3928	0.0	-46.15787	12.072065	11.462925	-83.06925	-46.157852	0.2	125218981	38427.72002053261
623	-62.200916	-62.200916	0.0	-46.16535	12.057505	9.2736435	-82.48326	-46.16442	0.1	125419981	38488.35739135742
624	-65.95999	-65.95999	0.0	-46.185738	12.015778	9.695295	-78.088264	-46.185623	0.0	125620981	38548.756477832794
625	-63.522816	-63.522816	0.0	-46.15467	12.074375	7.635419	-84.442184	-46.15363	0.2	125821981	38609.045310497284
626	-62.92809	-62.92809	0.0	-46.150345	12.073497	11.680096	-81.86273	-46.149734	0.3	126022981	38669.30273222923
627	-60.616924	-60.616924	0.0	-46.157852	12.057403	19.075834	-105.92796	-46.1572	0.0	126223981	38729.78304934502
628	-72.22284	-72.22284	0.0	-46.159077	12.068638	10.043221	-87.53833	-46.159763	0.1	126424981	38790.49973154068
629	-56.599506	-56.599506	0.0	-46.16812	12.05878	10.307383	-78.52855	-46.168957	0.1	126625981	38851.51162791252
630	-60.47555	-60.47555	0.0	-46.161926	12.062626	25.47248	-85.80219	-46.161594	0.2	126826981	38911.77751803398
631	-59.51025	-59.51025	0.0	-46.17248	12.036274	15.657873	-104.21673	-46.172024	0.2	127027981	38972.238923072815
632	-60.340466	-60.340466	0.0	-46.161972	12.044964	17.639608	-94.48732	-46.16222	0.0	127228981	39032.80362391472
633	-68.43855	-68.43855	0.0	-46.16367	12.058616	6.9633646	-87.845184	-46.162785	0.1	127429981	39093.02460026741
634	-59.073708	-59.073708	0.0	-46.16441	12.050685	7.3089323	-93.85801	-46.163902	0.2	127630981	39153.668479681015
635	-56.94713	-56.94713	0.0	-46.17541	12.04632	16.57032	-76.05054	-46.174046	0.0	127831981	39213.738893032074
636	-59.594845	-59.594845	0.0	-46.172665	12.032082	8.270102	-76.62231	-46.172195	0.0	128032981	39273.92573547363
637	-63.77713	-63.77713	0.0	-46.15107	12.0715065	8.809514	-94.709816	-46.15063	0.1	128233981	39334.5087852478
638	-60.226208	-60.226208	0.0	-46.151794	12.070359	6.506106	-81.197716	-46.15144	0.0	128434981	39394.72673392296
639	-67.97056	-67.97056	0.0	-46.141243	12.070451	36.439327	-95.86247	-46.14218	0.1	128635981	39454.99561929703
640	-52.177753	-52.177753	0.0	-46.12698	12.092518	9.252687	-87.56147	-46.126816	0.1	128836981	39515.745247364044
641	-57.453262	-57.453262	0.0	-46.15051	12.047142	7.318269	-73.6923	-46.1509	0.0	129037981	39576.02429199219
642	-65.30812	-65.30812	0.0	-46.136223	12.079489	8.855236	-70.72016	-46.135925	0.1	129238981	39636.67615056038
643	-50.169754	-50.169754	0.0	-46.13197	12.083335	8.860994	-75.38051	-46.13199	0.1	129439981	39696.80540847778
644	-56.174747	-56.174747	0.0	-46.156303	12.039381	7.100074	-82.60084	-46.15635	0.1	129640981	39757.224076509476
645	-51.57097	-51.57097	0.0	-46.142178	12.065788	31.730143	-86.56127	-46.14131	0.0	129841981	39817.72657585144
646	-60.28371	-60.28371	0.0	-46.132618	12.084464	8.6870985	-77.8584	-46.13227	0.1	130042981	39878.20889163017
647	-57.64396	-57.64396	0.0	-46.14444	12.063592	7.3560805	-78.170395	-46.143356	0.2	130243981	39938.47873330116
648	-59.37784	-59.37784	0.0	-46.14723	12.048137	8.173265	-75.40015	-46.14602	0.0	130444981	39998.78654360771
649	-74.70219	-74.70219	0.0	-46.1486	12.051865	17.402563	-82.29595	-46.1483	0.3	130645981	40058.76894783974
650	-55.614037	-55.614037	0.0	-46.16573	12.029309	7.457972	-93.36856	-46.16566	0.1	130846981	40119.19241690636
651	-68.060074	-68.060074	0.0	-46.132366	12.083661	7.35326	-116.56366	-46.13175	0.1	131047981	40180.18589067459
652	-64.07506	-64.07506	0.0	-46.15128	12.060326	8.024014	-84.68325	-46.151512	0.1	131248981	40240.69829392433
653	-57.948887	-57.948887	0.0	-46.159046	12.048975	7.8200855	-89.79056	-46.1593	0.2	131449981	40301.44940853119
654	-63.343544	-63.343544	0.0	-46.12414	12.106848	7.8900795	-80.97359	-46.1241	0.0	131650981	40362.58330655098
655	-66.87747	-66.87747	0.0	-46.174305	12.023697	7.1656046	-85.23014	-46.17451	0.1	131851981	40423.29400610924
656	-53.816338	-53.816338	0.0	-46.166203	12.040982	13.164981	-88.856316	-46.16712	0.0	132052981	40483.55394744873
657	-59.870922	-59.870922	0.0	-46.174007	12.02261	6.8381786	-78.653915	-46.17431	0.3	132253981	40544.00331234932
658	-57.424896	-57.424896	0.0	-46.187584	12.011678	8.816184	-74.16642	-46.187878	0.2	132454981	40604.51247048378
659	-57.267597	-57.267597	0.0	-46.18294	12.011409	8.541137	-75.10086	-46.183006	0.1	132655981	40665.019713401794
660	-59.21002	-59.21002	0.0	-46.11839	12.113729	9.920553	-88.61047	-46.117943	0.2	132856981	40725.053235054016
661	-64.9692	-64.9692	0.0	-46.16821	12.030696	13.021786	-83.58452	-46.167458	0.1	133057981	40785.03943324089
662	-63.149155	-63.149155	0.0	-46.148834	12.057059	9.420601	-88.44861	-46.14867	0.1	133258981	40844.83210229874
663	-67.214874	-67.214874	0.0	-46.1461	12.056561	8.102232	-91.01967	-46.14667	0.2	133459981	40904.95045924187
664	-66.57935	-66.57935	0.0	-46.143692	12.059379	31.112497	-93.264496	-46.14369	0.0	133660981	40964.787504434586
665	-59.644867	-59.644867	0.0	-46.16771	12.034297	7.4115334	-80.37049	-46.167824	0.1	133861981	41024.80720162392
666	-57.71106	-57.71106	0.0	-46.16364	12.039647	8.794484	-84.06072	-46.162514	0.0	134062981	41084.83324313164
667	-65.57923	-65.57923	0.0	-46.1398	12.070736	7.034895	-79.99452	-46.14029	0.0	134263981	41145.24046874046
668	-69.13838	-69.13838	0.0	-46.1208	12.10248	8.548272	-97.2693	-46.119755	0.1	134464981	41205.92523908615
669	-52.913143	-52.913143	0.0	-46.145275	12.062475	7.3014994	-89.76643	-46.1445	0.1	134665981	41266.15192627907
670	-73.860306	-73.860306	0.0	-46.127	12.098659	10.66097	-74.866356	-46.125786	0.0	134866981	41326.883078336716
671	-54.02324	-54.02324	0.0	-46.161682	12.036649	7.97995	-96.99701	-46.160534	0.0	135067981	41387.49593424797
672	-59.917213	-59.917213	0.0	-46.145077	12.060061	9.081552	-94.42486	-46.144794	0.1	135268981	41447.82677316666
673	-59.740913	-59.740913	0.0	-46.142784	12.063706	7.6788626	-82.10067	-46.141922	0.4	135469981	41508.23676300049
674	-60.44931	-60.44931	0.0	-46.13431	12.064832	8.274317	-83.833244	-46.13499	0.3	135670981	41569.002546310425
675	-64.18329	-64.18329	0.0	-46.125057	12.089247	64.81792	-102.74554	-46.12505	0.0	135871981	41629.344259262085
676	-56.378387	-56.378387	0.0	-46.15397	12.036982	7.6487837	-104.51473	-46.15392	0.1	136072981	41689.461721897125
677	-59.836647	-59.836647	0.0	-46.156532	12.029969	8.868853	-85.68804	-46.15624	0.1	136273981	41749.61491274834
678	-49.362232	-49.362232	0.0	-46.15741	12.040778	6.9367933	-82.535774	-46.157177	0.0	136474981	41810.25380682945
679	-57.58482	-57.58482	0.0	-46.131374	12.068706	12.319867	-82.24631	-46.1305	0.1	136675981	41870.31325674057
680	-57.780205	-57.780205	0.0	-46.125263	12.0823345	13.697474	-121.98177	-46.124474	0.0	136876981	41930.76566576958
681	-56.563915	-56.563915	0.0	-46.15071	12.047179	7.0182705	-88.92706	-46.149952	0.1	137077981	41991.26844334602
682	-61.347313	-61.347313	0.0	-46.16868	12.00931	7.6602054	-87.08331	-46.168003	0.3	137278981	42051.25789260864
683	-61.456608	-61.456608	0.0	-46.14342	12.0435295	9.002974	-91.25265	-46.144737	0.1	137479981	42111.865906476974
684	-55.78854	-55.78854	0.0	-46.13487	12.067369	10.124493	-81.05648	-46.135654	0.1	137680981	42172.35635948181
685	-52.553066	-52.553066	0.0	-46.19571	11.969493	7.7751884	-79.31043	-46.19703	0.0	137881981	42232.749412059784
686	-56.584927	-56.584927	0.0	-46.157425	12.020619	8.586695	-72.73898	-46.15879	0.1	138082981	42293.584779024124
687	-59.04696	-59.04696	0.0	-46.149593	12.041315	7.616488	-82.371574	-46.150204	0.1	138283981	42354.63158130646
688	-61.17698	-61.17698	0.0	-46.156593	12.030892	8.125491	-86.310196	-46.155434	0.2	138484981	42415.255514383316
689	-57.252983	-57.252983	0.0	-46.15007	12.031576	19.207788	-95.5459	-46.151215	0.0	138685981	42475.510434150696
690	-60.861305	-60.861305	0.0	-46.148273	12.030464	12.60779	-94.89217	-46.14881	0.0	138886981	42535.91721177101
691	-66.62726	-66.62726	0.0	-46.129093	12.061632	7.960126	-84.34251	-46.129498	0.2	139087981	42596.354053258896
692	-73.3761	-73.3761	0.0	-46.172672	11.990405	11.138431	-82.62381	-46.173172	0.1	139288981	42656.920140743256
693	-68.31631	-68.31631	0.0	-46.157642	12.023954	31.191553	-86.65718	-46.15774	0.2	139489981	42717.584963560104
694	-64.10977	-64.10977	0.0	-46.146282	12.040325	7.275082	-86.55645	-46.14567	0.2	139690981	42778.15057182312
695	-53.679268	-53.679268	0.0	-46.151432	12.023736	6.730693	-83.01509	-46.151176	0.1	139891981	42838.81298446655
696	-66.26904	-66.26904	0.0	-46.168167	12.005792	8.712503	-90.971146	-46.168064	0.2	140092981	42899.59851980209
697	-66.74776	-66.74776	0.0	-46.140476	12.059944	14.306713	-82.14248	-46.13935	0.2	140293981	42961.881491184235
698	-62.77417	-62.77417	0.0	-46.148914	12.046061	15.978163	-81.053375	-46.148224	0.0	140494981	43025.0122654438
699	-56.322998	-56.322998	0.0	-46.172356	12.003667	9.502769	-79.545235	-46.170815	0.3	140695981	43085.26641011238
700	-67.471306	-67.471306	0.0	-46.15044	12.050432	31.257616	-81.731865	-46.150517	0.1	140896981	43145.93921279907
701	-63.73003	-63.73003	0.0	-46.16614	12.015691	13.787115	-78.789085	-46.165493	0.2	141097981	43206.81080079079
702	-64.4448	-64.4448	0.0	-46.175674	12.004432	7.0170636	-108.147285	-46.1743	0.3	141298981	43267.06771397591
703	-50.200104	-50.200104	0.0	-46.177616	12.003016	11.308197	-95.00086	-46.177486	0.1	141499981	43327.57496190071
704	-73.41506	-73.41506	0.0	-46.19197	11.985035	8.979256	-74.92335	-46.191586	0.3	141700981	43388.13207411766
705	-66.625145	-66.625145	0.0	-46.149563	12.045425	13.909483	-90.758316	-46.148083	0.1	141901981	43448.83829545975
706	-58.73893	-58.73893	0.0	-46.18155	11.9816065	28.05815	-79.869804	-46.180973	0.0	142102981	43509.2547852993
707	-52.44069	-52.44069	0.0	-46.143867	12.0430565	7.6077085	-79.41617	-46.14308	0.3	142303981	43569.72113728523
708	-72.61386	-72.61386	0.0	-46.156517	12.034782	37.075665	-84.07799	-46.155064	0.0	142504981	43630.14394855499
709	-63.448193	-63.448193	0.0	-46.156292	12.030447	15.057913	-94.83212	-46.155346	0.0	142705981	43691.364266872406
710	-56.171818	-56.171818	0.0	-46.146	12.041891	8.993711	-87.160126	-46.144947	0.2	142906981	43751.85356235504
711	-62.711693	-62.711693	0.0	-46.14475	12.035606	32.037327	-89.263626	-46.14485	0.0	143107981	43812.55702114105
712	-65.19384	-65.19384	0.0	-46.164707	12.0005665	11.083361	-82.07279	-46.16354	0.1	143308981	43873.19691443443
713	-65.80663	-65.80663	0.0	-46.17259	11.994905	9.030333	-80.11038	-46.171864	0.2	143509981	43934.570838451385
714	-68.72216	-68.72216	0.0	-46.192863	11.971768	13.953238	-97.41833	-46.1929	0.2	143710981	43995.849956035614
715	-58.96414	-58.96414	0.0	-46.17189	11.994586	11.158331	-109.64432	-46.17123	0.1	143911981	44056.50629878044
716	-55.468678	-55.468678	0.0	-46.138866	12.033619	8.5842	-99.0979	-46.13719	0.1	144112981	44117.09732198715
717	-61.527866	-61.527866	0.0	-46.137436	12.047969	8.892418	-77.22458	-46.136864	0.1	144313981	44177.50434064865
718	-59.04399	-59.04399	0.0	-46.192978	11.953075	8.5739155	-81.65467	-46.19092	0.0	144514981	44238.02221226692
719	-64.04801	-64.04801	0.0	-46.18439	11.958794	7.4613996	-79.8116	-46.18329	0.2	144715981	44298.93039441109
720	-68.514336	-68.514336	0.0	-46.173386	11.981923	9.01871	-82.21722	-46.17251	0.1	144916981	44359.28156590462
721	-67.4794	-67.4794	0.0	-46.15655	12.001747	8.869356	-75.54919	-46.155132	0.1	145117981	44419.496592760086
722	-52.40268	-52.40268	0.0	-46.168983	11.9893055	16.243347	-95.51128	-46.168777	0.0	145318981	44479.63150048256
723	-57.185413	-57.185413	0.0	-46.158592	11.996994	8.486553	-108.14699	-46.157623	0.0	145519981	44539.69222664833
724	-64.44557	-64.44557	0.0	-46.167824	11.979043	10.983349	-90.324745	-46.16754	0.2	145720981	44599.63900351524
725	-68.65971	-68.65971	0.0	-46.160496	11.978677	9.093504	-106.75593	-46.15959	0.1	145921981	44659.97560620308
726	-47.4873	-47.4873	0.0	-46.140556	12.005876	22.609003	-83.811134	-46.13882	0.1	146122981	44719.99515247345
727	-69.89543	-69.89543	0.0	-46.150997	11.986322	7.883097	-79.23065	-46.1506	0.3	146323981	44780.01372933388
728	-53.853775	-53.853775	0.0	-46.166992	11.962376	24.082876	-76.828926	-46.165874	0.1	146524981	44840.47333192825
729	-50.45905	-50.45905	0.0	-46.172844	11.950217	43.424732	-89.46373	-46.170887	0.0	146725981	44901.151119709015
730	-55.34452	-55.34452	0.0	-46.13905	12.00596	11.784393	-91.6511	-46.138546	0.2	146926981	44961.62545323372
731	-71.781425	-71.781425	0.0	-46.143555	12.006944	9.157618	-82.86435	-46.143982	0.1	147127981	45022.32370066643
732	-56.65339	-56.65339	0.0	-46.12957	12.021624	15.013106	-85.58891	-46.13027	0.0	147328981	45082.74777674675
733	-61.544403	-61.544403	0.0	-46.140118	12.006961	15.515013	-75.041756	-46.13928	0.3	147529981	45143.223105192184
734	-61.794327	-61.794327	0.0	-46.163124	11.975502	8.167693	-86.11425	-46.162052	0.1	147730981	45203.36982345581
735	-60.959457	-60.959457	0.0	-46.13146	12.023059	8.496361	-77.18746	-46.12961	0.0	147931981	45264.16430020332
736	-57.280663	-57.280663	0.0	-46.16171	11.975308	11.289156	-80.07154	-46.160606	0.0	148132981	45324.71896672249
737	-53.544647	-53.544647	0.0	-46.129616	12.01556	9.257309	-79.42498	-46.12793	0.3	148333981	45385.06515312195
738	-63.328144	-63.328144	0.0	-46.14059	11.995305	9.240921	-94.12742	-46.13951	0.1	148534981	45445.59139895439
739	-59.49403	-59.49403	0.0	-46.1612	11.957059	8.820468	-89.275505	-46.16007	0.1	148735981	45505.993923187256
740	-65.41756	-65.41756	0.0	-46.117092	12.028722	20.837196	-86.27082	-46.116394	0.2	148936981	45566.48022532463
741	-63.048336	-63.048336	0.0	-46.122932	12.024312	8.010046	-97.1111	-46.122215	0.3	149137981	45626.79398703575
742	-62.950108	-62.950108	0.0	-46.11586	12.047867	11.51947	-90.59766	-46.115715	0.1	149338981	45687.09478354454
743	-73.28729	-73.28729	0.0	-46.144802	11.981611	8.188745	-98.63047	-46.1439	0.2	149539981	45747.978023290634
744	-70.97414	-70.97414	0.0	-46.187843	11.931402	8.090232	-95.0819	-46.186634	0.3	149740981	45808.878729343414
745	-64.591095	-64.591095	0.0	-46.163548	11.955085	9.234877	-78.00119	-46.161823	0.1	149941981	45869.585441589355
746	-57.566914	-57.566914	0.0	-46.171505	11.9502325	25.296955	-92.394135	-46.170124	0.2	150142981	45929.75462436676
747	-57.92704	-57.92704	0.0	-46.16492	11.967261	8.47043	-88.19735	-46.164555	0.2	150343981	45990.27583360672
748	-62.655884	-62.655884	0.0	-46.16383	11.968232	67.63649	-97.051834	-46.163	0.2	150544981	46050.751678943634
749	-54.1296	-54.1296	0.0	-46.156544	11.960867	8.566488	-84.24115	-46.15496	0.2	150745981	46110.93674874306
750	-63.117783	-63.117783	0.0	-46.14436	11.977694	8.906315	-88.30421	-46.14298	0.0	150946981	46171.312160253525
751	-48.996902	-48.996902	0.0	-46.101635	12.049316	8.495401	-91.14931	-46.101925	0.1	151147981	46231.209998846054
752	-66.3066	-66.3066	0.0	-46.146103	11.975883	8.577167	-80.0351	-46.144333	0.1	151348981	46291.4469666481
753	-63.83676	-63.83676	0.0	-46.131115	11.995157	8.407186	-97.864395	-46.12857	0.1	151549981	46351.8235604763
754	-63.253902	-63.253902	0.0	-46.147114	11.981379	7.0925803	-81.68923	-46.145443	0.2	151750981	46412.11117386818
755	-67.37883	-67.37883	0.0	-46.1466	11.975221	9.050243	-84.4175	-46.145134	0.0	151951981	46472.35019636154
756	-65.3342	-65.3342	0.0	-46.158535	11.968899	7.5277658	-86.33344	-46.157093	0.0	152152981	46532.34020757675
757	-64.89463	-64.89463	0.0	-46.150776	11.969953	21.03474	-79.45038	-46.149765	0.0	152353981	46592.192710638046
758	-66.42849	-66.42849	0.0	-46.162853	11.952729	11.17	-118.9549	-46.162086	0.1	152554981	46652.02446603775
759	-55.69135	-55.69135	0.0	-46.144073	11.978935	16.308964	-107.66342	-46.143093	0.2	152755981	46712.27636003494
760	-78.940414	-78.940414	0.0	-46.168533	11.948978	7.7796154	-93.822044	-46.167583	0.1	152956981	46772.89929866791
761	-61.46439	-61.46439	0.0	-46.150566	11.965623	20.110645	-97.1065	-46.149956	0.3	153157981	46833.193670511246
762	-61.623173	-61.623173	0.0	-46.149582	11.965691	10.913292	-84.03268	-46.148373	0.0	153358981	46893.22422504425
763	-62.954018	-62.954018	0.0	-46.15848	11.950711	8.662729	-81.04364	-46.1573	0.0	153559981	46954.37135195732
764	-68.88811	-68.88811	0.0	-46.136456	11.980735	8.762144	-87.03941	-46.134842	0.0	153760981	47014.0956902504
765	-51.777325	-51.777325	0.0	-46.148033	11.959831	7.9670362	-88.07448	-46.147976	0.0	153961981	47077.354090452194
766	-58.557354	-58.557354	0.0	-46.158974	11.956029	8.521992	-87.29384	-46.157616	0.1	154162981	47137.666365623474
767	-59.014458	-59.014458	0.0	-46.11814	12.022549	7.8655825	-82.06336	-46.116558	0.0	154363981	47198.25341844559
768	-57.91394	-57.91394	0.0	-46.134884	11.995228	11.302785	-94.096695	-46.135994	0.0	154564981	47258.57515954971
769	-63.590225	-63.590225	0.0	-46.15502	11.950329	8.934067	-91.33108	-46.153862	0.0	154765981	47333.625044345856
770	-59.630283	-59.630283	0.0	-46.125862	11.994159	28.977388	-92.95263	-46.124603	0.1	154966981	47409.34632205963
771	-60.00768	-60.00768	0.0	-46.124046	11.986212	38.370846	-87.304596	-46.12333	0.4	155167981	47480.81289219856
772	-64.561226	-64.561226	0.0	-46.124897	11.987042	8.730431	-106.329926	-46.123207	0.1	155368981	47546.11731791496
773	-50.410328	-50.410328	0.0	-46.12931	11.979191	12.285234	-98.58489	-46.129642	0.1	155569981	47612.679883003235
774	-59.18045	-59.18045	0.0	-46.153004	11.937567	8.594557	-84.43981	-46.151608	0.1	155770981	47679.24726319313
775	-58.030365	-58.030365	0.0	-46.129	11.98807	109.30269	-87.975525	-46.128033	0.1	155971981	47744.295372247696
776	-67.21355	-67.21355	0.0	-46.10891	12.007979	52.595215	-81.52709	-46.108547	0.1	156172981	47810.3138821125
777	-66.11027	-66.11027	0.0	-46.121696	11.985691	13.754188	-99.81418	-46.121273	0.1	156373981	47881.87094068527
778	-57.002193	-57.002193	0.0	-46.136543	11.972477	16.218637	-90.3238	-46.136684	0.0	156574981	47950.29003882408
779	-50.036514	-50.036514	0.0	-46.09976	12.017449	10.103806	-86.621445	-46.09903	0.1	156775981	48029.1460442543
780	-62.063873	-62.063873	0.0	-46.104347	12.0116005	16.38266	-84.438515	-46.10369	0.0	156976981	48104.350850343704
781	-46.046055	-46.046055	0.0	-46.150246	11.928445	8.728872	-93.35242	-46.150963	0.2	157177981	48173.58929395676
782	-63.16621	-63.16621	0.0	-46.17306	11.895069	10.096144	-84.92412	-46.172848	0.1	157378981	48242.963660001755
783	-66.12584	-66.12584	0.0	-46.121685	11.984399	45.279636	-96.24702	-46.122242	0.1	157579981	48319.95016670227
784	-63.755672	-63.755672	0.0	-46.144157	11.935832	9.571786	-82.24185	-46.142483	0.0	157780981	48394.652087688446
785	-57.08064	-57.08064	0.0	-46.136974	11.9606905	7.828479	-96.30844	-46.13771	0.1	157981981	48476.06695795059
786	-67.44691	-67.44691	0.0	-46.13307	11.958771	8.805076	-90.93591	-46.132053	0.0	158182981	48551.66867876053
787	-51.975346	-51.975346	0.0	-46.102684	12.001025	21.41257	-82.89666	-46.10227	0.1	158383981	48626.5905380249
788	-57.615307	-57.615307	0.0	-46.108696	11.981476	8.738129	-76.56218	-46.1083	0.1	158584981	48699.093836545944
789	-57.03892	-57.03892	0.0	-46.15035	11.9253025	18.822031	-94.730095	-46.14975	0.0	158785981	48772.30714607239
790	-56.93668	-56.93668	0.0	-46.10791	11.985203	10.419643	-92.12946	-46.10709	0.0	158986981	48850.62984132767
791	-60.763683	-60.763683	0.0	-46.13618	11.946849	17.405045	-87.796165	-46.135654	0.0	159187981	48924.7118396759
792	-66.85542	-66.85542	0.0	-46.107258	11.995409	15.109082	-97.64393	-46.107334	0.1	159388981	48998.147037029266
793	-72.63319	-72.63319	0.0	-46.11493	11.96697	9.327019	-92.7435	-46.112747	0.0	159589981	49073.237124204636
794	-53.961758	-53.961758	0.0	-46.13138	11.949529	10.431625	-82.889984	-46.129772	0.1	159790981	49145.59714412689
795	-62.505943	-62.505943	0.0	-46.16674	11.894158	12.463814	-81.179504	-46.165386	0.0	159991981	49215.62992143631
796	-61.087357	-61.087357	0.0	-46.125504	11.960673	8.200539	-76.71053	-46.12462	0.2	160192981	49300.62548136711
797	-48.276974	-48.276974	0.0	-46.132816	11.946764	23.519003	-99.75765	-46.131718	0.0	160393981	49367.84388780594
798	-55.36924	-55.36924	0.0	-46.168842	11.890414	37.095413	-84.77406	-46.168728	0.0	160594981	49438.566274642944
