Epoch	EpRet	EpRealRet	TestEpRet	AverageQ1	StdQ1	MaxQ1	MinQ1	Q2	TestSuccess	TotalEnvInteracts	TotalTime
0	-660.0375	-660.0375	-424.56192	-46.421333	9.004788	13.664895	-90.48974	-46.410805	0.0	196985	80.30810165405273
1	-557.95013	-557.95013	-659.71924	-46.09594	10.633057	14.846867	-72.46154	-46.09775	0.0	397984	149.037828207016
2	-592.2442	-592.2442	-479.0908	-46.573353	9.718986	15.001213	-67.5106	-46.57426	0.0	598986	222.93006253242493
3	-608.2024	-608.2024	-237.23798	-46.748463	9.501655	13.5331745	-65.81815	-46.7481	0.0	799982	300.22415709495544
4	-354.02234	-354.02234	-673.3105	-46.846275	9.38089	15.918543	-66.51499	-46.847023	0.0	1000991	378.9569447040558
5	-512.67816	-512.67816	-564.96515	-46.6991	9.537386	20.385824	-72.52851	-46.696434	0.0	1201981	460.36091899871826
6	-494.9968	-494.9968	-275.73914	-46.737427	9.45544	54.418407	-71.156845	-46.73726	0.0	1402988	543.8199195861816
7	-464.6773	-464.6773	-186.79732	-46.631	9.773618	14.902144	-94.459885	-46.630264	0.0	1603991	632.0154826641083
8	-464.83765	-464.83765	-610.38995	-46.76706	9.648994	15.959444	-70.24407	-46.76571	0.0	1804991	721.4714062213898
9	-499.12222	-499.12222	-329.4521	-47.31254	8.542864	15.998102	-62.395584	-47.310913	0.0	2005991	822.5493450164795
10	-502.28134	-502.28134	-409.2339	-47.470867	8.3119955	21.496632	-79.087814	-47.470493	0.0	2206991	925.173089504242
11	-482.7903	-482.7903	-504.75037	-47.76437	7.730461	14.916089	-66.54685	-47.76364	0.0	2407991	1019.7847352027893
12	-477.07004	-477.07004	-448.8166	-48.025257	7.0905113	71.76994	-59.756145	-48.02457	0.0	2608991	1102.6429953575134
13	-541.6771	-541.6771	-412.30276	-48.255493	6.5126615	15.918234	-62.35173	-48.25567	0.0	2809986	1182.247750043869
14	-401.59567	-401.59567	-406.60617	-48.448036	6.053464	17.21125	-59.84317	-48.448296	0.0	3010983	1263.3864538669586
15	-454.45197	-454.45197	-374.04813	-48.55767	5.693765	13.982609	-58.61697	-48.55762	0.0	3211990	1345.3574802875519
16	-465.20312	-465.20312	-490.21628	-48.67892	5.2584295	13.664761	-61.001045	-48.67871	0.0	3412991	1426.4098582267761
17	-441.1094	-441.1094	-421.80176	-48.74291	4.9403105	16.454348	-65.070274	-48.743828	0.0	3613991	1508.5718393325806
18	-446.00967	-446.00967	-414.46594	-49.07306	3.8162277	18.873718	-57.976765	-49.073494	0.0	3814983	1591.8601398468018
19	-491.36798	-491.36798	-383.76144	-49.153877	3.5349865	16.455898	-61.270657	-49.154415	0.0	4015991	1676.2193353176117
20	-519.4745	-519.4745	-362.10153	-49.24252	3.250141	11.390119	-55.805622	-49.24256	0.0	4216991	1761.2026963233948
21	-510.06012	-510.06012	-378.03223	-49.290577	3.0904377	17.834284	-56.6597	-49.290775	0.0	4417991	1844.01580286026
22	-382.46426	-382.46426	-365.30515	-49.33306	2.9029481	9.852108	-57.210583	-49.333504	0.0	4618991	1927.3868794441223
23	-427.01062	-427.01062	-156.43903	-49.373745	2.7725768	13.829854	-62.010376	-49.374157	0.0	4819981	2015.6226036548615
24	-431.43964	-431.43964	-637.46967	-49.406616	2.7005556	13.611455	-56.971016	-49.40664	0.0	5020991	2098.729842185974
25	-632.82886	-632.82886	-591.82904	-49.459476	2.5219219	11.554899	-54.867523	-49.459923	0.0	5221991	2182.921130180359
26	-518.26294	-518.26294	-565.6329	-49.49132	2.3675134	14.344501	-54.961887	-49.491463	0.0	5422986	2267.7374782562256
27	-576.9732	-576.9732	-524.325	-49.500614	2.3053088	13.261499	-55.336235	-49.500957	0.0	5623982	2352.3627166748047
28	-550.5069	-550.5069	-277.2217	-49.522602	2.2425194	10.281796	-54.89122	-49.52242	0.0	5824991	2435.566196680069
29	-439.04535	-439.04535	-366.5984	-49.541115	2.1787739	7.4903975	-55.433132	-49.541374	0.0	6025991	2521.016355037689
30	-356.22052	-356.22052	-133.03914	-49.558784	2.145882	19.707623	-54.547913	-49.559086	0.0	6226991	2605.7065415382385
31	-409.46112	-409.46112	-310.1072	-49.569546	2.1637905	9.89356	-54.563393	-49.569565	0.0	6427988	2690.172039747238
32	-387.37012	-387.37012	-397.31204	-49.58566	2.0907829	2.890918	-55.290535	-49.585632	0.0	6628981	2773.748673439026
33	-419.2904	-419.2904	-180.36082	-49.60039	2.0348537	4.1510158	-58.485023	-49.600605	0.0	6829991	2856.7510492801666
34	-357.71747	-357.71747	-378.19495	-49.6037	2.0461493	26.617018	-53.847584	-49.603775	0.0	7030981	2938.3813152313232
35	-426.20703	-426.20703	-269.7413	-49.62014	1.9696989	3.9111173	-55.08508	-49.62011	0.0	7231982	3022.3248765468597
36	-418.1126	-418.1126	-227.21172	-49.633984	1.8743213	5.837831	-53.85905	-49.63427	0.0	7432988	3106.9118671417236
37	-442.58124	-442.58124	-245.41739	-49.647396	1.827178	0.7935195	-55.125683	-49.647465	0.0	7633991	3190.4591879844666
38	-431.0389	-431.0389	-304.8195	-49.650402	1.817412	0.5065508	-53.99227	-49.6505	0.0	7834991	3274.1755645275116
39	-441.54663	-441.54663	-392.75928	-49.66106	1.7670946	0.62665224	-54.902515	-49.661144	0.0	8035991	3358.303530216217
40	-448.64813	-448.64813	-284.56158	-49.663326	1.737228	0.39594245	-54.14733	-49.66359	0.0	8236991	3443.364363670349
41	-469.3242	-469.3242	-232.23116	-49.678204	1.6721958	0.6765923	-57.132442	-49.6783	0.0	8437991	3525.9985814094543
42	-391.7511	-391.7511	-294.1154	-49.66993	1.7158184	10.853861	-59.178703	-49.66987	0.0	8638990	3608.278282403946
43	-536.34827	-536.34827	-119.31348	-49.66878	1.759189	10.388274	-59.263054	-49.669075	0.0	8839991	3691.627102613449
44	-383.04288	-383.04288	-354.14426	-49.67314	1.7390652	17.62824	-58.425823	-49.673027	0.0	9040991	3777.0751447677612
45	-406.6109	-406.6109	-125.31734	-49.677376	1.7144675	14.457084	-56.15451	-49.67756	0.0	9241991	3858.213579416275
46	-447.32983	-447.32983	-174.43396	-49.683987	1.6736087	13.136678	-54.837738	-49.683914	0.0	9442990	3942.027606010437
47	-426.9348	-426.9348	-183.01274	-49.69269	1.6247787	5.4701405	-57.07828	-49.692806	0.0	9643984	4025.599400997162
48	-475.42596	-475.42596	-225.61005	-49.69399	1.6353623	6.917157	-56.54029	-49.69405	0.1	9844991	4114.862710952759
49	-440.7405	-440.7405	-266.09006	-49.697697	1.5797454	5.293926	-54.881638	-49.697796	0.0	10045991	4206.7928919792175
50	-414.84503	-414.84503	-235.96133	-49.711605	1.4847137	7.869255	-59.312965	-49.7116	0.0	10246986	4297.71572136879
51	-425.0057	-425.0057	-199.05785	-49.721188	1.3924859	-0.061734796	-54.980923	-49.721188	0.0	10447991	4380.182285308838
52	-423.7254	-423.7254	-189.5483	-49.727623	1.3545933	5.7892375	-54.370426	-49.727715	0.0	10648991	4466.286410570145
53	-426.582	-426.582	-128.68254	-49.729656	1.3090973	-0.7505311	-53.79318	-49.72963	0.0	10849991	4556.810059785843
54	-397.145	-397.145	-233.43985	-49.731964	1.3124573	-6.144093	-53.744038	-49.731937	0.0	11050981	4643.959042072296
55	-494.65515	-494.65515	-187.64626	-49.735043	1.2936728	-2.3118382	-53.626698	-49.73516	0.1	11251988	4729.91611289978
56	-475.09222	-475.09222	-317.83884	-49.73218	1.3288932	3.0967305	-54.03017	-49.73235	0.0	11452991	4815.949630498886
57	-452.73703	-452.73703	-62.346825	-49.730026	1.366595	5.317791	-53.681194	-49.730156	0.0	11653991	4899.136525392532
58	-391.36975	-391.36975	-512.2138	-49.72973	1.3698988	4.763117	-53.58846	-49.72974	0.0	11854991	4990.296301841736
59	-463.6914	-463.6914	-369.3081	-49.72857	1.3795676	13.077992	-53.098976	-49.728626	0.0	12055981	5075.528634548187
60	-493.27737	-493.27737	-289.8456	-49.733803	1.3619429	8.520051	-53.957817	-49.73403	0.0	12256991	5159.410876989365
61	-466.96182	-466.96182	-333.39166	-49.736103	1.3812406	6.26668	-53.77163	-49.736015	0.0	12457991	5243.980786323547
62	-383.30087	-383.30087	-138.96416	-49.733326	1.3532414	14.898551	-54.15546	-49.73353	0.0	12658991	5328.484352350235
63	-407.71024	-407.71024	-143.90819	-49.73242	1.3538736	3.5936453	-54.00517	-49.732388	0.0	12859984	5411.802023887634
64	-415.60745	-415.60745	-104.28904	-49.73316	1.3577508	3.3079748	-53.27088	-49.733044	0.1	13060984	5496.339014291763
65	-391.5554	-391.5554	-136.22794	-49.73194	1.3788865	4.1208267	-53.235107	-49.732147	0.1	13261981	5581.036796092987
66	-383.63766	-383.63766	-184.20168	-49.730915	1.3382386	3.5258493	-53.10412	-49.73099	0.0	13462991	5659.4124982357025
67	-372.83945	-372.83945	-73.523384	-49.73828	1.3085093	4.4459805	-52.6943	-49.738384	0.0	13663991	5737.645552396774
68	-365.84976	-365.84976	-283.2207	-49.73489	1.3174344	3.9238563	-53.534042	-49.7349	0.0	13864988	5817.013380050659
69	-411.06613	-411.06613	-299.54153	-49.737762	1.2760646	2.8965786	-52.790653	-49.737858	0.0	14065991	5895.370730638504
70	-420.22293	-420.22293	-195.16835	-49.73356	1.2983909	2.0520408	-52.75044	-49.73364	0.0	14266985	5973.010734796524
71	-443.8703	-443.8703	-114.34213	-49.73344	1.2549995	-8.30128	-53.798203	-49.73347	0.1	14467986	6051.079726696014
72	-418.7969	-418.7969	-230.73447	-49.728516	1.2531791	-16.491402	-52.84532	-49.7286	0.0	14668991	6128.927410840988
73	-397.9717	-397.9717	-214.98662	-49.72179	1.2822903	-16.942507	-52.94122	-49.72184	0.0	14869991	6206.860045671463
74	-368.3011	-368.3011	-176.52803	-49.71839	1.281004	-22.101713	-53.815384	-49.718445	0.0	15070982	6285.514095783234
75	-411.80457	-411.80457	-90.136345	-49.714096	1.3007219	-23.37966	-53.294495	-49.714073	0.1	15271991	6363.153287887573
76	-405.94772	-405.94772	-160.26308	-49.711582	1.3127327	-24.154585	-53.174217	-49.711708	0.0	15472991	6440.549864292145
77	-364.54083	-364.54083	6.634618	-49.71019	1.308418	-24.622967	-55.00726	-49.71018	0.0	15673982	6517.5441634655
78	-466.63138	-466.63138	-116.74757	-49.706425	1.3167373	-28.996407	-53.0396	-49.706467	0.0	15874991	6594.524396896362
79	-470.90698	-470.90698	-205.11632	-49.69882	1.346616	-24.844324	-54.390484	-49.698994	0.0	16075991	6672.037108182907
80	-367.8281	-367.8281	-153.39034	-49.696083	1.3568381	-24.985924	-53.524635	-49.69606	0.1	16276981	6748.783068656921
81	-389.05206	-389.05206	-119.91343	-49.679134	1.412729	-21.831396	-54.785656	-49.67921	0.1	16477991	6825.624942064285
82	-350.72256	-350.72256	-239.28127	-49.682735	1.412884	-22.055492	-53.818275	-49.682743	0.1	16678991	6901.973263263702
83	-402.90344	-402.90344	-119.459564	-49.6689	1.4608616	-22.11095	-53.783733	-49.66885	0.3	16879991	6978.4982213974
84	-359.25735	-359.25735	-141.51068	-49.665943	1.4779918	-22.467167	-53.849358	-49.66611	0.2	17080991	7054.93322467804
85	-408.1904	-408.1904	-191.87804	-49.660248	1.499497	-22.76379	-54.209564	-49.660213	0.2	17281982	7131.308035612106
86	-455.98898	-455.98898	-137.11415	-49.66945	1.479633	-25.179234	-54.160095	-49.66954	0.3	17482991	7207.672845125198
87	-348.0812	-348.0812	-184.52788	-49.676064	1.4580936	-25.180061	-53.80292	-49.67598	0.3	17683991	7284.017559528351
88	-405.5246	-405.5246	-151.89542	-49.678307	1.4368995	-28.33802	-54.85099	-49.67841	0.5	17884983	7360.32946896553
89	-422.21802	-422.21802	-221.51588	-49.678314	1.4436343	-26.62437	-56.66329	-49.678318	0.0	18085991	7436.229318857193
90	-394.4432	-394.4432	-127.984665	-49.67614	1.4408126	-22.377571	-54.43453	-49.676075	0.1	18286982	7512.548799991608
91	-334.829	-334.829	-40.051704	-49.672127	1.4528784	-19.414244	-55.256683	-49.672108	0.1	18487991	7589.463042497635
92	-429.22864	-429.22864	-114.85366	-49.66663	1.4686675	-17.139952	-55.173393	-49.66656	0.1	18688991	7666.114289045334
93	-347.60294	-347.60294	-7.8979907	-49.657536	1.5143795	-12.759954	-55.386055	-49.657574	0.0	18889989	7742.7132313251495
94	-317.5202	-317.5202	-111.53838	-49.66411	1.485107	-14.35321	-56.051723	-49.664097	0.0	19090982	7819.005507230759
95	-375.8132	-375.8132	-91.60367	-49.66514	1.4844844	-7.837359	-55.450016	-49.665184	0.4	19291989	7895.9015283584595
96	-313.2764	-313.2764	-42.892582	-49.653786	1.5244383	-4.944645	-54.73971	-49.653755	0.2	19492983	7972.470119714737
97	-470.44772	-470.44772	-49.932472	-49.661724	1.5273108	1.4119283	-56.413456	-49.661686	0.3	19693991	8048.6545197963715
98	-354.84616	-354.84616	-19.273865	-49.664833	1.5279818	4.738773	-55.75362	-49.664864	0.1	19894981	8125.126801252365
99	-366.6106	-366.6106	8.868542	-49.669147	1.5101504	0.9513302	-56.656868	-49.669113	0.3	20095982	8202.595816850662
100	-287.67957	-287.67957	0.24408612	-49.65769	1.580876	3.7666597	-59.102562	-49.657543	0.1	20296982	8278.544941425323
101	-267.01498	-267.01498	6.771333	-49.64278	1.6595954	15.366648	-58.185093	-49.642876	0.2	20497985	8354.344481945038
102	-349.1383	-349.1383	3.3145118	-49.645245	1.6742855	11.098049	-57.20342	-49.645237	0.6	20698984	8430.5412774086
103	-321.6821	-321.6821	-13.441806	-49.632618	1.7222544	11.856941	-60.048836	-49.63259	0.2	20899989	8506.632508993149
104	-336.0878	-336.0878	-4.741871	-49.634373	1.7356561	14.237024	-61.047935	-49.6341	0.2	21100989	8582.396662473679
105	-361.04062	-361.04062	-35.30972	-49.623695	1.809992	18.230991	-60.69166	-49.623695	0.2	21301991	8657.85440826416
106	-348.40265	-348.40265	-20.879011	-49.618595	1.8407931	17.275806	-63.5008	-49.61878	0.2	21502991	8733.183644294739
107	-367.07938	-367.07938	-88.25987	-49.615883	1.8501736	16.988588	-60.093994	-49.61562	0.1	21703985	8808.60158920288
108	-397.8988	-397.8988	7.503612	-49.62129	1.7925061	20.407436	-60.474163	-49.621075	0.2	21904991	8883.72428202629
109	-372.9851	-372.9851	-177.24771	-49.60737	1.8866814	17.513927	-63.745358	-49.607544	0.0	22105988	8959.300149679184
110	-343.0342	-343.0342	-44.89639	-49.60549	1.8956411	24.514418	-61.988216	-49.605423	0.2	22306984	9034.939423084259
111	-258.30634	-258.30634	7.839142	-49.609875	1.862881	14.963998	-63.240242	-49.60973	0.1	22507981	9115.518090724945
112	-355.05402	-355.05402	-8.7186365	-49.58764	1.9419725	27.025263	-60.971897	-49.58742	0.1	22708982	9193.894983530045
113	-341.60074	-341.60074	8.104268	-49.57677	2.001641	28.824923	-60.661106	-49.576813	0.3	22909986	9272.133146762848
114	-375.8257	-375.8257	-33.733303	-49.581646	2.0204887	24.662128	-61.440907	-49.581528	0.4	23110991	9348.115481615067
115	-352.4034	-352.4034	-29.63152	-49.577084	2.0502617	24.510393	-67.36886	-49.57705	0.3	23311991	9424.343960762024
116	-334.12027	-334.12027	5.0284834	-49.562763	2.1290836	16.395992	-62.160778	-49.562695	0.1	23512991	9499.594623327255
117	-307.11484	-307.11484	3.109418	-49.554806	2.152956	24.647568	-59.90923	-49.554836	0.2	23713982	9575.103671073914
118	-361.6187	-361.6187	0.02905668	-49.548336	2.1952846	36.650616	-60.67694	-49.54789	0.5	23914991	9651.149219989777
119	-371.40393	-371.40393	-7.258841	-49.547096	2.1903217	32.26482	-63.34201	-49.546844	0.3	24115982	9727.145451068878
120	-309.13553	-309.13553	2.0323546	-49.53008	2.259755	26.920782	-66.16836	-49.530266	0.3	24316982	9803.503115177155
121	-312.2928	-312.2928	-0.5123467	-49.53998	2.231322	22.968634	-60.75204	-49.539806	0.3	24517983	9879.374869823456
122	-287.4718	-287.4718	-11.198704	-49.528416	2.293442	20.49865	-59.67597	-49.52832	0.2	24718982	9955.408470630646
123	-360.39423	-360.39423	9.785333	-49.534515	2.2516766	26.100607	-65.18577	-49.534378	0.4	24919991	10031.312148094177
124	-346.292	-346.292	3.1030707	-49.535126	2.2783701	27.283535	-67.53382	-49.53497	0.5	25120981	10106.667226314545
125	-282.0059	-282.0059	-6.392146	-49.530735	2.2688627	18.648758	-61.471447	-49.530796	0.5	25321991	10182.714517116547
126	-334.4902	-334.4902	4.981277	-49.5063	2.3639696	27.625198	-67.1815	-49.506138	0.2	25522985	10258.595267534256
127	-269.8769	-269.8769	-5.025898	-49.510788	2.379343	25.917141	-66.946785	-49.510963	0.5	25723991	10334.362167835236
128	-307.32166	-307.32166	8.772924	-49.512444	2.3669002	30.948114	-62.12525	-49.512177	0.3	25924991	10410.454251766205
129	-313.58054	-313.58054	-9.830964	-49.496624	2.4472861	24.813095	-62.89036	-49.496605	0.3	26125991	10486.461816072464
130	-300.3618	-300.3618	-21.042355	-49.489872	2.483194	30.518785	-64.576385	-49.489803	0.1	26326991	10561.683894634247
131	-353.70544	-353.70544	-2.109673	-49.4889	2.4745042	40.401657	-61.942684	-49.48886	0.3	26527984	10636.885497570038
132	-325.8818	-325.8818	10.294471	-49.49087	2.4750898	42.29922	-65.42021	-49.49077	0.2	26728987	10712.227409124374
133	-327.62585	-327.62585	-24.285982	-49.47648	2.525036	21.988287	-61.65669	-49.47661	0.2	26929991	10787.745767116547
134	-316.70212	-316.70212	7.049788	-49.49239	2.4663033	20.07131	-62.304962	-49.49214	0.4	27130991	10863.51724410057
135	-270.45572	-270.45572	-39.953068	-49.47814	2.5274832	21.648764	-63.15083	-49.478218	0.2	27331982	10938.923885345459
136	-370.91382	-370.91382	-17.424212	-49.47605	2.5550888	28.603302	-70.09338	-49.47614	0.1	27532991	11014.3471429348
137	-333.14844	-333.14844	6.4523864	-49.487507	2.4920545	30.242828	-64.71103	-49.487602	0.5	27733991	11089.50861620903
138	-291.62183	-291.62183	-13.842615	-49.492245	2.5038362	27.051138	-65.3045	-49.49219	0.3	27934991	11165.088302612305
139	-341.39673	-341.39673	-52.04363	-49.48669	2.5273633	31.086636	-65.15054	-49.486423	0.2	28135983	11241.155115127563
140	-276.68213	-276.68213	9.081089	-49.478756	2.5823212	28.501228	-63.480206	-49.478687	0.5	28336985	11316.65510058403
141	-263.68768	-263.68768	-3.8922822	-49.472305	2.5903232	26.900492	-62.942516	-49.472385	0.6	28537991	11392.010449409485
142	-364.16687	-364.16687	-29.431252	-49.459976	2.6569068	23.629223	-62.536396	-49.459957	0.3	28738991	11468.143745660782
143	-295.4291	-295.4291	-9.317582	-49.47401	2.583678	30.016678	-65.26872	-49.474022	0.2	28939991	11543.296144723892
144	-298.6344	-298.6344	-6.282488	-49.465897	2.6093128	22.11499	-68.98237	-49.466084	0.1	29140984	11618.36978340149
145	-275.7606	-275.7606	-1.9754692	-49.461735	2.626714	29.78876	-60.820385	-49.461624	0.2	29341987	11693.043444156647
146	-291.228	-291.228	-0.31334826	-49.461742	2.6672544	27.94276	-63.5722	-49.461502	0.3	29542991	11768.366664171219
147	-323.57123	-323.57123	3.5044458	-49.447487	2.6893203	28.62209	-62.299805	-49.447777	0.3	29743984	11843.694372415543
148	-264.52823	-264.52823	-3.9238563	-49.434654	2.7352512	21.6399	-63.62246	-49.434696	0.5	29944983	11919.096733808517
149	-333.47684	-333.47684	-18.475433	-49.44714	2.7108533	33.28149	-60.71387	-49.447147	0.4	30145982	11994.58422279358
150	-313.15063	-313.15063	2.7544897	-49.437714	2.724076	27.586521	-61.935867	-49.43771	0.4	30346981	12070.121509313583
151	-324.1738	-324.1738	5.536248	-49.42352	2.7962897	20.823978	-62.565876	-49.423653	0.2	30547991	12145.921234607697
152	-296.92032	-296.92032	5.1231475	-49.420334	2.8107939	26.601276	-62.40313	-49.420345	0.5	30748988	12225.086636066437
153	-311.86444	-311.86444	2.431042	-49.412342	2.876545	25.378613	-63.459965	-49.41238	0.7	30949991	12301.243934392929
154	-324.6583	-324.6583	7.7418537	-49.403496	2.8884554	24.457417	-62.005363	-49.40367	0.2	31150986	12377.461820363998
155	-284.41812	-284.41812	10.152963	-49.42685	2.7958622	24.74029	-64.687126	-49.426693	0.3	31351990	12453.219039678574
156	-299.51505	-299.51505	4.1193533	-49.41668	2.8582704	28.73351	-62.740524	-49.416706	0.4	31552988	12529.243268251419
157	-348.691	-348.691	2.267195	-49.4095	2.8809116	28.587263	-62.96484	-49.40959	0.3	31753982	12605.798222064972
158	-292.6663	-292.6663	6.249552	-49.41558	2.8636425	32.44329	-62.592773	-49.415653	0.4	31954983	12681.643887281418
159	-284.7752	-284.7752	7.7154903	-49.414967	2.8755813	28.107283	-62.54324	-49.41491	0.5	32155984	12757.864598274231
160	-305.10397	-305.10397	1.6129807	-49.40971	2.8657444	23.931093	-64.64816	-49.40951	0.5	32356983	12833.671172618866
161	-294.95044	-294.95044	-2.8968742	-49.40409	2.9094872	34.32683	-69.35111	-49.404285	0.2	32557984	12909.427162647247
162	-300.546	-300.546	5.515575	-49.39811	2.8956912	26.6005	-64.111305	-49.398083	0.4	32758983	12985.511287927628
163	-305.48978	-305.48978	-28.202873	-49.400284	2.8678737	23.306139	-63.18796	-49.40021	0.6	32959991	13061.40593290329
164	-298.3238	-298.3238	9.338153	-49.390633	2.9368627	36.95171	-66.41025	-49.390514	0.3	33160982	13136.565611362457
165	-286.6919	-286.6919	7.2432847	-49.389927	2.9088123	25.234325	-64.65919	-49.3898	0.5	33361983	13212.019557714462
166	-329.2457	-329.2457	1.6769071	-49.390095	2.9241223	31.62655	-65.7398	-49.390232	0.4	33562990	13287.89180636406
167	-260.28778	-260.28778	6.939571	-49.38795	2.9387379	32.571476	-62.85502	-49.387867	0.3	33763987	13363.329698085785
168	-246.79572	-246.79572	6.3374357	-49.371807	3.0021238	22.296356	-65.94691	-49.371716	0.4	33964982	13439.018410205841
169	-328.56555	-328.56555	10.124021	-49.373745	3.0113137	27.73547	-64.56197	-49.373905	0.5	34165991	13514.424019575119
170	-365.56628	-365.56628	-0.24093074	-49.380203	2.9853702	26.362307	-62.742077	-49.380028	0.6	34366991	13591.283127307892
171	-335.04614	-335.04614	4.9227924	-49.376373	3.0125709	34.93008	-62.04155	-49.376328	0.5	34567984	13666.764970064163
172	-255.38805	-255.38805	-29.141407	-49.375874	2.9954772	25.227509	-64.537575	-49.375755	0.3	34768991	13742.499847888947
173	-296.02917	-296.02917	7.822798	-49.369087	3.0259414	27.95882	-67.4357	-49.369183	0.6	34969983	13817.778106451035
174	-303.01932	-303.01932	9.654448	-49.345833	3.1496253	30.63653	-66.70993	-49.345856	0.3	35170981	13893.457610845566
175	-275.8513	-275.8513	0.08358114	-49.352146	3.1114383	31.570038	-66.94785	-49.352043	0.5	35371983	13968.858320236206
176	-293.44965	-293.44965	8.191996	-49.357914	3.0518482	35.864037	-67.11871	-49.357594	0.3	35572987	14043.636181592941
177	-296.45847	-296.45847	-18.040016	-49.3473	3.1055603	27.66094	-64.9892	-49.347343	0.3	35773991	14119.002471446991
178	-312.1541	-312.1541	8.280237	-49.3398	3.1607928	24.834019	-65.85125	-49.339638	0.7	35974982	14194.701254367828
179	-326.8578	-326.8578	8.194465	-49.335743	3.1716592	29.531052	-68.30565	-49.335827	0.5	36175982	14270.107701778412
180	-342.07327	-342.07327	0.016546646	-49.343353	3.1288629	31.844532	-64.069466	-49.343227	0.2	36376991	14345.588928461075
181	-393.59653	-393.59653	5.3417745	-49.32708	3.233018	24.10929	-66.665085	-49.32704	0.5	36577983	14420.984809160233
182	-273.03156	-273.03156	-3.7067473	-49.320618	3.2640448	34.317127	-66.64032	-49.32056	0.6	36778989	14496.649698734283
183	-303.35657	-303.35657	6.27986	-49.317295	3.2487342	25.9272	-66.785904	-49.317127	0.7	36979982	14572.11712193489
184	-268.78308	-268.78308	-20.853712	-49.30476	3.3346384	30.22654	-68.24349	-49.30499	0.4	37180991	14647.788438796997
185	-310.55734	-310.55734	7.733884	-49.311947	3.2945597	29.047047	-65.554985	-49.311478	0.4	37381991	14723.832841396332
186	-308.09842	-308.09842	-1.3326148	-49.30396	3.3209093	32.610916	-65.682594	-49.303974	0.3	37582991	14799.730040311813
187	-336.65048	-336.65048	10.20086	-49.30533	3.297615	26.12236	-61.67744	-49.30518	0.4	37783991	14875.283704280853
188	-293.79092	-293.79092	8.834015	-49.303616	3.2825985	45.84174	-65.31822	-49.3035	0.2	37984983	14950.593465328217
189	-294.58	-294.58	3.0530105	-49.308258	3.2803416	37.030647	-65.38577	-49.308064	0.6	38185991	15027.640790462494
190	-292.32812	-292.32812	6.948761	-49.32237	3.260039	30.486021	-69.3941	-49.322304	0.3	38386991	15103.356767177582
191	-306.65628	-306.65628	-2.1851938	-49.30009	3.3528726	29.711334	-71.198746	-49.300137	0.3	38587982	15179.35932970047
192	-285.55078	-285.55078	9.322463	-49.299595	3.323105	26.028591	-66.0289	-49.29942	0.6	38788981	15255.472270727158
193	-309.22614	-309.22614	-8.626856	-49.295437	3.299746	35.675373	-65.923294	-49.295147	0.2	38989984	15331.402052879333
194	-246.82274	-246.82274	9.671378	-49.300476	3.3101647	33.47354	-64.43456	-49.30047	1.0	39190981	15407.644227027893
195	-249.37892	-249.37892	0.5672031	-49.29574	3.3154013	31.319695	-67.266846	-49.29548	0.2	39391987	15483.604807376862
196	-315.4855	-315.4855	-29.87103	-49.29251	3.3191833	25.299467	-68.799706	-49.292538	0.5	39592991	15559.38761806488
197	-284.29993	-284.29993	6.6980453	-49.290295	3.3444843	34.56462	-63.623383	-49.29018	0.5	39793986	15635.894092798233
198	-296.63742	-296.63742	9.749282	-49.279285	3.3715897	27.632523	-65.80923	-49.27922	0.7	39994983	15712.22932934761
199	-199.20428	-199.20428	-0.058384597	-49.28441	3.3617663	32.66166	-64.14359	-49.28397	0.6	40195991	15787.907377958298
200	-281.7374	-281.7374	9.714946	-49.26849	3.406562	25.598408	-73.19142	-49.2684	0.4	40396991	15863.55187034607
201	-375.92456	-375.92456	7.612244	-49.27926	3.3693027	26.749733	-64.96915	-49.279453	0.7	40597984	15939.198076963425
202	-319.31335	-319.31335	8.228886	-49.282036	3.3608222	30.626982	-65.36919	-49.28151	0.6	40798981	16015.19320678711
203	-324.75772	-324.75772	8.787661	-49.272446	3.3639483	25.883629	-65.34352	-49.272167	0.4	40999990	16091.309579372406
204	-295.2708	-295.2708	7.985052	-49.264454	3.446487	31.790579	-71.09565	-49.264244	0.1	41200981	16166.794430971146
205	-269.13004	-269.13004	11.135931	-49.255383	3.4875426	32.944614	-64.54513	-49.255398	0.6	41401986	16243.028243780136
206	-255.27882	-255.27882	7.7450213	-49.267162	3.425978	26.323637	-73.426094	-49.267284	0.5	41602984	16318.964654922485
207	-224.65906	-224.65906	-4.360096	-49.274796	3.392681	28.3671	-64.299675	-49.274475	0.5	41803984	16394.443897008896
208	-334.10852	-334.10852	8.038704	-49.263783	3.444947	29.639696	-64.21105	-49.26353	0.5	42004991	16470.185111522675
209	-278.96274	-278.96274	1.5909599	-49.2588	3.463453	58.52791	-68.78542	-49.258785	0.4	42205982	16546.024905204773
210	-328.67065	-328.67065	6.3404026	-49.271515	3.4126184	40.27634	-63.517788	-49.270977	0.6	42406983	16622.250185728073
211	-247.44394	-247.44394	5.6582413	-49.253635	3.4760337	47.675514	-64.70809	-49.25369	0.7	42607981	16697.956837654114
212	-276.53775	-276.53775	7.2067933	-49.260296	3.444213	25.942303	-62.826153	-49.260242	0.6	42808982	16773.7904753685
213	-316.39825	-316.39825	-17.305504	-49.254677	3.4569528	27.973112	-66.1707	-49.254414	0.4	43009982	16849.257494449615
214	-335.11426	-335.11426	6.549858	-49.264736	3.4220114	29.577667	-63.58899	-49.264748	0.4	43210981	16924.90354704857
215	-323.9356	-323.9356	8.385224	-49.251926	3.4358902	45.213142	-67.31274	-49.251686	0.3	43411981	17000.45043873787
216	-289.65683	-289.65683	10.550545	-49.261497	3.4606264	35.555748	-70.142845	-49.261265	0.8	43612990	17075.76210832596
217	-259.08325	-259.08325	9.528948	-49.2491	3.4871724	37.867626	-70.36215	-49.248978	0.6	43813991	17151.295780181885
218	-268.92157	-268.92157	8.3942995	-49.25569	3.4522884	28.041122	-72.254555	-49.255604	0.7	44014981	17227.97083044052
219	-229.82574	-229.82574	6.7015915	-49.25668	3.4527135	35.11602	-68.821106	-49.2566	0.5	44215984	17303.692143678665
220	-317.99814	-317.99814	6.365942	-49.253708	3.4779415	34.49815	-70.061745	-49.25362	0.5	44416983	17379.441309928894
221	-275.46732	-275.46732	4.451843	-49.235962	3.5366406	39.070503	-66.68964	-49.235455	0.3	44617981	17455.304139614105
222	-292.59854	-292.59854	-3.5376546	-49.246323	3.5048592	47.76851	-64.82265	-49.24635	0.3	44818981	17531.40383720398
223	-281.5597	-281.5597	4.6433296	-49.239456	3.5249324	31.86992	-65.02993	-49.239197	0.4	45019987	17607.488982200623
224	-272.44366	-272.44366	8.0596075	-49.245377	3.530249	38.732292	-63.353836	-49.245247	0.7	45220983	17683.211829185486
225	-257.1032	-257.1032	-1.8994453	-49.238434	3.5397139	26.288311	-69.53889	-49.23812	0.5	45421991	17759.00281906128
226	-284.98026	-284.98026	10.085277	-49.241512	3.5527852	44.13857	-65.435135	-49.2414	0.3	45622982	17835.318064451218
227	-281.2037	-281.2037	-0.45843592	-49.24142	3.5186653	40.11356	-63.668304	-49.241398	0.3	45823982	17911.92468237877
228	-273.53876	-273.53876	11.178346	-49.23537	3.5348816	28.532837	-63.857708	-49.235275	0.8	46024985	17987.435829162598
229	-254.9944	-254.9944	6.761403	-49.235115	3.5543063	30.206734	-65.95204	-49.234947	0.4	46225991	18063.03143143654
230	-334.352	-334.352	9.214147	-49.249763	3.4976003	25.457867	-69.50685	-49.249454	0.9	46426984	18139.25794529915
231	-293.43246	-293.43246	-9.347075	-49.243774	3.543026	36.151974	-64.09834	-49.243706	0.4	46627989	18216.184284687042
232	-272.24368	-272.24368	10.285051	-49.252636	3.470455	29.800785	-65.53693	-49.252533	0.3	46828981	18292.762303590775
233	-308.25757	-308.25757	9.7296715	-49.239567	3.513013	33.974693	-63.40032	-49.239628	0.4	47029987	18368.21508860588
234	-300.7559	-300.7559	4.2419753	-49.231937	3.550501	27.383675	-65.45819	-49.232025	0.7	47230991	18444.84896826744
235	-324.70547	-324.70547	8.581739	-49.24031	3.475653	25.608982	-66.03041	-49.239952	0.6	47431984	18520.99805212021
236	-318.424	-318.424	8.774484	-49.2361	3.539912	38.94436	-67.15476	-49.235962	0.5	47632991	18597.24968099594
237	-232.2514	-232.2514	6.6646557	-49.230404	3.5340393	32.44181	-65.27421	-49.230423	0.7	47833991	18673.195845127106
238	-297.08475	-297.08475	-1.913515	-49.240345	3.4919858	34.54342	-75.36998	-49.240055	0.3	48034988	18749.600915431976
239	-275.08466	-275.08466	9.093682	-49.22936	3.5195522	28.848602	-73.42363	-49.229576	0.6	48235982	18825.258097171783
240	-329.21448	-329.21448	12.5444975	-49.215225	3.6004953	31.693825	-68.27165	-49.21496	0.6	48436981	18901.076330423355
241	-208.30676	-208.30676	-9.294787	-49.222046	3.6014702	30.536715	-66.207756	-49.221947	0.4	48637982	18977.08146047592
242	-243.93819	-243.93819	3.2703843	-49.213356	3.6126018	33.270638	-66.541626	-49.213203	0.4	48838984	19052.78687644005
243	-267.24496	-267.24496	5.0165253	-49.22068	3.5372357	31.747923	-67.595245	-49.22055	0.7	49039984	19128.470638990402
244	-281.39395	-281.39395	9.474494	-49.20486	3.585235	41.189976	-66.4474	-49.20479	0.7	49240991	19204.863979816437
245	-291.8207	-291.8207	11.328106	-49.20627	3.63686	36.728226	-68.06372	-49.206497	0.7	49441984	19281.35446691513
246	-342.58493	-342.58493	8.839272	-49.202095	3.6046402	31.74748	-69.33601	-49.201775	0.6	49642985	19358.57035303116
247	-271.43243	-271.43243	8.9229555	-49.191216	3.6848283	43.607513	-68.080666	-49.19143	0.4	49843982	19434.996554136276
248	-237.45792	-237.45792	9.140289	-49.206383	3.5685623	28.649307	-64.085625	-49.206066	0.5	50044983	19510.916635513306
249	-249.46274	-249.46274	6.9061375	-49.206764	3.593212	31.230059	-64.61011	-49.206802	0.5	50245988	19587.862377405167
250	-331.72968	-331.72968	4.315408	-49.207367	3.610208	25.206886	-64.73622	-49.207424	0.4	50446981	19664.671154260635
251	-273.28812	-273.28812	8.834521	-49.21341	3.6115253	33.407513	-67.20081	-49.213654	0.6	50647982	19741.384992599487
252	-256.50967	-256.50967	10.1691065	-49.193344	3.6633527	24.256783	-63.487473	-49.193207	0.7	50848981	19817.961631774902
253	-251.27231	-251.27231	6.559141	-49.194813	3.6395211	28.209099	-67.22923	-49.194668	0.4	51049988	19893.797027349472
254	-200.65694	-200.65694	-13.947205	-49.18162	3.6746879	28.851904	-65.08986	-49.1818	0.5	51250984	19970.324106693268
255	-264.1742	-264.1742	9.925722	-49.19975	3.604281	26.284185	-69.359505	-49.19951	0.5	51451991	20046.258342266083
256	-219.6527	-219.6527	11.027497	-49.163902	3.7400572	40.41727	-64.94888	-49.163757	0.9	51652987	20122.538636446
257	-247.0639	-247.0639	4.596712	-49.174152	3.67362	33.83893	-67.96248	-49.17431	0.5	51853985	20199.179825782776
258	-247.53578	-247.53578	9.040559	-49.166534	3.7003818	30.046816	-65.52583	-49.16625	0.6	52054984	20275.764389276505
259	-273.5218	-273.5218	9.372472	-49.158806	3.7339902	33.679375	-67.21586	-49.158993	0.6	52255981	20351.92721247673
260	-314.62738	-314.62738	6.6863537	-49.170895	3.6739419	30.603567	-65.64788	-49.171047	0.5	52456983	20428.365609169006
261	-243.48122	-243.48122	11.283933	-49.16667	3.7358015	35.524162	-64.05054	-49.16651	0.7	52657983	20504.601571559906
262	-247.45166	-247.45166	4.2704835	-49.161762	3.7226624	42.78429	-68.58018	-49.161762	0.6	52858991	20581.473186016083
263	-252.33847	-252.33847	11.174994	-49.150517	3.7496898	34.130276	-72.35845	-49.150394	0.6	53059991	20656.960429668427
264	-241.81696	-241.81696	7.81504	-49.15515	3.7474077	38.72998	-65.71633	-49.155426	0.8	53260982	20733.08315563202
265	-313.62573	-313.62573	6.9547744	-49.15448	3.730831	25.717659	-65.27396	-49.15453	0.7	53461983	20810.16999220848
266	-211.82672	-211.82672	8.682733	-49.157143	3.7314656	25.355526	-70.81597	-49.15745	0.6	53662985	20886.479314804077
267	-287.56067	-287.56067	-3.8403928	-49.142994	3.802677	41.830215	-70.60393	-49.142555	0.6	53863985	20962.414463996887
268	-261.08807	-261.08807	8.956455	-49.156082	3.7524326	25.85136	-69.25923	-49.156197	0.7	54064982	21038.502351999283
269	-306.3011	-306.3011	5.590519	-49.158405	3.7559154	29.59991	-73.3776	-49.158882	0.4	54265991	21114.822354078293
270	-227.86913	-227.86913	7.3359957	-49.153145	3.7265975	31.872183	-67.75287	-49.15315	0.6	54466983	21191.450999975204
271	-256.02502	-256.02502	7.368449	-49.137573	3.7913377	24.964602	-66.946945	-49.137096	0.4	54667989	21267.330023288727
272	-273.52356	-273.52356	6.506346	-49.138493	3.7831235	33.352108	-69.483795	-49.13879	0.7	54868982	21343.060405254364
273	-251.61972	-251.61972	8.616188	-49.144844	3.7779727	31.886286	-72.7034	-49.14479	0.4	55069990	21419.34764289856
274	-260.84024	-260.84024	6.9653625	-49.15118	3.7168808	28.027515	-69.841	-49.151478	0.5	55270991	21495.872195243835
275	-262.25995	-262.25995	9.933684	-49.124256	3.8206608	25.107586	-67.752556	-49.123802	0.8	55471982	21572.4964056015
276	-255.17189	-255.17189	5.7193785	-49.127293	3.875597	29.896902	-81.23833	-49.127674	0.8	55672991	21648.827289819717
277	-281.0709	-281.0709	5.9398665	-49.129524	3.810402	25.886513	-69.92351	-49.129745	0.7	55873982	21725.30958223343
278	-227.61523	-227.61523	7.9902344	-49.12549	3.8171704	39.182312	-67.567955	-49.125755	0.6	56074983	21801.906684160233
279	-294.42032	-294.42032	8.71149	-49.12216	3.8341677	37.12512	-69.22698	-49.12221	0.8	56275981	21878.155916452408
280	-283.51956	-283.51956	7.99377	-49.113712	3.866415	35.980198	-74.32743	-49.114155	0.5	56476984	21954.74318909645
281	-287.62143	-287.62143	10.3846655	-49.13144	3.7920182	33.36142	-66.32803	-49.131306	0.4	56677982	22031.498905181885
282	-238.18541	-238.18541	9.029975	-49.110455	3.854519	38.2635	-70.194046	-49.11044	0.8	56878991	22107.969269514084
283	-315.26675	-315.26675	8.235276	-49.105156	3.877939	29.269012	-70.01126	-49.105145	0.6	57079985	22185.286333560944
284	-248.86201	-248.86201	1.04008	-49.099148	3.9027274	41.399834	-66.26061	-49.099464	0.6	57280983	22261.967593431473
285	-289.9798	-289.9798	0.04684563	-49.09152	3.9401839	32.616	-64.918	-49.09181	0.3	57481991	22337.91091990471
286	-263.9078	-263.9078	-8.379997	-49.098473	3.8894339	38.373676	-66.35205	-49.098087	0.7	57682991	22414.041650772095
287	-271.57886	-271.57886	9.017852	-49.093292	3.9308589	35.432396	-72.024864	-49.09349	0.6	57883991	22490.323644399643
288	-302.68726	-302.68726	7.344945	-49.085484	3.9274216	28.735712	-68.49813	-49.085403	0.8	58084991	22566.74663591385
289	-246.12059	-246.12059	3.2069552	-49.08219	3.9652588	25.277058	-66.58601	-49.082848	0.7	58285991	22643.516561985016
290	-279.9536	-279.9536	9.316042	-49.08839	3.9317086	39.229095	-64.83041	-49.088165	0.5	58486984	22720.05768418312
291	-319.3462	-319.3462	5.3116302	-49.080475	3.9365487	38.688717	-77.77492	-49.080692	0.5	58687985	22796.4872713089
292	-366.7405	-366.7405	8.744811	-49.072582	4.0087724	36.636078	-65.571846	-49.07266	0.8	58888987	22873.366137742996
293	-273.4389	-273.4389	5.9541163	-49.08001	3.9558115	37.42451	-70.91492	-49.080013	0.6	59089983	22949.961151838303
294	-259.19318	-259.19318	11.939579	-49.084488	3.945763	28.405382	-71.0211	-49.08498	0.6	59290991	23026.07477736473
295	-256.6368	-256.6368	9.583699	-49.08454	3.917838	30.664677	-69.65224	-49.084526	0.8	59491988	23102.618289232254
296	-247.75243	-247.75243	10.314358	-49.065094	4.014474	26.93226	-68.620285	-49.065178	0.8	59692982	23179.703876256943
297	-294.96786	-294.96786	6.9337006	-49.04541	4.0721507	33.923218	-69.13408	-49.04579	0.5	59893991	23255.82160139084
298	-242.98393	-242.98393	2.614238	-49.05126	4.0264525	49.48615	-64.84053	-49.05118	0.6	60094989	23331.8852288723
299	-196.44815	-196.44815	10.531273	-49.044937	4.051801	27.541924	-68.91351	-49.04489	0.5	60295991	23408.011404514313
300	-290.96017	-290.96017	6.7358046	-49.04383	4.039826	31.654972	-65.13052	-49.043846	0.8	60496983	23484.268861293793
301	-273.33493	-273.33493	7.837251	-49.05025	4.0247717	31.131283	-70.19673	-49.05046	0.5	60697986	23560.9941675663
302	-253.00682	-253.00682	10.845582	-49.0508	4.0286965	28.41775	-64.86635	-49.05076	0.4	60898985	23637.99023747444
303	-286.54596	-286.54596	9.63162	-49.0427	4.069133	40.009777	-64.76065	-49.043064	0.6	61099981	23716.089838266373
304	-239.62062	-239.62062	10.235475	-49.04577	4.037903	34.486904	-69.13189	-49.045883	0.8	61300983	23792.873639583588
305	-269.88846	-269.88846	2.0450993	-49.03342	4.0856843	30.175072	-73.10709	-49.03351	0.7	61501982	23869.28925895691
306	-262.69965	-262.69965	4.360288	-49.03399	4.0593677	42.235107	-70.10294	-49.03398	0.3	61702983	23946.076285362244
307	-198.64426	-198.64426	7.322373	-49.025776	4.0862565	45.31556	-67.42943	-49.025684	0.6	61903991	24022.817720651627
308	-289.98758	-289.98758	-8.663548	-49.025436	4.08864	29.639534	-63.84171	-49.025673	0.7	62104982	24098.584485769272
309	-314.873	-314.873	-0.6509976	-49.033005	4.0615964	29.997833	-68.124596	-49.032925	0.4	62305985	24175.383323669434
310	-291.36298	-291.36298	10.19531	-49.021915	4.1265793	37.522175	-66.7742	-49.02184	0.5	62506983	24251.94001531601
311	-269.80313	-269.80313	-6.661122	-49.031967	4.0919957	33.477924	-71.5402	-49.03203	0.4	62707986	24328.347289323807
312	-301.6777	-301.6777	10.6906805	-49.029984	4.091249	29.9358	-69.08475	-49.0301	0.7	62908983	24404.563502550125
313	-257.95358	-257.95358	6.9113283	-49.017963	4.1560163	34.78183	-67.061104	-49.018223	0.6	63109991	24480.548406600952
314	-265.76306	-265.76306	10.543847	-49.017742	4.0911207	29.44688	-65.272644	-49.01738	0.4	63310991	24557.780823230743
315	-257.54196	-257.54196	5.1484065	-49.007812	4.1235976	26.14527	-68.7274	-49.007668	0.8	63511982	24633.48929953575
316	-301.05313	-301.05313	10.595627	-49.01129	4.163838	26.524792	-71.5742	-49.011044	0.5	63712991	24709.824901103973
317	-216.57672	-216.57672	8.245027	-49.025623	4.111734	25.409004	-70.70282	-49.02556	0.4	63913984	24785.857421159744
318	-240.79762	-240.79762	4.9068303	-49.00946	4.175564	24.048746	-66.533775	-49.009647	0.5	64114986	24861.408949375153
319	-263.6041	-263.6041	6.2364535	-48.99827	4.1969347	31.747162	-68.745316	-48.998074	0.6	64315984	24937.51909327507
320	-278.90024	-278.90024	5.364737	-49.013336	4.140172	49.72584	-68.57585	-49.012886	0.6	64516991	25013.17812871933
321	-221.50627	-221.50627	5.95719	-49.002724	4.1775317	29.172985	-65.94323	-49.002758	0.7	64717983	25088.61302113533
322	-342.42798	-342.42798	2.4699094	-49.006187	4.191119	26.917494	-69.885155	-49.00622	0.8	64918988	25164.33282017708
323	-296.58347	-296.58347	10.325941	-49.014412	4.1082654	27.94216	-70.46538	-49.01432	0.6	65119985	25240.394041776657
324	-252.62492	-252.62492	8.290614	-49.0098	4.1492815	27.054867	-69.726006	-49.009537	0.5	65320984	25316.19991183281
325	-288.6974	-288.6974	8.233087	-49.01897	4.1292806	36.02087	-70.23026	-49.018997	0.8	65521981	25392.012715101242
326	-249.44969	-249.44969	5.831117	-49.01459	4.124213	31.785461	-66.441025	-49.014484	0.7	65722986	25467.899013996124
327	-233.93437	-233.93437	10.047772	-48.987957	4.192146	38.676838	-69.28634	-48.98787	0.6	65923983	25544.904632806778
328	-255.62277	-255.62277	9.227838	-48.983612	4.2369866	31.806568	-67.84347	-48.983673	0.7	66124988	25620.44532060623
329	-261.32538	-261.32538	8.864175	-48.977116	4.2962174	32.940495	-72.1171	-48.976974	0.7	66325982	25695.90240573883
330	-281.786	-281.786	7.151173	-48.994473	4.208805	25.864925	-70.526344	-48.994556	0.6	66526991	25771.388595342636
331	-234.55539	-234.55539	8.470712	-48.98364	4.184626	34.418354	-67.65879	-48.983345	0.7	66727991	25847.037616729736
332	-248.8264	-248.8264	9.466027	-48.991314	4.147556	34.559753	-70.974846	-48.99072	0.8	66928991	25922.460916519165
333	-345.5971	-345.5971	8.107736	-48.992474	4.1859603	28.330442	-66.5087	-48.992863	0.6	67129986	25998.249485969543
334	-248.3301	-248.3301	5.7815795	-48.981827	4.2560353	25.246788	-68.531555	-48.98171	0.6	67330991	26073.963161230087
335	-249.43967	-249.43967	7.704732	-48.97277	4.222859	32.36516	-67.14378	-48.97286	0.7	67531991	26149.2996032238
336	-220.51637	-220.51637	8.253156	-48.958477	4.2915435	30.728746	-66.355804	-48.958324	0.7	67732982	26225.40931916237
337	-319.4537	-319.4537	7.0595317	-48.97287	4.2379355	30.603382	-68.26122	-48.97277	0.6	67933981	26301.647688388824
338	-270.73288	-270.73288	10.307155	-48.969166	4.2223387	33.09071	-68.28753	-48.968906	0.9	68134983	26377.151624679565
339	-226.64809	-226.64809	9.077846	-48.965935	4.2213807	30.604164	-73.63931	-48.96571	0.5	68335991	26452.852361917496
340	-196.6081	-196.6081	-1.9598069	-48.95685	4.288541	49.93878	-67.623146	-48.956764	0.4	68536984	26528.609290599823
341	-282.1975	-282.1975	0.31148398	-48.963173	4.2685776	28.118286	-70.07077	-48.96306	0.7	68737982	26604.690923929214
342	-221.79185	-221.79185	7.7439466	-48.966015	4.290948	26.72893	-68.922676	-48.965923	0.4	68938981	26680.254723787308
343	-258.09384	-258.09384	5.9569964	-48.974293	4.237983	29.043777	-73.97771	-48.974728	0.5	69139987	26755.836282253265
344	-243.8807	-243.8807	3.10245	-48.959167	4.2742677	27.69487	-69.88838	-48.958733	0.4	69340982	26831.255844831467
345	-298.9195	-298.9195	8.045327	-48.941174	4.3249345	27.057459	-68.93273	-48.941154	0.5	69541991	26906.27280640602
346	-273.35107	-273.35107	10.226403	-48.941765	4.3029957	33.241985	-69.526405	-48.941505	0.6	69742985	26981.983924388885
347	-299.75995	-299.75995	7.4199204	-48.947426	4.332225	26.012571	-73.79014	-48.94748	0.6	69943984	27057.82719707489
348	-252.39539	-252.39539	11.556542	-48.958656	4.240825	32.89092	-71.04232	-48.958344	0.7	70144982	27133.455011367798
349	-262.55566	-262.55566	8.263757	-48.953762	4.3025074	34.24231	-69.31759	-48.95322	0.5	70345986	27209.02838587761
350	-310.53207	-310.53207	10.696785	-48.947933	4.3038135	26.427774	-67.75715	-48.94806	0.6	70546982	27285.401311159134
351	-231.06537	-231.06537	10.006241	-48.93861	4.361824	30.543015	-68.37731	-48.938454	0.7	70747991	27361.61750483513
352	-289.24036	-289.24036	0.5550855	-48.9487	4.34247	30.998383	-72.302704	-48.9488	0.5	70948981	27438.115027666092
353	-245.60736	-245.60736	9.014064	-48.936172	4.303111	33.34269	-68.58272	-48.936287	0.8	71149991	27513.711679697037
354	-222.46478	-222.46478	11.630833	-48.94841	4.3105125	35.78099	-70.67795	-48.948273	0.7	71350984	27589.678879737854
355	-279.12863	-279.12863	10.103348	-48.94936	4.284206	37.53053	-64.79522	-48.949303	0.4	71551991	27665.27834534645
356	-235.43529	-235.43529	7.508954	-48.934887	4.3398476	30.110838	-70.38615	-48.93504	0.5	71752985	27741.003232240677
357	-284.1624	-284.1624	6.9110336	-48.923595	4.352129	30.423767	-65.38319	-48.92393	0.7	71953981	27816.91193628311
358	-300.48785	-300.48785	8.009856	-48.925648	4.367743	43.00143	-72.26967	-48.92478	0.8	72154983	27892.190011501312
359	-170.69832	-170.69832	8.358066	-48.918316	4.37539	31.62512	-68.10744	-48.918552	0.7	72355991	27969.030502080917
360	-218.17242	-218.17242	8.882064	-48.931484	4.350168	26.696985	-67.69513	-48.93195	0.7	72556991	28043.96906709671
361	-246.12285	-246.12285	5.569378	-48.92285	4.3660455	28.795	-73.63857	-48.922867	0.6	72757983	28119.722118139267
362	-266.1312	-266.1312	4.9633236	-48.93086	4.3363333	30.784225	-69.40914	-48.930664	0.6	72958983	28195.70081281662
363	-271.75726	-271.75726	9.099929	-48.92668	4.341442	31.187925	-65.82959	-48.926754	0.5	73159986	28271.50905251503
364	-239.14084	-239.14084	8.416401	-48.919964	4.3597393	27.810707	-65.68802	-48.920216	0.8	73360982	28347.178066253662
365	-247.87053	-247.87053	7.4507494	-48.917976	4.392456	31.465471	-65.76603	-48.91771	0.7	73561991	28422.699114084244
366	-209.49965	-209.49965	6.2904925	-48.930313	4.323324	29.56467	-75.65763	-48.93026	0.7	73762991	28498.051978588104
367	-278.1507	-278.1507	11.098563	-48.913387	4.381468	31.343079	-72.76998	-48.913124	0.4	73963990	28573.664025068283
368	-204.83592	-204.83592	6.888246	-48.904408	4.3963857	37.271347	-69.09265	-48.904385	0.5	74164981	28649.431025266647
369	-257.38098	-257.38098	8.104167	-48.91114	4.4063306	36.897606	-73.55662	-48.91093	0.6	74365984	28725.091910123825
370	-243.86728	-243.86728	8.439034	-48.89981	4.4272733	34.190937	-71.0104	-48.900066	0.9	74566982	28800.849975585938
371	-247.70619	-247.70619	10.631437	-48.905956	4.361326	42.678967	-67.33861	-48.90574	0.7	74767984	28876.409281492233
372	-200.42964	-200.42964	11.571697	-48.920444	4.378301	40.63623	-69.19513	-48.920288	0.8	74968981	28951.507340192795
373	-259.37384	-259.37384	7.6826677	-48.900883	4.384039	28.308529	-66.266136	-48.901333	0.7	75169981	29027.12920975685
374	-246.86954	-246.86954	7.404037	-48.896236	4.439351	33.08751	-70.63535	-48.896038	0.9	75370983	29102.801691770554
375	-227.38356	-227.38356	10.026133	-48.887695	4.45194	27.52984	-68.36882	-48.8879	0.5	75571982	29178.343281030655
376	-261.62622	-261.62622	9.470725	-48.882713	4.460513	34.22729	-71.21733	-48.88281	0.7	75772991	29254.08472752571
377	-287.38608	-287.38608	9.611167	-48.872158	4.4966288	22.283924	-65.2878	-48.872097	0.6	75973987	29329.928372383118
378	-255.60727	-255.60727	6.6604204	-48.896343	4.380516	24.74453	-67.50733	-48.896137	0.6	76174982	29405.06283044815
379	-254.98035	-254.98035	12.233038	-48.878345	4.4633527	26.675915	-71.850746	-48.87895	0.7	76375984	29480.32929134369
380	-310.16992	-310.16992	10.623878	-48.86252	4.5360913	37.460835	-78.47683	-48.862114	0.5	76576991	29555.939942598343
381	-256.70303	-256.70303	11.770147	-48.874977	4.4779916	31.107718	-69.25859	-48.874897	0.5	76777991	29631.129725456238
382	-270.52673	-270.52673	11.058416	-48.881145	4.46059	35.083733	-65.719604	-48.880966	0.6	76978991	29706.596163749695
383	-206.3953	-206.3953	9.915839	-48.875195	4.474518	34.106922	-81.972916	-48.875626	0.6	77179991	29781.9584980011
384	-260.7358	-260.7358	8.248421	-48.867264	4.50145	28.813623	-66.1395	-48.86676	0.4	77380983	29857.457220077515
385	-272.26456	-272.26456	2.8705208	-48.858646	4.4991255	28.022003	-67.12109	-48.8586	0.3	77581985	29932.751856565475
386	-204.85982	-204.85982	9.093627	-48.85552	4.527906	32.280003	-66.357635	-48.85519	0.6	77782991	30007.927547454834
387	-273.6117	-273.6117	9.160213	-48.86117	4.498522	23.226913	-73.86045	-48.861694	0.5	77983987	30083.699986934662
388	-286.42563	-286.42563	8.729116	-48.86129	4.491765	34.315662	-77.33837	-48.861027	0.6	78184988	30159.594815015793
389	-273.42462	-273.42462	9.217967	-48.871784	4.4600754	29.468409	-68.77315	-48.87198	0.5	78385991	30235.326689004898
390	-250.24799	-250.24799	6.8586106	-48.84846	4.5542593	26.341099	-72.69792	-48.848927	0.4	78586987	30310.64989042282
391	-272.85068	-272.85068	10.842867	-48.853767	4.5193343	26.881155	-68.66444	-48.85325	0.8	78787982	30386.5086081028
392	-219.74464	-219.74464	8.992951	-48.848156	4.553113	44.84926	-66.89287	-48.848362	0.6	78988991	30462.510952949524
393	-211.76367	-211.76367	8.468915	-48.85568	4.526939	25.042103	-68.24558	-48.855236	0.8	79189983	30538.15310382843
394	-267.40457	-267.40457	9.19031	-48.850613	4.51224	43.485897	-67.115875	-48.85079	0.7	79390989	30613.38690662384
395	-249.5934	-249.5934	9.149688	-48.850945	4.5257587	29.820076	-70.02668	-48.8513	0.5	79591991	30689.00252699852
396	-218.37512	-218.37512	9.668953	-48.85597	4.487982	34.83567	-73.64111	-48.855305	0.8	79792991	30764.027369737625
397	-251.12737	-251.12737	9.511901	-48.85566	4.5195518	41.890133	-72.243355	-48.8558	0.5	79993981	30839.595071315765
398	-255.55502	-255.55502	7.435915	-48.844078	4.514098	32.358887	-69.73521	-48.844284	0.6	80194983	30915.728441238403
399	-248.69476	-248.69476	7.8607097	-48.842472	4.5444202	23.795502	-71.498215	-48.842464	0.8	80395983	30991.98480963707
400	-214.735	-214.735	10.491993	-48.85204	4.5111766	36.431454	-69.13531	-48.85226	0.7	80596987	31067.863610982895
401	-235.92969	-235.92969	10.470555	-48.85382	4.503915	28.066635	-70.663994	-48.85417	0.8	80797987	31143.25389933586
402	-263.66037	-263.66037	7.086142	-48.843746	4.5471544	44.990585	-72.84633	-48.84344	0.4	80998991	31219.143974542618
403	-292.74515	-292.74515	12.198623	-48.835243	4.548903	28.959175	-70.710846	-48.83492	0.8	81199981	31295.34220480919
404	-240.74255	-240.74255	8.599246	-48.848446	4.488437	30.699238	-74.885994	-48.849056	0.7	81400981	31371.399508953094
405	-261.5384	-261.5384	10.775819	-48.840027	4.5405827	28.863659	-69.062904	-48.84036	0.7	81601989	31447.334827184677
406	-225.03362	-225.03362	7.497922	-48.840916	4.555639	28.527597	-67.59241	-48.84118	0.6	81802989	31522.59250164032
407	-210.96693	-210.96693	9.84736	-48.837612	4.5425777	28.094715	-70.84188	-48.8367	0.4	82003991	31598.43493437767
408	-206.90051	-206.90051	11.327456	-48.802868	4.6410575	26.099716	-67.53786	-48.803257	0.7	82204991	31674.17726635933
409	-241.53468	-241.53468	8.128839	-48.828667	4.6035385	26.269346	-69.71457	-48.829235	0.4	82405981	31749.995852947235
410	-250.19922	-250.19922	8.074199	-48.819237	4.6387744	28.314363	-68.02223	-48.819016	0.6	82606981	31825.808831214905
411	-208.12927	-208.12927	11.873631	-48.81733	4.573732	27.33966	-70.26514	-48.817757	0.7	82807982	31901.499225854874
412	-241.12932	-241.12932	9.614702	-48.82113	4.604383	29.431633	-74.71375	-48.82069	0.7	83008986	31977.681728601456
413	-219.06918	-219.06918	12.269983	-48.80784	4.6405926	30.375578	-69.173386	-48.808586	0.8	83209981	32052.95996928215
414	-292.13614	-292.13614	12.010904	-48.797985	4.667759	44.712627	-85.97805	-48.797977	0.8	83410991	32127.950773239136
415	-229.32372	-229.32372	10.82582	-48.79797	4.696016	38.604782	-71.66783	-48.79828	0.6	83611991	32203.721663236618
416	-261.32904	-261.32904	7.201185	-48.819897	4.607122	37.143364	-67.15412	-48.81993	0.6	83812985	32279.816968917847
417	-251.37445	-251.37445	9.3220005	-48.78876	4.71387	28.974428	-71.140465	-48.7887	0.7	84013991	32355.359726428986
418	-297.60193	-297.60193	8.5752735	-48.79913	4.6768665	42.292908	-71.224014	-48.799343	0.6	84214987	32431.299156665802
419	-298.75128	-298.75128	8.939906	-48.77636	4.745255	28.304508	-68.21268	-48.77644	0.6	84415982	32507.12530040741
420	-239.36124	-239.36124	8.980585	-48.801884	4.6458144	47.603313	-69.80542	-48.80222	0.8	84616991	32583.176715373993
421	-224.51013	-224.51013	10.001014	-48.79754	4.6766143	27.785337	-70.46191	-48.798004	0.7	84817981	32659.14723587036
422	-272.57004	-272.57004	7.84873	-48.807045	4.6686306	30.422138	-66.99987	-48.80708	0.5	85018981	32735.19009757042
423	-257.38968	-257.38968	11.818189	-48.792465	4.6639476	38.844913	-69.98076	-48.792645	0.8	85219991	32811.0428378582
424	-204.03468	-204.03468	12.061738	-48.7891	4.6742673	27.036333	-72.16996	-48.789165	0.8	85420986	32887.7418282032
425	-281.90955	-281.90955	8.827724	-48.796913	4.6477857	27.902601	-66.930855	-48.797493	0.7	85621988	32963.72619199753
426	-219.11993	-219.11993	3.8742058	-48.781574	4.7001505	30.100534	-68.78578	-48.782116	0.5	85822986	33039.07168650627
427	-260.4911	-260.4911	11.642228	-48.799297	4.6335263	30.619205	-81.27063	-48.79947	0.5	86023983	33115.02719926834
428	-278.17038	-278.17038	6.3474607	-48.78134	4.6837826	27.91676	-70.07381	-48.78156	0.5	86224991	33190.4608335495
429	-343.77316	-343.77316	10.784728	-48.775112	4.6804547	28.764482	-74.06825	-48.77512	0.7	86425991	33266.36516213417
430	-250.80695	-250.80695	10.255967	-48.78718	4.6476893	30.129137	-70.79677	-48.78731	0.6	86626985	33341.79724431038
431	-226.30804	-226.30804	6.1542354	-48.79109	4.645971	44.415344	-72.25624	-48.790775	0.6	86827991	33416.68069267273
432	-296.0841	-296.0841	11.184449	-48.77198	4.7090435	25.095377	-71.36894	-48.772625	0.9	87028991	33492.1394970417
433	-276.26874	-276.26874	-0.9831789	-48.774242	4.7007256	23.539783	-67.66957	-48.774673	0.5	87229991	33567.83287024498
434	-213.15144	-213.15144	3.3711343	-48.78213	4.7033362	32.976604	-71.108505	-48.781837	0.8	87430991	33643.26498222351
435	-224.40474	-224.40474	7.7116027	-48.75692	4.739942	35.19499	-67.5352	-48.757343	0.6	87631984	33718.32519698143
436	-248.1134	-248.1134	11.647056	-48.782322	4.661413	46.408463	-71.744705	-48.78252	0.5	87832985	33794.16917681694
437	-220.0443	-220.0443	9.502621	-48.769962	4.723898	54.51097	-72.377716	-48.770275	0.5	88033982	33869.41580629349
438	-216.52719	-216.52719	8.144479	-48.786396	4.64955	30.76121	-70.07008	-48.78718	0.4	88234986	33944.47674822807
439	-247.25508	-247.25508	8.925323	-48.77065	4.694725	29.160158	-66.76833	-48.770393	0.5	88435983	34019.28654909134
440	-243.51105	-243.51105	7.515426	-48.77053	4.7138314	33.701004	-69.181305	-48.770466	0.5	88636983	34094.29592132568
441	-281.4342	-281.4342	7.11313	-48.76402	4.715156	26.434095	-74.69181	-48.764023	0.7	88837991	34169.32930016518
442	-265.73508	-265.73508	7.1244793	-48.77195	4.7068353	25.610888	-71.618935	-48.772427	0.6	89038991	34245.54096674919
443	-265.1007	-265.1007	7.3036776	-48.774273	4.6986537	27.675934	-67.531715	-48.77425	0.7	89239983	34321.54104399681
444	-311.55005	-311.55005	10.413751	-48.759674	4.71903	30.128904	-68.00644	-48.759243	0.7	89440991	34397.057914972305
445	-227.1974	-227.1974	8.017463	-48.769722	4.6768527	44.049904	-69.074005	-48.76971	0.7	89641984	34472.0563416481
446	-234.22218	-234.22218	4.735451	-48.763134	4.7021327	31.487223	-77.464714	-48.763447	0.5	89842981	34548.02223563194
447	-257.5175	-257.5175	7.314592	-48.769665	4.6460266	35.56982	-73.38188	-48.769676	0.5	90043991	34623.70520949364
448	-193.05376	-193.05376	11.723264	-48.744396	4.7662964	36.26127	-69.39164	-48.74506	0.8	90244981	34699.59811425209
449	-245.82933	-245.82933	9.101388	-48.75858	4.71994	26.952625	-69.912384	-48.758648	0.5	90445991	34776.48494052887
450	-246.02074	-246.02074	9.936673	-48.739857	4.7801695	38.80173	-68.94413	-48.73989	0.7	90646988	34852.74226665497
451	-276.97632	-276.97632	12.690964	-48.74633	4.7831984	29.208612	-77.79019	-48.745968	0.6	90847982	34928.61799287796
452	-217.3717	-217.3717	10.246336	-48.738396	4.764124	33.376392	-69.335625	-48.738605	0.8	91048991	35004.17521858215
453	-186.31377	-186.31377	10.652986	-48.731506	4.7978683	30.812435	-66.542274	-48.7321	0.9	91249983	35079.89196777344
454	-223.4811	-223.4811	6.963719	-48.73642	4.779469	35.576332	-84.20461	-48.736473	0.8	91450991	35155.722848415375
455	-233.71779	-233.71779	9.827818	-48.730415	4.815569	49.476643	-81.72688	-48.7304	0.8	91651982	35232.17869973183
456	-259.27887	-259.27887	10.796129	-48.740135	4.7494597	32.276073	-70.827995	-48.74018	0.8	91852984	35308.747898578644
457	-223.51418	-223.51418	9.522059	-48.722725	4.8198757	33.544266	-69.30172	-48.723274	0.6	92053991	35384.63852310181
458	-282.69366	-282.69366	8.998395	-48.73886	4.7475657	28.90069	-72.445404	-48.739296	0.5	92254991	35460.7377243042
459	-239.77763	-239.77763	10.3118	-48.744793	4.7324557	27.9387	-72.94886	-48.744347	0.6	92455988	35537.26122522354
460	-289.34952	-289.34952	8.803107	-48.721027	4.8150654	36.13645	-69.14662	-48.721237	0.8	92656991	35613.140604019165
461	-253.43332	-253.43332	10.746204	-48.739613	4.765824	35.582497	-70.490456	-48.739326	0.9	92857984	35688.34981775284
462	-257.45053	-257.45053	11.2909	-48.729847	4.8198023	54.877632	-67.18832	-48.729916	0.8	93058982	35763.743190288544
463	-245.85991	-245.85991	9.783366	-48.72894	4.7946496	26.447273	-67.13388	-48.728928	0.7	93259986	35839.48089957237
464	-229.49782	-229.49782	7.9856825	-48.72512	4.811962	49.14558	-67.948944	-48.72432	0.2	93460991	35915.11433815956
465	-237.9674	-237.9674	9.664567	-48.7138	4.802967	33.842937	-69.25409	-48.714146	0.9	93661990	35990.916316747665
466	-246.69205	-246.69205	9.054345	-48.721226	4.811198	46.62787	-73.64334	-48.721615	0.8	93862982	36066.850111722946
467	-246.40828	-246.40828	8.281218	-48.729458	4.7621202	33.682327	-68.71586	-48.72865	0.3	94063989	36142.15625214577
468	-218.85773	-218.85773	10.804817	-48.69023	4.8834686	26.614538	-77.2429	-48.69048	0.7	94264982	36218.34050107002
469	-259.66498	-259.66498	8.885616	-48.70667	4.8271127	36.115154	-67.45043	-48.706547	0.7	94465991	36293.95696425438
470	-224.82738	-224.82738	9.74036	-48.706303	4.8003173	27.21943	-76.5518	-48.70688	0.9	94666991	36369.523770570755
471	-273.80344	-273.80344	10.340115	-48.71803	4.785422	32.51705	-68.90739	-48.71877	0.7	94867983	36445.02451610565
472	-239.96417	-239.96417	8.628216	-48.709568	4.832423	29.537062	-70.811264	-48.70968	0.5	95068988	36520.830124139786
473	-270.4506	-270.4506	7.0446887	-48.725662	4.783465	27.689634	-71.06411	-48.725163	0.4	95269982	36596.78527665138
474	-198.96632	-198.96632	11.440743	-48.70523	4.8113527	30.963501	-69.102684	-48.704876	0.6	95470985	36673.31283259392
475	-236.13893	-236.13893	8.529841	-48.700615	4.817755	36.944317	-73.317535	-48.700924	0.7	95671981	36749.281938791275
476	-305.39395	-305.39395	7.409901	-48.693905	4.857946	40.410954	-69.7432	-48.69451	0.5	95872991	36825.26639318466
477	-248.45738	-248.45738	5.5608673	-48.708015	4.826224	26.601967	-69.348694	-48.70889	0.6	96073983	36901.250791311264
478	-316.61664	-316.61664	10.13343	-48.685844	4.917047	26.324774	-70.92678	-48.68596	0.7	96274984	36977.60106873512
479	-286.7489	-286.7489	7.2586536	-48.688713	4.874103	37.74173	-70.5196	-48.688354	0.6	96475983	37054.1479947567
480	-232.55627	-232.55627	11.5808325	-48.711613	4.8295336	23.861675	-71.00891	-48.71117	0.7	96676988	37130.95601654053
481	-220.73311	-220.73311	8.830432	-48.702515	4.8438907	35.781147	-66.46995	-48.70294	0.7	96877985	37208.32086610794
482	-259.55643	-259.55643	12.218223	-48.691864	4.841339	25.335112	-72.6071	-48.69175	0.8	97078991	37285.048348903656
483	-244.25275	-244.25275	9.984688	-48.692577	4.855255	28.641851	-71.28047	-48.692986	0.8	97279983	37362.186190366745
484	-276.452	-276.452	7.5252223	-48.698772	4.836454	30.370344	-72.07785	-48.69934	0.8	97480986	37438.98889756203
485	-221.19379	-221.19379	11.778628	-48.6807	4.8638573	31.603668	-75.78107	-48.68046	0.7	97681990	37515.987130880356
486	-259.0435	-259.0435	7.5474806	-48.672447	4.9165683	40.506042	-66.63847	-48.67247	0.5	97882991	37592.08885717392
487	-244.97905	-244.97905	8.557754	-48.683075	4.8820705	27.966957	-69.42744	-48.683117	0.5	98083982	37668.19726777077
488	-196.8483	-196.8483	11.031859	-48.670387	4.9019127	33.043068	-70.83944	-48.67067	0.3	98284984	37744.959413051605
489	-214.29793	-214.29793	8.1888275	-48.67985	4.893591	50.067997	-66.89689	-48.679806	0.7	98485984	37821.483637571335
490	-207.8414	-207.8414	8.780219	-48.683857	4.8750787	22.50332	-68.2931	-48.684284	0.4	98686981	37897.9147734642
491	-265.32336	-265.32336	10.267092	-48.69144	4.8728514	43.77642	-71.663086	-48.691532	0.7	98887991	37974.61037182808
492	-321.01526	-321.01526	9.980411	-48.67529	4.8819056	27.236193	-67.96837	-48.675312	0.8	99088986	38051.47184252739
493	-313.21338	-313.21338	6.7808485	-48.676037	4.9020405	24.357328	-68.84255	-48.67594	0.4	99289983	38129.40514302254
494	-244.7142	-244.7142	10.456391	-48.667793	4.9085865	59.981377	-68.93824	-48.66849	0.7	99490991	38206.66528558731
495	-219.05957	-219.05957	5.9575806	-48.677265	4.9190845	25.802979	-71.49816	-48.677597	0.5	99691984	38284.155356884
496	-185.85333	-185.85333	7.01104	-48.669804	4.9393244	36.339912	-74.71246	-48.669586	0.3	99892985	38360.56904506683
497	-263.79828	-263.79828	8.744224	-48.663677	4.9217906	33.149803	-77.33759	-48.66291	0.7	100093982	38436.97988605499
498	-210.0827	-210.0827	10.062562	-48.65538	4.984058	31.018538	-69.69157	-48.655384	0.7	100294991	38513.51770019531
499	-230.746	-230.746	10.249318	-48.670567	4.9075522	26.089321	-74.23022	-48.671276	0.7	100495983	38589.79970860481
