Epoch	EpRet	EpRealRet	TestEpRet	AverageQ1	StdQ1	MaxQ1	MinQ1	Q2	TestSuccess	TotalEnvInteracts	TotalTime
0	-14.131955	-14.131955	0.0	-19.88833	11.084208	5.763372	-52.350697	-19.897915	0.0	196981	86.35904145240784
1	-14.828853	-14.828853	0.0	-24.89863	10.320339	-0.042336367	-52.42	-24.89806	0.0	397981	173.93965315818787
2	-11.339646	-11.339646	0.0	-29.389404	11.416851	-5.716809	-55.806953	-29.389261	0.0	598981	261.44042921066284
3	-14.459404	-14.459404	0.0	-28.051908	11.43604	-3.141075	-57.000717	-28.051847	0.0	799981	349.9582450389862
4	-12.808423	-12.808423	0.0	-28.715002	11.17862	-8.126859	-52.711704	-28.714886	0.0	1000981	438.7433292865753
5	-11.417193	-11.417193	0.0	-34.40537	10.014275	-9.440887	-60.181282	-34.40606	0.0	1201981	523.6782400608063
6	-12.558691	-12.558691	0.0	-41.62407	7.24833	-19.459314	-56.776524	-41.62465	0.0	1402981	612.1958312988281
7	-18.942741	-18.942741	-35.627407	-46.78351	3.9561408	-23.594578	-55.05518	-46.783966	0.0	1603982	698.7484683990479
8	-16.54468	-16.54468	-20.039694	-49.746243	0.9896117	-29.35749	-72.11268	-49.746574	0.0	1804981	785.6662228107452
9	-18.189442	-18.189442	0.0	-49.941685	0.5621469	-35.6996	-73.247734	-49.94164	0.0	2005981	874.1330606937408
10	-19.881948	-19.881948	0.0	-49.92684	0.7745665	-32.306583	-61.219147	-49.926895	0.0	2206981	962.3677468299866
11	-12.069633	-12.069633	0.0	-49.93356	0.72844523	-32.737606	-54.09093	-49.93355	0.0	2407981	1050.386162519455
12	-14.86873	-14.86873	-3.5319803	-49.956005	0.63838375	-33.706966	-54.842545	-49.95592	0.0	2608981	1138.9041423797607
13	-12.12761	-12.12761	0.0	-49.938988	0.5863378	-36.055588	-61.883472	-49.939014	0.0	2809981	1227.2220239639282
14	-15.3758545	-15.3758545	-42.616203	-49.91128	0.6854563	-35.5556	-57.915726	-49.911224	0.0	3010981	1315.491904258728
15	-24.177696	-24.177696	0.0	-49.934883	0.661075	-34.904964	-60.67655	-49.934826	0.0	3211981	1402.1745519638062
16	-23.408604	-23.408604	-22.645876	-49.965286	0.5738944	-35.020336	-59.926945	-49.965305	0.0	3412982	1490.777057170868
17	-27.95159	-27.95159	-4.6993103	-49.973698	0.50747114	-37.622627	-60.44525	-49.97379	0.0	3613981	1578.6941244602203
18	-17.522255	-17.522255	0.0	-49.963352	0.6101702	-34.32128	-61.36274	-49.963264	0.0	3814983	1667.1293053627014
19	-30.916399	-30.916399	-30.954683	-49.957325	0.67344934	-33.25824	-60.954525	-49.95739	0.0	4015982	1755.498951435089
20	-24.516861	-24.516861	-18.679926	-49.926964	0.78360593	-34.658463	-57.854656	-49.926964	0.0	4216981	1843.5645656585693
21	-25.639893	-25.639893	-11.720895	-49.89578	0.9464876	-36.15646	-56.510937	-49.895813	0.0	4417982	1931.716563463211
22	-22.710796	-22.710796	-10.017235	-49.89029	0.9732901	-36.88921	-58.189316	-49.89018	0.0	4618981	2020.185530424118
23	-21.37937	-21.37937	-19.301811	-49.888824	0.99479884	-35.931145	-54.916035	-49.88876	0.0	4819982	2108.8860688209534
24	-22.834888	-22.834888	-5.95945	-49.88244	1.0174918	-35.468163	-58.494846	-49.882397	0.0	5020982	2197.3210921287537
25	-20.268719	-20.268719	0.0	-49.88424	0.9922075	-35.61614	-59.15002	-49.88428	0.0	5221983	2285.4714617729187
26	-15.307557	-15.307557	-12.515151	-49.891186	0.95010483	-35.80512	-54.10867	-49.89119	0.0	5422982	2375.001288175583
27	-24.68724	-24.68724	-14.120523	-49.883003	0.97873425	-35.974754	-60.92662	-49.88297	0.0	5623981	2463.136208295822
28	-18.312284	-18.312284	-3.9027002	-49.875374	1.0169748	-35.983772	-55.528755	-49.8754	0.0	5824981	2551.704478263855
29	-23.19524	-23.19524	-11.418695	-49.884525	0.96542615	-36.821285	-63.917282	-49.884594	0.0	6025981	2639.7557170391083
30	-19.665604	-19.665604	-1.1649036	-49.880005	0.97874606	-36.289482	-58.676655	-49.88	0.0	6226981	2727.223871231079
31	-19.48388	-19.48388	-7.1635594	-49.86223	1.0555379	-36.11789	-53.71364	-49.86225	0.0	6427982	2815.9276337623596
32	-21.569736	-21.569736	-5.3693304	-49.864647	1.0585953	-36.121937	-56.753075	-49.864704	0.0	6628981	2904.6941316127777
33	-20.13499	-20.13499	-10.459529	-49.864845	1.0689594	-35.378395	-57.160847	-49.864937	0.0	6829984	2993.5793731212616
34	-19.331148	-19.331148	-3.1566045	-49.86414	1.0682857	-34.869522	-55.508514	-49.864113	0.0	7030981	3082.1961109638214
35	-19.792631	-19.792631	-13.453772	-49.852074	1.1061057	-34.726917	-59.692364	-49.852104	0.0	7231981	3168.634471654892
36	-22.083725	-22.083725	-15.465525	-49.84051	1.1507105	-34.080925	-55.72457	-49.840717	0.0	7432981	3255.9819655418396
37	-16.282074	-16.282074	-4.6425076	-49.836308	1.1877841	-34.25095	-56.852585	-49.83645	0.0	7633982	3344.768740415573
38	-18.640484	-18.640484	-2.183519	-49.832134	1.1954266	-34.374508	-54.657543	-49.83203	0.0	7834981	3433.201417207718
39	-19.16327	-19.16327	-6.3828044	-49.830376	1.2055007	-33.874767	-56.317055	-49.830406	0.0	8035983	3521.8540346622467
40	-18.13023	-18.13023	-10.04745	-49.825405	1.2188838	-33.286373	-55.690926	-49.8254	0.0	8236981	3610.0708713531494
41	-20.539783	-20.539783	-9.182431	-49.816914	1.2443966	-33.761814	-53.97172	-49.816956	0.0	8437982	3698.1716372966766
42	-23.48372	-23.48372	-12.585036	-49.816803	1.2509252	-34.13741	-60.14005	-49.816853	0.0	8638981	3785.323753595352
43	-22.67584	-22.67584	-12.096796	-49.813114	1.2551436	-34.483887	-54.397274	-49.813198	0.0	8839982	3874.325015068054
44	-20.156351	-20.156351	-8.702402	-49.815258	1.2353022	-34.763855	-54.63152	-49.815228	0.0	9040982	3962.8268637657166
45	-21.201561	-21.201561	-7.624214	-49.81482	1.2308939	-35.04466	-55.8722	-49.81467	0.0	9241981	4051.560842037201
46	-18.165878	-18.165878	-9.977399	-49.81152	1.2379851	-35.618652	-54.65097	-49.81166	0.0	9442981	4139.729391813278
47	-19.307728	-19.307728	-8.245994	-49.80867	1.2430419	-35.806824	-56.61371	-49.808567	0.0	9643981	4228.280504465103
48	-20.477053	-20.477053	-10.592603	-49.812637	1.2262464	-35.405872	-55.860462	-49.812588	0.0	9844982	4316.414488554001
49	-19.319006	-19.319006	-11.528501	-49.81275	1.2264645	-34.852207	-54.617683	-49.812584	0.0	10045981	4405.01597905159
50	-24.711143	-24.711143	-10.957774	-49.8111	1.2185749	-35.56263	-58.752827	-49.811234	0.0	10246982	4493.051465749741
51	-19.248768	-19.248768	-3.9931033	-49.801052	1.2497855	-36.67539	-55.135014	-49.801052	0.0	10447983	4580.952395439148
52	-21.055534	-21.055534	-10.695041	-49.803932	1.242667	-36.163177	-63.716187	-49.803646	0.0	10648982	4669.770195007324
53	-22.85663	-22.85663	-3.169914	-49.80461	1.245445	-36.18169	-56.113476	-49.804592	0.0	10849982	4758.371889829636
54	-20.118776	-20.118776	-3.730535	-49.80256	1.2523338	-35.493015	-54.336678	-49.80246	0.0	11050982	4847.189211368561
55	-21.813179	-21.813179	-25.256807	-49.80635	1.2280912	-35.328102	-54.920753	-49.80634	0.0	11251981	4935.5254781246185
56	-21.584072	-21.584072	-10.393815	-49.806046	1.232977	-34.782322	-54.753273	-49.806038	0.0	11452981	5024.358663320541
57	-19.331623	-19.331623	-11.583648	-49.79421	1.2618163	-34.781197	-61.832542	-49.7941	0.0	11653984	5111.461073875427
58	-20.16749	-20.16749	-6.560196	-49.79588	1.2554812	-34.97595	-53.567356	-49.79589	0.0	11854982	5199.612579107285
59	-22.663774	-22.663774	-15.38381	-49.79553	1.2525545	-34.83529	-57.342228	-49.79537	0.0	12055982	5288.279658794403
60	-23.917645	-23.917645	-11.32622	-49.79676	1.2511413	-34.789	-54.558086	-49.796715	0.0	12256982	5376.43122792244
61	-21.670595	-21.670595	-11.853232	-49.79071	1.2690027	-35.537228	-57.751427	-49.79071	0.0	12457981	5464.350128889084
62	-19.607698	-19.607698	-18.539501	-49.786922	1.2873018	-35.79712	-56.019356	-49.787064	0.0	12658981	5553.08438706398
63	-23.403227	-23.403227	-10.187393	-49.785465	1.2853562	-35.578823	-53.39483	-49.785362	0.0	12859984	5641.268680095673
64	-21.949095	-21.949095	-15.947617	-49.782566	1.2835827	-35.71396	-56.20552	-49.782654	0.0	13060982	5728.787973165512
65	-21.055935	-21.055935	-13.203811	-49.775486	1.3054305	-35.76929	-54.25661	-49.77542	0.0	13261982	5816.7056584358215
66	-18.066973	-18.066973	-1.7535579	-49.769703	1.3266917	-36.2088	-57.20702	-49.769936	0.0	13462981	5904.90736413002
67	-18.829823	-18.829823	-7.2815003	-49.770145	1.328825	-36.534775	-54.140247	-49.76999	0.0	13663982	5993.373553037643
68	-20.84295	-20.84295	-6.7256317	-49.767193	1.3335172	-33.73359	-56.92707	-49.767197	0.0	13864983	6082.17596077919
69	-25.085	-25.085	-20.559364	-49.7634	1.3360192	-36.74578	-55.951744	-49.763508	0.0	14065984	6170.494021177292
70	-23.200943	-23.200943	-14.817764	-49.76238	1.3446562	-36.942986	-53.12417	-49.762314	0.0	14266982	6259.246494054794
71	-17.484217	-17.484217	-12.59958	-49.75828	1.3636028	-36.941833	-53.27812	-49.758186	0.0	14467981	6346.663227081299
72	-20.071308	-20.071308	-11.742359	-49.75556	1.37431	-36.839977	-60.420704	-49.755608	0.0	14668981	6435.130244255066
73	-23.066185	-23.066185	-15.882291	-49.74836	1.3897115	-36.576504	-56.166454	-49.748337	0.0	14869981	6523.8502361774445
74	-16.115627	-16.115627	-12.492328	-49.744267	1.3920231	-36.461254	-53.796803	-49.74448	0.0	15070982	6612.567599773407
75	-19.5803	-19.5803	-5.981156	-49.743195	1.3883582	-36.51354	-60.732056	-49.74323	0.0	15271984	6699.986147403717
76	-20.09067	-20.09067	-16.296566	-49.74027	1.3993214	-36.420723	-54.032497	-49.74026	0.0	15472981	6788.6190440654755
77	-24.38301	-24.38301	-13.483078	-49.741947	1.4020785	-36.24183	-59.096546	-49.742	0.0	15673982	6876.77118563652
78	-18.054241	-18.054241	-13.291595	-49.742943	1.4012318	-36.20176	-56.301643	-49.743034	0.0	15874981	6965.655456066132
79	-19.106218	-19.106218	-13.712415	-49.74288	1.398884	-36.091938	-56.925507	-49.742863	0.0	16075982	7054.474570989609
80	-21.52681	-21.52681	-8.796374	-49.734024	1.4293905	-35.901035	-56.764874	-49.734093	0.0	16276981	7142.608917236328
81	-21.240541	-21.240541	-7.185214	-49.727207	1.4399945	-35.54161	-57.178013	-49.727272	0.0	16477982	7231.411353349686
82	-20.204596	-20.204596	-8.930033	-49.72435	1.4535053	-35.580658	-55.365463	-49.724346	0.0	16678981	7319.810600042343
83	-21.489935	-21.489935	-8.015662	-49.7258	1.4495327	-36.063564	-54.708572	-49.725883	0.0	16879984	7406.430358409882
84	-16.866072	-16.866072	-16.60333	-49.72553	1.4446021	-36.05598	-56.40659	-49.725517	0.0	17080983	7493.69744348526
85	-19.569258	-19.569258	-7.654668	-49.721527	1.4578168	-35.147255	-55.414566	-49.721752	0.0	17281986	7581.748667955399
86	-19.335566	-19.335566	-12.419663	-49.72565	1.4408997	-35.786804	-54.22402	-49.725624	0.0	17482981	7670.1999497413635
87	-18.35838	-18.35838	-12.8749	-49.71703	1.4615961	-35.353024	-54.915077	-49.716972	0.0	17683983	7758.952062368393
88	-20.549473	-20.549473	-2.062596	-49.708023	1.4829999	-34.694027	-58.174057	-49.70794	0.0	17884983	7847.903755664825
89	-16.834196	-16.834196	-8.165463	-49.70704	1.4871345	-35.182278	-54.32952	-49.707176	0.0	18085982	7936.104333639145
90	-19.120739	-19.120739	-5.4293494	-49.705513	1.4928848	-33.701355	-55.962296	-49.705402	0.0	18286982	8024.85561466217
91	-20.47443	-20.47443	-25.769073	-49.699867	1.511914	-33.99223	-55.163208	-49.69987	0.0	18487982	8113.041999578476
92	-21.367088	-21.367088	-13.48631	-49.7006	1.5106387	-33.638283	-56.17051	-49.70068	0.0	18688981	8201.524679422379
93	-25.066824	-25.066824	-15.722787	-49.701725	1.4997584	-34.505173	-58.388096	-49.701813	0.0	18889981	8290.310162067413
94	-21.94227	-21.94227	-3.6294334	-49.701836	1.5042127	-34.721664	-55.371754	-49.701855	0.0	19090983	8379.026741743088
95	-25.002127	-25.002127	-11.573376	-49.69521	1.5198339	-34.136158	-55.864033	-49.695248	0.0	19291982	8466.513083219528
96	-20.933945	-20.933945	-10.288663	-49.697887	1.5126122	-34.555775	-58.750175	-49.697918	0.0	19492981	8554.815391778946
97	-17.739002	-17.739002	-19.105873	-49.696682	1.5081846	-34.657516	-54.335835	-49.696667	0.0	19693981	8643.15055513382
98	-20.818558	-20.818558	-11.212969	-49.69436	1.518128	-34.410057	-54.02718	-49.6944	0.0	19894983	8731.933346033096
99	-21.932734	-21.932734	-26.723133	-49.696968	1.5117438	-34.813545	-54.029003	-49.696953	0.0	20095983	8820.218839645386
100	-20.781404	-20.781404	-3.592124	-49.69425	1.5225447	-34.668636	-54.542595	-49.69418	0.0	20296981	8907.95293045044
101	-19.174564	-19.174564	-6.0863476	-49.69326	1.5293553	-34.256325	-56.211445	-49.693256	0.0	20497981	8996.20433998108
102	-20.610786	-20.610786	-11.583827	-49.687473	1.5375111	-34.250706	-61.02677	-49.68734	0.0	20698983	9084.188423633575
103	-17.5166	-17.5166	-3.965381	-49.6882	1.542843	-34.73796	-55.24505	-49.687984	0.0	20899982	9172.889493703842
104	-23.967463	-23.967463	-11.708553	-49.68955	1.5336823	-34.943806	-56.963108	-49.689743	0.0	21100981	9261.190937042236
105	-20.576561	-20.576561	-14.8974695	-49.68687	1.5410839	-35.246452	-55.83035	-49.686844	0.0	21301981	9349.526401281357
106	-19.502321	-19.502321	-4.2701674	-49.684402	1.5442241	-34.693977	-62.888226	-49.684547	0.0	21502982	9437.811256170273
107	-21.932278	-21.932278	-9.737301	-49.68402	1.5356328	-35.10476	-54.42334	-49.684097	0.0	21703986	9526.428463220596
108	-17.077482	-17.077482	-1.8951573	-49.68167	1.5352556	-35.311214	-58.062325	-49.681595	0.0	21904981	9614.880263328552
109	-21.173805	-21.173805	-8.016601	-49.683807	1.5348153	-35.246323	-56.69385	-49.683926	0.0	22105981	9703.115222215652
110	-22.289375	-22.289375	-9.628616	-49.68506	1.5352529	-34.987648	-55.039963	-49.685005	0.0	22306982	9791.99926161766
111	-18.195047	-18.195047	-2.2323768	-49.68397	1.528697	-35.31296	-56.969345	-49.683956	0.0	22507982	9880.566601276398
112	-17.844019	-17.844019	-10.064948	-49.685757	1.5218192	-35.340477	-55.907936	-49.685684	0.0	22708982	9968.485009670258
113	-19.664253	-19.664253	-6.1332903	-49.68536	1.5174092	-35.953003	-54.793667	-49.685566	0.0	22909982	10056.270732402802
114	-18.719744	-18.719744	-4.470584	-49.683876	1.5179448	-36.086456	-56.57167	-49.68382	0.0	23110984	10142.937648773193
115	-17.614523	-17.614523	-4.76323	-49.683304	1.5142864	-32.87357	-57.603386	-49.683254	0.0	23311983	10231.206530570984
116	-18.660643	-18.660643	-1.3844031	-49.680237	1.5253708	-30.440733	-54.958065	-49.680332	0.0	23512981	10319.423903465271
117	-18.433174	-18.433174	-0.35985652	-49.67767	1.5301353	-30.551235	-54.505737	-49.67751	0.0	23713984	10407.892097234726
118	-20.115604	-20.115604	-5.1772776	-49.675148	1.5357078	-30.961555	-56.932373	-49.675312	0.0	23914982	10496.393604755402
119	-15.148157	-15.148157	-0.4475157	-49.672733	1.5314708	-30.123112	-54.3937	-49.672695	0.0	24115982	10584.960717439651
120	-19.033184	-19.033184	-5.5357156	-49.66845	1.551757	-27.165674	-57.638863	-49.668415	0.0	24316982	10673.694755792618
121	-17.629414	-17.629414	-5.417809	-49.6656	1.555205	-25.543734	-55.44487	-49.665714	0.0	24517983	10762.397867918015
122	-18.108173	-18.108173	-6.0000515	-49.66669	1.5415252	-25.538303	-56.89259	-49.666737	0.0	24718981	10849.999401807785
123	-16.409927	-16.409927	-6.9803786	-49.661263	1.556534	-24.66042	-55.216106	-49.661217	0.0	24919982	10938.949306964874
124	-19.742924	-19.742924	-3.861528	-49.660587	1.5531324	-25.430119	-53.147923	-49.660538	0.0	25120982	11027.700994729996
125	-20.04359	-20.04359	-3.5440862	-49.65696	1.5650737	-26.225039	-54.07508	-49.6569	0.0	25321982	11115.55317401886
126	-22.53119	-22.53119	-1.9515935	-49.660217	1.5621208	-28.352173	-54.87461	-49.660397	0.0	25522982	11204.487157344818
127	-22.070076	-22.070076	-4.631565	-49.65937	1.560747	-32.530636	-56.910122	-49.659348	0.0	25723982	11292.939072608948
128	-18.529108	-18.529108	-5.9523773	-49.661625	1.5513662	-33.315716	-54.643833	-49.66162	0.0	25924982	11381.791689634323
129	-19.181341	-19.181341	1.8447238	-49.65922	1.5569811	-34.12083	-54.785217	-49.659298	0.0	26125983	11469.475350379944
130	-21.596577	-21.596577	-4.2215457	-49.659695	1.5550382	-34.078922	-56.145836	-49.65971	0.0	26326982	11557.89367389679
131	-20.97334	-20.97334	-4.7427726	-49.659893	1.5545233	-36.186024	-56.642605	-49.659847	0.0	26527983	11643.428008317947
132	-23.097752	-23.097752	-0.32579672	-49.65662	1.5606558	-33.633545	-57.0014	-49.656906	0.0	26728981	11732.061875343323
133	-18.798813	-18.798813	-2.1944678	-49.65733	1.5593101	-36.766045	-57.348637	-49.657234	0.0	26929982	11820.396613359451
134	-17.289536	-17.289536	-2.020976	-49.64939	1.574662	-36.804615	-54.629066	-49.64926	0.0	27130981	11909.248649835587
135	-16.846434	-16.846434	2.3220987	-49.646805	1.5858248	-36.23295	-53.476547	-49.646828	0.0	27331981	11998.01600408554
136	-16.726608	-16.726608	-11.167193	-49.640835	1.5970709	-35.694847	-53.652092	-49.640755	0.0	27532981	12086.85148191452
137	-17.053679	-17.053679	4.18827	-49.644306	1.5922633	-35.464817	-54.24823	-49.64444	0.0	27733981	12175.369262456894
138	-16.06071	-16.06071	-2.0267806	-49.637543	1.6068821	-35.52416	-54.870785	-49.637527	0.0	27934984	12263.671347618103
139	-17.437952	-17.437952	-5.2295732	-49.634407	1.6169419	-34.18082	-54.254612	-49.63438	0.0	28135981	12352.138402700424
140	-17.908197	-17.908197	-1.4694217	-49.624004	1.6449739	-34.554646	-54.793312	-49.62405	0.0	28336982	12440.691519975662
141	-22.535378	-22.535378	-5.1499953	-49.6294	1.6325476	-33.695904	-53.875988	-49.629463	0.0	28537981	12529.276832580566
142	-22.084251	-22.084251	1.5308423	-49.621788	1.6493886	-33.390022	-60.60884	-49.621716	0.0	28738982	12617.992472410202
143	-16.667849	-16.667849	-4.712702	-49.627422	1.6395983	-33.307533	-54.353245	-49.627525	0.0	28939982	12706.2430934906
144	-19.858948	-19.858948	-4.1020565	-49.619312	1.65494	-33.08575	-55.826828	-49.61923	0.0	29140982	12795.012038707733
145	-20.802168	-20.802168	-2.311586	-49.621723	1.6485505	-33.212154	-56.94485	-49.621674	0.0	29341981	12883.130154132843
146	-22.51553	-22.51553	-15.728565	-49.620495	1.6510711	-33.96913	-54.6939	-49.62065	0.0	29542982	12971.68171620369
147	-19.654852	-19.654852	-0.88828605	-49.621273	1.6500406	-34.356728	-55.503395	-49.621086	0.0	29743984	13060.015436887741
148	-18.375603	-18.375603	1.380423	-49.62097	1.6489307	-34.08533	-54.99429	-49.62115	0.0	29944984	13148.301315307617
149	-19.078484	-19.078484	-0.6047028	-49.619804	1.6540002	-34.170593	-54.480648	-49.61981	0.0	30145982	13237.002439975739
150	-21.088526	-21.088526	5.1343913	-49.62332	1.6412426	-33.05521	-55.865677	-49.623394	0.0	30346982	13325.453724622726
151	-18.323402	-18.323402	0.22897197	-49.62011	1.6451945	-33.630596	-54.6149	-49.62017	0.0	30547983	13413.93905711174
152	-22.26561	-22.26561	-2.9639237	-49.610245	1.6659987	-31.274595	-54.14705	-49.610325	0.0	30748983	13502.87210893631
153	-20.75879	-20.75879	-1.0359071	-49.610207	1.6706831	-33.824978	-66.967415	-49.610207	0.0	30949982	13590.490441083908
154	-17.481462	-17.481462	-3.2400918	-49.607887	1.6715921	-35.465946	-58.5201	-49.60781	0.0	31150983	13679.208345890045
155	-17.970093	-17.970093	-0.21121779	-49.601433	1.6837577	-35.055523	-63.369164	-49.6014	0.0	31351982	13767.35927772522
156	-19.834362	-19.834362	-9.809112	-49.604927	1.674025	-35.585285	-54.60029	-49.60509	0.0	31552985	13855.828025341034
157	-18.926334	-18.926334	-5.99986	-49.601376	1.6873711	-35.45211	-57.12657	-49.601307	0.0	31753982	13944.265002965927
158	-23.471596	-23.471596	-8.275119	-49.601357	1.6890944	-35.26965	-57.98836	-49.60136	0.0	31954981	14032.730413913727
159	-19.652119	-19.652119	-1.5280026	-49.60036	1.6889088	-35.273293	-56.13942	-49.600185	0.0	32155981	14121.649134397507
160	-21.076805	-21.076805	-4.602249	-49.597076	1.698109	-35.453217	-56.717407	-49.59701	0.0	32356982	14210.533523797989
161	-20.949793	-20.949793	-1.9427971	-49.60121	1.6860843	-35.136524	-55.370453	-49.601345	0.0	32557982	14298.669376850128
162	-18.87978	-18.87978	0.4924498	-49.59692	1.6965352	-35.145412	-57.05997	-49.596935	0.0	32758981	14387.319868326187
163	-20.886082	-20.886082	-6.7070265	-49.59495	1.701147	-35.165737	-56.166485	-49.594822	0.0	32959982	14475.754546165466
164	-18.654327	-18.654327	-4.1734815	-49.59361	1.7013581	-34.605473	-57.475933	-49.59371	0.0	33160982	14564.506064414978
165	-20.402302	-20.402302	0.61755824	-49.585613	1.7148432	-35.713566	-59.804817	-49.58559	0.0	33361983	14653.340537071228
166	-18.200573	-18.200573	-3.3340225	-49.586178	1.7165345	-34.96225	-61.5276	-49.586086	0.0	33562983	14741.424483060837
167	-21.780973	-21.780973	-5.958236	-49.586685	1.7234923	-35.27642	-58.03591	-49.586468	0.0	33763983	14829.394550561905
168	-21.082834	-21.082834	-6.327683	-49.58532	1.7155035	-35.569283	-57.121212	-49.585426	0.0	33964985	14918.044933080673
169	-22.072054	-22.072054	2.4688637	-49.582645	1.7261164	-28.839449	-56.099903	-49.582756	0.0	34165982	15004.89582657814
170	-17.979795	-17.979795	0.18325357	-49.579796	1.7300355	-35.348045	-54.954407	-49.57963	0.0	34366983	15093.614138841629
171	-19.690601	-19.690601	-1.1035875	-49.584118	1.718933	-35.631943	-54.206776	-49.584213	0.0	34567982	15180.465271949768
172	-17.026247	-17.026247	-5.018725	-49.5859	1.7171133	-36.13872	-55.977585	-49.58601	0.0	34768981	15269.466655731201
173	-19.737896	-19.737896	-7.072677	-49.579544	1.7270173	-35.28158	-56.362484	-49.579582	0.0	34969981	15357.502746105194
174	-18.202747	-18.202747	-3.077735	-49.580036	1.7270142	-34.786427	-59.942326	-49.58003	0.0	35170985	15446.169207572937
175	-16.324238	-16.324238	-5.788079	-49.571667	1.7387125	-35.045166	-56.686638	-49.571648	0.0	35371984	15534.087389469147
176	-21.55326	-21.55326	0.6991544	-49.573166	1.7323865	-35.13007	-54.92167	-49.573345	0.0	35572982	15622.605190992355
177	-17.428654	-17.428654	-7.0390396	-49.56431	1.7561268	-35.15294	-54.90631	-49.56436	0.0	35773981	15711.490422010422
178	-20.088326	-20.088326	-9.148546	-49.56255	1.7650973	-34.204395	-59.149014	-49.56236	0.0	35974984	15800.190520048141
179	-21.935905	-21.935905	-2.4295976	-49.562775	1.7662594	-34.474857	-60.5783	-49.562828	0.0	36175981	15888.84177517891
180	-17.178276	-17.178276	-0.16969202	-49.561142	1.768766	-34.126183	-58.046543	-49.561165	0.0	36376983	15976.46093583107
181	-18.34021	-18.34021	-4.7858844	-49.559124	1.7693027	-31.86608	-54.564846	-49.559124	0.0	36577981	16062.07881784439
182	-17.57552	-17.57552	-12.2980795	-49.561085	1.7639534	-34.19274	-54.784607	-49.56114	0.0	36778981	16149.53169131279
183	-20.281494	-20.281494	-6.4109554	-49.556625	1.7769293	-34.967213	-54.984165	-49.55646	0.0	36979982	16238.249469518661
184	-20.760944	-20.760944	-2.2293088	-49.55421	1.7826201	-34.76872	-54.92983	-49.55424	0.0	37180982	16326.366614818573
185	-16.455845	-16.455845	-2.246453	-49.546284	1.7961582	-33.593567	-56.399628	-49.546455	0.0	37381982	16414.282601594925
186	-21.459488	-21.459488	-16.225525	-49.54603	1.7999582	-33.37614	-57.198296	-49.545948	0.0	37582984	16503.052114009857
187	-22.283176	-22.283176	-3.8838127	-49.55002	1.7957267	-34.100918	-54.876125	-49.54995	0.0	37783983	16591.72099852562
188	-21.526278	-21.526278	-8.11158	-49.540688	1.8128071	-33.86693	-59.397285	-49.540546	0.0	37984981	16679.853984117508
189	-18.408712	-18.408712	-5.388931	-49.542576	1.8102345	-34.474854	-55.466568	-49.542786	0.0	38185982	16767.739921092987
190	-21.605145	-21.605145	-7.708109	-49.54195	1.8143228	-34.417805	-58.061794	-49.541794	0.0	38386982	16856.423130512238
191	-20.253159	-20.253159	0.33399567	-49.53722	1.8252552	-34.29532	-56.422718	-49.53718	0.0	38587984	16945.191936969757
192	-19.47773	-19.47773	-4.515701	-49.54107	1.816296	-33.77012	-55.28311	-49.541172	0.0	38788983	17033.72820711136
193	-25.325378	-25.325378	-2.6722555	-49.53674	1.8253816	-33.95101	-55.405476	-49.536495	0.0	38989983	17121.794437646866
194	-19.426916	-19.426916	-6.7874584	-49.54151	1.8162179	-34.538155	-55.86744	-49.541542	0.0	39190982	17209.680471897125
195	-19.54397	-19.54397	2.738636	-49.54011	1.819286	-34.13042	-54.719883	-49.539932	0.0	39391982	17298.396735429764
196	-20.728928	-20.728928	-13.325571	-49.541172	1.8166782	-34.22313	-54.484097	-49.541317	0.0	39592981	17385.99916100502
197	-20.313366	-20.313366	-10.95814	-49.53964	1.8189646	-34.36527	-54.846485	-49.539654	0.0	39793984	17474.70283317566
198	-21.239765	-21.239765	-6.7684827	-49.54025	1.8186774	-35.07808	-59.83278	-49.540234	0.0	39994982	17562.817412137985
199	-26.497158	-26.497158	-3.0330431	-49.534542	1.8253295	-34.60067	-56.440624	-49.534344	0.0	40195982	17650.67169713974
200	-16.415764	-16.415764	-9.176089	-49.532444	1.8318827	-34.499413	-58.794346	-49.532433	0.0	40396984	17738.92201113701
201	-21.259167	-21.259167	1.7453839	-49.532257	1.8346995	-34.023087	-55.41278	-49.532345	0.0	40597983	17826.238969564438
202	-22.48457	-22.48457	1.3160316	-49.528492	1.8371629	-34.4197	-54.549927	-49.52844	0.0	40798982	17914.023629903793
203	-17.738045	-17.738045	-5.256281	-49.52805	1.8378272	-34.43676	-54.69731	-49.5281	0.0	40999984	18002.30970287323
204	-22.472977	-22.472977	-6.7876287	-49.522697	1.848257	-34.504864	-56.98462	-49.52272	0.0	41200982	18090.89447569847
205	-17.95822	-17.95822	-0.7526638	-49.52407	1.8430523	-34.377213	-57.742405	-49.524258	0.0	41401982	18179.193484783173
206	-13.63453	-13.63453	-0.67758137	-49.530106	1.8298367	-34.78404	-56.204086	-49.529884	0.0	41602982	18267.882066488266
207	-21.690317	-21.690317	-2.2982242	-49.519478	1.8478507	-34.620987	-58.660275	-49.51976	0.0	41803984	18356.24677014351
208	-21.060925	-21.060925	-0.35484216	-49.51859	1.8515681	-34.858387	-56.360416	-49.51835	0.0	42004982	18444.932092666626
209	-15.615317	-15.615317	-2.4198575	-49.51867	1.8476125	-35.47583	-57.031975	-49.518696	0.0	42205982	18532.716836452484
210	-19.572578	-19.572578	-2.8819284	-49.51028	1.8589027	-35.102306	-56.833313	-49.51038	0.0	42406982	18621.633734941483
211	-19.444118	-19.444118	-6.173025	-49.50766	1.8718832	-35.218113	-55.98056	-49.507782	0.0	42607983	18710.352874279022
212	-18.324835	-18.324835	1.9519722	-49.50985	1.8650321	-35.303585	-57.816795	-49.509804	0.0	42808982	18799.237591028214
213	-21.499722	-21.499722	-1.6864909	-49.509148	1.8633441	-35.573322	-55.384632	-49.50924	0.0	43009981	18887.404541015625
214	-18.557478	-18.557478	-3.8018377	-49.50581	1.8735113	-34.549656	-54.282433	-49.50589	0.0	43210981	18975.557039260864
215	-20.925835	-20.925835	-1.8124931	-49.508976	1.8683445	-32.317966	-59.84052	-49.509117	0.0	43411982	19064.325304746628
216	-22.772696	-22.772696	-4.099275	-49.50992	1.8663702	-35.247646	-56.94812	-49.509884	0.0	43612986	19152.52783727646
217	-21.741745	-21.741745	2.5625882	-49.505535	1.8731552	-34.89972	-63.650833	-49.505623	0.0	43813982	19241.39459514618
218	-20.484697	-20.484697	-7.9396167	-49.503628	1.8802673	-34.63048	-55.04679	-49.50365	0.0	44014981	19328.98000073433
219	-20.189833	-20.189833	-2.3391485	-49.513794	1.8600328	-33.661766	-56.61005	-49.513824	0.0	44215982	19416.2478351593
220	-20.830076	-20.830076	-5.025743	-49.511383	1.8641822	-34.27867	-58.57144	-49.51154	0.0	44416981	19504.334314346313
221	-22.673653	-22.673653	-1.8418777	-49.506943	1.8718746	-35.104286	-59.375023	-49.506954	0.0	44617983	19593.04830646515
222	-24.860401	-24.860401	-7.882796	-49.504723	1.8748055	-35.39405	-55.356678	-49.50474	0.0	44818982	19680.767555236816
223	-23.092627	-23.092627	-12.869385	-49.503143	1.8803936	-34.69849	-55.754646	-49.503113	0.0	45019982	19769.387744903564
224	-22.574242	-22.574242	1.6802928	-49.507133	1.8727344	-34.61711	-57.92306	-49.507122	0.0	45220983	19857.78658771515
225	-20.979006	-20.979006	-6.7139864	-49.510387	1.8629743	-29.713036	-55.358162	-49.510788	0.0	45421982	19946.353279590607
226	-18.633518	-18.633518	0.55132157	-49.509106	1.8684349	-33.96704	-55.696354	-49.50891	0.0	45622983	20035.389444112778
227	-18.851358	-18.851358	-10.247759	-49.51199	1.8624903	-34.9179	-55.0513	-49.51206	0.0	45823982	20123.926102876663
228	-17.948755	-17.948755	-1.0310622	-49.507225	1.8686309	-34.761185	-57.532246	-49.507133	0.0	46024981	20212.54149699211
229	-20.750643	-20.750643	-8.143312	-49.501106	1.8805684	-34.582184	-54.805363	-49.50094	0.0	46225984	20300.312740564346
230	-21.360075	-21.360075	-5.0638227	-49.506565	1.8661861	-34.636543	-56.16516	-49.506645	0.0	46426983	20389.145231485367
231	-19.99826	-19.99826	-9.151192	-49.50346	1.8754097	-34.34323	-58.753582	-49.503563	0.0	46627981	20477.712797403336
232	-19.884872	-19.884872	-2.8939426	-49.50555	1.873284	-33.348156	-55.956062	-49.505726	0.0	46828983	20566.313762664795
233	-22.470304	-22.470304	-12.106795	-49.505764	1.8751469	-34.537582	-55.18249	-49.505646	0.0	47029981	20654.031464099884
234	-22.272818	-22.272818	-1.8272957	-49.507233	1.8718082	-34.255783	-55.800407	-49.507362	0.0	47230983	20742.816910505295
235	-20.727531	-20.727531	-1.0891608	-49.507286	1.871917	-32.730564	-58.78223	-49.507374	0.0	47431981	20831.43611049652
236	-21.522556	-21.522556	0.9454142	-49.509098	1.8619903	-33.407265	-57.463352	-49.509167	0.0	47632981	20919.369581222534
237	-23.374355	-23.374355	-8.851884	-49.506516	1.8720435	-33.799442	-54.26772	-49.50652	0.0	47833983	21007.905292272568
238	-26.076838	-26.076838	-7.6905437	-49.500496	1.8842391	-31.915926	-54.94047	-49.500572	0.0	48034981	21095.90388083458
239	-22.729925	-22.729925	0.2600958	-49.50061	1.8819633	-33.827778	-57.724655	-49.5005	0.0	48235982	21184.775082826614
240	-23.559961	-23.559961	1.4874072	-49.499763	1.8800905	-33.943573	-55.434113	-49.499798	0.0	48436983	21272.85927915573
241	-19.981127	-19.981127	-4.537482	-49.50128	1.8778741	-33.32853	-55.34955	-49.50132	0.0	48637982	21361.69392156601
242	-19.138943	-19.138943	-6.1854167	-49.500134	1.8814033	-33.364334	-57.600246	-49.500072	0.0	48838981	21450.36115026474
243	-22.063139	-22.063139	-8.783003	-49.50106	1.8802208	-33.90819	-55.728493	-49.501232	0.0	49039981	21539.129346847534
244	-24.04605	-24.04605	-4.966779	-49.499893	1.8799006	-33.14553	-55.336365	-49.499813	0.0	49240981	21627.664189338684
245	-22.024525	-22.024525	-4.116878	-49.501137	1.8806294	-31.409218	-54.54295	-49.501007	0.0	49441981	21716.31582903862
246	-22.818405	-22.818405	0.18620381	-49.49823	1.8795669	-33.28896	-55.23803	-49.49827	0.0	49642984	21805.199955940247
247	-18.532608	-18.532608	-1.3510574	-49.501087	1.8715478	-33.259785	-56.830364	-49.501064	0.0	49843982	21892.75137066841
248	-19.51377	-19.51377	-3.800415	-49.492004	1.8940203	-31.694565	-55.42673	-49.492077	0.0	50044982	21981.652547597885
249	-19.942574	-19.942574	0.58167595	-49.49408	1.888047	-32.657692	-54.5932	-49.494118	0.0	50245983	22069.88710641861
250	-20.88168	-20.88168	3.196288	-49.491894	1.8992119	-33.30645	-54.294132	-49.491856	0.0	50446984	22157.687819480896
251	-18.917814	-18.917814	-6.7657714	-49.48851	1.9008338	-32.00036	-54.788494	-49.488407	0.0	50647983	22244.922911643982
252	-19.745228	-19.745228	0.41698074	-49.494583	1.8874819	-33.454994	-55.220173	-49.49502	0.0	50848981	22333.824136972427
253	-17.444239	-17.444239	-0.2728366	-49.494926	1.8864733	-32.313557	-69.93654	-49.494812	0.0	51049984	22422.525220394135
254	-19.61274	-19.61274	-4.7566543	-49.486294	1.8981155	-33.89182	-56.22677	-49.486355	0.0	51250981	22511.04567861557
255	-20.033722	-20.033722	-5.7915936	-49.486855	1.8976424	-31.854252	-56.06054	-49.486633	0.0	51451982	22599.229024887085
256	-21.5451	-21.5451	1.9956998	-49.48181	1.9080927	-33.438995	-61.225136	-49.481922	0.0	51652982	22687.097094535828
257	-21.948921	-21.948921	1.7261131	-49.48331	1.9033504	-34.16363	-55.586555	-49.483494	0.0	51853981	22775.69779610634
258	-22.028418	-22.028418	-11.837952	-49.478947	1.9117736	-32.315918	-58.68059	-49.47882	0.0	52054982	22863.815962314606
259	-24.599434	-24.599434	-2.4440043	-49.476337	1.9215466	-33.594616	-57.771736	-49.476345	0.0	52255981	22951.73309779167
260	-22.67638	-22.67638	-6.740215	-49.48038	1.9117169	-33.224644	-59.219418	-49.480343	0.0	52456981	23040.436500549316
261	-20.98421	-20.98421	-4.476256	-49.478	1.920031	-32.866764	-55.49746	-49.478027	0.0	52657981	23127.3373670578
262	-23.29216	-23.29216	-1.5376903	-49.474022	1.9277105	-34.526073	-56.740833	-49.473938	0.0	52858981	23215.52138519287
263	-22.681868	-22.681868	-0.52690583	-49.475708	1.9231362	-32.33372	-59.96237	-49.475674	0.0	53059981	23302.10608315468
264	-19.84791	-19.84791	3.298076	-49.474327	1.922024	-32.70657	-56.714325	-49.474323	0.0	53260984	23390.841387033463
265	-22.74067	-22.74067	-1.9835914	-49.47398	1.920287	-32.40884	-55.405403	-49.473763	0.0	53461983	23479.59227824211
266	-22.394398	-22.394398	-0.6632425	-49.4777	1.9133307	-33.220894	-57.02324	-49.477654	0.0	53662983	23568.159904241562
267	-22.274023	-22.274023	-2.79079	-49.47803	1.908414	-32.78304	-57.24194	-49.478	0.0	53863982	23656.4451649189
268	-18.977886	-18.977886	-2.0451224	-49.474476	1.9155401	-32.86076	-57.10344	-49.474438	0.0	54064982	23744.67982339859
269	-20.644129	-20.644129	-6.7228923	-49.467976	1.9221509	-33.966698	-57.860706	-49.467834	0.0	54265985	23832.18155145645
270	-22.507168	-22.507168	-2.322193	-49.467342	1.9254738	-33.08537	-56.355568	-49.467243	0.0	54466981	23920.598914384842
271	-16.36038	-16.36038	-4.4422884	-49.468456	1.9243627	-32.896538	-55.806934	-49.468426	0.0	54667982	24008.41853785515
272	-23.418465	-23.418465	-3.457059	-49.47125	1.9222678	-32.568916	-55.98325	-49.471222	0.0	54868981	24097.285097837448
273	-26.398052	-26.398052	-1.6025116	-49.46606	1.9258876	-33.47438	-56.35466	-49.466015	0.0	55069985	24185.237251758575
274	-17.797638	-17.797638	-0.5736482	-49.46463	1.9363976	-33.37452	-54.0124	-49.464462	0.0	55270983	24273.854418039322
275	-21.496227	-21.496227	-2.924777	-49.45803	1.947599	-32.886963	-55.169117	-49.45813	0.0	55471983	24362.756547689438
276	-20.086222	-20.086222	-5.886935	-49.466137	1.934608	-32.634644	-55.932125	-49.466072	0.0	55672981	24450.540509939194
277	-24.710543	-24.710543	2.6490705	-49.459892	1.9507012	-34.089603	-57.407227	-49.45977	0.0	55873983	24538.99291729927
278	-23.1207	-23.1207	-4.9749923	-49.464966	1.9396272	-32.747463	-54.54894	-49.465126	0.0	56074984	24626.975994110107
279	-20.96159	-20.96159	-10.774829	-49.456154	1.9539043	-34.095276	-54.405357	-49.456028	0.0	56275985	24715.877395629883
280	-18.482597	-18.482597	-10.596634	-49.456192	1.9522617	-33.624443	-55.855206	-49.456017	0.0	56476981	24804.528557538986
281	-22.244411	-22.244411	-10.21466	-49.455627	1.9567517	-33.200584	-54.4789	-49.455387	0.0	56677983	24893.329967737198
282	-20.577671	-20.577671	-10.106062	-49.445087	1.9775527	-32.296043	-55.790382	-49.44513	0.0	56878983	24982.21533846855
283	-26.23221	-26.23221	-9.632779	-49.45034	1.9733468	-32.9638	-54.462708	-49.45024	0.0	57079985	25070.367695331573
284	-19.741518	-19.741518	-6.583433	-49.4454	1.9783813	-34.00103	-55.323036	-49.44522	0.0	57280984	25158.652163505554
285	-19.000185	-19.000185	-2.0277607	-49.448868	1.9742409	-33.170715	-55.426823	-49.449043	0.0	57481981	25247.269785881042
286	-27.467714	-27.467714	-4.9984775	-49.446903	1.9801548	-32.980167	-55.48679	-49.446793	0.0	57682984	25335.888495206833
287	-19.915543	-19.915543	-0.27397957	-49.442215	1.9882488	-28.703442	-57.576485	-49.442234	0.0	57883982	25422.887132883072
288	-23.392212	-23.392212	-14.09674	-49.437595	1.9936686	-32.236656	-55.92368	-49.437363	0.0	58084984	25510.225068807602
289	-22.353474	-22.353474	-4.5133452	-49.441757	1.9919348	-33.212456	-54.41325	-49.4417	0.0	58285987	25598.59341096878
290	-22.5925	-22.5925	-3.5540698	-49.444153	1.9838198	-32.91027	-55.158478	-49.444107	0.0	58486982	25687.37729525566
291	-24.695284	-24.695284	-3.3788908	-49.445847	1.9788132	-33.024567	-63.583736	-49.445724	0.0	58687983	25775.728263139725
292	-19.98651	-19.98651	-13.2582035	-49.439842	1.9939646	-33.025963	-55.73987	-49.439777	0.0	58888981	25863.59581875801
293	-22.939049	-22.939049	-1.3444785	-49.44459	1.988786	-32.825024	-56.057724	-49.4444	0.0	59089984	25951.880885362625
294	-22.658422	-22.658422	-15.321097	-49.44355	1.9900848	-32.304657	-54.932873	-49.443523	0.0	59290983	26040.566388845444
295	-26.91503	-26.91503	-1.6114994	-49.444344	1.9877484	-32.460304	-54.91353	-49.44408	0.0	59491983	26129.098569869995
296	-20.339859	-20.339859	-16.49757	-49.4477	1.9786532	-31.270332	-54.13868	-49.44785	0.0	59692981	26215.484219789505
297	-23.475239	-23.475239	-1.9123394	-49.440094	1.9922447	-28.056698	-55.1537	-49.439983	0.0	59893981	26303.80194568634
298	-19.671747	-19.671747	-10.270709	-49.441143	1.9900419	-32.407116	-55.77641	-49.44109	0.0	60094981	26391.938494682312
299	-20.985083	-20.985083	-11.311382	-49.43755	2.000432	-32.060753	-55.238285	-49.4374	0.0	60295983	26480.524373054504
300	-21.908447	-21.908447	1.4699506	-49.434967	2.0001864	-31.872501	-54.685253	-49.43488	0.0	60496983	26569.20684862137
301	-19.470654	-19.470654	-14.963135	-49.43664	2.0023904	-31.74464	-56.50548	-49.436626	0.0	60697981	26657.59079837799
302	-25.364971	-25.364971	-5.497136	-49.431217	2.01226	-31.518387	-55.3409	-49.43127	0.0	60898981	26745.88055729866
303	-21.442001	-21.442001	1.0290529	-49.436104	1.99834	-31.63127	-57.138935	-49.43599	0.0	61099984	26834.3436460495
304	-23.03584	-23.03584	-2.305624	-49.43547	1.997534	-30.814213	-55.81264	-49.435406	0.0	61300983	26923.01315689087
305	-18.835203	-18.835203	-5.157474	-49.430275	2.0067484	-32.467594	-54.625965	-49.430023	0.0	61501981	27011.51309967041
306	-20.989391	-20.989391	2.7632642	-49.432877	2.0024424	-33.20876	-54.552834	-49.432888	0.0	61702984	27099.813433885574
307	-21.84919	-21.84919	-6.6389422	-49.429787	2.0075393	-31.96453	-56.680534	-49.429714	0.0	61903981	27188.6827647686
308	-23.110449	-23.110449	-4.4228683	-49.43217	2.0049727	-32.100777	-54.56151	-49.43203	0.0	62104983	27276.96919322014
309	-21.607433	-21.607433	-0.20686974	-49.425987	2.0127425	-32.909176	-59.42278	-49.425953	0.0	62305984	27365.767604112625
310	-23.298054	-23.298054	2.15514	-49.42658	2.015247	-32.28897	-55.152237	-49.426342	0.0	62506984	27454.21966266632
311	-22.260733	-22.260733	-5.611959	-49.434093	1.99802	-33.255386	-56.59029	-49.43418	0.0	62707982	27542.355078935623
312	-22.334414	-22.334414	-14.306077	-49.42197	2.021757	-32.936104	-56.529068	-49.421906	0.0	62908982	27630.739612579346
313	-19.44898	-19.44898	-5.0460505	-49.422382	2.0219877	-33.10429	-56.11084	-49.422405	0.0	63109981	27716.491729021072
314	-26.187943	-26.187943	3.9950387	-49.42859	2.011321	-31.308868	-55.59608	-49.42849	0.0	63310981	27804.691614627838
315	-23.279322	-23.279322	-1.1784284	-49.42715	2.012146	-33.37297	-56.89132	-49.426945	0.0	63511981	27892.377059936523
316	-23.80479	-23.80479	-6.551447	-49.423058	2.0115411	-33.513145	-55.09015	-49.422916	0.0	63712984	27980.17980647087
317	-21.723122	-21.723122	-4.4060926	-49.417557	2.0267255	-33.508415	-56.087925	-49.41752	0.0	63913983	28068.713413000107
318	-24.819504	-24.819504	-1.2041584	-49.4194	2.0239491	-30.153198	-56.31893	-49.419365	0.0	64114981	28157.281619548798
319	-22.661226	-22.661226	-7.009959	-49.418182	2.0175838	-32.49062	-55.347004	-49.418182	0.0	64315983	28245.59831047058
320	-22.321463	-22.321463	0.72060585	-49.42242	2.0117543	-31.082218	-54.71165	-49.422195	0.0	64516982	28333.217535734177
321	-24.719423	-24.719423	-1.0222793	-49.421494	2.0168183	-33.745853	-55.10489	-49.42127	0.0	64717984	28421.917696237564
322	-19.524284	-19.524284	-5.1789584	-49.42469	2.016065	-31.747011	-54.567974	-49.424664	0.0	64918987	28510.818764448166
323	-18.739933	-18.739933	-8.541206	-49.41647	2.0263836	-14.812544	-61.353912	-49.416336	0.0	65119982	28598.421033859253
324	-24.917315	-24.917315	-6.2840133	-49.41558	2.0304263	-31.6722	-59.852333	-49.41544	0.0	65320983	28687.28894495964
325	-21.92707	-21.92707	-5.7595325	-49.41425	2.0341442	-31.636505	-55.14853	-49.41429	0.0	65521983	28775.690259456635
326	-23.002974	-23.002974	0.11824488	-49.414623	2.028946	-31.990095	-55.99024	-49.4143	0.0	65722985	28862.824982881546
327	-21.92387	-21.92387	-6.3858824	-49.41483	2.0319855	-31.92957	-55.763042	-49.41488	0.0	65923982	28950.65946674347
328	-22.21325	-22.21325	-3.0997999	-49.414883	2.0255795	-32.87101	-54.658543	-49.41484	0.0	66124981	29039.26085114479
329	-21.867926	-21.867926	3.1026583	-49.41655	2.0254972	-32.35615	-54.772568	-49.416237	0.0	66325985	29127.112309217453
330	-27.462324	-27.462324	-2.7541625	-49.411137	2.0341733	-31.092072	-55.894188	-49.41123	0.0	66526983	29213.96594643593
331	-21.99544	-21.99544	-2.320317	-49.416294	2.0254576	-32.18818	-55.360077	-49.416283	0.0	66727982	29302.980761051178
332	-19.919777	-19.919777	-11.349289	-49.41309	2.0270722	-32.610744	-57.61872	-49.412666	0.0	66928982	29391.083394050598
333	-18.842476	-18.842476	-1.7988278	-49.412422	2.0362484	-32.287674	-58.188843	-49.4125	0.0	67129984	29477.101178646088
334	-22.915213	-22.915213	-4.5267935	-49.41174	2.0257308	-31.483587	-54.250233	-49.41158	0.0	67330983	29565.71990609169
335	-19.053518	-19.053518	-11.128887	-49.40952	2.0333738	-31.296434	-55.32287	-49.409447	0.0	67531983	29653.82075357437
336	-19.616194	-19.616194	-5.23655	-49.41017	2.0310025	-32.264435	-61.211792	-49.410164	0.0	67732981	29742.273364782333
337	-24.10524	-24.10524	-3.8884451	-49.406612	2.0402622	-32.149517	-56.49705	-49.406433	0.0	67933983	29829.906487941742
338	-21.536806	-21.536806	-0.023850733	-49.406696	2.0385919	-31.105797	-56.84499	-49.40664	0.0	68134981	29917.542641162872
339	-25.152937	-25.152937	-3.8523612	-49.406994	2.0406015	-30.043762	-55.62037	-49.40673	0.0	68335983	30006.375070810318
340	-22.94844	-22.94844	-13.091281	-49.411545	2.0309443	-31.1052	-56.33375	-49.4114	0.0	68536981	30094.67904472351
341	-21.651907	-21.651907	-3.0061898	-49.413715	2.0248299	-32.865158	-55.65526	-49.41358	0.0	68737983	30182.945946216583
342	-22.28193	-22.28193	-4.427807	-49.40996	2.030864	-28.354904	-55.005856	-49.40976	0.0	68938981	30271.279118061066
343	-22.50478	-22.50478	-5.3420854	-49.406784	2.0320566	-32.483482	-60.49549	-49.40687	0.0	69139982	30359.9655752182
344	-22.730606	-22.730606	-4.4680786	-49.40502	2.036688	-32.326946	-55.87494	-49.404907	0.0	69340981	30448.631644010544
345	-21.966457	-21.966457	-8.207079	-49.40307	2.0452497	-31.884075	-56.64855	-49.40298	0.0	69541982	30536.74969315529
346	-25.529701	-25.529701	-2.9062836	-49.404858	2.0393438	-32.127167	-61.756035	-49.404694	0.0	69742983	30625.18537545204
347	-19.773949	-19.773949	-4.3016896	-49.40997	2.0214808	-31.964344	-57.076233	-49.409863	0.0	69943982	30713.537220716476
348	-16.592592	-16.592592	-0.802215	-49.410717	2.0233846	-30.766983	-55.116276	-49.410423	0.0	70144983	30802.137726545334
349	-22.32428	-22.32428	-1.6495442	-49.39784	2.0543463	-20.007719	-56.50049	-49.397816	0.0	70345981	30890.742119789124
350	-17.978552	-17.978552	-10.947385	-49.39993	2.0483234	-31.566864	-56.825397	-49.399723	0.0	70546985	30979.20955967903
351	-20.56864	-20.56864	-11.941174	-49.405197	2.0374281	-30.521997	-55.92836	-49.40507	0.0	70747983	31067.941052675247
352	-18.630426	-18.630426	-3.8303823	-49.398026	2.0511231	-31.058533	-55.407463	-49.397984	0.0	70948983	31156.711069107056
353	-21.253374	-21.253374	-6.5764203	-49.39528	2.0562937	-28.085344	-56.6164	-49.3952	0.0	71149981	31245.161636829376
354	-22.51316	-22.51316	-9.285951	-49.397125	2.055467	-32.271282	-55.39217	-49.396812	0.0	71350983	31333.631989002228
355	-24.61124	-24.61124	-4.077491	-49.391155	2.0618432	-30.567295	-55.84153	-49.3911	0.0	71551982	31422.282348632812
356	-21.755623	-21.755623	-4.3266506	-49.398956	2.0516334	-30.65506	-56.72321	-49.398678	0.0	71752982	31508.515168905258
357	-20.352314	-20.352314	-9.287076	-49.397793	2.0528007	-29.68431	-59.03043	-49.3979	0.0	71953982	31595.867742300034
358	-20.48209	-20.48209	-8.477498	-49.392063	2.0660794	-30.108574	-54.94572	-49.39184	0.0	72154984	31684.267637968063
359	-19.12035	-19.12035	-5.5233116	-49.38328	2.0778403	-29.156025	-55.629227	-49.383183	0.0	72355981	31772.735768318176
360	-19.629093	-19.629093	1.4202131	-49.38567	2.0717883	-29.052551	-55.68679	-49.385574	0.0	72556982	31860.92251753807
361	-23.094515	-23.094515	-3.8876534	-49.381023	2.084801	-28.71168	-56.39516	-49.380905	0.0	72757984	31949.356449365616
362	-20.694908	-20.694908	-4.2463593	-49.389084	2.0644183	-29.867186	-55.315098	-49.389057	0.0	72958986	32037.2238008976
363	-19.737398	-19.737398	-6.537859	-49.380333	2.0842803	-29.671795	-55.890095	-49.38013	0.0	73159981	32125.64126443863
364	-19.9394	-19.9394	-3.895259	-49.376102	2.0940626	-28.972334	-58.42071	-49.37594	0.0	73360981	32213.891994714737
365	-22.812828	-22.812828	-5.109605	-49.377155	2.0879962	-22.029303	-56.23414	-49.37708	0.0	73561983	32302.195869922638
366	-21.760166	-21.760166	-1.0562822	-49.378307	2.086412	-31.168858	-56.99298	-49.378075	0.0	73762981	32390.245896339417
367	-22.153881	-22.153881	-2.1661274	-49.37991	2.0813928	-30.14939	-55.164707	-49.37974	0.0	73963987	32478.31389784813
368	-20.925999	-20.925999	-12.520227	-49.37581	2.0861933	-28.963242	-55.078587	-49.375843	0.0	74164985	32565.697886943817
369	-21.874645	-21.874645	-7.674718	-49.37756	2.0895834	-28.963606	-54.534817	-49.377506	0.0	74365985	32653.932389497757
370	-16.066906	-16.066906	-11.965638	-49.363655	2.109619	-30.442055	-55.147785	-49.36327	0.0	74566981	32741.41742539406
371	-24.062319	-24.062319	-13.868045	-49.370064	2.0974844	-27.589594	-58.738785	-49.370148	0.0	74767981	32829.7026348114
372	-24.136147	-24.136147	-16.289371	-49.362267	2.1186879	-29.014454	-55.19607	-49.36197	0.0	74968982	32918.18903684616
373	-20.344557	-20.344557	0.36188233	-49.367054	2.1120646	-28.379864	-55.876785	-49.36696	0.0	75169982	33006.522035360336
374	-19.156603	-19.156603	-12.330906	-49.365192	2.106905	-28.003986	-56.666824	-49.364933	0.0	75370984	33095.19149374962
375	-20.201801	-20.201801	-0.24448662	-49.36053	2.1156468	-30.365175	-56.12947	-49.3604	0.0	75571981	33183.90822887421
376	-23.745378	-23.745378	-10.416381	-49.3631	2.115312	-27.389978	-55.42413	-49.36305	0.0	75772982	33272.476824998856
377	-19.30542	-19.30542	-10.501204	-49.359467	2.1155887	-27.444094	-59.93953	-49.359554	0.0	75973982	33360.646575689316
378	-22.07737	-22.07737	-7.9732804	-49.358185	2.1175222	-29.316832	-56.815296	-49.357803	0.0	76174983	33449.04627490044
379	-21.22645	-21.22645	-0.60247487	-49.353165	2.126421	-27.930382	-55.572964	-49.3531	0.0	76375983	33537.31358766556
380	-21.481647	-21.481647	-0.24407417	-49.356243	2.1239758	-28.572294	-55.769627	-49.356167	0.0	76576982	33624.766974925995
381	-23.65283	-23.65283	-5.3992295	-49.35407	2.1311398	-28.093548	-55.307594	-49.35389	0.0	76777983	33713.21690368652
382	-22.648613	-22.648613	-10.153938	-49.350224	2.1307793	-28.436575	-54.612885	-49.350204	0.0	76978982	33801.08452343941
383	-22.257723	-22.257723	3.3304849	-49.36019	2.116652	-24.22651	-56.11591	-49.3599	0.0	77179982	33889.98550629616
384	-19.972363	-19.972363	-6.4114866	-49.353973	2.1261334	-27.52472	-55.694817	-49.35396	0.0	77380985	33978.686688661575
385	-19.003183	-19.003183	-5.689786	-49.360733	2.1160722	-22.869375	-56.24159	-49.36069	0.0	77581982	34067.087015628815
386	-23.236683	-23.236683	-11.566755	-49.350315	2.1291742	-28.347769	-55.32098	-49.35005	0.0	77782982	34155.70691514015
387	-22.234848	-22.234848	-6.831735	-49.349228	2.1349769	-29.548458	-57.835453	-49.3491	0.0	77983983	34244.22430348396
388	-21.874506	-21.874506	-0.0190681	-49.35041	2.1324272	-28.979418	-56.54719	-49.350304	0.0	78184984	34332.492253780365
389	-22.625616	-22.625616	-2.3804326	-49.342865	2.1503975	-28.786032	-57.476063	-49.34277	0.0	78385985	34421.192333221436
390	-25.060135	-25.060135	-3.0062225	-49.34215	2.1497774	-30.29289	-57.147934	-49.34219	0.0	78586984	34509.27828192711
391	-24.07863	-24.07863	1.1028258	-49.34011	2.1560133	-29.76887	-55.796375	-49.33989	0.0	78787983	34597.62910223007
392	-21.766233	-21.766233	-7.326396	-49.346085	2.140233	-31.10986	-58.528248	-49.34601	0.0	78988983	34684.36421203613
393	-18.644249	-18.644249	-12.684817	-49.346428	2.1381533	-30.692503	-56.24085	-49.346336	0.0	79189981	34772.71760725975
394	-21.260376	-21.260376	-1.0568032	-49.34379	2.1461227	-28.116001	-55.200794	-49.343872	0.0	79390982	34860.63469219208
395	-20.399975	-20.399975	-6.167857	-49.33942	2.1533468	-30.908789	-54.589222	-49.339184	0.0	79591984	34949.020102500916
396	-23.824963	-23.824963	-13.537842	-49.339146	2.1526058	-26.698042	-57.137768	-49.33901	0.0	79792982	35037.48705339432
397	-20.689695	-20.689695	-6.0541687	-49.33917	2.1487436	-28.987118	-55.228313	-49.339264	0.0	79993985	35126.18803668022
398	-26.453651	-26.453651	-10.278406	-49.337765	2.152898	-26.080051	-55.351685	-49.3375	0.0	80194982	35213.14109182358
399	-20.362028	-20.362028	-6.968349	-49.335102	2.1588392	-27.226957	-57.425667	-49.335083	0.0	80395984	35301.20687556267
400	-19.315987	-19.315987	4.027118	-49.332436	2.1644194	-29.6795	-56.211235	-49.332497	0.0	80596985	35388.47439241409
401	-20.709204	-20.709204	-2.7219741	-49.33653	2.162619	-29.354431	-56.37464	-49.336372	0.0	80797982	35475.87698316574
402	-22.905607	-22.905607	-16.113266	-49.340443	2.1514633	-29.749468	-56.924534	-49.340218	0.0	80998984	35564.52942657471
403	-19.171759	-19.171759	-26.150898	-49.334946	2.1648035	-30.736032	-55.43963	-49.334755	0.0	81199982	35652.86547470093
404	-24.310904	-24.310904	-23.400518	-49.33006	2.1714127	-30.831097	-56.37455	-49.330246	0.0	81400983	35741.24719309807
405	-24.83546	-24.83546	0.5091193	-49.334103	2.1628127	-31.764206	-57.599213	-49.334076	0.0	81601981	35829.83167171478
406	-22.555649	-22.555649	-11.643246	-49.325825	2.1760485	-31.158808	-58.684223	-49.325714	0.0	81802981	35918.400269031525
407	-18.774029	-18.774029	-20.219881	-49.32937	2.168241	-30.74083	-56.834732	-49.329407	0.0	82003984	36006.252432346344
408	-18.682983	-18.682983	-6.375253	-49.321964	2.1828475	-30.599838	-55.276264	-49.32179	0.0	82204983	36094.602301597595
409	-22.417725	-22.417725	-11.583369	-49.32576	2.184014	-31.17686	-57.16593	-49.325733	0.0	82405982	36182.61911988258
410	-22.621754	-22.621754	-9.779975	-49.33287	2.1632373	-31.362383	-55.23841	-49.33276	0.0	82606982	36271.03849554062
411	-23.116121	-23.116121	-13.814621	-49.329872	2.1687896	-30.060984	-60.87268	-49.32986	0.0	82807985	36359.25876569748
412	-25.176617	-25.176617	0.057265297	-49.323616	2.1835184	-30.876616	-55.58705	-49.32338	0.0	83008981	36447.82418346405
413	-20.387053	-20.387053	-5.744056	-49.331066	2.1695344	-30.02226	-63.063313	-49.331112	0.0	83209981	36535.810690164566
414	-19.642824	-19.642824	-8.615549	-49.321674	2.1806521	-31.245691	-58.44531	-49.321404	0.0	83410983	36624.64350247383
415	-22.176037	-22.176037	-2.7238553	-49.323093	2.1837358	-31.185421	-55.657158	-49.322952	0.0	83611984	36712.763412714005
416	-23.117521	-23.117521	-5.854775	-49.326645	2.176594	-28.286903	-57.359283	-49.326675	0.0	83812982	36800.980582237244
417	-18.372774	-18.372774	-13.230823	-49.325306	2.1773796	-29.347319	-55.392776	-49.325417	0.0	84013981	36889.28204417229
418	-21.640173	-21.640173	-15.804751	-49.319977	2.1866221	-30.445984	-56.972687	-49.319874	0.0	84214986	36977.116746902466
419	-20.39558	-20.39558	-5.930502	-49.320747	2.1873336	-31.36582	-56.429893	-49.320713	0.0	84415983	37065.26632428169
420	-23.741047	-23.741047	-19.183815	-49.323006	2.1849031	-29.805105	-57.15927	-49.32288	0.0	84616983	37152.28555083275
421	-24.318357	-24.318357	-9.797734	-49.322582	2.1874692	-30.333231	-58.768578	-49.3225	0.0	84817983	37240.30502843857
422	-21.642708	-21.642708	-15.691074	-49.31808	2.1989207	-30.31725	-56.52424	-49.31806	0.0	85018986	37328.76120376587
423	-23.04375	-23.04375	-10.6584835	-49.317097	2.1963158	-31.143633	-55.271057	-49.316986	0.0	85219985	37416.05598282814
424	-23.521313	-23.521313	-6.8672657	-49.32691	2.1767225	-30.770123	-56.027534	-49.32678	0.0	85420983	37504.00645709038
425	-21.495745	-21.495745	-9.006852	-49.3181	2.1928089	-27.847832	-55.294697	-49.31811	0.0	85621983	37591.410787820816
426	-24.027067	-24.027067	-11.0952	-49.31755	2.1976268	-30.239225	-55.326237	-49.317543	0.0	85822983	37679.894564151764
427	-17.511023	-17.511023	-8.632149	-49.320377	2.1900022	-29.856522	-65.023056	-49.320206	0.0	86023981	37768.12869644165
428	-23.970572	-23.970572	-3.8647301	-49.316624	2.195902	-29.373398	-60.34088	-49.316586	0.0	86224981	37855.59582948685
429	-22.437859	-22.437859	-12.9803915	-49.31573	2.1970623	-30.049295	-56.511353	-49.31567	0.0	86425984	37942.26717066765
430	-19.678059	-19.678059	-3.2635033	-49.31859	2.1874502	-28.324606	-59.051968	-49.318542	0.0	86626981	38028.048645973206
431	-18.86426	-18.86426	-7.083267	-49.313354	2.2038763	-29.429527	-58.297047	-49.313187	0.0	86827984	38116.70001935959
432	-20.542534	-20.542534	-3.9939947	-49.32349	2.1871653	-30.093481	-57.08232	-49.323452	0.0	87028981	38205.45082092285
433	-16.989897	-16.989897	-2.8364785	-49.31406	2.2015767	-30.684843	-56.87656	-49.31406	0.0	87229981	38293.12169957161
434	-18.759892	-18.759892	-6.605446	-49.314167	2.198972	-31.188839	-56.558395	-49.313908	0.0	87430984	38380.58835697174
435	-20.229485	-20.229485	-11.505302	-49.314747	2.200236	-30.816246	-58.19745	-49.314686	0.0	87631985	38468.2567255497
436	-20.137636	-20.137636	-7.506951	-49.307064	2.2090352	-31.125639	-55.561626	-49.3069	0.0	87832985	38555.4241976738
437	-16.940102	-16.940102	-7.560527	-49.31215	2.1986501	-31.042946	-58.50075	-49.31213	0.0	88033981	38642.975452661514
438	-20.84872	-20.84872	-3.9914007	-49.311977	2.1969616	-26.637442	-57.985382	-49.31192	0.0	88234983	38730.72806119919
439	-21.314934	-21.314934	-4.8301735	-49.312897	2.1926332	-31.079033	-56.517967	-49.312943	0.0	88435981	38819.0937371254
440	-22.275223	-22.275223	-11.370438	-49.30648	2.2043698	-30.691748	-57.14714	-49.306515	0.0	88636983	38907.91305112839
441	-24.289207	-24.289207	-6.771401	-49.304214	2.2131193	-30.296965	-58.250595	-49.30393	0.0	88837982	38996.41377425194
442	-25.347467	-25.347467	-15.878375	-49.307987	2.2074752	-29.391294	-55.799747	-49.30784	0.0	89038982	39083.79851078987
443	-23.152884	-23.152884	-6.737395	-49.300034	2.2164166	-27.627604	-57.263664	-49.299908	0.0	89239983	39172.29910516739
444	-24.43137	-24.43137	-15.220667	-49.303333	2.2167451	-30.673853	-55.403988	-49.303585	0.0	89440985	39260.402995586395
445	-28.67436	-28.67436	-13.423034	-49.296974	2.2231367	-29.185287	-56.2635	-49.296722	0.0	89641981	39348.73866415024
446	-18.721878	-18.721878	-8.772414	-49.30478	2.2064385	-31.19023	-57.737347	-49.30466	0.0	89842983	39437.53841948509
447	-21.851736	-21.851736	-12.654032	-49.302555	2.21452	-29.758093	-55.807495	-49.302628	0.0	90043983	39525.854925870895
448	-22.760342	-22.760342	-8.623658	-49.301292	2.2146363	-30.187439	-56.46022	-49.301186	0.0	90244981	39614.691408634186
449	-22.531649	-22.531649	-3.9899812	-49.30266	2.2158856	-29.756332	-56.046177	-49.302708	0.0	90445982	39703.24089574814
450	-19.743414	-19.743414	-8.7959585	-49.302906	2.2099724	-31.321054	-54.96913	-49.302696	0.0	90646981	39791.5428712368
451	-22.111975	-22.111975	-9.5223055	-49.301857	2.2097929	-31.071806	-56.81454	-49.30184	0.0	90847981	39880.312426805496
452	-23.53052	-23.53052	-6.9284883	-49.30623	2.2075107	-30.61833	-55.08892	-49.306156	0.0	91048984	39968.864162921906
453	-22.036772	-22.036772	-12.089285	-49.302246	2.212726	-30.765518	-54.973633	-49.3022	0.0	91249985	40057.28061580658
454	-24.97166	-24.97166	-10.987177	-49.30021	2.2185082	-30.802307	-55.704185	-49.30013	0.0	91450983	40145.21462345123
455	-23.636686	-23.636686	-8.394696	-49.30287	2.2134032	-30.348314	-55.91949	-49.302773	0.0	91651981	40232.76566338539
456	-26.425692	-26.425692	-1.07375	-49.297817	2.2170742	-27.820087	-56.617847	-49.297653	0.0	91852983	40321.317106723785
457	-21.58175	-21.58175	-12.625327	-49.301823	2.2098424	-30.242252	-58.837868	-49.301865	0.0	92053981	40409.68365383148
458	-22.232262	-22.232262	-3.5069015	-49.29762	2.2141318	-31.126316	-57.598106	-49.297535	0.0	92254983	40497.93752384186
459	-15.945902	-15.945902	-12.046586	-49.293694	2.2232552	-31.341188	-55.255234	-49.29358	0.0	92455983	40586.4899892807
460	-25.701	-25.701	-3.8912957	-49.292606	2.2254121	-30.859653	-54.769066	-49.292618	0.0	92656986	40674.88939356804
461	-18.339472	-18.339472	-10.372511	-49.294235	2.2199457	-30.110992	-55.64878	-49.294308	0.0	92857982	40763.39142155647
462	-20.037264	-20.037264	-14.471738	-49.29427	2.2225943	-31.104368	-56.20841	-49.294163	0.0	93058983	40851.24181628227
463	-22.437462	-22.437462	-14.453991	-49.299606	2.2111077	-16.478369	-58.581936	-49.29959	0.0	93259983	40939.29493880272
464	-23.138216	-23.138216	-1.2890607	-49.29036	2.2252264	-30.691324	-56.232067	-49.290276	0.0	93460984	41026.760815143585
465	-18.895369	-18.895369	-19.823156	-49.289253	2.2222311	-31.37299	-56.455124	-49.2891	0.0	93661983	41114.28236794472
466	-18.383234	-18.383234	-12.2106695	-49.290253	2.2215052	-30.283537	-56.015755	-49.290157	0.0	93862981	41202.45088720322
467	-23.967535	-23.967535	-0.5650358	-49.28623	2.2241013	-29.175526	-56.284748	-49.28618	0.0	94063981	41290.49829506874
468	-24.103455	-24.103455	-10.741417	-49.28731	2.2195258	-31.414469	-55.942802	-49.287304	0.0	94264982	41378.83521723747
469	-22.74283	-22.74283	-13.320193	-49.293056	2.208389	-22.33083	-58.355576	-49.293102	0.0	94465982	41466.40099263191
470	-19.18299	-19.18299	-6.3147793	-49.28154	2.2320611	-31.661263	-57.19451	-49.281353	0.0	94666984	41555.06891942024
471	-23.25216	-23.25216	-9.795449	-49.2836	2.2266405	-30.976143	-55.783592	-49.28352	0.0	94867981	41643.05408382416
472	-21.10497	-21.10497	-10.80228	-49.28192	2.2327006	-31.262238	-55.261536	-49.28194	0.0	95068982	41730.2909784317
473	-27.520298	-27.520298	-4.1740584	-49.288406	2.2151496	-28.58181	-55.348183	-49.288246	0.0	95269985	41818.55640435219
474	-22.836233	-22.836233	-2.5596743	-49.283844	2.228264	-28.323305	-55.843987	-49.283752	0.0	95470981	41907.17423415184
475	-22.10997	-22.10997	-2.2603185	-49.291092	2.218579	-30.75971	-61.12275	-49.29107	0.0	95671981	41995.09275960922
476	-20.154993	-20.154993	-19.22777	-49.28593	2.2199032	-30.806965	-56.043304	-49.28576	0.0	95872984	42083.56006550789
477	-24.017466	-24.017466	-12.43869	-49.288303	2.2163222	-31.299213	-56.629913	-49.288307	0.0	96073981	42172.09602999687
478	-20.219954	-20.219954	-4.5340457	-49.280094	2.2311027	-30.232342	-57.043617	-49.28026	0.0	96274987	42260.580362558365
479	-23.358349	-23.358349	-1.4500295	-49.28717	2.2164555	-29.21092	-56.32748	-49.287186	0.0	96475985	42349.19846820831
480	-20.866173	-20.866173	-20.492884	-49.280956	2.2374475	-30.609653	-56.28108	-49.28087	0.0	96676983	42436.98515820503
481	-23.024673	-23.024673	-10.54716	-49.284397	2.2203467	-29.139542	-57.214264	-49.28424	0.0	96877984	42525.48433852196
482	-24.697197	-24.697197	-2.893438	-49.289257	2.2162187	-30.748117	-56.35932	-49.28927	0.0	97078981	42614.286340236664
483	-22.177305	-22.177305	-13.19009	-49.28157	2.2311356	-30.284853	-56.182217	-49.28146	0.0	97279983	42701.08657217026
484	-27.365217	-27.365217	-8.920229	-49.27339	2.239733	-29.271034	-57.03661	-49.273468	0.0	97480987	42789.32368659973
485	-19.434729	-19.434729	-4.039039	-49.280907	2.2288377	-29.66285	-55.525043	-49.28062	0.0	97681983	42877.443591594696
486	-20.673412	-20.673412	-13.715304	-49.28258	2.2329566	-31.051735	-59.494984	-49.282852	0.0	97882981	42965.9265704155
487	-22.172537	-22.172537	-13.711786	-49.276608	2.23516	-25.989933	-57.590553	-49.276577	0.0	98083983	43053.310154914856
488	-22.011822	-22.011822	1.4989517	-49.290718	2.2135499	-29.277472	-58.63846	-49.290527	0.0	98284985	43141.710300683975
489	-21.143738	-21.143738	0.9926279	-49.282917	2.223185	-30.27519	-57.205	-49.282784	0.0	98485984	43229.5942299366
490	-23.53642	-23.53642	-11.833571	-49.280704	2.220167	-29.211987	-56.567696	-49.28086	0.0	98686983	43318.362624168396
491	-24.140806	-24.140806	-14.589855	-49.28109	2.220187	-32.205868	-56.643204	-49.28097	0.0	98887981	43406.71425628662
492	-22.564438	-22.564438	-9.083521	-49.276108	2.2294023	-26.334154	-56.25905	-49.27617	0.0	99088982	43494.3335916996
493	-21.144587	-21.144587	0.356899	-49.279976	2.2195156	-29.583374	-55.86942	-49.27975	0.0	99289983	43582.79895615578
494	-27.274761	-27.274761	-18.557184	-49.279972	2.2246969	-29.74097	-56.238247	-49.27994	0.0	99490982	43671.186170339584
495	-22.454252	-22.454252	3.1933892	-49.282562	2.2163444	-30.789677	-56.16049	-49.282547	0.0	99691981	43759.60330724716
496	-20.03976	-20.03976	-4.813106	-49.280087	2.2164304	-31.677132	-56.152702	-49.28006	0.0	99892984	43848.12074017525
497	-19.285347	-19.285347	-20.000153	-49.276665	2.2230444	-30.66807	-56.370827	-49.276688	0.0	100093982	43936.591827631
498	-25.801764	-25.801764	-3.6079435	-49.275715	2.2274005	-31.118387	-56.716743	-49.27566	0.0	100294982	44024.02377986908
499	-23.334143	-23.334143	-4.79148	-49.27625	2.224408	-31.072906	-69.23801	-49.276142	0.0	100495981	44111.84231543541
500	-21.062195	-21.062195	-13.1087	-49.267178	2.2446103	-29.067812	-55.614594	-49.267006	0.0	100696983	44198.5275747776
501	-20.37366	-20.37366	-6.504054	-49.277866	2.2161636	-31.307348	-57.579136	-49.277775	0.0	100897983	44287.09623527527
502	-24.71512	-24.71512	-7.1567597	-49.275017	2.2287307	-30.843136	-57.060184	-49.27496	0.0	101098982	44375.17972779274
503	-27.973625	-27.973625	-6.2828593	-49.274155	2.229419	-30.063692	-57.487846	-49.274235	0.0	101299983	44463.09774541855
504	-23.86259	-23.86259	-2.2234669	-49.271465	2.2377706	-30.019888	-56.471687	-49.27155	0.0	101500985	44551.56461572647
505	-17.677666	-17.677666	-14.04559	-49.279446	2.213686	-30.05103	-56.340324	-49.279133	0.0	101701983	44640.05006599426
506	-20.121727	-20.121727	-10.192011	-49.272213	2.2250717	-27.785831	-56.60352	-49.27218	0.0	101902981	44727.43423986435
507	-25.9781	-25.9781	-17.719055	-49.266563	2.2414398	-30.357681	-56.620228	-49.266594	0.0	102103986	44816.00492095947
508	-24.080767	-24.080767	-14.605355	-49.27818	2.2222066	-28.42	-55.76742	-49.27806	0.0	102304985	44904.271698474884
509	-22.740288	-22.740288	-13.840485	-49.2694	2.2322927	-31.074903	-56.746284	-49.26935	0.0	102505984	44992.33921790123
510	-24.357744	-24.357744	-1.9811512	-49.27195	2.2296386	-20.108355	-59.98869	-49.272118	0.0	102706981	45080.45775794983
511	-23.808933	-23.808933	-23.421864	-49.266655	2.2382662	-31.241945	-57.041645	-49.266396	0.0	102907984	45168.24300670624
512	-24.893194	-24.893194	-15.330878	-49.267982	2.2300968	-29.778543	-57.768833	-49.268135	0.0	103108984	45256.62624001503
513	-27.412046	-27.412046	-15.971038	-49.26901	2.2296972	-30.231026	-56.914	-49.268707	0.0	103309981	45343.71265292168
514	-20.174213	-20.174213	-19.604162	-49.268238	2.2368953	-30.541222	-57.665054	-49.268356	0.0	103510981	45431.86248731613
515	-20.103214	-20.103214	-15.671607	-49.264538	2.2401834	-31.416721	-57.380825	-49.264503	0.0	103711986	45520.481013298035
516	-23.602331	-23.602331	-4.4119735	-49.264214	2.2419024	-31.451723	-57.5512	-49.264244	0.0	103912982	45609.132038116455
517	-19.721308	-19.721308	-15.727063	-49.26192	2.2409499	-30.80942	-55.949093	-49.26205	0.0	104113982	45697.65063405037
518	-24.94356	-24.94356	-4.7592783	-49.263767	2.2380102	-29.503748	-61.444508	-49.263435	0.0	104314983	45785.68411278725
519	-23.748049	-23.748049	-6.485085	-49.26089	2.242336	-31.23352	-58.400036	-49.261093	0.0	104515983	45874.456814050674
520	-19.68131	-19.68131	0.08496845	-49.257835	2.245272	-28.485104	-58.072323	-49.257698	0.0	104716983	45962.519964933395
521	-22.444368	-22.444368	-9.450532	-49.265575	2.2317097	-30.731022	-61.05699	-49.265484	0.0	104917984	46050.904354810715
522	-23.00027	-23.00027	-4.4019055	-49.25964	2.2387614	-30.76791	-57.988247	-49.259624	0.0	105118981	46138.756443977356
523	-22.260647	-22.260647	-12.031064	-49.266293	2.2253423	1.7143471	-57.66426	-49.26641	0.0	105319982	46227.22521996498
524	-23.132236	-23.132236	-18.241007	-49.259315	2.2428336	-31.034428	-56.719395	-49.259106	0.0	105520984	46315.22531223297
525	-24.750053	-24.750053	-10.872139	-49.26263	2.2407024	-29.279408	-56.53808	-49.262836	0.0	105721982	46401.978375673294
526	-22.793081	-22.793081	-13.122445	-49.262276	2.2371147	-28.721357	-56.217365	-49.26214	0.0	105922984	46490.54559278488
527	-19.097603	-19.097603	-13.243496	-49.26631	2.2308815	-30.237455	-57.98019	-49.26636	0.0	106123984	46576.43392443657
528	-23.06579	-23.06579	-4.979325	-49.259727	2.2411363	-30.624073	-55.812088	-49.259624	0.0	106324985	46664.4326543808
529	-23.55679	-23.55679	-18.551632	-49.25931	2.2475483	-29.55735	-55.98971	-49.259323	0.0	106525981	46753.01572537422
530	-21.339466	-21.339466	-6.466344	-49.25086	2.251033	-31.18113	-55.815525	-49.250927	0.0	106726981	46840.851226091385
531	-23.481924	-23.481924	-4.464176	-49.26522	2.2280405	-28.897522	-57.41281	-49.265232	0.0	106927982	46929.319205760956
532	-22.816147	-22.816147	-12.155329	-49.25947	2.238885	-30.178234	-55.998676	-49.259457	0.0	107128981	47017.853887081146
533	-26.782682	-26.782682	-11.687298	-49.258038	2.235963	-31.52677	-55.423843	-49.25805	0.0	107329985	47106.456625938416
534	-20.958935	-20.958935	-8.210435	-49.267006	2.2259865	-28.727226	-64.43407	-49.267014	0.0	107530984	47193.6728246212
535	-23.182932	-23.182932	-4.462047	-49.260895	2.2364361	-30.94171	-59.955193	-49.260788	0.0	107731983	47281.63902711868
536	-22.282696	-22.282696	-10.437553	-49.25492	2.246419	-30.714972	-57.895515	-49.255005	0.0	107932983	47368.79260444641
537	-21.183718	-21.183718	-5.4180226	-49.25668	2.235955	-30.066723	-57.618565	-49.256596	0.0	108133982	47456.82650589943
538	-22.695225	-22.695225	-22.154211	-49.256245	2.2395415	-30.287498	-55.3096	-49.2563	0.0	108334984	47544.8483839035
539	-26.940058	-26.940058	-8.537635	-49.26005	2.233194	-29.841507	-55.88253	-49.26013	0.0	108535983	47632.88137125969
540	-22.261118	-22.261118	-17.455965	-49.2554	2.2414389	-28.999712	-55.593884	-49.255394	0.0	108736982	47721.16462349892
541	-18.18327	-18.18327	-9.640454	-49.25384	2.2429562	-30.242908	-56.17482	-49.253803	0.0	108937985	47809.2660946846
542	-18.404295	-18.404295	-3.7476907	-49.25383	2.2423606	-30.129795	-56.390816	-49.25392	0.0	109138982	47897.734090805054
543	-25.989534	-25.989534	-17.094803	-49.256405	2.2365768	-29.56377	-56.358288	-49.256252	0.0	109339981	47986.41857600212
544	-21.792112	-21.792112	-15.119178	-49.249054	2.2441943	-29.688381	-56.32054	-49.249187	0.0	109540985	48074.90433096886
545	-32.838985	-32.838985	-14.540875	-49.254013	2.2381723	-29.521244	-56.602272	-49.25377	0.0	109741983	48163.38773417473
546	-24.763369	-24.763369	-14.345325	-49.242226	2.2603447	-31.186588	-57.019222	-49.242493	0.0	109942984	48251.855120420456
547	-23.057318	-23.057318	-11.01582	-49.253807	2.2360337	-31.537945	-61.13731	-49.253586	0.0	110143982	48340.5228395462
548	-21.433191	-21.433191	-11.353535	-49.251587	2.2359664	-30.856838	-56.60479	-49.251575	0.0	110344982	48428.90946984291
549	-23.475462	-23.475462	-5.1210084	-49.251568	2.2414026	-30.932753	-55.694313	-49.251633	0.0	110545982	48517.20972657204
550	-23.623375	-23.623375	-10.0753145	-49.253654	2.2413306	-31.189178	-55.780502	-49.253685	0.0	110746981	48605.661051273346
551	-18.27779	-18.27779	-26.405365	-49.256172	2.232122	-26.08546	-56.51777	-49.25613	0.0	110947985	48693.92919063568
552	-21.650074	-21.650074	-9.306046	-49.248066	2.2449303	-30.959246	-56.661087	-49.248234	0.0	111148981	48781.81449484825
553	-25.562525	-25.562525	-12.331073	-49.24864	2.2491083	-28.753826	-56.557835	-49.248608	0.0	111349989	48870.281078100204
554	-20.191477	-20.191477	-9.152422	-49.24358	2.2521381	-31.092033	-56.224857	-49.243595	0.0	111550982	48958.55100250244
555	-23.385166	-23.385166	-21.898972	-49.25805	2.2302697	-29.250755	-56.026726	-49.258034	0.0	111751981	49047.06870007515
556	-20.226988	-20.226988	-16.742079	-49.24368	2.2479525	-31.574514	-55.45312	-49.24373	0.0	111952983	49135.501484155655
557	-24.571247	-24.571247	-15.670205	-49.248493	2.2399268	-31.023203	-57.650192	-49.248356	0.0	112153982	49223.254591464996
558	-28.439217	-28.439217	-13.092937	-49.243126	2.2518132	-30.305544	-56.320415	-49.24321	0.0	112354985	49311.43856167793
559	-25.235476	-25.235476	-7.6532073	-49.244984	2.2499824	-18.503157	-57.54811	-49.24514	0.0	112555983	49399.64091420174
560	-24.555054	-24.555054	-10.899489	-49.246624	2.2467313	-29.974644	-55.21202	-49.246548	0.0	112756981	49487.90794086456
561	-23.524565	-23.524565	-10.2682295	-49.246494	2.2504015	-30.52881	-55.383064	-49.246574	0.0	112957981	49575.491961956024
562	-19.179346	-19.179346	-19.71868	-49.240307	2.2599542	-30.420315	-56.275845	-49.240177	0.0	113158981	49663.32993412018
563	-26.375105	-26.375105	-16.422955	-49.249054	2.245608	-30.134626	-55.880016	-49.24929	0.0	113359982	49751.845219135284
564	-27.269001	-27.269001	-7.2485576	-49.241253	2.2537615	-30.329319	-56.006832	-49.241264	0.0	113560983	49838.43071627617
565	-21.773968	-21.773968	0.5104928	-49.243416	2.2535996	-30.721779	-56.082916	-49.243305	0.0	113761986	49926.16431570053
566	-25.921684	-25.921684	-8.7696905	-49.24842	2.2428138	-29.849457	-55.311134	-49.248398	0.0	113962983	50014.37105321884
567	-25.050848	-25.050848	-17.892258	-49.25159	2.2407894	-28.374435	-57.369175	-49.251602	0.0	114163984	50102.30207180977
568	-20.67368	-20.67368	-19.266714	-49.247395	2.2449038	-29.649012	-59.840096	-49.247536	0.0	114364983	50190.43534731865
569	-20.397408	-20.397408	-14.122793	-49.248657	2.2414165	-30.654667	-57.452717	-49.24873	0.0	114565984	50278.671245098114
570	-21.467207	-21.467207	-11.225178	-49.24134	2.2518506	-30.974762	-58.34574	-49.241116	0.0	114766981	50367.355566740036
571	-20.513218	-20.513218	-12.850887	-49.24567	2.2478564	-30.22291	-59.656925	-49.245853	0.0	114967981	50455.28866267204
572	-23.23481	-23.23481	-9.239249	-49.23677	2.2632744	-30.334942	-58.479744	-49.236664	0.0	115168983	50543.408072948456
573	-25.916262	-25.916262	-4.172719	-49.23654	2.2580612	-30.436754	-55.70005	-49.23667	0.0	115369984	50630.810149908066
574	-23.909771	-23.909771	-7.9697833	-49.241768	2.2549167	-30.629082	-57.7249	-49.24179	0.0	115570984	50718.70870923996
575	-30.138323	-30.138323	-16.20485	-49.24202	2.2511735	-30.057041	-56.553772	-49.242073	0.0	115771982	50806.9458220005
576	-26.226496	-26.226496	-21.654697	-49.2359	2.2644472	-28.546791	-57.383625	-49.235954	0.0	115972986	50895.48030090332
577	-23.30998	-23.30998	-4.3579297	-49.24307	2.250237	-29.32173	-57.60244	-49.24296	0.0	116173982	50983.163556814194
578	-26.199253	-26.199253	-10.155293	-49.24051	2.2506402	-30.411297	-56.17238	-49.240597	0.0	116374985	51071.29907441139
579	-21.175224	-21.175224	-9.053483	-49.241184	2.2510817	-29.939226	-55.865704	-49.24111	0.0	116575981	51159.43363022804
580	-19.65693	-19.65693	-3.036757	-49.246002	2.247157	-29.489746	-55.03485	-49.24609	0.0	116776982	51247.85274362564
581	-26.87865	-26.87865	-8.766044	-49.2473	2.2460206	-29.575294	-56.418446	-49.247257	0.0	116977981	51335.37045621872
582	-19.65678	-19.65678	-5.4502482	-49.236504	2.2550416	-28.603207	-57.236183	-49.23667	0.0	117178984	51422.286229372025
583	-24.751032	-24.751032	-8.72843	-49.22943	2.265832	-28.937025	-57.129433	-49.22936	0.0	117379982	51507.288800001144
584	-22.49148	-22.49148	-17.194145	-49.23136	2.2666345	-29.548777	-56.69405	-49.231426	0.0	117580981	51594.890405893326
585	-19.20551	-19.20551	-6.579913	-49.24011	2.2542927	-29.370203	-57.473	-49.240276	0.0	117781982	51683.291224718094
586	-19.581583	-19.581583	-0.7945254	-49.237137	2.2596214	-29.23501	-58.404892	-49.237125	0.0	117982983	51770.52512359619
587	-23.31365	-23.31365	-0.6148436	-49.238438	2.2567375	-27.10649	-57.067913	-49.23848	0.0	118183984	51859.126932144165
588	-21.088272	-21.088272	-18.678783	-49.234	2.263912	-30.339481	-55.65383	-49.23397	0.0	118384984	51947.746977090836
589	-19.439192	-19.439192	-16.961758	-49.237118	2.2586374	-28.830563	-57.32712	-49.237213	0.0	118585982	52036.54803061485
590	-22.286528	-22.286528	-5.436539	-49.23809	2.2586565	-28.151085	-57.56091	-49.238293	0.0	118786983	52124.66497373581
591	-21.642735	-21.642735	-11.681568	-49.234596	2.2622516	-29.238567	-57.245888	-49.23445	0.0	118987981	52212.53598999977
592	-21.027992	-21.027992	-10.879231	-49.23212	2.2623613	-29.44677	-56.129692	-49.232166	0.0	119188981	52301.26768708229
593	-23.915249	-23.915249	-10.167205	-49.229618	2.2683232	-29.106403	-56.792725	-49.22978	0.0	119389981	52389.7683968544
594	-20.014154	-20.014154	-11.851626	-49.239902	2.2488384	-29.065817	-55.369587	-49.239906	0.0	119590987	52477.57162427902
595	-27.138283	-27.138283	-17.392958	-49.234215	2.2607064	-30.195625	-59.975094	-49.234184	0.0	119791983	52566.239102602005
596	-23.903555	-23.903555	-0.9105514	-49.23387	2.2604752	-30.675545	-56.31045	-49.2342	0.0	119992985	52653.790117025375
597	-23.767733	-23.767733	-8.750564	-49.22588	2.2737365	-30.2622	-55.855537	-49.225716	0.0	120193985	52742.25747299194
598	-29.386398	-29.386398	3.0202744	-49.233818	2.2635696	-28.167353	-55.76164	-49.233887	0.0	120394983	52830.54172515869
599	-21.559458	-21.559458	-10.518386	-49.229877	2.25912	-29.222214	-57.00036	-49.22992	0.0	120595981	52919.02819609642
600	-19.895744	-19.895744	-14.532526	-49.236786	2.2520046	-30.475441	-56.98994	-49.236877	0.0	120796982	53007.21505379677
601	-22.580822	-22.580822	-6.5413804	-49.23392	2.2532	-28.66122	-56.1578	-49.233906	0.0	120997983	53095.74587059021
602	-25.821318	-25.821318	-3.6166236	-49.22766	2.2589738	-28.285654	-62.731266	-49.22768	0.0	121198986	53183.7971906662
603	-24.539467	-24.539467	-14.043235	-49.231743	2.2590187	-30.422438	-56.7477	-49.231674	0.0	121399981	53272.80074286461
604	-24.445023	-24.445023	-19.26527	-49.234653	2.2490602	-29.841724	-56.84225	-49.23474	0.0	121600982	53361.301205158234
605	-21.144981	-21.144981	-1.9369255	-49.232662	2.2501123	-29.49707	-60.82542	-49.232803	0.0	121801983	53449.76933813095
606	-22.169218	-22.169218	-4.2197766	-49.236458	2.2385364	-25.390188	-56.16406	-49.236603	0.0	122002983	53538.4195227623
607	-26.035011	-26.035011	-6.43448	-49.229702	2.2487447	-27.928516	-56.08526	-49.22962	0.0	122203982	53627.00349164009
608	-21.147446	-21.147446	-8.121026	-49.230175	2.2511532	-30.291508	-56.115143	-49.23026	0.0	122404986	53715.23877072334
609	-24.28079	-24.28079	-2.96232	-49.228966	2.2518537	-7.152098	-55.880974	-49.22899	0.0	122605982	53803.40795612335
610	-28.38773	-28.38773	-6.004918	-49.23532	2.2394292	-28.52459	-59.28582	-49.23537	0.0	122806982	53891.94225740433
611	-24.26361	-24.26361	-19.801521	-49.226933	2.2555768	-23.394148	-56.67033	-49.22696	0.0	123007984	53980.71145749092
612	-21.613482	-21.613482	-3.5567358	-49.23136	2.2482579	-27.621496	-59.36436	-49.231514	0.0	123208986	54068.76161527634
613	-22.070541	-22.070541	-16.784758	-49.22271	2.258793	-27.799253	-56.087	-49.222626	0.0	123409983	54155.06291151047
614	-21.409052	-21.409052	-25.447412	-49.23021	2.2486713	-28.692753	-55.28253	-49.230312	0.0	123610987	54242.91436624527
615	-24.495102	-24.495102	-17.266243	-49.228	2.2538898	-30.513123	-58.519245	-49.228123	0.0	123811986	54331.18398356438
616	-25.690453	-25.690453	-26.299877	-49.229073	2.2525494	-27.1505	-59.61978	-49.22902	0.0	124012983	54419.27167868614
617	-22.567066	-22.567066	-11.914694	-49.223938	2.2607532	-28.928312	-59.383827	-49.223976	0.0	124213983	54507.533863306046
618	-24.942093	-24.942093	-15.155874	-49.229755	2.2477677	-27.655548	-58.360176	-49.229805	0.0	124414982	54595.76966929436
619	-21.776155	-21.776155	-3.5745888	-49.227688	2.2521389	-27.47811	-56.972378	-49.22781	0.0	124615985	54683.871428489685
620	-20.044949	-20.044949	-20.88634	-49.224403	2.255337	-26.074991	-56.27781	-49.22427	0.0	124816983	54771.82311844826
621	-22.169025	-22.169025	-7.926845	-49.22774	2.2477975	-29.162064	-55.522636	-49.22782	0.0	125017982	54859.67463684082
622	-20.413908	-20.413908	-34.75696	-49.217	2.2707412	-28.691818	-60.206013	-49.217113	0.0	125218981	54947.25757265091
623	-22.363544	-22.363544	-10.824934	-49.21661	2.2678256	-29.882616	-58.183258	-49.216614	0.0	125419982	55035.60786032677
624	-25.042315	-25.042315	-27.37571	-49.217922	2.270707	-28.63289	-55.477165	-49.217888	0.0	125620985	55123.96254849434
625	-22.836767	-22.836767	-9.370782	-49.223156	2.2578635	-30.068138	-56.667522	-49.223255	0.0	125821983	55211.51154947281
626	-23.865252	-23.865252	-7.955055	-49.21775	2.2637196	-29.84007	-60.45506	-49.217903	0.0	126022983	55300.22934436798
627	-25.056309	-25.056309	-11.272149	-49.220245	2.2643585	-29.499012	-59.501816	-49.220222	0.0	126223984	55388.74738264084
628	-23.305592	-23.305592	-12.458026	-49.218235	2.265768	-29.470478	-58.79767	-49.21832	0.0	126424981	55477.19871425629
629	-25.839146	-25.839146	-6.4945226	-49.223854	2.2572896	-27.743053	-58.00827	-49.224045	0.0	126625981	55565.73573088646
630	-22.467196	-22.467196	-2.7419088	-49.221573	2.260889	-25.627405	-56.91698	-49.221542	0.0	126826982	55652.9368159771
631	-24.14291	-24.14291	-6.0540514	-49.214825	2.2683737	-28.014547	-57.023544	-49.21489	0.0	127027981	55741.719410181046
632	-22.23655	-22.23655	-12.657601	-49.220654	2.2583761	-28.181421	-59.810417	-49.220707	0.0	127228984	55829.238543987274
633	-26.202358	-26.202358	-21.558	-49.222977	2.254394	-29.840843	-57.428593	-49.22302	0.0	127429982	55918.238656282425
634	-24.405994	-24.405994	-19.916302	-49.218292	2.2575815	-31.188633	-56.398006	-49.218304	0.0	127630983	56005.87584853172
635	-22.561508	-22.561508	-15.609851	-49.22761	2.2512288	-27.63552	-56.50992	-49.227802	0.0	127831985	56094.709730148315
636	-22.10819	-22.10819	-20.194063	-49.22036	2.2558854	-31.071434	-58.111996	-49.22038	0.0	128032984	56183.07958364487
637	-19.541363	-19.541363	-10.612524	-49.22009	2.2530837	-29.412777	-56.68706	-49.220245	0.0	128233981	56271.643238544464
638	-25.070774	-25.070774	-26.272514	-49.2214	2.252451	-28.761686	-57.13115	-49.22137	0.0	128434982	56358.78321695328
639	-22.05215	-22.05215	-8.260384	-49.223946	2.2507122	-30.752432	-57.204403	-49.223907	0.0	128635981	56447.56417012215
640	-23.225409	-23.225409	-11.670116	-49.218636	2.2552598	-29.992558	-60.340115	-49.218765	0.0	128836982	56535.317569971085
641	-27.754078	-27.754078	-14.390639	-49.218872	2.2562516	-28.81469	-56.865215	-49.219063	0.0	129037982	56624.16741347313
642	-23.217834	-23.217834	-7.4302506	-49.218666	2.251566	-30.89614	-56.08502	-49.218807	0.0	129238985	56712.35437345505
643	-20.763184	-20.763184	-6.1259074	-49.21674	2.2639122	-25.444283	-56.432358	-49.216633	0.0	129439981	56800.88670873642
644	-16.607254	-16.607254	-9.220987	-49.216347	2.2587519	-30.085596	-59.64853	-49.21633	0.0	129640983	56888.9039607048
645	-23.39225	-23.39225	-18.91921	-49.214306	2.258384	-30.139717	-56.85505	-49.214344	0.0	129841982	56977.876200437546
646	-21.825377	-21.825377	-14.235394	-49.209656	2.260798	-28.544498	-56.099632	-49.209858	0.0	130042983	57066.23879790306
