Epoch	EpRet	EpRealRet	TestEpRet	AverageQ1	StdQ1	MaxQ1	MinQ1	Q2	TestSuccess	TotalEnvInteracts	TotalTime
0	-12.130118	-12.130118	-14.298054	-13.169131	4.6912074	0.011337008	-29.097523	-13.153261	0.0	196984	47.85003042221069
1	-12.526902	-12.526902	-13.451276	-16.665491	3.7904818	-9.105775	-37.31984	-16.665863	0.0	397982	97.8671326637268
2	-11.301021	-11.301021	-12.43982	-20.797302	4.0742707	-13.9246025	-46.86924	-20.79748	0.0	598981	147.51659107208252
3	-11.250954	-11.250954	-8.6751795	-22.418333	3.4993615	-17.1719	-44.384335	-22.418514	0.0	800001	199.46500849723816
4	-10.743009	-10.743009	-9.98246	-24.123669	3.1953466	-19.188908	-46.29408	-24.123627	0.0	1000982	254.47613716125488
5	-10.202811	-10.202811	-9.903686	-24.993593	3.1352868	-20.357502	-47.136135	-24.993761	0.0	1201987	309.85662293434143
6	-10.847934	-10.847934	-8.052127	-25.960321	2.868243	-19.96331	-47.743973	-25.960173	0.0	1403001	366.5293562412262
7	-10.888672	-10.888672	-7.0136204	-26.658085	2.9997027	-18.643309	-48.13643	-26.658264	0.0	1603995	423.62423181533813
8	-10.211218	-10.211218	-4.467193	-26.247921	3.2234156	-18.14146	-47.61949	-26.247358	0.0	1804982	482.93476247787476
9	-7.7718177	-7.7718177	-4.666233	-26.911518	3.109387	-21.688425	-47.568512	-26.911537	0.0	2006001	543.4256286621094
10	-9.643469	-9.643469	-1.9002646	-26.825981	3.1404996	-20.748854	-50.156284	-26.825977	0.0	2206982	604.4392919540405
11	-9.788036	-9.788036	-5.0892534	-24.91341	3.3759143	-18.5616	-49.440086	-24.913475	0.0	2408001	667.913628578186
12	-8.839664	-8.839664	-1.7483865	-23.006763	3.3045018	-17.012255	-46.417423	-23.006779	0.0	2608983	730.9500591754913
13	-10.242151	-10.242151	-1.292577	-22.125458	3.0796068	-15.527122	-51.503956	-22.125513	0.0	2809982	796.1976969242096
14	-11.584691	-11.584691	-6.8582277	-23.821995	3.0049624	-17.868834	-49.452953	-23.822037	0.0	3011001	860.4127793312073
15	-10.919906	-10.919906	2.9632108	-26.37099	3.033385	-20.42425	-51.077343	-26.371056	0.0	3211981	924.4993674755096
16	-10.0512295	-10.0512295	-4.836983	-27.221487	3.0966187	-21.92266	-51.21069	-27.221579	0.0	3412981	990.0096783638
17	-9.4676285	-9.4676285	3.0897622	-26.280989	3.2125685	-21.210232	-50.39659	-26.281221	0.0	3613986	1057.3137362003326
18	-8.922822	-8.922822	2.6029778	-25.039783	3.256981	-19.451118	-49.433533	-25.040014	0.0	3814993	1122.0692250728607
19	-7.8823047	-7.8823047	2.8809302	-23.834808	3.282317	-18.327541	-48.3881	-23.834557	0.0	4016001	1188.4806032180786
20	-7.509336	-7.509336	7.533591	-22.614367	3.4568071	-16.602982	-49.491184	-22.614813	0.0	4216989	1254.473516702652
21	-7.840849	-7.840849	12.110596	-20.896126	3.4901102	-14.846421	-54.808582	-20.896301	0.0	4417982	1321.4538822174072
22	-7.883922	-7.883922	5.11142	-19.070263	3.4920769	-12.825006	-47.91887	-19.070963	0.0	4618985	1390.6301639080048
23	-7.017408	-7.017408	11.347153	-17.204632	3.5328333	-10.547622	-44.45534	-17.204903	0.0	4819981	1457.0126605033875
24	-5.3897095	-5.3897095	10.579805	-15.409883	3.457432	-9.483978	-40.955482	-15.410597	0.0	5020981	1525.2754909992218
25	-5.4305744	-5.4305744	12.581052	-14.002318	3.4390066	-7.1077027	-38.911762	-14.002683	0.0	5221985	1594.676260471344
26	-4.718769	-4.718769	13.783712	-12.825726	3.4644876	-6.112507	-38.82709	-12.82623	0.0	5422981	1663.612689256668
27	-4.565547	-4.565547	10.836396	-12.07882	3.484816	-5.2184157	-39.401756	-12.078893	0.0	5624001	1732.9925682544708
28	-1.7584332	-1.7584332	10.36338	-12.354231	3.3689017	-5.3918614	-38.59763	-12.354611	0.0	5824989	1802.750970840454
29	-7.4245896	-7.4245896	22.968903	-13.136788	3.359033	-6.1869235	-40.23257	-13.136838	0.0	6025987	1874.0965745449066
30	-0.95654434	-0.95654434	10.536376	-13.994558	3.370982	-5.643221	-41.288002	-13.994572	1.0	6226997	1943.1487300395966
31	1.0389867	1.0389867	7.199872	-15.8034	3.2797158	-6.8150373	-42.44091	-15.803338	0.0	6427988	2013.5592625141144
32	7.3235164	7.3235164	1.502062	-17.831743	3.273014	-8.822274	-44.19677	-17.831333	0.0	6628985	2084.325217485428
33	-3.6000276	-3.6000276	3.540362	-18.768688	3.2850566	-9.633883	-44.223614	-18.76873	0.0	6829982	2155.080285549164
34	-2.0439687	-2.0439687	9.248977	-18.724934	3.385499	-8.387993	-43.884007	-18.724688	1.0	7031001	2224.4469027519226
35	-3.398561	-3.398561	4.429874	-18.841002	3.3587937	-8.216048	-44.36803	-18.840754	1.0	7231986	2294.9647636413574
36	-8.299978	-8.299978	3.4934373	-18.993687	3.4097075	-5.8303924	-43.999382	-18.993786	1.0	7432993	2366.6538791656494
37	9.406768	9.406768	3.4897132	-19.332212	3.34463	-5.7503996	-43.22843	-19.331863	1.0	7633981	2436.296439886093
38	3.0076902	3.0076902	7.2524548	-21.661232	3.2630432	-5.4204774	-45.917587	-21.660955	1.0	7835001	2508.76434469223
39	2.7646766	2.7646766	7.3387055	-24.49444	3.2023525	-7.144804	-48.196186	-24.494091	1.0	8035982	2580.642093896866
40	-0.5680355	-0.5680355	5.418008	-26.437773	3.2319531	-7.9147677	-51.603477	-26.437702	1.0	8236984	2653.183507204056
41	-0.8767172	-0.8767172	1.5521171	-28.297972	3.3166282	-4.191639	-52.735657	-28.297764	1.0	8437985	2724.5733981132507
42	-5.0174966	-5.0174966	0.8697613	-30.20377	3.3986018	-5.1235847	-52.668816	-30.203873	1.0	8638985	2796.5289058685303
43	-1.740816	-1.740816	-4.708741	-30.921982	3.516973	-2.4038243	-52.878143	-30.921463	1.0	8839981	2870.1408269405365
44	-5.5035233	-5.5035233	-14.526266	-31.483639	3.583388	0.68972194	-54.327618	-31.483341	0.0	9040981	2941.941108226776
45	-5.699158	-5.699158	-1.9493473	-32.14979	3.5786722	1.4900454	-53.54405	-32.14977	0.0	9241981	3013.96848654747
46	-3.1537962	-3.1537962	-11.130798	-32.58042	3.691472	7.10197	-54.57257	-32.580013	0.0	9442988	3086.190699338913
47	-3.0930474	-3.0930474	5.158005	-32.766327	3.7566764	5.832065	-55.507374	-32.7656	1.0	9643992	3158.745977163315
48	-7.332677	-7.332677	-3.8121862	-33.098293	3.7538664	8.652089	-56.16143	-33.09834	1.0	9844981	3230.7380316257477
49	-10.203381	-10.203381	0.7356867	-33.69289	3.7480273	9.058294	-54.70543	-33.69249	1.0	10045981	3301.786280632019
