Epoch	EpRet	EpRealRet	TestEpRet	AverageQ1	StdQ1	MaxQ1	MinQ1	Q2	TestSuccess	TotalEnvInteracts	TotalTime
0	-41.141678	-41.141678	-9.705414	-11.946612	11.659396	2.8163967	-51.280453	-11.946465	0.0	196983	73.52138304710388
1	-42.63311	-42.63311	-18.361713	-15.5022335	12.647683	6.958314	-57.523483	-15.502527	0.0	397991	149.45698428153992
2	-45.60611	-45.60611	-32.016453	-16.398314	15.279116	10.017044	-59.22376	-16.398275	0.0	598984	231.19117784500122
3	-39.78231	-39.78231	-25.92843	-13.935804	12.923933	10.900315	-56.276318	-13.9358425	0.0	799982	309.874094247818
4	-45.128788	-45.128788	-30.168163	-14.511766	12.711042	7.999058	-56.50483	-14.5103035	0.0	1000982	392.5627694129944
5	-39.745705	-39.745705	-31.02344	-12.785292	12.172227	9.032245	-56.249638	-12.781661	0.0	1201991	479.9406294822693
6	-47.20211	-47.20211	-6.9570036	-13.540285	12.637662	13.696703	-57.893192	-13.539556	0.0	1402989	566.088127374649
7	-52.053543	-52.053543	-12.6602745	-14.3243065	12.877603	9.203671	-67.25909	-14.321496	0.0	1603983	658.173107624054
8	-44.271595	-44.271595	-44.830147	-14.135851	12.563847	8.737201	-58.7074	-14.134627	0.0	1804988	751.0506844520569
9	-54.416183	-54.416183	-22.833935	-14.370702	12.260961	5.4224205	-57.117825	-14.370124	0.0	2005982	849.706785440445
10	-43.234947	-43.234947	-24.776567	-14.160194	11.887016	9.489116	-58.38088	-14.154898	0.0	2206986	942.8447442054749
11	-48.90988	-48.90988	-36.672966	-13.720602	11.388666	11.987279	-58.099125	-13.71695	0.0	2407983	1039.3879590034485
12	-42.233486	-42.233486	-33.23431	-13.747609	11.09787	14.36909	-58.039433	-13.746046	0.0	2608986	1132.258427619934
13	-46.694664	-46.694664	-24.550129	-13.042874	10.560884	6.5284	-58.133663	-13.03806	0.0	2809991	1229.430223941803
14	-43.19852	-43.19852	-32.076015	-12.724236	10.43341	4.8036623	-58.179165	-12.721277	0.0	3010984	1323.4401712417603
15	-50.14455	-50.14455	-9.054624	-13.327392	10.77447	4.6617846	-57.341106	-13.324155	0.0	3211985	1416.7456531524658
16	-45.41103	-45.41103	-15.57073	-13.868588	10.929456	5.692902	-57.897247	-13.866996	0.0	3412981	1517.0870614051819
17	-57.426056	-57.426056	-13.952741	-14.341859	11.265425	9.020473	-58.089714	-14.339752	0.0	3613982	1615.0392391681671
18	-40.472496	-40.472496	-30.405537	-14.395952	11.328367	6.133888	-59.27782	-14.393123	0.0	3814982	1710.464587688446
19	-41.838852	-41.838852	-21.695086	-14.749078	11.357063	7.8722177	-78.79141	-14.751667	0.0	4015984	1803.253228187561
20	-39.178864	-39.178864	-13.403158	-14.665143	11.29274	8.704248	-71.16679	-14.663726	0.0	4216982	1893.425317287445
21	-49.78875	-49.78875	-10.509211	-14.837406	11.148233	6.8251386	-68.77584	-14.839371	0.0	4417991	1983.318596124649
22	-42.794437	-42.794437	-5.7815228	-15.3426	11.142586	5.9155316	-60.908432	-15.343369	0.0	4618983	2071.2164208889008
23	-39.88146	-39.88146	-37.301517	-15.611362	11.164072	5.5424495	-58.03085	-15.612699	0.0	4819985	2166.1166021823883
24	-48.268524	-48.268524	-19.294643	-16.076612	11.351717	5.6270413	-57.93675	-16.077562	0.0	5020987	2259.811272382736
25	-42.305958	-42.305958	-6.445866	-16.911625	11.640735	6.054886	-59.025646	-16.912857	0.0	5221982	2352.830418109894
26	-50.164234	-50.164234	-21.520178	-17.414955	11.743381	10.05278	-66.81658	-17.414312	0.0	5422986	2444.899064540863
27	-38.74503	-38.74503	-9.377853	-17.938498	11.789296	7.201574	-65.68334	-17.936918	0.0	5623991	2536.16699886322
28	-41.298946	-41.298946	-9.409163	-18.59251	11.929301	6.554012	-66.398895	-18.591713	0.0	5824982	2624.1063828468323
29	-51.715927	-51.715927	-10.173	-19.25917	12.00706	8.363158	-60.909473	-19.259819	0.0	6025991	2721.6303334236145
30	-47.82477	-47.82477	-17.522396	-20.180069	12.158996	9.970834	-72.30491	-20.17948	0.0	6226985	2818.3582801818848
31	-54.683605	-54.683605	-32.27587	-21.086157	12.285293	7.7468057	-75.621826	-21.085197	0.0	6427983	2917.4718980789185
32	-38.278725	-38.278725	-15.636655	-22.014872	12.450877	8.631072	-66.838776	-22.016407	0.0	6628982	3009.4605827331543
33	-37.759964	-37.759964	-24.140478	-23.141808	12.527439	7.3508787	-80.35323	-23.14347	0.0	6829983	3101.986440896988
34	-42.64539	-42.64539	-33.31326	-24.66786	12.394898	7.024848	-69.33146	-24.669844	0.0	7030984	3198.493615627289
35	-46.02108	-46.02108	-16.207893	-26.886944	12.152549	6.6981993	-70.912415	-26.889914	0.0	7231982	3295.021984577179
36	-49.138275	-49.138275	-31.320715	-32.19193	12.149084	3.591636	-73.52673	-32.203094	0.0	7432982	3394.2421383857727
37	-61.98185	-61.98185	-23.761559	-35.773018	11.903725	2.8885279	-79.75991	-35.778477	0.0	7633988	3501.6164751052856
38	-49.04049	-49.04049	-18.750319	-36.40528	11.627891	2.600298	-68.12938	-36.408947	0.0	7834985	3603.8956067562103
39	-53.666664	-53.666664	-20.432976	-36.945244	11.436907	5.2064967	-79.327644	-36.949604	0.0	8035982	3711.5808045864105
40	-62.911964	-62.911964	-45.70665	-37.483795	11.190863	5.6931453	-68.66713	-37.485977	0.1	8236991	3817.4766767024994
41	-44.719505	-44.719505	-26.465904	-38.045834	10.90924	3.136211	-71.0672	-38.048668	0.0	8437981	3920.147649526596
42	-41.5659	-41.5659	-32.43146	-38.5499	10.624842	3.094749	-67.22308	-38.552017	0.1	8638991	4022.2956256866455
43	-52.517384	-52.517384	-12.540579	-38.953613	10.364568	2.9859397	-67.95388	-38.95491	0.1	8839991	4123.709953784943
44	-51.18865	-51.18865	-7.729778	-39.381958	10.077997	2.9535275	-66.34133	-39.38352	0.0	9040991	4224.169950723648
45	-55.207027	-55.207027	-43.33235	-39.81354	9.786287	2.093174	-64.6364	-39.81643	0.0	9241982	4333.64634180069
46	-52.098507	-52.098507	-30.34319	-40.269424	9.513705	1.4219452	-68.51574	-40.2715	0.1	9442985	4438.513027191162
47	-55.93378	-55.93378	-31.869871	-40.84767	9.210213	-0.0002887249	-67.31626	-40.84974	0.0	9643988	4539.633162975311
48	-67.953514	-67.953514	-30.837952	-41.365765	8.89346	-1.311501	-70.07999	-41.36699	0.0	9844991	4647.184375524521
49	-51.729805	-51.729805	-19.001284	-41.80653	8.545036	-3.3502395	-71.52191	-41.80708	0.0	10045985	4747.086552858353
50	-52.061295	-52.061295	-46.260967	-42.19807	8.229485	-3.8019173	-78.67513	-42.19871	0.0	10246991	4852.006856203079
51	-44.06953	-44.06953	-22.852747	-42.427097	8.055621	-3.5059462	-66.08901	-42.426777	0.0	10447982	4955.870383739471
52	-48.281864	-48.281864	-23.350649	-42.63614	7.886128	-3.5030448	-70.22946	-42.637188	0.1	10648984	5059.420893907547
53	-52.264816	-52.264816	-37.830692	-42.854263	7.6971364	-2.8983293	-62.412685	-42.853813	0.0	10849983	5164.740227222443
54	-54.219887	-54.219887	-39.293198	-43.04546	7.51685	-3.1065497	-65.15559	-43.044853	0.0	11050981	5267.323482275009
55	-50.237885	-50.237885	-38.705784	-43.378082	7.2651362	-3.54282	-63.355495	-43.377483	0.1	11251988	5368.740745306015
56	-40.470474	-40.470474	-30.874754	-43.747932	6.986375	-5.061	-66.0565	-43.7481	0.0	11452981	5466.5943994522095
57	-49.589916	-49.589916	-22.30982	-43.946617	6.8258066	-5.262199	-63.02096	-43.945854	0.2	11653985	5570.83781170845
58	-52.146984	-52.146984	-40.657444	-44.199112	6.6161833	-6.475406	-67.830864	-44.19885	0.0	11854991	5683.892377614975
59	-39.667202	-39.667202	-17.989485	-44.3356	6.4677277	-6.583358	-75.9588	-44.334915	0.0	12055981	5777.721329689026
60	-56.25244	-56.25244	-14.544848	-44.473427	6.3305244	-6.1966076	-66.87275	-44.473763	0.0	12256989	5884.058908700943
61	-45.25757	-45.25757	-21.863016	-44.646465	6.182231	-4.9715695	-64.48429	-44.646393	0.0	12457989	5981.954224348068
62	-48.33651	-48.33651	-28.165295	-44.80885	6.046704	-5.2819996	-62.785824	-44.808117	0.0	12658987	6087.159242153168
63	-45.590176	-45.590176	-21.403254	-44.996586	5.8851805	-6.340745	-64.36408	-44.99696	0.1	12859982	6187.230380296707
64	-35.160652	-35.160652	-2.2950988	-45.101086	5.757009	-5.7308416	-63.338116	-45.100353	0.0	13060991	6283.978790283203
65	-54.274403	-54.274403	-31.921135	-45.192883	5.664147	-5.791046	-60.585323	-45.192593	0.0	13261988	6386.683195114136
66	-48.19877	-48.19877	-47.884403	-45.373657	5.547892	-5.5469775	-63.858612	-45.37362	0.0	13462981	6492.057280778885
67	-51.90761	-51.90761	-19.668936	-45.439964	5.4676414	-5.788178	-65.83349	-45.440197	0.0	13663988	6596.731672286987
68	-49.3273	-49.3273	-38.385624	-45.530663	5.39737	-6.2140927	-61.20585	-45.53101	0.0	13864982	6702.226577281952
69	-55.737694	-55.737694	-20.710302	-45.68413	5.2825065	-6.6122108	-65.871185	-45.683434	0.1	14065982	6810.9240000247955
70	-51.845547	-51.845547	-17.690798	-45.769672	5.2028456	-6.8847713	-75.38616	-45.76861	0.1	14266989	6915.644981622696
71	-45.64565	-45.64565	-26.314367	-45.818172	5.145078	-5.8148317	-63.007465	-45.81821	0.1	14467984	7018.6543118953705
72	-43.50577	-43.50577	-23.95243	-45.909008	5.0699215	-6.1974125	-70.092674	-45.90864	0.1	14668983	7120.705096721649
73	-42.345306	-42.345306	-9.72502	-45.968086	5.0299783	-6.9579735	-63.67489	-45.967976	0.0	14869984	7223.331424236298
74	-53.14254	-53.14254	-41.96825	-45.99904	4.99497	-4.590529	-72.13954	-45.999073	0.1	15070983	7322.303312063217
75	-44.78263	-44.78263	-15.986105	-46.061188	4.9849095	-2.9027152	-67.39467	-46.06145	0.0	15271983	7422.100345611572
76	-48.15881	-48.15881	-26.42311	-46.144814	4.9138193	-2.826454	-64.77847	-46.144012	0.2	15472984	7521.862453699112
77	-35.60543	-35.60543	-19.898016	-46.225853	4.8487706	-2.738018	-62.515945	-46.225647	0.1	15673981	7616.211014032364
78	-41.120674	-41.120674	-20.105314	-46.30142	4.800251	-3.5319476	-62.095505	-46.30082	0.0	15874984	7712.30482840538
79	-46.680435	-46.680435	-30.690838	-46.34777	4.7644663	-5.4292917	-61.556465	-46.34776	0.0	16075991	7811.506805181503
80	-49.261402	-49.261402	-38.79101	-46.404427	4.7528367	-3.5310931	-62.263157	-46.40417	0.0	16276991	7909.509797096252
81	-45.213585	-45.213585	-45.556496	-46.49333	4.6796412	-4.2646837	-62.320656	-46.493458	0.0	16477984	8013.918318033218
82	-49.12068	-49.12068	-24.26834	-46.535034	4.6352024	-4.468129	-64.297356	-46.535156	0.2	16678982	8117.117492198944
83	-41.75823	-41.75823	-44.091244	-46.574272	4.5857615	-6.2025185	-61.73677	-46.574005	0.0	16879989	8219.09319472313
84	-49.93016	-49.93016	-9.042228	-46.662933	4.536763	-5.8282976	-63.09816	-46.663128	0.1	17080985	8312.631568670273
85	-42.34917	-42.34917	-17.183218	-46.717426	4.5099664	-5.1178694	-68.83054	-46.71781	0.0	17281989	8410.239690303802
86	-51.838566	-51.838566	-38.653313	-46.76093	4.4511733	-6.5031013	-63.53307	-46.76102	0.1	17482987	8511.123135328293
87	-49.270634	-49.270634	-38.473446	-46.81812	4.4292564	-5.2172008	-61.20042	-46.818096	0.0	17683991	8616.186450004578
88	-49.542496	-49.542496	-23.921206	-46.84335	4.430515	-5.4301853	-63.653694	-46.843273	0.1	17884991	8719.670221328735
89	-42.08205	-42.08205	-40.786983	-46.901318	4.374319	-5.3895864	-61.796635	-46.901222	0.0	18085991	8820.523263931274
90	-49.838856	-49.838856	-28.241772	-46.964447	4.318323	-5.1572423	-62.24186	-46.964195	0.0	18286983	8927.260601520538
91	-38.5863	-38.5863	-20.017834	-46.978794	4.300683	-5.7643332	-62.33372	-46.979343	0.0	18487991	9027.624196529388
92	-51.420265	-51.420265	-17.602137	-47.042747	4.2526345	-5.419343	-62.011566	-47.042915	0.1	18688988	9130.044784784317
93	-45.075146	-45.075146	-5.448453	-47.0784	4.22702	-5.938224	-60.78383	-47.079105	0.2	18889982	9226.677834033966
94	-48.300045	-48.300045	-20.789848	-47.103542	4.200949	-7.207311	-61.416645	-47.103592	0.2	19090983	9328.217447042465
95	-47.706398	-47.706398	-31.615551	-47.123386	4.2128744	-5.9326177	-63.13645	-47.123558	0.0	19291986	9425.683636903763
96	-36.994823	-36.994823	-21.65367	-47.192413	4.1438937	-5.9589977	-63.089687	-47.191902	0.1	19492983	9519.207988262177
97	-37.506042	-37.506042	-43.010654	-47.20738	4.1194124	-5.2335653	-64.77397	-47.207783	0.0	19693982	9620.755859136581
98	-47.058304	-47.058304	-32.956104	-47.2596	4.0887146	-6.919467	-60.475105	-47.259758	0.1	19894984	9719.36310005188
99	-42.53207	-42.53207	-42.757454	-47.268127	4.0837812	-5.1872745	-60.18655	-47.267616	0.1	20095985	9823.568581819534
100	-49.266502	-49.266502	-19.774752	-47.302956	4.0720615	-6.366283	-60.930374	-47.30303	0.2	20296982	9921.699381828308
101	-40.684017	-40.684017	-20.94266	-47.320118	4.0393405	-5.516839	-62.710205	-47.31993	0.1	20497991	10019.471212863922
102	-46.50645	-46.50645	-25.800287	-47.340343	4.020912	-5.363881	-62.85079	-47.340206	0.2	20698985	10122.997419595718
103	-41.46545	-41.46545	-22.303928	-47.375156	4.002665	-5.6383095	-63.035297	-47.375458	0.1	20899991	10217.80038523674
104	-44.05632	-44.05632	-26.122906	-47.38829	3.996737	-5.897662	-66.2024	-47.38801	0.2	21100989	10318.448827028275
105	-49.05627	-49.05627	-38.50986	-47.42069	3.9697576	-6.6815925	-66.58048	-47.42081	0.2	21301985	10419.104435682297
106	-36.240845	-36.240845	-6.1024904	-47.4299	3.9643738	-5.8242064	-70.02042	-47.430332	0.1	21502985	10510.418638944626
107	-47.396095	-47.396095	-27.965431	-47.481163	3.9171538	-6.583056	-66.57804	-47.48061	0.2	21703986	10613.631212711334
108	-42.9157	-42.9157	-17.828356	-47.484882	3.9089997	-7.079377	-62.505207	-47.485126	0.3	21904988	10709.062023639679
109	-40.895023	-40.895023	-41.077198	-47.516808	3.9007828	-6.0382338	-61.30072	-47.516304	0.1	22105991	10806.370561122894
110	-32.485573	-32.485573	-38.010807	-47.537483	3.8746848	-5.920043	-61.73055	-47.537792	0.1	22306982	10907.3956656456
111	-31.64647	-31.64647	-26.696465	-47.541843	3.8828056	-4.951163	-60.133175	-47.541607	0.1	22507981	11001.69998216629
112	-43.559967	-43.559967	-42.506683	-47.566204	3.8521497	-6.2242885	-62.316677	-47.56639	0.1	22708981	11101.269739151001
113	-44.996716	-44.996716	-23.992054	-47.58649	3.8589315	-6.066995	-61.39338	-47.586887	0.1	22909981	11200.510505914688
114	-37.09712	-37.09712	-53.777416	-47.59058	3.8478968	-6.21311	-61.246155	-47.59024	0.0	23110988	11300.553628206253
115	-38.31401	-38.31401	-18.210764	-47.583218	3.8461885	-6.189179	-60.703148	-47.583195	0.0	23311991	11401.514442682266
116	-36.73825	-36.73825	-78.419914	-47.59882	3.8459544	-5.046932	-58.695137	-47.599434	0.0	23512982	11497.911125421524
117	-32.765156	-32.765156	-61.50458	-47.6299	3.8211126	-5.869754	-60.299065	-47.629776	0.1	23713990	11593.009530067444
118	-43.802624	-43.802624	-14.938592	-47.623337	3.8441563	-6.3791013	-60.262814	-47.623398	0.3	23914991	11690.41429567337
119	-35.155853	-35.155853	-11.215572	-47.661434	3.8126357	-6.719481	-61.055763	-47.660835	0.1	24115986	11779.059547901154
120	-57.461308	-57.461308	-42.620213	-47.64726	3.836921	-6.1674585	-69.28596	-47.647022	0.1	24316991	11882.253185987473
121	-52.213623	-52.213623	-23.043806	-47.69512	3.81701	-6.648738	-63.383675	-47.69532	0.2	24517991	11979.349416732788
122	-43.69231	-43.69231	-13.811736	-47.733288	3.785381	-6.2455683	-61.99201	-47.733288	0.2	24718984	12074.23471069336
123	-58.38438	-58.38438	-43.502716	-47.723675	3.7763546	-6.1300645	-60.15605	-47.723396	0.2	24919982	12179.917380809784
124	-42.182632	-42.182632	-12.308157	-47.757324	3.7782547	-6.7831264	-69.416306	-47.757748	0.0	25120985	12273.210933685303
125	-33.080467	-33.080467	-13.492326	-47.779026	3.743337	-6.5208144	-64.97824	-47.778507	0.1	25321986	12367.71553683281
126	-44.42917	-44.42917	-42.326263	-47.79617	3.73701	-5.4414253	-64.28971	-47.796276	0.2	25522983	12468.10385131836
127	-42.62809	-42.62809	-55.46156	-47.804302	3.7363923	-5.175394	-63.31713	-47.80417	0.2	25723984	12566.645784139633
128	-46.634518	-46.634518	-14.509116	-47.828995	3.7239058	-6.4713373	-65.71246	-47.829197	0.3	25924985	12665.320692062378
129	-42.454327	-42.454327	-15.074464	-47.837246	3.7208626	-6.1347733	-63.33161	-47.83677	0.1	26125983	12760.389523506165
130	-42.17728	-42.17728	-3.5394416	-47.856544	3.6888509	-4.2123976	-61.55767	-47.856422	0.2	26326991	12857.854496002197
131	-40.677597	-40.677597	-47.33977	-47.86546	3.693395	-4.9930887	-61.320576	-47.86517	0.0	26527990	12950.663573980331
132	-44.90845	-44.90845	-18.280022	-47.889336	3.6687634	-4.79673	-60.780483	-47.889343	0.1	26728987	13043.909976243973
133	-37.55431	-37.55431	-33.184624	-47.911697	3.6364286	-5.570059	-60.03961	-47.911507	0.0	26929981	13141.167177915573
134	-50.9383	-50.9383	-30.55288	-47.91698	3.6536207	-5.1512313	-62.641415	-47.917004	0.2	27130982	13238.213872909546
135	-45.558243	-45.558243	-45.356712	-47.910286	3.6612368	-4.2761497	-61.412235	-47.91041	0.2	27331984	13334.340698957443
136	-34.825424	-34.825424	-33.559498	-47.91605	3.6629333	-2.9850414	-61.428284	-47.915615	0.2	27532985	13428.19164466858
137	-48.206654	-48.206654	-29.964441	-47.948086	3.6408856	-4.7841763	-61.522427	-47.948338	0.1	27733983	13527.973773479462
138	-39.171642	-39.171642	-52.600536	-47.939808	3.6483169	-4.530126	-59.873695	-47.93956	0.3	27934983	13625.672450780869
139	-53.85681	-53.85681	-36.103584	-47.950684	3.6459947	-4.310831	-62.29868	-47.950436	0.1	28135984	13724.525494813919
140	-49.154118	-49.154118	-42.983192	-47.962967	3.6396742	-3.600742	-62.848476	-47.96379	0.2	28336983	13821.118647098541
141	-47.75652	-47.75652	-6.5965943	-47.982723	3.627482	-2.997659	-59.51657	-47.982426	0.1	28537983	13918.271587848663
142	-41.35547	-41.35547	-17.78264	-47.99565	3.621885	-4.0325155	-61.21275	-47.995487	0.3	28738983	14012.623723745346
143	-42.24524	-42.24524	-60.517662	-48.004498	3.6111617	-2.2647808	-61.8204	-48.005306	0.4	28939991	14113.86139369011
144	-47.966694	-47.966694	-26.582176	-48.021908	3.5998714	-1.481498	-61.186333	-48.021954	0.1	29140984	14209.354216575623
145	-48.499435	-48.499435	-20.047356	-48.017414	3.6201773	-2.6793478	-59.42354	-48.017414	0.1	29341991	14311.251054286957
146	-45.35874	-45.35874	-26.626726	-48.02593	3.6111012	-2.5409565	-59.123787	-48.02582	0.2	29542985	14410.025546073914
147	-40.156326	-40.156326	-21.219189	-48.047882	3.5945165	-2.9494278	-64.00656	-48.048477	0.3	29743986	14508.128597259521
148	-40.1853	-40.1853	-27.16164	-48.058216	3.5899744	-2.6663353	-63.02742	-48.05821	0.0	29944984	14608.833145618439
149	-40.531178	-40.531178	-26.91621	-48.069668	3.5644414	-2.4728575	-62.61131	-48.0697	0.4	30145987	14698.557206869125
150	-32.411358	-32.411358	-0.9648108	-48.10416	3.515306	-3.1182704	-60.588345	-48.10432	0.2	30346981	14786.971898555756
151	-50.168873	-50.168873	-21.326378	-48.09643	3.5558531	-2.976017	-62.62429	-48.096416	0.2	30547985	14881.464737415314
152	-42.20853	-42.20853	-5.2075405	-48.114704	3.5435276	-2.8727436	-59.54049	-48.114433	0.1	30748982	14979.060618638992
153	-51.341187	-51.341187	-15.649415	-48.104126	3.5595112	-2.01036	-62.129436	-48.10423	0.4	30949982	15080.188529491425
154	-37.31781	-37.31781	-8.957226	-48.11532	3.5619905	-2.22164	-61.325104	-48.115467	0.1	31150989	15175.001581430435
155	-34.238094	-34.238094	-3.9468043	-48.098118	3.5845718	-2.3247967	-62.6809	-48.098244	0.3	31351984	15268.784195661545
156	-38.037487	-38.037487	-8.758876	-48.112762	3.5660458	-2.6969914	-61.12652	-48.11305	0.4	31552983	15364.463243961334
157	-41.85224	-41.85224	-27.519354	-48.123116	3.5514822	-2.7906535	-62.04567	-48.12259	0.2	31753983	15460.79758143425
158	-40.40222	-40.40222	-10.204215	-48.139698	3.549114	-1.7122878	-64.24658	-48.1405	0.3	31954987	15554.3345348835
159	-41.868088	-41.868088	-2.763231	-48.126373	3.5860677	-2.5313997	-62.896988	-48.12639	0.1	32155991	15655.036122322083
160	-41.002716	-41.002716	-25.251642	-48.13287	3.572012	-1.7732116	-59.93066	-48.133015	0.1	32356986	15750.706560134888
161	-30.383894	-30.383894	-18.75785	-48.13266	3.5924351	-2.0680363	-59.991074	-48.132225	0.0	32557983	15846.487473487854
162	-32.267174	-32.267174	-13.913608	-48.14193	3.5741162	-2.0611892	-60.863007	-48.14178	0.2	32758981	15938.550588846207
163	-42.567516	-42.567516	-3.796991	-48.13101	3.6083562	-1.4539276	-59.716446	-48.131325	0.2	32959984	16037.48925948143
164	-45.30427	-45.30427	-0.5428267	-48.12658	3.6264973	-1.130094	-59.86642	-48.12574	0.4	33160991	16135.906881093979
165	-50.719105	-50.719105	-15.889761	-48.164078	3.5772207	-1.6765405	-60.498936	-48.16397	0.3	33361991	16230.774711608887
166	-30.194761	-30.194761	-2.3463783	-48.17651	3.5704906	-2.190376	-60.201763	-48.17624	0.4	33562983	16321.695620059967
167	-49.1936	-49.1936	-6.386145	-48.170612	3.578174	-1.600234	-62.414856	-48.171196	0.3	33763988	16417.346524953842
168	-54.024208	-54.024208	-13.22167	-48.18131	3.5706532	-1.7653313	-61.859673	-48.181732	0.3	33964991	16514.128053426743
169	-34.214367	-34.214367	-9.882065	-48.18505	3.5764227	-1.6124953	-61.209007	-48.18459	0.3	34165982	16602.3622546196
170	-33.637684	-33.637684	0.13154086	-48.189552	3.5673668	-2.6278477	-61.02286	-48.188892	0.4	34366981	16693.265410900116
171	-36.109188	-36.109188	-30.127205	-48.20169	3.5829012	-0.94230795	-62.339043	-48.201366	0.2	34567982	16786.009726285934
172	-34.990036	-34.990036	1.1964779	-48.202812	3.5740056	-0.8383577	-61.346474	-48.203247	0.5	34768988	16877.92280435562
173	-37.962006	-37.962006	-9.357781	-48.228065	3.5567856	-0.04426503	-62.82405	-48.2279	0.2	34969991	16973.40291571617
174	-40.505238	-40.505238	-11.205845	-48.230953	3.5601358	-1.0230639	-59.738647	-48.231033	0.1	35170984	17071.06524014473
175	-35.77068	-35.77068	-14.297687	-48.227882	3.5940084	-0.8221524	-62.339645	-48.22845	0.6	35371987	17163.25977063179
176	-47.512733	-47.512733	-8.262699	-48.24143	3.5527396	-2.034202	-62.221176	-48.241367	0.2	35572984	17257.16684436798
177	-38.98843	-38.98843	-17.415632	-48.253544	3.5392344	-0.59423184	-59.775677	-48.252937	0.4	35773982	17355.74977874756
178	-37.613106	-37.613106	-8.718666	-48.248802	3.5705853	-1.8737838	-62.382355	-48.248703	0.3	35974981	17445.55043411255
179	-35.59658	-35.59658	-48.7579	-48.2808	3.543421	-0.30502987	-61.503693	-48.280544	0.2	36175982	17539.24024271965
180	-42.74396	-42.74396	-6.227524	-48.273277	3.5349896	-1.1170816	-59.275295	-48.273563	0.3	36376982	17629.210631132126
181	-53.11382	-53.11382	-31.148775	-48.273434	3.5502734	-0.08913803	-60.35146	-48.273315	0.2	36577985	17725.08988213539
182	-34.815426	-34.815426	-5.6168003	-48.278965	3.5517182	0.62623906	-60.226196	-48.27905	0.7	36778988	17818.425791978836
183	-45.492813	-45.492813	4.6862073	-48.270252	3.5837119	0.5130167	-59.930206	-48.270252	0.4	36979983	17909.201649188995
184	-34.82988	-34.82988	-4.0149155	-48.296295	3.5278006	0.13106704	-62.184563	-48.296326	0.4	37180981	17997.84313583374
185	-35.442238	-35.442238	1.3394842	-48.30607	3.5491278	1.1185355	-62.540012	-48.305714	0.5	37381983	18087.815408706665
186	-34.122192	-34.122192	4.430577	-48.305443	3.5408368	0.96222544	-62.093407	-48.305313	0.4	37582991	18180.763588428497
187	-39.363663	-39.363663	-12.078788	-48.29559	3.5394263	0.2509036	-62.019474	-48.296013	0.1	37783982	18275.299520254135
188	-17.727093	-17.727093	-8.043311	-48.32082	3.5154867	2.2409847	-59.451828	-48.32084	0.3	37984981	18363.960705518723
189	-43.943275	-43.943275	-28.668316	-48.291412	3.5861912	1.2778022	-59.491592	-48.291317	0.4	38185985	18457.611347198486
190	-48.298706	-48.298706	-27.690279	-48.329285	3.5525935	0.97605777	-61.63744	-48.328888	0.4	38386983	18554.63375902176
191	-30.392082	-30.392082	-0.9495955	-48.332035	3.5618813	3.1115215	-59.975418	-48.33251	0.2	38587982	18641.81474995613
192	-36.947155	-36.947155	-14.368027	-48.330986	3.5595672	1.4674962	-59.2851	-48.331207	0.4	38788983	18732.217524528503
193	-35.52183	-35.52183	2.2217293	-48.349945	3.5399752	2.0894022	-59.759186	-48.34992	0.4	38989986	18821.95101761818
194	-33.591053	-33.591053	-2.4059346	-48.34951	3.552531	3.762153	-61.372723	-48.349792	0.2	39190983	18912.59859395027
195	-34.645233	-34.645233	-22.683804	-48.34176	3.5745208	1.6702204	-60.634075	-48.34152	0.3	39391987	19003.97891139984
196	-27.302366	-27.302366	-20.583021	-48.358265	3.5423784	1.3845396	-60.428402	-48.357662	0.3	39592989	19094.471118927002
197	-45.040817	-45.040817	-11.229211	-48.34974	3.5548422	1.3166463	-64.01732	-48.350136	0.2	39793982	19188.72660803795
198	-35.55756	-35.55756	-20.722914	-48.32276	3.6320624	2.842192	-60.003006	-48.322735	0.1	39994986	19278.613074302673
199	-41.594494	-41.594494	-2.0731623	-48.350914	3.5669749	2.2618816	-61.929333	-48.351334	0.5	40195987	19367.824022769928
200	-38.333622	-38.333622	-4.285373	-48.330433	3.609474	4.753337	-62.808647	-48.330574	0.1	40396991	19458.061749219894
201	-45.786	-45.786	-13.099347	-48.368374	3.5716045	3.2715366	-73.04601	-48.36815	0.5	40597985	19551.948338747025
202	-35.298843	-35.298843	3.724958	-48.37639	3.5617502	2.3780425	-64.02472	-48.376553	0.4	40798987	19636.46612381935
203	-28.666302	-28.666302	-5.3482323	-48.343185	3.633579	5.2118425	-63.61327	-48.3436	0.3	40999985	19727.476179599762
204	-35.354034	-35.354034	0.35489923	-48.35879	3.6178148	4.0885086	-61.957745	-48.358536	0.2	41200988	19818.08309698105
205	-40.39414	-40.39414	-14.1382	-48.36866	3.5882194	3.704149	-60.129757	-48.36902	0.1	41401984	19911.070983171463
206	-33.476727	-33.476727	-48.76118	-48.35258	3.6334312	4.3193855	-62.353268	-48.352333	0.4	41602989	20006.1762008667
207	-34.588898	-34.588898	-7.854334	-48.36514	3.6135209	3.4421315	-67.18678	-48.36503	0.1	41803987	20099.0545194149
208	-32.13376	-32.13376	-4.398566	-48.377743	3.5847538	4.300207	-62.666557	-48.37823	0.3	42004982	20190.219106435776
209	-37.35867	-37.35867	-10.713065	-48.366276	3.6292198	6.0173893	-62.846123	-48.36638	0.2	42205981	20282.906014680862
210	-46.026733	-46.026733	-8.667941	-48.372448	3.62914	3.9255848	-63.519028	-48.372566	0.3	42406987	20379.1421251297
211	-34.91061	-34.91061	2.046236	-48.389523	3.6158953	5.4365196	-62.833046	-48.389786	0.5	42607981	20474.433426380157
212	-24.433388	-24.433388	-0.41541386	-48.368645	3.6448495	7.3802476	-61.715942	-48.36823	0.3	42808982	20561.393941164017
213	-33.21504	-33.21504	-11.481261	-48.40016	3.6008003	3.6067061	-64.840324	-48.400578	0.2	43009984	20653.182780504227
214	-34.09089	-34.09089	-5.7425923	-48.394024	3.6573806	9.582617	-64.381424	-48.394684	0.1	43210981	20741.939913272858
215	-44.29459	-44.29459	0.51085204	-48.393436	3.6662033	9.415792	-61.926975	-48.393135	0.5	43411983	20831.552334070206
216	-38.31239	-38.31239	-19.343992	-48.40989	3.6026437	5.606963	-61.268467	-48.409775	0.5	43612982	20921.253727436066
217	-31.476065	-31.476065	-5.729996	-48.411823	3.6343145	6.865684	-63.722176	-48.412285	0.3	43813991	21012.485687494278
218	-39.281586	-39.281586	6.2075443	-48.41389	3.6335528	8.001773	-62.38146	-48.41358	0.4	44014987	21105.149398088455
219	-35.40199	-35.40199	-21.608294	-48.419846	3.6371236	6.3933563	-60.96966	-48.420406	0.2	44215991	21199.939462423325
220	-34.431774	-34.431774	-13.000477	-48.413376	3.6455648	11.006973	-61.40605	-48.413486	0.2	44416981	21287.694834709167
221	-43.87802	-43.87802	5.9215136	-48.40868	3.6714272	10.762943	-60.85474	-48.408558	0.5	44617991	21378.844536542892
222	-36.637035	-36.637035	-7.679768	-48.421146	3.648849	7.4646816	-61.8364	-48.420864	0.4	44818984	21469.51738667488
223	-40.734337	-40.734337	2.4089944	-48.42383	3.6522224	8.105657	-64.31427	-48.42445	0.4	45019981	21561.356007814407
224	-36.86541	-36.86541	5.5391774	-48.427303	3.6604705	9.858222	-63.811806	-48.427544	0.4	45220981	21645.64703655243
225	-27.771475	-27.771475	-1.6333606	-48.42857	3.6721835	9.583429	-61.579155	-48.428345	0.4	45421981	21737.750252008438
226	-35.293438	-35.293438	1.963303	-48.422157	3.670403	10.531071	-60.849796	-48.42223	0.3	45622983	21825.822743177414
227	-38.646465	-38.646465	6.343553	-48.43505	3.6577377	8.513749	-66.31252	-48.43538	0.3	45823991	21919.398425340652
228	-47.56471	-47.56471	2.0522497	-48.442875	3.6751552	10.467329	-64.51808	-48.443188	0.3	46024986	22014.039089679718
229	-42.243946	-42.243946	-16.029982	-48.437054	3.663503	11.240865	-63.379047	-48.437153	0.7	46225983	22105.540662765503
230	-31.001738	-31.001738	-25.828009	-48.444805	3.6891544	10.75366	-62.48302	-48.444862	0.2	46426981	22196.553122758865
231	-47.427933	-47.427933	2.351079	-48.42727	3.7192678	11.0560055	-63.133656	-48.42738	0.4	46627984	22289.112262010574
232	-37.927704	-37.927704	3.8119638	-48.46257	3.6679122	16.046041	-61.126312	-48.46243	0.4	46828983	22380.396450042725
233	-30.310308	-30.310308	-5.457462	-48.472496	3.6584382	10.378459	-67.51315	-48.472866	0.4	47029981	22469.02213859558
234	-34.76618	-34.76618	4.3527226	-48.45128	3.6947224	14.340302	-63.95867	-48.4519	0.3	47230983	22560.062502145767
235	-37.654224	-37.654224	-14.918292	-48.464767	3.6796107	11.458749	-59.80222	-48.464546	0.4	47431985	22655.812229394913
236	-43.602352	-43.602352	-8.061911	-48.45356	3.711669	10.558327	-60.285725	-48.453697	0.5	47632991	22755.27118086815
237	-37.38726	-37.38726	-4.3440166	-48.45653	3.718869	9.370147	-65.89975	-48.456524	0.4	47833982	22849.300974607468
238	-38.37104	-38.37104	-1.1753278	-48.45649	3.7027166	12.559561	-64.435974	-48.456615	0.2	48034981	22946.7325091362
239	-23.621021	-23.621021	4.3563313	-48.45192	3.7123158	12.53138	-61.157234	-48.452248	0.1	48235986	23033.645241737366
240	-37.75759	-37.75759	-23.432014	-48.450893	3.7341895	19.667732	-64.596016	-48.450665	0.2	48436985	23127.90918469429
241	-47.386803	-47.386803	6.484877	-48.45976	3.7240112	10.704354	-64.540054	-48.459732	0.7	48637986	23223.709326028824
242	-40.64778	-40.64778	-1.066917	-48.465572	3.71032	13.340217	-60.78953	-48.466225	0.2	48838981	23312.58641242981
243	-37.609615	-37.609615	4.632775	-48.47923	3.7079384	17.144653	-65.74483	-48.478718	0.4	49039985	23402.675480127335
244	-28.228453	-28.228453	-26.838835	-48.47969	3.668553	13.077923	-63.675186	-48.47989	0.4	49240986	23493.144991397858
245	-39.80899	-39.80899	-26.401894	-48.469826	3.7665863	17.170485	-67.59771	-48.469906	0.1	49441984	23588.478083133698
246	-35.488087	-35.488087	-12.131158	-48.472893	3.7362447	10.833931	-66.53928	-48.47287	0.7	49642985	23679.793187856674
247	-43.979496	-43.979496	-3.5528173	-48.480545	3.7467868	11.386592	-62.82372	-48.480232	0.3	49843991	23772.65026116371
248	-34.423534	-34.423534	-23.151232	-48.48041	3.7401106	10.993717	-62.351963	-48.480278	0.2	50044985	23863.61270260811
249	-31.0125	-31.0125	-1.681934	-48.47775	3.7330525	9.83763	-63.08716	-48.477757	0.5	50245986	23949.07368993759
250	-35.374138	-35.374138	-7.107057	-48.49139	3.6937757	11.466407	-62.247223	-48.491386	0.1	50446991	24043.09449696541
251	-36.08447	-36.08447	1.5872611	-48.477676	3.7624826	14.242298	-67.28487	-48.477238	0.2	50647983	24134.015189886093
252	-37.257797	-37.257797	-19.494167	-48.474	3.765737	21.085356	-68.13851	-48.47443	0.3	50848981	24222.546475172043
253	-37.16848	-37.16848	8.338468	-48.478577	3.7750773	17.39229	-64.95917	-48.478554	0.7	51049987	24316.98760652542
254	-45.17065	-45.17065	1.4778724	-48.482468	3.7732153	13.946743	-64.28746	-48.4823	0.4	51250982	24408.579026937485
255	-36.555893	-36.555893	-29.514185	-48.49238	3.7620745	14.61656	-63.62226	-48.492485	0.3	51451982	24502.92828989029
256	-46.47493	-46.47493	0.4522069	-48.50077	3.7223966	22.119524	-65.077805	-48.50006	0.1	51652989	24596.162845134735
257	-39.606842	-39.606842	1.0858849	-48.498543	3.7803562	12.7448635	-61.9682	-48.498978	0.3	51853991	24690.589510202408
258	-39.774635	-39.774635	4.5714083	-48.491425	3.8031209	24.614689	-72.401535	-48.4914	0.3	52054988	24779.979277849197
259	-40.30597	-40.30597	-0.6117976	-48.49219	3.7535877	13.273503	-64.033554	-48.492077	0.5	52255987	24869.62711596489
260	-26.126963	-26.126963	2.6742601	-48.50006	3.776455	16.847519	-62.987076	-48.49975	0.5	52456987	24955.67219042778
261	-29.011604	-29.011604	-9.8858595	-48.48719	3.7849853	13.69002	-61.62297	-48.4872	0.5	52657988	25048.02519607544
262	-40.70836	-40.70836	4.5926704	-48.482143	3.8110847	22.292887	-60.065502	-48.4823	0.4	52858981	25133.22220158577
263	-34.76493	-34.76493	7.90638	-48.50424	3.7707133	12.049076	-63.842453	-48.504154	0.5	53059984	25225.620401620865
264	-33.984222	-33.984222	6.746818	-48.497196	3.7897232	20.628384	-62.257137	-48.49684	0.4	53260991	25320.540009975433
265	-28.222906	-28.222906	-5.266105	-48.502377	3.742066	20.11853	-62.513927	-48.502632	0.3	53461991	25412.925692796707
266	-33.621788	-33.621788	4.42038	-48.49028	3.794496	20.209736	-60.55045	-48.490055	0.3	53662991	25504.097144126892
267	-38.274666	-38.274666	-5.077666	-48.49663	3.7752163	18.218266	-60.340633	-48.496395	0.5	53863987	25595.65930700302
268	-48.473545	-48.473545	3.4007978	-48.49495	3.8126433	17.545195	-60.349075	-48.49496	0.3	54064985	25692.55022740364
269	-29.977873	-29.977873	-16.120354	-48.488956	3.8000128	12.652618	-62.25978	-48.489	0.2	54265982	25783.19458580017
270	-48.831493	-48.831493	0.8232452	-48.482086	3.8603718	16.014435	-61.60147	-48.4819	0.4	54466982	25875.654709339142
271	-32.53702	-32.53702	-3.2745895	-48.479137	3.849294	16.959454	-62.276356	-48.4793	0.5	54667985	25963.09366130829
272	-36.876278	-36.876278	2.845129	-48.484734	3.8190079	17.012098	-62.209476	-48.48478	0.3	54868981	26051.10906100273
273	-35.85288	-35.85288	2.2994273	-48.485813	3.8416383	15.88408	-61.31498	-48.485607	0.5	55069989	26139.101318120956
274	-44.951973	-44.951973	-0.15396847	-48.499046	3.7991004	24.10307	-61.650875	-48.499313	0.3	55270981	26230.385666370392
275	-53.315933	-53.315933	-1.066306	-48.49725	3.823044	24.920929	-62.68363	-48.497322	0.3	55471985	26325.65517807007
276	-34.39413	-34.39413	3.8556643	-48.504242	3.7967634	19.0942	-61.292423	-48.504066	0.4	55672991	26416.640726804733
277	-30.315474	-30.315474	-0.98955095	-48.493813	3.859768	22.930912	-64.93707	-48.4937	0.4	55873987	26509.739723682404
278	-28.142986	-28.142986	-3.3197837	-48.490395	3.8329275	16.614674	-63.914265	-48.490437	0.2	56074987	26596.23539209366
279	-38.031578	-38.031578	4.275025	-48.489594	3.8708746	14.796669	-61.83598	-48.489857	0.2	56275985	26685.143297195435
280	-46.154953	-46.154953	-26.97125	-48.489414	3.8548887	13.837715	-61.87101	-48.489204	0.4	56476982	26779.564038276672
281	-37.178253	-37.178253	-7.477761	-48.507473	3.8464053	12.339605	-65.80462	-48.507225	0.5	56677981	26874.003647327423
282	-32.917572	-32.917572	3.3769712	-48.49282	3.8519697	19.726349	-63.05725	-48.492973	0.2	56878991	26968.017122507095
283	-37.746986	-37.746986	4.873149	-48.50474	3.84196	15.702017	-65.66595	-48.505054	0.6	57079984	27058.61479473114
284	-46.110023	-46.110023	-18.93989	-48.502853	3.878971	14.840137	-62.83419	-48.502403	0.2	57280983	27153.250849485397
285	-26.355759	-26.355759	-14.209435	-48.51165	3.8340352	20.573448	-61.78366	-48.51124	0.1	57481982	27246.910720586777
286	-34.83163	-34.83163	-3.6247308	-48.501564	3.8661094	19.707695	-65.13718	-48.50233	0.4	57682983	27340.157309770584
287	-30.994238	-30.994238	1.9364909	-48.497795	3.8639798	20.477104	-63.99061	-48.497818	0.4	57883991	27430.343524217606
288	-32.52011	-32.52011	-16.016905	-48.492584	3.8827682	18.731926	-62.704445	-48.49287	0.4	58084991	27523.292435646057
289	-40.17865	-40.17865	-18.71006	-48.511986	3.8178108	17.934038	-66.38682	-48.511635	0.3	58285991	27619.696974515915
290	-35.314095	-35.314095	4.009334	-48.50343	3.8883746	28.023588	-63.219482	-48.503395	0.3	58486985	27711.25884079933
291	-39.829422	-39.829422	3.5966072	-48.496555	3.8948536	17.297066	-62.538364	-48.496708	0.4	58687986	27808.70237493515
292	-33.8586	-33.8586	7.9990177	-48.498196	3.8856475	12.459583	-64.75643	-48.49825	0.4	58888985	27900.04937362671
293	-33.576614	-33.576614	-0.7208742	-48.515957	3.8267384	13.32447	-64.65232	-48.515976	0.4	59089985	27984.87548851967
294	-43.131344	-43.131344	2.2912445	-48.51343	3.8496726	28.635212	-60.999153	-48.51353	0.1	59290987	28074.15948700905
295	-30.215567	-30.215567	-3.8597755	-48.518044	3.8537471	30.079727	-63.10335	-48.518307	0.4	59491991	28164.956827163696
296	-26.911476	-26.911476	-22.422632	-48.499718	3.9118276	15.824539	-64.44822	-48.500015	0.3	59692989	28253.835453271866
297	-34.428513	-34.428513	0.27592972	-48.494877	3.9218192	19.521124	-64.56918	-48.49474	0.4	59893981	28345.73919892311
298	-36.567726	-36.567726	-16.21616	-48.502872	3.9063408	12.919551	-70.90224	-48.503418	0.5	60094991	28434.254905223846
299	-38.160988	-38.160988	3.187378	-48.4988	3.8888464	14.623095	-71.09964	-48.49875	0.3	60295981	28525.747584581375
