Epoch	EpRet	EpRealRet	TestEpRet	AverageQ1	StdQ1	MaxQ1	MinQ1	Q2	TestSuccess	TotalEnvInteracts	TotalTime
0	-116.857635	-116.857635	-11.82877	-35.81311	16.03832	11.071011	-150.15509	-35.81989	0.0	196981	90.0381236076355
1	-114.56495	-114.56495	-33.500546	-47.728745	7.0442133	2.1223173	-77.662926	-47.729176	0.0	397982	178.8226351737976
2	-115.10581	-115.10581	-9.843089	-48.9122	5.184372	1.3049558	-77.09923	-48.91271	0.0	598981	267.8362948894501
3	-114.26479	-114.26479	-32.008907	-49.171135	4.4415655	2.294435	-65.993065	-49.17113	0.0	799982	357.22355556488037
4	-116.022255	-116.022255	-27.255287	-49.387592	3.7907336	3.0837228	-76.79828	-49.387505	0.0	1000985	448.6917576789856
5	-118.50121	-118.50121	-31.960295	-49.36903	2.9352937	1.5535516	-63.04996	-49.368717	0.0	1201984	538.9801957607269
6	-115.86342	-115.86342	-10.936181	-49.291393	3.6128755	2.7624328	-56.30906	-49.29146	0.0	1402981	629.2583754062653
7	-116.64124	-116.64124	-10.271598	-49.379093	3.4018922	2.9931867	-61.828987	-49.37887	0.0	1603982	718.5431926250458
8	-116.520355	-116.520355	-17.418516	-49.422764	3.007357	1.6556944	-56.104263	-49.422523	0.0	1804981	807.6443934440613
9	-120.76225	-120.76225	-21.914087	-49.5712	2.2561755	-7.5584865	-60.525352	-49.57108	0.0	2005981	896.361896276474
10	-120.936325	-120.936325	-9.387506	-49.661137	1.8374162	-14.676085	-61.598255	-49.661064	0.0	2206981	984.9831733703613
11	-109.41784	-109.41784	-18.211885	-49.74119	1.5396339	-15.926434	-56.501747	-49.74119	0.0	2407981	1074.7757613658905
12	-106.285995	-106.285995	-15.374613	-49.76051	1.4214183	-20.414724	-61.440083	-49.76037	0.0	2608981	1163.5864944458008
13	-108.030975	-108.030975	-4.0076656	-49.740784	1.5170496	-16.015055	-54.375908	-49.74077	0.0	2809981	1252.2170085906982
14	-105.22572	-105.22572	-1.6511765	-49.755363	1.5125577	-16.093786	-54.53034	-49.755302	0.0	3010981	1341.4008910655975
15	-114.923546	-114.923546	-1.3899626	-49.779034	1.4577429	-15.340985	-53.86908	-49.779026	0.0	3211984	1431.3213300704956
16	-115.71262	-115.71262	-9.71889	-49.797577	1.3528548	-17.24561	-54.20104	-49.79754	0.0	3412981	1523.389545917511
17	-108.49371	-108.49371	-13.351007	-49.827682	1.1887594	-18.64114	-53.57986	-49.827656	0.0	3613981	1611.6548018455505
18	-118.80312	-118.80312	-38.0804	-49.855183	1.0220662	-23.952667	-54.62139	-49.85518	0.0	3814985	1700.513064622879
19	-118.53408	-118.53408	-11.976978	-49.864388	0.9474356	-27.318584	-53.991596	-49.864212	0.0	4015984	1792.979362487793
20	-117.93786	-117.93786	-15.886257	-49.855495	0.98530483	-25.613646	-77.35119	-49.85553	0.0	4216981	1882.713768005371
21	-115.20037	-115.20037	-6.498172	-49.84509	1.0607632	-23.201836	-57.5393	-49.845062	0.0	4417982	1973.2947313785553
22	-115.1113	-115.1113	-18.200861	-49.84624	1.0160997	-24.246609	-59.312256	-49.846256	0.0	4618981	2062.083470582962
23	-115.69957	-115.69957	-15.144873	-49.838413	1.0321847	-25.652967	-59.26441	-49.838314	0.0	4819982	2153.5667378902435
24	-116.606316	-116.606316	-6.984255	-49.83915	1.0337254	-26.685204	-53.56279	-49.839123	0.0	5020981	2244.0856528282166
25	-119.25046	-119.25046	-21.532701	-49.8379	1.0415471	-24.421337	-56.181835	-49.837917	0.0	5221982	2333.4849560260773
26	-117.53227	-117.53227	-24.087091	-49.829624	1.0896199	-21.545221	-55.57563	-49.82971	0.0	5422983	2423.0697281360626
27	-110.88139	-110.88139	-32.74169	-49.82617	1.0881835	-22.925009	-57.558548	-49.826218	0.0	5623981	2512.0545761585236
28	-116.572655	-116.572655	-15.996471	-49.821754	1.1206957	-23.736824	-61.922447	-49.82173	0.0	5824983	2601.7048461437225
29	-113.74263	-113.74263	-6.7698317	-49.812954	1.1750647	-19.864456	-56.08131	-49.8129	0.0	6025983	2689.9904499053955
30	-108.56854	-108.56854	-11.358491	-49.80339	1.2249969	-18.724829	-53.75331	-49.803497	0.0	6226984	2779.6565775871277
31	-110.85122	-110.85122	-22.380142	-49.800045	1.2214044	-17.746119	-53.21485	-49.80015	0.0	6427984	2867.8624455928802
32	-113.689735	-113.689735	-9.938823	-49.796474	1.209732	-19.17493	-59.95788	-49.796513	0.0	6628983	2957.36035323143
33	-111.54321	-111.54321	-15.473798	-49.78478	1.2344278	-17.553625	-66.332436	-49.784744	0.0	6829981	3046.0134930610657
34	-108.79635	-108.79635	-12.69802	-49.77411	1.2993736	-17.276678	-53.638657	-49.774002	0.0	7030983	3135.0466318130493
35	-109.043625	-109.043625	-8.858798	-49.77011	1.3200268	-15.520784	-57.253616	-49.77004	0.0	7231983	3224.999477624893
36	-115.63727	-115.63727	-11.43267	-49.766113	1.3354988	-18.204008	-55.857594	-49.76611	0.0	7432981	3315.0495295524597
37	-108.13974	-108.13974	-9.728965	-49.77931	1.2585179	-19.151175	-55.63458	-49.779327	0.0	7633981	3404.3380329608917
38	-116.193184	-116.193184	-12.427886	-49.77544	1.257375	-21.139124	-58.085644	-49.775566	0.0	7834983	3493.6542320251465
39	-116.74194	-116.74194	-5.1900134	-49.779575	1.2266617	-23.128527	-57.322784	-49.77955	0.0	8035982	3584.341208457947
40	-113.56797	-113.56797	-8.017104	-49.775604	1.2432427	-24.142025	-58.051373	-49.7756	0.0	8236981	3675.621536254883
41	-113.98585	-113.98585	-13.452448	-49.775787	1.2269621	-23.7462	-57.018417	-49.77575	0.0	8437981	3765.1767163276672
42	-112.78862	-112.78862	-14.500329	-49.77861	1.2045146	-27.505539	-56.244526	-49.77862	0.0	8638983	3857.507712125778
43	-111.85947	-111.85947	-8.89988	-49.778477	1.1979551	-29.631334	-54.3603	-49.778522	0.0	8839981	3947.6422588825226
44	-109.442215	-109.442215	-9.10002	-49.77533	1.2111524	-30.048264	-54.672646	-49.77535	0.0	9040984	4036.610040664673
45	-116.04253	-116.04253	-11.037513	-49.77512	1.2005684	-29.913393	-56.726864	-49.774994	0.0	9241982	4125.177818536758
46	-113.808105	-113.808105	-7.605713	-49.773922	1.2005627	-31.136965	-54.75848	-49.773994	0.0	9442981	4213.9287321567535
47	-110.1085	-110.1085	-0.705607	-49.764473	1.2221265	-31.345566	-56.276173	-49.76431	0.0	9643983	4303.082005977631
48	-110.42634	-110.42634	-9.997681	-49.762486	1.2251697	-32.67658	-58.544956	-49.762424	0.0	9844981	4394.963155031204
49	-116.10571	-116.10571	-6.7189074	-49.759396	1.2307482	-32.64848	-62.53418	-49.759415	0.0	10045983	4483.618645429611
50	-116.34047	-116.34047	-8.660184	-49.764206	1.2122574	-34.237926	-55.749226	-49.764225	0.0	10246982	4573.702158689499
51	-116.27354	-116.27354	-6.1918025	-49.760918	1.2211471	-33.296898	-56.880844	-49.76095	0.0	10447981	4666.120073318481
52	-114.78862	-114.78862	-17.020042	-49.75959	1.2226466	-31.681625	-57.012184	-49.759697	0.0	10648982	4754.419148445129
53	-112.86273	-112.86273	-29.705935	-49.75367	1.2372082	-32.152367	-56.667717	-49.753754	0.0	10849981	4844.437038183212
54	-111.55685	-111.55685	-21.920057	-49.74795	1.2490318	-29.1373	-57.268383	-49.747955	0.0	11050981	4935.092232942581
55	-118.59559	-118.59559	-11.924145	-49.74107	1.2748992	-28.276691	-55.53158	-49.74118	0.0	11251982	5026.157593488693
56	-112.29911	-112.29911	-15.735422	-49.738	1.2916727	-28.207634	-59.51484	-49.737934	0.0	11452984	5114.85853600502
57	-113.61643	-113.61643	-5.061527	-49.74108	1.2811465	-28.15816	-56.28454	-49.74124	0.0	11653988	5204.377049207687
58	-115.80082	-115.80082	-22.789003	-49.738728	1.2906716	-26.921297	-56.865578	-49.738632	0.0	11854983	5293.700633049011
59	-120.347626	-120.347626	-10.336396	-49.73943	1.2790986	-26.160515	-55.042637	-49.739372	0.0	12055982	5384.210988283157
60	-111.55441	-111.55441	-2.6238537	-49.733204	1.3009582	-25.772942	-55.442398	-49.73326	0.0	12256982	5475.847093820572
61	-113.74658	-113.74658	-9.107652	-49.72722	1.312253	-26.384247	-56.73289	-49.72737	0.0	12457981	5565.213910102844
62	-116.70343	-116.70343	-6.5798764	-49.728035	1.308411	-28.391819	-55.174026	-49.72792	0.0	12658983	5653.950850486755
63	-114.75674	-114.75674	-9.38683	-49.716652	1.3379602	-29.605782	-54.9734	-49.716652	0.0	12859981	5743.549312114716
64	-107.21841	-107.21841	-13.201621	-49.714493	1.346686	-28.408493	-56.47934	-49.714497	0.0	13060982	5832.051933050156
65	-116.38784	-116.38784	-12.7739315	-49.713005	1.3504204	-28.047873	-56.434223	-49.713303	0.0	13261982	5923.026926040649
66	-119.62846	-119.62846	-15.958337	-49.71489	1.3341628	-27.840498	-56.498207	-49.714813	0.0	13462982	6012.238559007645
67	-112.02971	-112.02971	-8.162623	-49.71487	1.3268331	-27.679169	-58.414036	-49.714996	0.0	13663983	6103.424678564072
68	-111.34209	-111.34209	-11.804998	-49.714687	1.329933	-26.8786	-57.944775	-49.71475	0.0	13864981	6194.525462627411
69	-110.26703	-110.26703	-3.3250573	-49.713917	1.3348702	-27.489763	-53.2545	-49.713955	0.0	14065983	6285.378882884979
70	-112.40985	-112.40985	-15.573364	-49.714832	1.3392612	-27.040941	-54.63719	-49.714878	0.0	14266981	6374.544169664383
71	-114.119354	-114.119354	-12.848995	-49.718487	1.3320318	-27.65563	-57.011047	-49.718445	0.0	14467981	6465.810346603394
72	-115.89123	-115.89123	-6.7220006	-49.715168	1.3442847	-28.35523	-57.93538	-49.71511	0.0	14668982	6557.529252290726
73	-114.728546	-114.728546	-3.6304095	-49.716675	1.331262	-28.997648	-56.53629	-49.716797	0.0	14869981	6659.032218456268
74	-111.0844	-111.0844	-5.755441	-49.71105	1.3474511	-28.990788	-55.019867	-49.71113	0.0	15070985	6754.064692735672
75	-107.607025	-107.607025	-3.7675376	-49.709866	1.351515	-29.629274	-55.721203	-49.709854	0.0	15271981	6847.665719270706
76	-111.79265	-111.79265	-21.954151	-49.706078	1.3592058	-30.553493	-55.095413	-49.70613	0.0	15472982	6938.186257362366
77	-114.10305	-114.10305	-12.520565	-49.70667	1.3569292	-31.237423	-55.747208	-49.70656	0.0	15673984	7028.071581602097
78	-116.664345	-116.664345	-10.728441	-49.705605	1.354664	-31.077822	-55.78486	-49.705624	0.0	15874981	7117.8551688194275
79	-120.49507	-120.49507	-8.071713	-49.70586	1.3531018	-31.383951	-56.18947	-49.705875	0.0	16075983	7208.223981380463
80	-119.142166	-119.142166	-8.236327	-49.7034	1.3568913	-30.73233	-57.368896	-49.70339	0.0	16276982	7298.40555357933
81	-111.979454	-111.979454	-11.922807	-49.70204	1.3586259	-29.843225	-55.072044	-49.702007	0.0	16477982	7387.358298540115
82	-110.06432	-110.06432	-13.746736	-49.696987	1.3696486	-30.073193	-55.19071	-49.697014	0.0	16678983	7476.448333978653
83	-110.40541	-110.40541	-0.16637386	-49.694965	1.3657047	-31.535378	-57.722214	-49.69503	0.0	16879981	7566.031808614731
84	-112.36238	-112.36238	-13.913034	-49.68423	1.390343	-32.620853	-53.138653	-49.684155	0.0	17080983	7654.894322633743
85	-113.324844	-113.324844	-2.5506232	-49.68198	1.3973475	-32.896496	-53.45958	-49.682014	0.0	17281983	7746.151003837585
86	-118.39823	-118.39823	-4.4513626	-49.67503	1.4167422	-33.23414	-55.580864	-49.675045	0.0	17482983	7836.265173196793
87	-117.7152	-117.7152	-14.472504	-49.676315	1.4112792	-34.251007	-56.539852	-49.676403	0.0	17683983	7924.883057594299
88	-111.77979	-111.77979	-14.157511	-49.66899	1.4250968	-34.232098	-57.262478	-49.668926	0.0	17884981	8012.821597099304
89	-111.95568	-111.95568	-17.454649	-49.66404	1.4388468	-34.832	-53.013664	-49.66397	0.0	18085982	8102.289816379547
90	-116.24703	-116.24703	0.6996688	-49.66091	1.4475482	-34.863678	-55.042927	-49.66093	0.0	18286981	8192.422438144684
91	-119.05761	-119.05761	-10.170594	-49.658188	1.4565992	-36.23203	-58.25434	-49.658237	0.0	18487983	8282.85331773758
92	-110.955574	-110.955574	-16.55169	-49.65375	1.4671367	-35.976574	-52.90882	-49.653637	0.0	18688984	8371.60576581955
93	-112.576965	-112.576965	-10.225593	-49.65156	1.4713295	-34.938095	-54.67317	-49.65155	0.0	18889983	8461.774219036102
94	-113.82486	-113.82486	-9.306479	-49.649734	1.4806135	-33.297108	-53.991673	-49.649616	0.0	19090988	8552.675836086273
95	-114.74678	-114.74678	-6.0200877	-49.640053	1.5063851	-32.440254	-53.935112	-49.64015	0.0	19291982	8641.34634757042
96	-115.87992	-115.87992	-11.303963	-49.641956	1.5037324	-33.104034	-54.534985	-49.641994	0.0	19492983	8731.644222974777
97	-117.67027	-117.67027	-5.944862	-49.64396	1.4974834	-34.720806	-56.913277	-49.643997	0.0	19693983	8821.160474777222
98	-111.203125	-111.203125	-18.325354	-49.63994	1.5083485	-35.76708	-53.20222	-49.63997	0.0	19894981	8910.728574514389
99	-110.5661	-110.5661	-7.8182325	-49.642944	1.5022968	-35.603886	-54.643215	-49.642906	0.0	20095985	9000.531130552292
100	-118.49842	-118.49842	-27.715452	-49.637638	1.5110799	-36.02828	-55.51038	-49.637638	0.0	20296983	9089.671796798706
101	-113.946625	-113.946625	-4.8320675	-49.633884	1.5200057	-34.689075	-52.99611	-49.634007	0.0	20497982	9180.899832487106
102	-110.961975	-110.961975	-7.475572	-49.639847	1.5037185	-36.237823	-62.813602	-49.63984	0.0	20698984	9272.163480520248
103	-114.15903	-114.15903	-3.681079	-49.635735	1.5112196	-35.967037	-58.826893	-49.63576	0.0	20899981	9363.993260383606
104	-110.685	-110.685	-8.341857	-49.63273	1.5185314	-34.121296	-53.81261	-49.63295	0.0	21100986	9455.621641874313
105	-115.98034	-115.98034	-9.75019	-49.63085	1.5217991	-35.1771	-54.6141	-49.630898	0.0	21301982	9544.404565095901
106	-121.780975	-121.780975	-22.93812	-49.630165	1.5270658	-32.78566	-55.063114	-49.6301	0.0	21502982	9633.427146196365
107	-113.00545	-113.00545	-9.376373	-49.63077	1.5273805	-34.541275	-53.550575	-49.63085	0.0	21703984	9723.308881282806
108	-118.873886	-118.873886	3.5686486	-49.629814	1.5269002	-33.535316	-55.313072	-49.629967	0.0	21904983	9814.510387897491
109	-115.36765	-115.36765	-4.457892	-49.629993	1.5289866	-32.15622	-57.053055	-49.62991	0.0	22105983	9903.027721881866
110	-113.86794	-113.86794	-16.522547	-49.62547	1.5392603	-32.06054	-57.199894	-49.625526	0.0	22306981	9993.06005525589
111	-110.953545	-110.953545	-10.496532	-49.626186	1.5369964	-31.912151	-55.72396	-49.626198	0.0	22507984	10082.796034097672
112	-120.17656	-120.17656	-18.34774	-49.62546	1.5398785	-33.137917	-55.983795	-49.625523	0.0	22708983	10173.682894945145
113	-119.788445	-119.788445	0.3402185	-49.62072	1.5494126	-31.046764	-54.84829	-49.62066	0.0	22909981	10264.367435455322
114	-116.72454	-116.72454	-10.054486	-49.617672	1.5587075	-32.358818	-54.43611	-49.61774	0.0	23110982	10354.268176555634
115	-117.21418	-117.21418	-8.231939	-49.622894	1.5510291	-33.151394	-55.42769	-49.623085	0.0	23311981	10443.917749643326
116	-116.538376	-116.538376	-8.707402	-49.615288	1.5657334	-32.54789	-53.708076	-49.615208	0.0	23512981	10535.689536809921
117	-117.53477	-117.53477	0.7509991	-49.618465	1.5585817	-32.01859	-53.826645	-49.618507	0.0	23713984	10625.138704538345
118	-113.63299	-113.63299	1.954769	-49.615784	1.5684302	-31.328913	-53.803078	-49.615784	0.0	23914981	10714.638379335403
119	-117.3517	-117.3517	-7.1551423	-49.61509	1.5697795	-31.266102	-55.216297	-49.615093	0.0	24115982	10803.69587302208
120	-111.66362	-111.66362	-6.703743	-49.615788	1.5712627	-32.68954	-57.944984	-49.615833	0.0	24316981	10892.959263563156
121	-115.04326	-115.04326	-12.250583	-49.61434	1.5730697	-32.895435	-56.458885	-49.614326	0.0	24517985	10981.678339004517
122	-114.0718	-114.0718	-12.072855	-49.61345	1.5725851	-32.44664	-55.96303	-49.613552	0.0	24718983	11071.681135177612
123	-114.94971	-114.94971	-1.561226	-49.61217	1.5741892	-31.411882	-55.3115	-49.61222	0.0	24919981	11160.84516620636
124	-111.819534	-111.819534	-8.3088045	-49.613293	1.5737323	-30.821789	-56.746845	-49.613316	0.0	25120983	11249.66383433342
125	-110.19143	-110.19143	-12.660986	-49.61214	1.572368	-29.675682	-53.639206	-49.612305	0.0	25321981	11341.732555866241
126	-113.15928	-113.15928	-0.70809716	-49.61272	1.5719396	-29.685955	-54.990673	-49.61277	0.0	25522982	11429.783026456833
127	-119.70456	-119.70456	-10.077895	-49.61616	1.5640943	-32.506348	-55.709957	-49.616127	0.0	25723983	11519.102907896042
128	-119.0706	-119.0706	-0.9439424	-49.610085	1.5768223	-32.82516	-54.736736	-49.610027	0.0	25924986	11606.856305122375
129	-114.64897	-114.64897	-2.5107596	-49.60575	1.5855953	-31.748026	-58.943604	-49.605984	0.0	26125983	11696.323604822159
130	-117.76999	-117.76999	-9.058429	-49.60791	1.5792739	-31.641642	-58.1601	-49.6078	0.0	26326985	11788.023242473602
131	-115.557686	-115.557686	-17.352028	-49.606537	1.5814835	-33.031326	-54.196968	-49.606663	0.0	26527983	11876.010005235672
132	-115.55239	-115.55239	-34.24538	-49.605705	1.5847309	-33.405743	-57.098595	-49.605732	0.0	26728982	11964.795762300491
133	-115.369865	-115.369865	0.63335043	-49.602695	1.5891433	-34.764553	-53.913868	-49.602673	0.0	26929986	12053.44308924675
134	-116.14752	-116.14752	-2.8072474	-49.58433	1.6314863	-33.047115	-55.193516	-49.584534	0.0	27130985	12142.296149492264
135	-117.52444	-117.52444	-7.37292	-49.55541	1.7103051	-31.901905	-56.09561	-49.55535	0.0	27331989	12231.046316862106
136	-115.62398	-115.62398	-2.1234643	-49.54815	1.7645469	-15.951288	-55.282413	-49.548233	0.0	27532983	12320.86148238182
137	-119.503586	-119.503586	-2.4059186	-49.557217	1.7493432	-5.96933	-54.417572	-49.557304	0.0	27733982	12409.749260902405
138	-115.10815	-115.10815	-5.9918547	-49.55223	1.7786359	-0.5458591	-56.30708	-49.55231	0.0	27934983	12498.649281978607
139	-114.84975	-114.84975	0.20463324	-49.550552	1.7917461	0.25935674	-54.900616	-49.550526	0.0	28135983	12587.834745883942
140	-112.48151	-112.48151	-14.620172	-49.565517	1.734442	0.6496887	-55.481857	-49.565514	0.0	28336981	12676.203096866608
141	-118.09116	-118.09116	-14.333384	-49.559757	1.7411251	1.6143774	-54.35386	-49.559658	0.0	28537981	12766.750907421112
142	-124.405075	-124.405075	-11.7427025	-49.555046	1.769938	1.0679778	-57.444817	-49.55492	0.0	28738983	12856.622445344925
143	-120.004616	-120.004616	-24.137901	-49.54505	1.8017303	1.834321	-55.721504	-49.54509	0.0	28939986	12944.422473669052
144	-114.32687	-114.32687	-33.355137	-49.549755	1.791847	2.6425264	-54.68345	-49.54973	0.0	29140983	13034.510961055756
145	-120.29792	-120.29792	-8.589686	-49.535973	1.8401908	1.3073226	-55.670437	-49.535824	0.0	29341982	13123.756204366684
146	-121.18569	-121.18569	-33.738194	-49.538643	1.8472106	2.3158927	-56.340805	-49.53841	0.0	29542986	13214.626484155655
147	-121.232666	-121.232666	-25.53406	-49.534508	1.8848785	2.1564856	-55.6042	-49.5344	0.0	29743983	13304.284889221191
148	-121.60047	-121.60047	-30.233992	-49.531586	1.9153973	1.8324515	-56.589878	-49.531525	0.0	29944984	13392.981699466705
149	-108.47192	-108.47192	-19.189886	-49.509094	1.953973	2.4346914	-55.168324	-49.50903	0.1	30145982	13481.6148250103
150	-120.0062	-120.0062	-6.5497823	-49.463264	2.083956	2.760538	-56.57898	-49.463158	0.0	30346984	13570.368724822998
151	-113.79807	-113.79807	-23.885649	-49.452385	2.1458752	1.8201042	-57.10425	-49.45236	0.0	30547982	13658.651282548904
152	-117.765335	-117.765335	-25.531527	-49.480476	2.0855293	2.8108091	-57.385944	-49.480335	0.0	30748981	13747.78773856163
153	-119.41099	-119.41099	-15.623181	-49.498314	2.0662787	2.5160913	-55.06169	-49.498096	0.0	30949981	13839.33714389801
154	-121.68977	-121.68977	-27.452673	-49.505733	2.0168614	4.039784	-53.907944	-49.50564	0.0	31150986	13927.740690946579
155	-118.79748	-118.79748	-37.280876	-49.50873	2.018798	5.458178	-55.914585	-49.50849	0.0	31351981	14017.556488752365
156	-120.38054	-120.38054	-33.682636	-49.50393	2.0420403	7.420118	-56.695477	-49.503716	0.0	31552982	14107.04050540924
157	-122.65619	-122.65619	-18.893238	-49.508224	2.0156562	9.011229	-55.852272	-49.507763	0.0	31753981	14196.939520835876
158	-115.55628	-115.55628	-15.766923	-49.48632	2.1230235	7.4591136	-57.337673	-49.486126	0.1	31954989	14287.897190332413
159	-125.83511	-125.83511	-29.076075	-49.490532	2.1155758	8.162025	-55.075188	-49.490395	0.1	32155981	14377.424594163895
160	-124.67118	-124.67118	-49.017433	-49.493988	2.1114924	8.320654	-54.776417	-49.49385	0.1	32356983	14466.73235154152
161	-128.19804	-128.19804	-27.620337	-49.50063	2.0995877	11.455242	-54.87317	-49.50043	0.1	32557981	14556.284412384033
162	-117.49595	-117.49595	-17.041773	-49.513645	2.0334754	10.419616	-54.65489	-49.5133	0.1	32758981	14645.566012859344
163	-127.09431	-127.09431	-16.960907	-49.516926	2.019986	10.077879	-54.25318	-49.51662	0.0	32959982	14734.481300354004
164	-121.13059	-121.13059	-13.12239	-49.51601	2.041019	8.014281	-56.293484	-49.515755	0.1	33160981	14824.74773478508
165	-123.88643	-123.88643	-31.563255	-49.51796	2.0224376	5.1736274	-55.12722	-49.517742	0.0	33361982	14915.688695669174
166	-123.17202	-123.17202	-3.4649236	-49.522198	2.0194561	6.002477	-54.90488	-49.522038	0.0	33562985	15006.321788549423
167	-118.16167	-118.16167	-47.424133	-49.517265	2.0484147	8.684579	-55.308678	-49.517036	0.0	33763991	15095.356843948364
168	-118.0815	-118.0815	-1.8556691	-49.513424	2.0459268	6.395139	-55.141983	-49.51305	0.1	33964981	15185.425397396088
169	-107.031364	-107.031364	-20.285994	-49.502975	2.072738	9.721078	-54.81739	-49.502647	0.0	34165982	15277.293744325638
170	-112.68623	-112.68623	-18.412582	-49.50493	2.0896268	8.27802	-55.400066	-49.504726	0.0	34366984	15367.207918167114
171	-120.02054	-120.02054	-21.069025	-49.503197	2.0943146	9.552481	-55.03386	-49.502926	0.0	34567983	15459.010335445404
172	-122.514435	-122.514435	-32.087868	-49.493298	2.12249	15.074971	-54.981373	-49.49309	0.1	34768983	15547.876061916351
173	-121.6363	-121.6363	-28.071745	-49.505505	2.0559237	11.5510435	-55.798267	-49.50517	0.0	34969982	15637.028768539429
174	-108.62082	-108.62082	-18.70581	-49.48938	2.0982456	9.863859	-54.199436	-49.489048	0.0	35170984	15725.73075413704
175	-119.612015	-119.612015	-29.8352	-49.476192	2.142071	9.402127	-57.735313	-49.47598	0.0	35371991	15815.23483300209
176	-118.59853	-118.59853	-23.273615	-49.479652	2.1343994	6.570148	-54.680714	-49.479298	0.0	35572981	15904.297673463821
177	-111.656	-111.656	-13.765463	-49.48201	2.124515	11.731255	-55.826965	-49.481586	0.1	35773983	15994.871398448944
178	-117.322266	-117.322266	-31.047426	-49.477196	2.1449988	5.781008	-55.49022	-49.47689	0.0	35974983	16085.149641036987
179	-115.7502	-115.7502	-20.24433	-49.47511	2.1371593	8.625275	-56.98384	-49.474625	0.0	36175983	16174.42200088501
180	-115.940895	-115.940895	-13.27803	-49.471214	2.1482334	14.342967	-57.1515	-49.47082	0.0	36376982	16265.10590839386
181	-119.23336	-119.23336	-9.9577875	-49.467274	2.1591356	11.771509	-55.338295	-49.466732	0.1	36577984	16354.694229602814
182	-119.65333	-119.65333	-7.9190373	-49.467392	2.1719973	14.41715	-57.179394	-49.467003	0.0	36778987	16444.038000822067
183	-113.24556	-113.24556	-4.1981587	-49.453766	2.2120893	14.22197	-54.54532	-49.45316	0.0	36979981	16533.541328191757
184	-120.57562	-120.57562	-15.606156	-49.45193	2.2411516	14.262041	-55.145325	-49.451546	0.0	37180991	16622.57254433632
185	-118.57004	-118.57004	-22.290773	-49.44672	2.255393	7.1630816	-54.974857	-49.446228	0.0	37381984	16712.042341709137
186	-124.39846	-124.39846	-17.205643	-49.446075	2.2667923	13.189195	-56.06371	-49.445606	0.0	37582982	16804.02720093727
187	-118.59172	-118.59172	-31.40439	-49.4368	2.2994668	10.694949	-56.619705	-49.436466	0.1	37783984	16894.317816972733
188	-113.13173	-113.13173	-17.284496	-49.430717	2.330625	11.563823	-55.90675	-49.430313	0.0	37984984	16984.4289727211
189	-114.55418	-114.55418	-7.2470946	-49.42294	2.352774	18.15303	-55.602165	-49.422478	0.0	38185982	17074.237096309662
190	-117.094795	-117.094795	-42.41873	-49.42204	2.3507206	11.184689	-56.42143	-49.421703	0.1	38386985	17163.60657143593
191	-120.76678	-120.76678	-26.635073	-49.415962	2.350801	8.71672	-55.335144	-49.415615	0.1	38587984	17253.47040629387
192	-114.769485	-114.769485	-0.23194686	-49.42237	2.3551583	11.962825	-55.61542	-49.421883	0.4	38788981	17343.56687951088
193	-116.02037	-116.02037	-50.66083	-49.421677	2.38403	10.307097	-56.316708	-49.421436	0.0	38989983	17432.7899184227
194	-123.01638	-123.01638	0.20678233	-49.42194	2.36821	10.575402	-55.57023	-49.421593	0.1	39190982	17522.28594994545
195	-114.75294	-114.75294	-29.293459	-49.423378	2.3698804	10.001046	-56.25676	-49.423035	0.2	39391985	17613.01033258438
196	-116.05906	-116.05906	-1.0234182	-49.421154	2.384414	10.542177	-54.647373	-49.42089	0.1	39592981	17702.843757629395
197	-109.70141	-109.70141	1.6770781	-49.42313	2.3771498	12.823039	-55.958775	-49.42274	0.1	39793981	17793.83024597168
198	-121.53551	-121.53551	-0.23548394	-49.411266	2.4181128	10.767472	-57.061127	-49.411125	0.0	39994982	17883.662314653397
199	-117.13453	-117.13453	-23.054754	-49.413628	2.4313788	7.8834724	-55.255276	-49.41339	0.0	40195981	17975.885135412216
200	-119.95737	-119.95737	-4.223331	-49.414413	2.403848	8.930555	-55.04297	-49.414055	0.1	40396983	18065.761218070984
201	-119.95566	-119.95566	-51.46035	-49.402027	2.4574728	9.926645	-55.756756	-49.40169	0.0	40597983	18156.54002737999
202	-125.96631	-125.96631	-8.832412	-49.410065	2.4156008	11.781085	-55.979248	-49.40971	0.2	40798981	18246.924021959305
203	-124.66177	-124.66177	-28.86226	-49.401573	2.4443474	8.695336	-56.058834	-49.401295	0.0	40999984	18335.136078119278
204	-124.994965	-124.994965	-3.6443038	-49.390846	2.4595492	8.990823	-55.216053	-49.390762	0.0	41200983	18426.035158395767
205	-114.28303	-114.28303	-30.361542	-49.392513	2.456608	6.373311	-56.63554	-49.392197	0.0	41401985	18516.591678142548
206	-122.20219	-122.20219	3.8465087	-49.387325	2.4856455	7.5730286	-55.957497	-49.38717	0.0	41602984	18606.369341373444
207	-116.74758	-116.74758	-0.9032454	-49.373837	2.5103593	9.020122	-56.58604	-49.373547	0.1	41803982	18696.041579723358
208	-116.73662	-116.73662	-19.764627	-49.361805	2.5574923	8.759961	-56.778496	-49.36165	0.2	42004984	18786.52245759964
209	-117.7438	-117.7438	-6.9227295	-49.344738	2.623156	8.1883545	-56.579327	-49.34452	0.0	42205987	18876.394382238388
210	-113.02988	-113.02988	-22.710682	-49.347218	2.6065793	7.624689	-56.440517	-49.347298	0.0	42406982	18965.00797700882
211	-114.63466	-114.63466	-5.2845154	-49.344524	2.6094072	8.249915	-56.492783	-49.344265	0.1	42607986	19055.44633412361
212	-119.20177	-119.20177	-4.666129	-49.3761	2.5424407	8.77767	-55.777443	-49.375885	0.1	42808982	19145.545694351196
213	-113.39379	-113.39379	-17.067167	-49.39467	2.526742	6.9322705	-55.64753	-49.39472	0.1	43009991	19234.934235095978
214	-117.54524	-117.54524	-0.8468498	-49.39987	2.4752254	8.907435	-55.852333	-49.399746	0.0	43210982	19324.914799451828
215	-115.62457	-115.62457	-10.225394	-49.403038	2.4420142	8.064207	-60.713673	-49.40306	0.0	43411982	19417.199748039246
216	-115.7362	-115.7362	-1.741602	-49.409843	2.424983	8.495932	-56.829403	-49.40973	0.0	43612982	19508.119146108627
217	-118.67221	-118.67221	-26.778765	-49.398952	2.4831958	10.427258	-58.01073	-49.398952	0.1	43813983	19597.905087947845
218	-120.13261	-120.13261	-6.4173565	-49.39621	2.4903054	7.7905116	-56.059395	-49.396175	0.0	44014982	19688.52469229698
219	-104.16086	-104.16086	-6.3505025	-49.3939	2.4931884	8.602743	-55.331333	-49.393787	0.0	44215983	19783.02695298195
