Epoch	EpRet	EpRealRet	TestEpRet	AverageQ1	StdQ1	MaxQ1	MinQ1	Q2	TestSuccess	TotalEnvInteracts	TotalTime
0	-38.011795	-38.011795	0.0	-47.76162	7.40479	0.0075636283	-51.865135	-47.675842	0.0	196981	34.82381319999695
1	-36.50273	-36.50273	0.0	-49.96596	0.15759921	-48.563427	-50.928696	-49.966	0.0	397981	73.31000113487244
2	-32.829994	-32.829994	0.0	-49.504917	1.8666488	-30.303669	-56.684837	-49.506454	1.0	598981	114.55848169326782
3	-47.8314	-47.8314	5.7196417	-49.10037	3.4393792	-17.114742	-61.074177	-49.10053	1.0	799981	156.56506943702698
4	-39.744854	-39.744854	6.4164553	-48.850163	5.015323	-10.178425	-70.05722	-48.84938	1.0	1000982	200.08871412277222
5	-46.214706	-46.214706	0.0	-49.0101	5.0917807	-4.4179945	-62.788284	-49.00933	0.0	1201981	243.7398419380188
6	-46.036366	-46.036366	0.0	-48.811974	5.345206	-3.2385755	-80.839615	-48.81197	0.0	1402981	287.1312336921692
7	-43.411022	-43.411022	6.3867497	-48.445843	6.493494	-1.259109	-96.10911	-48.448822	1.0	1603982	331.7600200176239
8	-38.95614	-38.95614	6.432439	-47.88857	8.134966	14.767283	-67.640594	-47.886417	1.0	1804981	375.8762540817261
9	-44.142887	-44.142887	6.052083	-47.66515	8.923582	8.924239	-65.17176	-47.664623	1.0	2005982	420.04339933395386
10	-43.528053	-43.528053	6.0842957	-47.635273	9.158207	10.106575	-65.74828	-47.63458	1.0	2206981	464.2696177959442
11	-45.48924	-45.48924	5.8001933	-47.650204	9.065539	10.883086	-72.08098	-47.649925	1.0	2407982	508.0199704170227
12	-44.353294	-44.353294	6.430365	-47.333878	9.293478	13.7195835	-66.11186	-47.333977	1.0	2608981	551.8795063495636
13	-44.77999	-44.77999	6.3430896	-47.532364	9.311732	16.137564	-68.17064	-47.534077	1.0	2809981	597.5469703674316
14	-44.860104	-44.860104	6.6178327	-47.617184	9.384235	15.332778	-75.57743	-47.619427	1.0	3010981	642.1173963546753
15	-47.545135	-47.545135	0.0	-47.609543	9.505045	16.307339	-71.08495	-47.6108	0.0	3211981	685.504293680191
16	-49.26552	-49.26552	0.0	-47.57539	9.578861	15.015095	-87.96064	-47.575226	0.0	3412982	726.9732091426849
17	-45.794857	-45.794857	0.0	-47.61604	9.580794	15.309517	-65.48927	-47.616257	0.0	3613981	770.1228141784668
18	-43.248	-43.248	0.0	-47.531116	9.766702	14.268151	-69.47852	-47.53012	0.0	3814982	812.5276274681091
19	-45.036446	-45.036446	0.0	-47.530537	9.8448715	15.813625	-63.899155	-47.530426	0.0	4015982	856.2240777015686
20	-42.033478	-42.033478	0.0	-47.517246	9.859607	14.565695	-69.48373	-47.517635	0.0	4216982	901.9246270656586
21	-42.25727	-42.25727	0.0	-47.51506	9.851948	14.533464	-71.80371	-47.51551	0.0	4417981	945.336104631424
22	-41.26814	-41.26814	7.1665287	-47.531467	9.780292	13.466668	-68.985054	-47.532776	1.0	4618981	987.9581007957458
23	-40.608303	-40.608303	4.5138593	-47.516296	9.698293	17.022877	-68.21107	-47.517094	1.0	4819982	1031.2331354618073
24	-36.738747	-36.738747	4.618885	-47.478764	9.719902	15.273341	-67.21163	-47.479725	1.0	5020982	1074.9983658790588
25	-40.95888	-40.95888	4.6706514	-47.51625	9.63318	17.063814	-64.552536	-47.51667	1.0	5221981	1118.613923072815
26	-44.301304	-44.301304	5.620087	-47.565224	9.564268	17.143345	-66.00142	-47.565468	1.0	5422982	1162.6298496723175
27	-41.1073	-41.1073	5.667197	-47.66674	9.391985	17.27535	-81.31572	-47.667778	1.0	5623981	1207.1975429058075
28	-36.575863	-36.575863	6.2262464	-47.682278	9.343123	19.447357	-71.299164	-47.68199	1.0	5824982	1249.6960048675537
29	-40.31393	-40.31393	6.3345366	-47.696167	9.3888	20.309092	-66.318634	-47.695652	1.0	6025981	1293.0507106781006
30	-38.485855	-38.485855	7.23746	-47.745327	9.285672	23.68766	-63.4281	-47.748173	1.0	6226981	1336.9089596271515
31	-34.220734	-34.220734	7.7438602	-47.75931	9.229467	20.41984	-61.996307	-47.760162	1.0	6427981	1380.9788904190063
32	-45.590977	-45.590977	7.8405757	-47.773296	9.217414	21.755125	-61.40246	-47.77579	1.0	6628981	1424.9421730041504
33	-39.792606	-39.792606	7.6501164	-47.82192	9.075276	71.82397	-78.48989	-47.82349	1.0	6829981	1467.6320049762726
34	-40.513824	-40.513824	7.9638996	-47.816803	9.016846	21.749947	-65.85077	-47.817486	1.0	7030981	1510.6248970031738
35	-47.214165	-47.214165	8.379493	-47.80883	9.014982	21.730272	-78.328804	-47.810177	1.0	7231982	1554.768520116806
36	-42.305355	-42.305355	8.035773	-47.78812	9.088987	19.026093	-66.02113	-47.788624	1.0	7432981	1598.422857284546
37	-44.37519	-44.37519	7.9192357	-47.768612	9.164029	19.711683	-69.71848	-47.771557	1.0	7633982	1642.0939707756042
38	-44.536057	-44.536057	8.073913	-47.796642	9.129935	20.113104	-64.43437	-47.79773	1.0	7834982	1685.5823299884796
39	-45.680336	-45.680336	7.875488	-47.836132	9.06884	20.498978	-64.49392	-47.837242	1.0	8035982	1729.4091053009033
40	-40.62833	-40.62833	8.29168	-47.848286	9.036331	21.877584	-61.211945	-47.850246	1.0	8236982	1771.1008706092834
41	-46.117775	-46.117775	8.312209	-47.848053	9.043916	25.487534	-63.372765	-47.85053	1.0	8437981	1815.687554359436
42	-41.37306	-41.37306	7.9505754	-47.83233	9.088019	22.954351	-63.904602	-47.833996	1.0	8638982	1859.3097100257874
43	-41.194496	-41.194496	8.038232	-47.76599	9.220762	21.8268	-65.02669	-47.766644	1.0	8839981	1903.3522675037384
44	-45.032143	-45.032143	8.119361	-47.818626	9.110782	21.184566	-63.033993	-47.821453	1.0	9040981	1947.033124446869
45	-45.86355	-45.86355	8.028367	-47.84923	9.071819	20.379192	-64.95009	-47.85123	1.0	9241983	1989.8408710956573
46	-50.468613	-50.468613	7.8710313	-47.81818	9.076073	22.935337	-62.319843	-47.818394	1.0	9442982	2033.6387329101562
47	-41.40656	-41.40656	11.000779	-47.835045	9.078572	21.473894	-65.216606	-47.838722	1.0	9643981	2077.299723625183
48	-49.0466	-49.0466	7.820337	-47.81397	9.143709	22.539469	-62.59987	-47.814503	1.0	9844984	2120.597090959549
49	-49.948433	-49.948433	8.9491825	-47.795856	9.172885	22.130268	-82.83045	-47.798073	1.0	10045982	2163.193447113037
50	-47.758358	-47.758358	14.126856	-47.85853	9.054221	24.410748	-65.065956	-47.861217	1.0	10246981	2205.7507712841034
51	-45.873497	-45.873497	7.631843	-47.89245	9.0387335	26.06389	-65.01244	-47.892727	1.0	10447984	2248.729376554489
52	-54.390034	-54.390034	7.6157165	-47.84841	9.164522	32.468113	-64.300644	-47.852165	1.0	10648982	2292.95783495903
53	-42.120113	-42.120113	7.7944	-47.85961	9.110492	26.635525	-71.25045	-47.861206	1.0	10849981	2336.525283098221
54	-39.249397	-39.249397	7.6661177	-47.819397	9.196024	31.957281	-64.03233	-47.82084	1.0	11050983	2380.1061170101166
55	-53.301865	-53.301865	7.3055186	-47.790554	9.2795515	31.223803	-64.79987	-47.793484	1.0	11251981	2424.0639152526855
56	-49.1703	-49.1703	10.616217	-47.807423	9.2309675	25.730944	-62.63204	-47.80917	1.0	11452981	2467.2488191127777
57	-49.91192	-49.91192	11.619134	-47.815018	9.253614	28.048565	-72.05841	-47.81567	1.0	11653981	2510.565641641617
58	-49.808598	-49.808598	6.767874	-47.83845	9.2248335	26.223814	-64.06957	-47.84072	1.0	11854981	2554.806240081787
59	-50.0383	-50.0383	12.529975	-47.87399	9.197435	31.345127	-62.03865	-47.87679	1.0	12055981	2597.843590736389
60	-44.291454	-44.291454	6.5245285	-47.84877	9.254752	29.536585	-61.787056	-47.851326	1.0	12256982	2640.7528705596924
61	-50.980766	-50.980766	6.8580446	-47.82107	9.313831	28.19359	-75.095474	-47.823997	1.0	12457981	2684.877417564392
62	-47.83632	-47.83632	6.689296	-47.823784	9.32347	28.921144	-67.55206	-47.824963	1.0	12658981	2729.1150212287903
63	-44.90963	-44.90963	6.447685	-47.856907	9.265153	26.543547	-70.148056	-47.85818	1.0	12859983	2771.9697217941284
64	-43.00321	-43.00321	6.5404897	-47.83882	9.299303	33.366253	-68.88529	-47.840446	1.0	13060982	2815.3904757499695
65	-46.87671	-46.87671	6.42278	-47.78823	9.407848	31.105322	-70.25954	-47.79174	1.0	13261983	2859.1781854629517
66	-52.617027	-52.617027	6.143697	-47.780037	9.44637	32.790894	-67.39626	-47.78268	1.0	13462981	2903.5660512447357
67	-52.6005	-52.6005	6.23719	-47.803875	9.394617	29.712296	-64.17365	-47.80618	1.0	13663981	2946.7039325237274
68	-51.969406	-51.969406	6.1721053	-47.811024	9.361702	29.115295	-66.412994	-47.81383	1.0	13864981	2989.740797996521
69	-48.101875	-48.101875	6.1204305	-47.82395	9.334367	28.818504	-72.57191	-47.825756	1.0	14065981	3032.3925704956055
70	-46.341343	-46.341343	6.3083572	-47.820023	9.374544	32.004154	-97.009926	-47.82228	1.0	14266983	3076.398036956787
71	-42.528706	-42.528706	6.197215	-47.841167	9.328379	35.71617	-66.06504	-47.842964	1.0	14467981	3119.327794075012
72	-39.44428	-39.44428	6.2639785	-47.858814	9.289281	32.4885	-65.2024	-47.860672	1.0	14668981	3161.6745545864105
73	-45.87221	-45.87221	5.9275312	-47.865448	9.255022	35.79694	-70.93106	-47.8665	1.0	14869981	3205.7410686016083
74	-41.579025	-41.579025	6.2192335	-47.840332	9.304388	34.29388	-71.86128	-47.843056	1.0	15070981	3249.3173027038574
75	-42.79667	-42.79667	6.0550656	-47.839	9.238162	34.537785	-65.92839	-47.840874	1.0	15271981	3292.833055973053
76	-46.43932	-46.43932	6.0148053	-47.840107	9.211193	38.584957	-61.97415	-47.840683	1.0	15472984	3336.6245901584625
77	-41.09863	-41.09863	8.038405	-47.842865	9.228671	37.36983	-63.428375	-47.84623	1.0	15673981	3380.9099655151367
78	-48.009018	-48.009018	-13.4787	-47.81717	9.274794	33.705658	-68.68934	-47.819874	1.0	15874981	3424.3855488300323
79	-57.67961	-57.67961	-10.918115	-47.82879	9.250891	39.04215	-63.674458	-47.830242	1.0	16075981	3468.6804580688477
80	-39.034103	-39.034103	5.9667726	-47.84006	9.216475	31.886423	-72.37531	-47.8427	1.0	16276981	3512.4809901714325
81	-48.665638	-48.665638	3.007015	-47.792156	9.33718	37.931236	-68.42257	-47.794586	1.0	16477983	3554.8357462882996
82	-51.321556	-51.321556	6.0457006	-47.81359	9.283752	35.675354	-65.358185	-47.813522	1.0	16678981	3597.8774588108063
83	-51.371914	-51.371914	2.2263372	-47.802647	9.313265	33.1691	-65.48309	-47.804775	1.0	16879982	3642.0236554145813
84	-46.570187	-46.570187	1.5048561	-47.824173	9.239661	38.9603	-64.29222	-47.823544	1.0	17080981	3685.982178926468
85	-45.55985	-45.55985	0.2717118	-47.7898	9.322079	46.383728	-64.107285	-47.79158	1.0	17281981	3729.4945273399353
86	-44.86452	-44.86452	0.12479844	-47.798515	9.300898	36.55347	-67.77488	-47.798973	1.0	17482982	3771.319658756256
87	-44.277916	-44.277916	-0.6507183	-47.79015	9.298978	36.93986	-66.22308	-47.791313	1.0	17683981	3814.403614282608
88	-51.16066	-51.16066	-0.405033	-47.821156	9.272757	41.37211	-71.249626	-47.82024	1.0	17884981	3858.0436244010925
89	-39.84258	-39.84258	0.006868212	-47.830387	9.251808	39.470955	-63.8811	-47.831043	1.0	18085981	3901.474048614502
90	-53.8582	-53.8582	4.64733	-47.80464	9.322004	33.210392	-64.96752	-47.806686	1.0	18286981	3944.6380524635315
91	-50.41591	-50.41591	-0.26805902	-47.807564	9.315324	38.960827	-77.02589	-47.807674	1.0	18487981	3988.4378564357758
92	-48.552246	-48.552246	-0.7690492	-47.802013	9.33144	37.39701	-69.144585	-47.802696	1.0	18688981	4032.5302646160126
93	-47.020195	-47.020195	-0.16529946	-47.792908	9.358589	35.31398	-64.242165	-47.793118	1.0	18889981	4076.1626377105713
94	-44.774437	-44.774437	5.9554873	-47.8114	9.327211	31.569479	-68.12154	-47.811848	1.0	19090981	4119.9837946891785
95	-45.818893	-45.818893	-0.8242842	-47.810284	9.336734	34.981514	-70.8603	-47.809845	1.0	19291981	4163.923835992813
96	-44.979473	-44.979473	-0.011541993	-47.79186	9.346875	29.437323	-65.97192	-47.792843	1.0	19492984	4207.102300405502
97	-45.70562	-45.70562	-1.4117087	-47.82069	9.29837	34.408005	-67.11323	-47.821335	1.0	19693981	4250.000925779343
98	-49.6503	-49.6503	0.23214625	-47.817467	9.273119	35.438236	-67.08948	-47.817993	1.0	19894981	4293.599543333054
99	-51.847813	-51.847813	0.38401908	-47.80059	9.349933	30.729446	-66.799484	-47.800854	1.0	20095981	4337.155875682831
100	-48.340313	-48.340313	0.4856044	-47.812447	9.304405	31.139257	-68.542564	-47.811417	1.0	20296981	4380.864544868469
101	-47.40962	-47.40962	-0.5417833	-47.786148	9.372946	37.197132	-67.46549	-47.786434	1.0	20497981	4424.378203868866
102	-53.75212	-53.75212	0.92460275	-47.82567	9.276235	36.918537	-67.30256	-47.82672	1.0	20698982	4466.0977511405945
103	-46.066273	-46.066273	6.0596952	-47.83511	9.270142	35.51646	-68.05931	-47.83602	1.0	20899982	4508.429928064346
104	-46.655407	-46.655407	5.946016	-47.83901	9.274852	34.01141	-64.80272	-47.838478	1.0	21100981	4551.243704319
105	-41.593063	-41.593063	6.1573625	-47.79517	9.320607	34.68685	-67.47286	-47.79726	1.0	21301983	4595.353251695633
106	-36.12595	-36.12595	6.0628786	-47.813576	9.276964	36.22196	-64.85489	-47.8143	1.0	21502981	4637.061515569687
107	-42.03878	-42.03878	5.9941974	-47.800903	9.290069	29.874084	-68.69571	-47.800636	1.0	21703981	4680.951170921326
108	-41.317894	-41.317894	6.1108394	-47.804985	9.28961	33.798218	-70.37452	-47.807262	1.0	21904981	4723.77848649025
109	-44.02774	-44.02774	6.2016344	-47.778107	9.329487	36.250706	-71.68768	-47.777607	1.0	22105981	4765.72736287117
110	-40.361507	-40.361507	6.0912166	-47.742184	9.3762865	37.97686	-66.148125	-47.743206	1.0	22306981	4808.887664318085
111	-46.26011	-46.26011	6.085197	-47.726097	9.409095	34.874992	-72.18098	-47.727642	1.0	22507984	4852.7239310741425
112	-48.116943	-48.116943	5.856401	-47.730766	9.406182	36.17731	-65.59302	-47.73226	1.0	22708981	4895.515617847443
113	-42.104347	-42.104347	6.1046495	-47.743958	9.395957	34.54192	-73.800804	-47.744858	1.0	22909981	4937.886296749115
114	-47.36122	-47.36122	6.118152	-47.742046	9.388721	32.960014	-65.624	-47.74428	1.0	23110983	4982.252865314484
115	-52.79295	-52.79295	2.1434803	-47.73978	9.397289	35.560658	-63.114864	-47.74094	1.0	23311982	5025.379153966904
116	-49.24085	-49.24085	3.2895167	-47.727333	9.388838	35.796867	-69.499016	-47.72874	1.0	23512981	5068.195210456848
117	-43.35305	-43.35305	6.0930467	-47.73693	9.35771	41.243275	-67.83794	-47.73622	1.0	23713981	5111.729261398315
118	-49.35235	-49.35235	5.9321284	-47.701015	9.429911	36.92798	-70.855286	-47.701073	1.0	23914981	5155.057767629623
119	-41.141003	-41.141003	6.107127	-47.68856	9.491741	42.748287	-69.05086	-47.689365	1.0	24115984	5198.744179487228
120	-49.482887	-49.482887	2.8230877	-47.71585	9.410583	39.200752	-72.24343	-47.71664	1.0	24316981	5240.264613628387
121	-44.5623	-44.5623	2.539296	-47.703354	9.404785	37.045563	-64.5428	-47.703094	1.0	24517981	5283.768166780472
122	-45.833878	-45.833878	6.0498886	-47.738445	9.348893	40.936646	-69.766075	-47.73861	1.0	24718981	5327.465229988098
123	-45.16671	-45.16671	6.1742473	-47.70004	9.41565	38.19017	-66.80536	-47.69941	1.0	24919981	5370.43027472496
124	-44.490707	-44.490707	6.1441927	-47.677567	9.4639225	36.897915	-63.657898	-47.67822	1.0	25120982	5414.102677106857
125	-47.84063	-47.84063	6.087177	-47.687008	9.420717	38.08549	-66.45038	-47.68862	1.0	25321981	5457.190447330475
126	-51.146706	-51.146706	6.0513625	-47.68952	9.4531555	44.403057	-69.71308	-47.688957	1.0	25522981	5500.330404043198
127	-50.28916	-50.28916	5.9079237	-47.692818	9.439288	47.127182	-65.134476	-47.693695	1.0	25723981	5543.463952302933
128	-47.33065	-47.33065	2.341431	-47.711487	9.406238	33.194756	-66.85661	-47.710598	1.0	25924982	5585.630524158478
129	-45.927658	-45.927658	2.1838284	-47.695934	9.478103	30.86179	-68.27033	-47.697754	1.0	26125984	5629.507570266724
130	-49.025833	-49.025833	6.1257997	-47.70565	9.4237385	31.878962	-65.9108	-47.70528	1.0	26326982	5671.156321525574
131	-42.524975	-42.524975	-10.949603	-47.70504	9.415194	37.018955	-67.721886	-47.704918	1.0	26527981	5714.674655675888
132	-48.702793	-48.702793	9.4099865	-47.71802	9.419889	30.944717	-65.62965	-47.718063	1.0	26728981	5756.5946393013
133	-49.15721	-49.15721	-20.457134	-47.720062	9.402257	32.742992	-65.38218	-47.72012	1.0	26929981	5800.719263076782
134	-47.901302	-47.901302	-14.620844	-47.713085	9.4227495	31.62514	-68.55728	-47.714153	1.0	27130981	5844.747781276703
135	-51.23659	-51.23659	-16.688738	-47.718864	9.423938	32.98089	-68.33953	-47.717674	1.0	27331981	5888.003862857819
136	-49.712833	-49.712833	-14.500942	-47.695602	9.454337	33.623375	-68.75771	-47.69708	1.0	27532984	5931.456765413284
137	-45.117855	-45.117855	8.586587	-47.667973	9.509379	34.30892	-68.46811	-47.667553	1.0	27733984	5972.283899784088
138	-64.992485	-64.992485	-6.9094396	-47.700424	9.429978	36.236423	-65.79522	-47.698853	1.0	27934984	6015.58328294754
139	-57.31883	-57.31883	4.4190435	-47.674244	9.49103	32.63479	-69.44857	-47.674526	1.0	28135982	6058.554542541504
140	-61.373497	-61.373497	-1.8251872	-47.62591	9.547123	32.30404	-70.47125	-47.625435	1.0	28336981	6102.00594496727
141	-54.06194	-54.06194	2.6274073	-47.65247	9.49872	35.71519	-66.78014	-47.6541	1.0	28537984	6144.713373184204
142	-54.422516	-54.422516	2.786425	-47.65106	9.491605	29.616459	-68.30402	-47.651165	1.0	28738981	6186.548787593842
143	-55.961147	-55.961147	9.138625	-47.620678	9.544303	31.257801	-67.37031	-47.621304	1.0	28939981	6228.080507993698
144	-60.712982	-60.712982	9.136183	-47.601074	9.590585	32.636166	-72.16012	-47.602394	1.0	29140981	6271.5327270030975
145	-54.95959	-54.95959	3.1432478	-47.62761	9.526313	30.73172	-70.7218	-47.628494	1.0	29341982	6314.369980096817
146	-59.163788	-59.163788	3.09728	-47.566105	9.637919	33.871857	-68.48756	-47.56781	1.0	29542981	6357.671106100082
147	-62.481407	-62.481407	8.861885	-47.604057	9.520274	33.338257	-72.404144	-47.60411	1.0	29743981	6400.560051202774
148	-56.446285	-56.446285	9.601853	-47.59317	9.5197935	30.161652	-71.927505	-47.59271	1.0	29944983	6443.466655015945
149	-66.064285	-66.064285	3.3688934	-47.57797	9.550582	31.473116	-72.14766	-47.58086	1.0	30145981	6486.2194929122925
150	-53.59543	-53.59543	3.4597902	-47.575996	9.59027	33.479626	-69.01774	-47.575657	1.0	30346981	6528.8667097091675
151	-60.380238	-60.380238	3.4700403	-47.569813	9.584813	36.52028	-69.444756	-47.57265	1.0	30547984	6571.96569776535
152	-53.199398	-53.199398	3.6670425	-47.55867	9.613398	32.544086	-72.2695	-47.55724	1.0	30748983	6614.677030086517
153	-61.403706	-61.403706	3.0112746	-47.589893	9.535775	32.848606	-78.00771	-47.590557	1.0	30949981	6657.700598478317
154	-56.909428	-56.909428	3.1581123	-47.5414	9.637215	28.98348	-79.38606	-47.541775	1.0	31150984	6700.186149597168
155	-65.948494	-65.948494	3.8445017	-47.575497	9.5932	31.772964	-75.125595	-47.576492	1.0	31351981	6741.154182910919
156	-58.433144	-58.433144	-1.6524025	-47.54425	9.612584	30.783587	-71.73653	-47.544968	1.0	31552981	6783.33899140358
157	-70.430275	-70.430275	3.2639337	-47.560505	9.560762	37.179787	-72.73663	-47.561386	1.0	31753982	6826.148312807083
158	-57.851402	-57.851402	11.65463	-47.565147	9.548257	34.018307	-68.01664	-47.56615	1.0	31954982	6868.315360069275
159	-57.56758	-57.56758	3.4591875	-47.58601	9.51587	37.974247	-74.00751	-47.590343	1.0	32155982	6910.379732131958
160	-65.54119	-65.54119	3.5982618	-47.575302	9.547655	30.675375	-76.00275	-47.574444	1.0	32356981	6951.658283948898
161	-53.965347	-53.965347	4.1849203	-47.58	9.538476	30.042637	-71.63392	-47.582222	1.0	32557985	6994.6008241176605
162	-58.50454	-58.50454	5.9409413	-47.542408	9.610446	36.168285	-90.72556	-47.544735	1.0	32758981	7036.977137088776
163	-44.840103	-44.840103	2.8090208	-47.550785	9.599561	27.91157	-73.85306	-47.55291	1.0	32959981	7078.733409643173
164	-45.918278	-45.918278	1.0997894	-47.54579	9.622748	30.692616	-75.16031	-47.546066	1.0	33160983	7122.028294801712
165	-54.192394	-54.192394	-0.6324292	-47.54109	9.645546	31.265705	-74.12631	-47.542046	1.0	33361983	7163.954517364502
166	-47.21034	-47.21034	-0.6204329	-47.525467	9.659894	29.152094	-79.922516	-47.52665	1.0	33562982	7206.716318368912
167	-52.58567	-52.58567	-4.200978	-47.5163	9.695478	27.361185	-79.823616	-47.518215	1.0	33763983	7248.579102754593
168	-48.55227	-48.55227	12.488775	-47.54948	9.634915	28.238184	-70.37364	-47.550697	1.0	33964981	7290.0664982795715
169	-46.779327	-46.779327	12.440385	-47.52286	9.699224	32.8145	-69.80679	-47.52445	1.0	34165981	7333.642422914505
170	-50.02297	-50.02297	17.420681	-47.517048	9.691909	29.531128	-68.085304	-47.516403	1.0	34366981	7374.691139698029
171	-54.893265	-54.893265	0.27378726	-47.50854	9.729071	30.627567	-66.46837	-47.510693	1.0	34567981	7417.937196016312
172	-52.497574	-52.497574	12.982311	-47.53715	9.693383	32.298424	-65.45414	-47.53845	1.0	34768981	7460.010281801224
173	-53.16488	-53.16488	18.704762	-47.545235	9.666082	28.588598	-67.825905	-47.546448	1.0	34969984	7502.512413978577
174	-48.893143	-48.893143	10.943473	-47.560917	9.64625	26.026186	-68.593376	-47.56156	1.0	35170983	7545.68937253952
175	-50.847237	-50.847237	13.307837	-47.521275	9.715829	30.372328	-68.27969	-47.522434	1.0	35371981	7586.817225933075
176	-51.338936	-51.338936	20.47469	-47.55019	9.618146	30.193428	-65.78285	-47.549957	1.0	35572981	7628.917839288712
177	-47.90215	-47.90215	18.580198	-47.528465	9.683664	30.63922	-67.66619	-47.52925	1.0	35773981	7670.3705060482025
178	-50.39774	-50.39774	11.333597	-47.529785	9.705839	30.669584	-67.18007	-47.53067	1.0	35974983	7712.35840511322
179	-48.638107	-48.638107	7.885931	-47.54398	9.67764	27.624348	-73.86596	-47.544296	1.0	36175983	7754.185652256012
180	-53.424366	-53.424366	18.264431	-47.51666	9.719615	28.884464	-70.78457	-47.516563	1.0	36376981	7796.0701014995575
181	-52.475174	-52.475174	18.55336	-47.52256	9.705586	33.775345	-70.51436	-47.52366	1.0	36577981	7838.4503808021545
182	-48.76887	-48.76887	18.303473	-47.519638	9.732288	32.50594	-68.57779	-47.520134	1.0	36778981	7880.748477220535
183	-55.684723	-55.684723	18.328096	-47.52734	9.712726	37.326458	-66.43338	-47.52692	1.0	36979984	7922.393232584
184	-41.736366	-41.736366	18.225597	-47.52625	9.717043	30.80374	-71.855354	-47.52732	1.0	37180981	7964.188730478287
185	-51.477787	-51.477787	19.845503	-47.535034	9.734355	28.752907	-65.30473	-47.536125	1.0	37381981	8005.836692094803
186	-52.000633	-52.000633	12.39353	-47.526012	9.72516	29.26085	-65.52435	-47.52616	1.0	37582981	8048.414771795273
187	-42.13483	-42.13483	12.686722	-47.56036	9.664282	36.15914	-68.92162	-47.56223	1.0	37783981	8089.498537302017
188	-47.61898	-47.61898	12.437623	-47.53829	9.708382	27.08466	-70.448235	-47.537086	1.0	37984981	8132.734436988831
189	-44.226585	-44.226585	3.5266953	-47.54202	9.715189	29.569279	-72.454285	-47.544132	1.0	38185981	8173.7478058338165
190	-46.309624	-46.309624	10.784728	-47.545494	9.687633	24.48078	-67.18536	-47.545807	1.0	38386981	8216.340901613235
191	-47.640175	-47.640175	14.914584	-47.546112	9.690159	27.287466	-68.608536	-47.548367	1.0	38587981	8258.61500287056
192	-41.47386	-41.47386	11.675821	-47.530632	9.738558	29.52617	-69.50987	-47.53019	1.0	38788981	8300.015649080276
193	-46.94188	-46.94188	11.153962	-47.556393	9.682313	32.825462	-66.93435	-47.5571	1.0	38989981	8342.163415431976
194	-49.759697	-49.759697	10.217103	-47.534378	9.733287	31.094025	-70.51788	-47.535896	1.0	39190981	8383.10582780838
195	-46.2274	-46.2274	9.56424	-47.54722	9.730511	30.057028	-74.5736	-47.548546	1.0	39391983	8424.478126525879
196	-44.66028	-44.66028	14.102594	-47.557068	9.689614	29.65679	-69.01737	-47.558132	1.0	39592984	8467.206411600113
197	-42.038677	-42.038677	12.141541	-47.563843	9.669053	28.60646	-66.00746	-47.56545	1.0	39793984	8507.877101898193
198	-45.825127	-45.825127	9.761084	-47.56675	9.693795	34.56283	-66.30736	-47.56686	1.0	39994981	8550.119048595428
199	-52.456844	-52.456844	-4.929131	-47.522083	9.780825	29.06462	-67.53099	-47.523827	1.0	40195986	8591.395119667053
200	-57.274345	-57.274345	-21.811255	-47.563	9.674366	25.94764	-66.35681	-47.56356	1.0	40396983	8633.3988571167
201	-61.921806	-61.921806	-4.019726	-47.50695	9.787074	27.931906	-65.78957	-47.507572	1.0	40597982	8674.700442790985
202	-47.08296	-47.08296	-2.6571794	-47.55399	9.681886	32.11807	-68.73236	-47.555916	1.0	40798982	8716.419419288635
203	-63.12436	-63.12436	0.70522517	-47.542953	9.71307	31.230312	-70.31538	-47.542557	1.0	40999982	8758.531602621078
204	-59.78636	-59.78636	2.7634833	-47.554726	9.687131	29.367899	-69.506134	-47.555973	1.0	41200984	8801.120916366577
205	-57.52056	-57.52056	5.909142	-47.56282	9.662694	31.558216	-71.684074	-47.563244	1.0	41401982	8842.69040298462
206	-46.8423	-46.8423	-16.536299	-47.544277	9.71937	27.882498	-75.94536	-47.544735	1.0	41602981	8885.652077436447
207	-60.956696	-60.956696	-8.321906	-47.55858	9.697431	29.962694	-70.29049	-47.55796	1.0	41803982	8928.505228996277
208	-65.029175	-65.029175	-2.2749238	-47.542416	9.701485	36.294456	-69.29241	-47.543568	1.0	42004981	8969.816400289536
209	-59.716515	-59.716515	-0.6353063	-47.570423	9.653911	30.70456	-67.614174	-47.572098	1.0	42205981	9012.323689937592
210	-52.110016	-52.110016	10.531985	-47.576572	9.634898	31.111217	-67.11421	-47.576767	1.0	42406983	9054.352303504944
211	-47.536774	-47.536774	-0.6708628	-47.572136	9.641715	28.581776	-68.14662	-47.57374	1.0	42607981	9096.668729305267
212	-40.655087	-40.655087	8.967712	-47.567818	9.645726	27.754595	-70.31389	-47.569073	1.0	42808981	9137.688030004501
213	-44.25888	-44.25888	4.503879	-47.554813	9.665742	28.15059	-67.53269	-47.555676	1.0	43009981	9180.068289279938
214	-49.945385	-49.945385	10.784628	-47.595104	9.594834	27.843172	-77.82059	-47.595207	1.0	43210981	9222.048276901245
215	-50.243343	-50.243343	5.645814	-47.553913	9.660706	28.534904	-66.48229	-47.55522	1.0	43411981	9263.189039945602
216	-44.42653	-44.42653	-7.102043	-47.58433	9.60519	36.33634	-70.93267	-47.584503	1.0	43612981	9305.23612689972
217	-49.956635	-49.956635	-8.331742	-47.558155	9.684423	27.532345	-80.615	-47.56084	1.0	43813981	9348.065395593643
218	-48.002544	-48.002544	-7.001763	-47.56322	9.693061	30.455757	-67.7844	-47.56245	1.0	44014986	9390.490382432938
219	-47.681705	-47.681705	4.329422	-47.564358	9.687121	28.413424	-74.6403	-47.565628	1.0	44215981	9431.168991327286
220	-43.512436	-43.512436	-7.6880693	-47.569695	9.673296	26.032393	-65.63263	-47.571087	1.0	44416981	9473.566461324692
221	-49.770718	-49.770718	-7.9563694	-47.572426	9.666065	24.116146	-68.97763	-47.57231	1.0	44617982	9515.262122154236
222	-62.07734	-62.07734	15.633127	-47.584957	9.619856	25.642738	-66.73166	-47.58684	1.0	44818981	9557.9108543396
223	-50.74053	-50.74053	4.9704094	-47.57515	9.671105	25.347408	-83.0722	-47.57538	1.0	45019983	9599.09737443924
224	-44.74329	-44.74329	-7.4022126	-47.57779	9.68317	28.12325	-70.75776	-47.578117	1.0	45220981	9641.802132844925
225	-48.981613	-48.981613	-3.4495003	-47.589256	9.638505	32.90642	-68.60173	-47.5912	1.0	45421981	9683.029532194138
226	-50.68412	-50.68412	4.750565	-47.577534	9.660579	25.257462	-68.08106	-47.577797	1.0	45622983	9725.85331606865
227	-55.308727	-55.308727	4.726938	-47.55544	9.690923	27.319086	-68.951416	-47.556664	1.0	45823981	9766.778442144394
228	-47.028828	-47.028828	4.8143816	-47.55618	9.689789	27.524384	-74.37214	-47.555695	1.0	46024985	9808.34966802597
229	-51.009575	-51.009575	9.4607935	-47.57538	9.649303	31.412107	-67.65307	-47.57704	1.0	46225981	9849.143209695816
230	-45.51406	-45.51406	8.502304	-47.555634	9.692686	26.329193	-66.57847	-47.555717	1.0	46426983	9891.844991445541
231	-58.824795	-58.824795	-6.729135	-47.549274	9.707858	29.42599	-69.53638	-47.55138	1.0	46627981	9933.6231174469
232	-49.58309	-49.58309	4.586394	-47.541153	9.709	26.737165	-68.77847	-47.542137	1.0	46828981	9975.143006324768
233	-52.60158	-52.60158	9.226663	-47.564865	9.668624	31.587894	-66.69317	-47.567097	1.0	47029981	10016.471234560013
234	-42.09009	-42.09009	8.862646	-47.544666	9.712485	24.190231	-69.17062	-47.545097	1.0	47230981	10059.206582307816
235	-53.722225	-53.722225	-7.8921285	-47.539574	9.702119	27.956356	-71.977135	-47.541252	1.0	47431981	10100.086647510529
236	-51.663586	-51.663586	5.0066714	-47.545742	9.690149	28.519066	-69.84024	-47.546387	1.0	47632981	10142.257127285004
237	-53.228046	-53.228046	-7.8022823	-47.55142	9.672447	31.223225	-67.63305	-47.553963	1.0	47833981	10183.811274051666
238	-51.42352	-51.42352	9.039071	-47.544	9.723207	26.697632	-70.25854	-47.543457	1.0	48034981	10226.740226984024
239	-45.338085	-45.338085	4.932712	-47.57558	9.615084	26.541826	-68.80963	-47.57693	1.0	48235981	10268.261312484741
240	-54.710537	-54.710537	4.7691274	-47.558792	9.654672	27.226515	-69.726524	-47.561104	1.0	48436981	10309.604449510574
241	-49.632374	-49.632374	4.5897646	-47.576332	9.613211	22.191868	-72.020584	-47.575832	1.0	48637981	10352.281079530716
242	-49.658493	-49.658493	4.8846517	-47.56406	9.64608	38.496567	-68.02021	-47.56522	1.0	48838981	10394.267651319504
243	-45.75572	-45.75572	-7.257292	-47.57739	9.598351	30.899431	-70.85062	-47.579	1.0	49039981	10435.082350730896
244	-41.779247	-41.779247	-7.3974915	-47.577274	9.607268	30.924864	-66.965324	-47.577484	1.0	49240981	10477.901877641678
245	-43.325962	-43.325962	14.389639	-47.56354	9.642573	25.592892	-88.1228	-47.563828	1.0	49441981	10520.278236865997
246	-46.788326	-46.788326	3.7557783	-47.562153	9.654164	26.75325	-80.4466	-47.56399	1.0	49642981	10560.097661018372
247	-63.30118	-63.30118	8.834449	-47.53279	9.6883335	30.45314	-75.657	-47.532578	1.0	49843981	10601.190938711166
248	-61.367218	-61.367218	8.8557	-47.53814	9.684735	26.857641	-69.357185	-47.5397	1.0	50044981	10643.218037605286
249	-52.111553	-52.111553	6.6055965	-47.54743	9.658401	26.637064	-74.50557	-47.548344	1.0	50245981	10685.061376571655
250	-53.822365	-53.822365	8.123639	-47.524235	9.707424	42.56616	-74.32206	-47.523865	1.0	50446982	10726.206971168518
251	-58.54363	-58.54363	6.718364	-47.522163	9.695749	28.38897	-68.769424	-47.524323	1.0	50647982	10768.208739995956
252	-61.370293	-61.370293	9.393509	-47.506245	9.730475	27.599789	-66.804695	-47.507862	1.0	50848982	10809.475298404694
253	-57.47222	-57.47222	8.966444	-47.548836	9.622148	23.94887	-77.34817	-47.549572	1.0	51049982	10851.36547255516
254	-55.400986	-55.400986	9.446565	-47.506454	9.730568	29.839426	-81.2532	-47.50727	1.0	51250983	10891.794100284576
255	-46.784966	-46.784966	8.592284	-47.482697	9.771728	30.743803	-72.83304	-47.48423	1.0	51451981	10933.687351226807
256	-59.452526	-59.452526	8.60449	-47.509083	9.728317	32.836636	-71.3294	-47.51055	1.0	51652981	10974.69031047821
257	-49.09084	-49.09084	15.64706	-47.49942	9.729553	30.50201	-99.26185	-47.499912	1.0	51853981	11015.448940753937
258	-45.82316	-45.82316	-3.8187096	-47.49935	9.715188	29.022482	-88.54655	-47.500317	1.0	52054981	11057.880946159363
259	-40.239532	-40.239532	2.0456185	-47.49695	9.730884	29.529966	-80.69212	-47.497936	1.0	52255983	11099.512908935547
260	-42.979145	-42.979145	3.6912048	-47.498306	9.710771	30.22741	-82.174644	-47.49897	1.0	52456981	11141.827836990356
261	-42.2968	-42.2968	-4.1748796	-47.488228	9.745944	23.054066	-82.060616	-47.48919	1.0	52657981	11184.159520864487
262	-44.143375	-44.143375	-6.778996	-47.514797	9.675957	33.248886	-74.912125	-47.515846	1.0	52858981	11225.514872550964
263	-50.93547	-50.93547	3.9333696	-47.475353	9.746736	26.41847	-74.23246	-47.477043	1.0	53059981	11266.836065530777
264	-43.567192	-43.567192	4.9857936	-47.458893	9.792041	24.202723	-80.00171	-47.45936	1.0	53260981	11307.839396476746
265	-44.73518	-44.73518	3.2355006	-47.47607	9.763859	22.097492	-74.84111	-47.478157	1.0	53461982	11350.624301433563
266	-50.441063	-50.441063	6.6799884	-47.465263	9.760495	29.708136	-73.16166	-47.46504	1.0	53662981	11391.126080751419
267	-44.0782	-44.0782	3.9152312	-47.483276	9.713723	34.327213	-68.62099	-47.484234	1.0	53863981	11432.496515512466
268	-49.66092	-49.66092	-7.960382	-47.484547	9.734402	24.900097	-73.50004	-47.48542	1.0	54064982	11473.270674228668
269	-48.296318	-48.296318	-3.8970528	-47.523342	9.64588	27.20415	-72.7458	-47.52503	1.0	54265981	11514.382858276367
270	-49.728836	-49.728836	4.566941	-47.49798	9.699922	27.307413	-77.70959	-47.49801	1.0	54466981	11556.537166833878
271	-44.341278	-44.341278	3.6798868	-47.532024	9.646139	26.625427	-68.42194	-47.532326	1.0	54667981	11596.418968200684
272	-44.145493	-44.145493	12.810877	-47.505775	9.670392	29.185057	-68.652145	-47.50726	1.0	54868981	11637.85921883583
273	-47.33766	-47.33766	10.499755	-47.479977	9.732009	28.967134	-71.369835	-47.480423	1.0	55069983	11678.731805324554
274	-58.849922	-58.849922	6.8703933	-47.475643	9.741211	28.192276	-69.457466	-47.476036	1.0	55270981	11719.698778867722
275	-44.869766	-44.869766	-4.8076286	-47.504887	9.670736	24.715832	-70.40702	-47.50568	1.0	55471983	11761.704414129257
276	-45.62244	-45.62244	6.4588776	-47.47793	9.718888	27.512947	-75.00093	-47.47888	1.0	55672981	11802.907276153564
277	-42.164722	-42.164722	7.7265654	-47.47074	9.720365	34.93841	-71.0123	-47.471497	1.0	55873981	11843.630083560944
278	-50.21249	-50.21249	7.751112	-47.486526	9.702222	28.712639	-70.138535	-47.48783	1.0	56074981	11884.894773483276
279	-48.35845	-48.35845	16.17659	-47.47292	9.725478	29.347063	-75.41855	-47.4736	1.0	56275981	11926.023695707321
280	-55.086933	-55.086933	6.321586	-47.48005	9.713856	28.715448	-72.31245	-47.481743	1.0	56476981	11966.15143609047
281	-52.45265	-52.45265	15.579708	-47.494106	9.686419	28.429022	-73.8691	-47.493458	1.0	56677981	12008.464134454727
282	-41.58153	-41.58153	5.531323	-47.493927	9.683675	34.195515	-70.20647	-47.49419	1.0	56878983	12048.836181402206
283	-51.866833	-51.866833	5.5573583	-47.48411	9.704527	31.570349	-78.63021	-47.485146	1.0	57079981	12090.50996518135
284	-50.433506	-50.433506	3.7260103	-47.466698	9.741167	37.38419	-74.981995	-47.466347	1.0	57280981	12132.47331404686
285	-42.593193	-42.593193	6.7265043	-47.49743	9.684889	36.819218	-68.1655	-47.49885	1.0	57481981	12172.76395893097
286	-42.308014	-42.308014	3.9118705	-47.458565	9.76176	23.731874	-71.155205	-47.457413	1.0	57682984	12214.066057443619
287	-49.51434	-49.51434	5.436354	-47.448826	9.77282	32.889786	-74.427536	-47.450806	1.0	57883981	12255.770067691803
288	-52.424023	-52.424023	4.133706	-47.475464	9.707947	30.173843	-75.66968	-47.476116	1.0	58084981	12296.880249261856
289	-39.734825	-39.734825	7.319671	-47.468166	9.73596	29.08944	-77.21532	-47.469982	1.0	58285981	12337.560530900955
290	-43.942074	-43.942074	5.0029235	-47.45712	9.753968	28.239319	-70.3324	-47.456825	1.0	58486981	12379.54873585701
291	-44.505383	-44.505383	4.3677754	-47.501484	9.677311	27.84715	-86.87848	-47.503075	1.0	58687981	12421.170774459839
292	-50.488945	-50.488945	5.3021436	-47.48727	9.705681	49.825783	-78.51467	-47.48846	1.0	58888982	12463.177927970886
293	-47.007446	-47.007446	6.730904	-47.481316	9.706047	52.645912	-78.80126	-47.481014	1.0	59089981	12504.40711927414
294	-49.490936	-49.490936	4.6154833	-47.50804	9.660914	33.486603	-74.204	-47.510204	1.0	59290981	12546.0717151165
295	-47.64027	-47.64027	4.7090034	-47.495796	9.705641	29.698992	-75.530815	-47.49677	1.0	59491983	12587.632204532623
296	-47.244083	-47.244083	5.35868	-47.465984	9.7290535	26.114523	-71.17638	-47.46711	1.0	59692981	12628.878554582596
297	-47.469406	-47.469406	6.4469285	-47.509415	9.6617155	26.747849	-71.245865	-47.510086	1.0	59893981	12669.745248794556
298	-55.501896	-55.501896	8.427881	-47.484188	9.722002	27.531416	-76.27686	-47.486877	1.0	60094981	12710.661017417908
299	-47.767235	-47.767235	4.785123	-47.488403	9.716287	47.478115	-78.39129	-47.48774	1.0	60295982	12752.448050022125
