Epoch	EpRet	EpRealRet	TestEpRet	AverageQ1	StdQ1	MaxQ1	MinQ1	Q2	TestSuccess	TotalEnvInteracts	TotalTime
0	-904.20795	-904.20795	-855.8604	-46.595055	7.5919113	-0.09816463	-123.389725	-46.587463	0.0	196982	128.01284003257751
1	-822.8596	-822.8596	-744.8137	-49.023937	3.2794552	-16.423086	-65.32285	-49.023117	0.0	398001	264.75599241256714
2	-849.00287	-849.00287	-896.2438	-49.192165	2.9980695	-19.316486	-83.041824	-49.19102	0.0	599001	392.2282450199127
3	-793.78815	-793.78815	-981.70996	-49.20944	2.991197	-14.658483	-61.51003	-49.208797	0.0	799984	518.1264159679413
4	-786.39764	-786.39764	-523.04333	-49.362743	2.6832929	-15.339211	-72.12021	-49.361866	0.0	1000996	644.7635235786438
5	-575.4398	-575.4398	-442.68008	-49.43625	2.421015	-17.081444	-61.387844	-49.435608	0.0	1201993	770.6063878536224
6	-750.98096	-750.98096	-445.74933	-49.436985	2.460559	-17.773144	-60.770454	-49.436474	0.0	1402991	895.6160180568695
7	-720.4585	-720.4585	-522.56573	-49.491867	2.32271	-20.708471	-58.68858	-49.491425	0.0	1603984	1020.7236442565918
8	-757.2216	-757.2216	-861.73083	-49.5303	2.2397275	-19.91277	-60.78079	-49.530514	0.0	1804983	1147.5735630989075
9	-696.73486	-696.73486	-1255.3605	-49.567158	2.0843067	-22.858606	-58.573513	-49.567055	0.0	2006001	1275.9151802062988
10	-924.97015	-924.97015	-836.1775	-49.585445	2.0202281	-22.394207	-59.14019	-49.585686	0.0	2207001	1400.9518761634827
11	-849.8789	-849.8789	-815.2939	-49.609634	1.9212717	-22.281256	-56.069996	-49.610157	0.0	2407985	1529.0783581733704
12	-1212.021	-1212.021	-467.7638	-49.63267	1.785127	-25.518818	-57.33805	-49.632484	0.0	2609001	1654.0378081798553
13	-709.75555	-709.75555	-304.43304	-49.6541	1.7071706	-24.594751	-59.920864	-49.653934	0.0	2810001	1778.9748320579529
14	-610.85443	-610.85443	-567.2215	-49.667873	1.6647352	-23.226097	-58.61798	-49.667747	0.0	3010987	1908.3773038387299
15	-523.06506	-523.06506	-388.08386	-49.676247	1.6403893	-21.821327	-55.88381	-49.67592	0.0	3211992	2036.298283815384
16	-553.43524	-553.43524	-457.5251	-49.693905	1.5842899	-24.838549	-56.957767	-49.693527	0.0	3412981	2168.315669298172
17	-387.1458	-387.1458	-143.9379	-49.7059	1.55635	-20.258575	-56.59224	-49.7058	0.0	3613984	2296.5339393615723
18	-540.76184	-540.76184	-622.37555	-49.717243	1.5311612	-22.031	-59.752407	-49.716927	0.0	3814984	2420.1359770298004
19	-689.9674	-689.9674	-380.21707	-49.722122	1.5004772	-20.655106	-57.41776	-49.72214	0.0	4015991	2543.790981054306
20	-538.178	-538.178	-15.52588	-49.723534	1.4851424	-18.874493	-57.325882	-49.723545	0.0	4216982	2666.173316717148
21	-460.03375	-460.03375	-196.61963	-49.736553	1.4341803	-21.201147	-55.299168	-49.736576	0.0	4417981	2788.4307713508606
22	-658.6754	-658.6754	-552.65314	-49.737415	1.4380351	-21.143862	-57.19341	-49.7374	0.0	4618985	2911.6674933433533
23	-658.8825	-658.8825	-310.91437	-49.736233	1.4216887	-21.5132	-57.335064	-49.73648	0.0	4820000	3033.827021598816
24	-623.3019	-623.3019	-497.4715	-49.73503	1.3939092	-23.560038	-56.0108	-49.73513	0.0	5020989	3156.4675607681274
25	-677.6844	-677.6844	-387.8999	-49.729973	1.3768728	-22.836275	-54.640953	-49.73001	0.0	5221983	3277.323216676712
26	-637.20166	-637.20166	-532.92615	-49.72269	1.393919	-21.934761	-54.87284	-49.72286	0.0	5422983	3397.444674730301
27	-623.9639	-623.9639	-461.1081	-49.729496	1.3629185	-23.833942	-54.727882	-49.729675	0.0	5624001	3516.6924765110016
28	-690.8939	-690.8939	-620.6864	-49.730965	1.3478998	-23.89154	-55.618427	-49.73095	0.0	5824989	3635.9092333316803
29	-665.3812	-665.3812	-626.7743	-49.732403	1.3282821	-25.215864	-59.581997	-49.732662	0.0	6025986	3756.733782529831
30	-591.87427	-591.87427	-371.0091	-49.728447	1.3206037	-26.068678	-55.992085	-49.728687	0.0	6226984	3876.1140286922455
31	-690.3523	-690.3523	-463.03415	-49.737587	1.2888312	-27.007544	-55.750553	-49.73771	0.0	6428001	3995.3451392650604
32	-676.0291	-676.0291	-483.84998	-49.733646	1.2926443	-29.000458	-57.240376	-49.733917	0.0	6629001	4115.3081159591675
33	-689.64374	-689.64374	-254.92706	-49.735073	1.2723258	-28.585636	-54.727074	-49.73531	0.0	6829986	4234.963819026947
34	-614.484	-614.484	-271.34943	-49.735725	1.2530382	-30.86846	-55.568638	-49.73601	0.0	7030982	4354.991524934769
35	-566.87915	-566.87915	-449.26086	-49.738476	1.241868	-30.328442	-56.576927	-49.738735	0.0	7231990	4475.249928236008
36	-607.6639	-607.6639	-349.0935	-49.73962	1.231047	-30.65552	-55.23608	-49.739765	0.0	7432981	4594.388615846634
37	-528.3778	-528.3778	-241.94644	-49.737644	1.2298791	-29.530565	-54.89008	-49.7378	0.0	7634001	4714.921675920486
38	-654.4931	-654.4931	-453.62704	-49.73923	1.2240038	-27.94377	-55.03545	-49.73954	0.0	7834987	4834.783334970474
39	-535.40564	-535.40564	-246.69087	-49.739613	1.2178829	-30.618256	-55.8908	-49.739807	0.0	8035981	4954.31085562706
40	-557.20483	-557.20483	-317.31525	-49.737267	1.2235179	-27.419436	-55.227146	-49.73745	0.0	8236987	5074.23655629158
41	-576.0717	-576.0717	-223.39659	-49.73378	1.2309277	-29.460552	-54.953613	-49.734177	0.0	8437992	5193.649299621582
42	-629.9096	-629.9096	-367.66724	-49.73646	1.2278234	-28.726027	-53.81746	-49.73659	0.0	8639001	5313.362825870514
43	-651.45	-651.45	-93.41375	-49.740036	1.2190627	-17.923279	-53.718983	-49.74027	0.0	8840001	5433.101128816605
44	-659.3003	-659.3003	-107.50383	-49.737125	1.2183458	-25.705055	-53.583252	-49.737442	0.1	9040984	5552.154478788376
45	-545.9129	-545.9129	-85.78747	-49.739384	1.2183548	-26.06895	-54.969013	-49.739643	0.0	9241985	5671.220653533936
46	-531.3074	-531.3074	-312.53122	-49.735806	1.2162585	-23.31431	-57.808884	-49.736073	0.0	9442999	5791.360343694687
47	-576.7803	-576.7803	-228.00877	-49.73082	1.2283425	-25.339748	-53.760284	-49.73111	0.1	9643981	5910.732745885849
48	-590.97064	-590.97064	-68.419365	-49.72866	1.240689	-25.329432	-53.615456	-49.729053	0.1	9845001	6030.435232162476
49	-483.96118	-483.96118	-46.575394	-49.731194	1.2271738	-23.09543	-54.171867	-49.731453	0.1	10045989	6150.5599155426025
50	-587.37524	-587.37524	-9.440811	-49.717487	1.272181	-23.82372	-54.3958	-49.717834	0.0	10246995	6270.5886907577515
51	-494.05994	-494.05994	-373.78867	-49.718964	1.2801216	-16.600445	-53.698917	-49.719154	0.0	10447996	6389.674293756485
52	-589.58545	-589.58545	-156.61018	-49.71982	1.2780086	-9.525635	-53.748486	-49.720127	0.2	10648982	6509.990594863892
53	-507.48755	-507.48755	-77.17718	-49.714478	1.3000524	-8.37624	-53.150726	-49.714756	0.0	10849981	6630.360242128372
54	-421.58728	-421.58728	-89.65786	-49.710052	1.335918	5.415614	-53.715107	-49.710197	0.1	11050983	6750.321775197983
55	-539.2572	-539.2572	-176.41672	-49.706642	1.3468399	2.1806064	-53.19768	-49.706783	0.0	11251981	6869.880661725998
56	-570.15857	-570.15857	-140.40843	-49.708473	1.3361186	-4.1873116	-53.5262	-49.70879	0.0	11452992	6988.892204999924
57	-567.9105	-567.9105	-144.79745	-49.697643	1.4044496	8.770184	-53.90179	-49.697605	0.0	11653985	7108.357216596603
58	-470.93335	-470.93335	-107.58311	-49.689106	1.4268848	12.601153	-53.866993	-49.68941	0.1	11854988	7227.470787525177
59	-552.8535	-552.8535	-220.81177	-49.682545	1.4581751	18.744312	-54.063934	-49.682766	0.1	12055996	7347.27410197258
60	-491.09512	-491.09512	-104.75998	-49.668495	1.5058117	11.733005	-53.935238	-49.66882	0.1	12256982	7467.244151592255
61	-493.2675	-493.2675	-59.301857	-49.661625	1.528571	9.529736	-54.091293	-49.661816	0.1	12457989	7585.978149175644
62	-517.75934	-517.75934	-32.34809	-49.641994	1.6319475	22.535084	-53.191216	-49.64202	0.2	12658981	7705.741362333298
63	-465.63632	-465.63632	-78.53469	-49.651985	1.6324648	16.98964	-53.910484	-49.652134	0.3	12859988	7826.850596666336
64	-427.1637	-427.1637	-27.496735	-49.625366	1.7461053	17.32987	-53.92949	-49.62553	0.1	13060983	7946.90074133873
65	-414.47586	-414.47586	-117.17156	-49.636196	1.6657828	17.40081	-55.56214	-49.636326	0.3	13261986	8068.041678190231
66	-509.1021	-509.1021	-181.76895	-49.6299	1.7564346	17.363604	-54.133183	-49.630016	0.1	13462981	8187.91411614418
67	-460.80087	-460.80087	-262.7037	-49.634163	1.7529323	30.032108	-54.62808	-49.634342	0.1	13663983	8307.0794403553
68	-398.20633	-398.20633	-176.62799	-49.636166	1.7282819	23.927927	-54.571697	-49.636333	0.3	13864990	8426.779926776886
69	-429.6313	-429.6313	-221.40395	-49.629757	1.785977	36.7219	-54.340416	-49.62981	0.3	14065987	8546.13487291336
70	-402.5756	-402.5756	-167.01674	-49.61655	1.7910404	25.221546	-54.01919	-49.616737	0.3	14266989	8665.04656457901
71	-397.6168	-397.6168	-37.985714	-49.59861	1.8844068	24.166893	-56.246243	-49.598583	0.2	14467983	8785.159236907959
72	-439.38635	-439.38635	-250.69658	-49.581333	1.9858056	25.966063	-56.005184	-49.581505	0.2	14668987	8904.995556354523
73	-363.52786	-363.52786	8.194245	-49.559353	2.049481	23.385319	-54.62702	-49.55955	0.4	14869991	9025.207441806793
74	-465.5251	-465.5251	-143.42601	-49.55744	2.0618274	29.120201	-55.81702	-49.55745	0.3	15070986	9144.842319250107
75	-383.6212	-383.6212	-151.24323	-49.536118	2.1396968	24.057178	-55.66424	-49.536293	0.5	15271983	9264.021827936172
76	-519.85834	-519.85834	-191.78409	-49.53508	2.1466227	27.888903	-55.75743	-49.535053	0.2	15473001	9383.51841044426
77	-496.30212	-496.30212	-215.93748	-49.508644	2.287663	21.002586	-57.20719	-49.50898	0.2	15673993	9503.234856128693
78	-433.6037	-433.6037	-2.821119	-49.498554	2.337023	19.591934	-56.425667	-49.49848	0.5	15874987	9623.236624240875
79	-294.02698	-294.02698	-79.06288	-49.47657	2.4372241	19.697468	-57.285465	-49.476864	0.3	16075981	9743.30546426773
80	-410.73636	-410.73636	-13.838497	-49.49532	2.3874884	31.77693	-55.840366	-49.495155	0.4	16276983	9862.597974300385
81	-398.32782	-398.32782	-64.333405	-49.4728	2.450765	25.826982	-57.64873	-49.47309	0.4	16477984	9981.308558225632
82	-451.66672	-451.66672	5.04277	-49.454094	2.5407438	33.171818	-57.758213	-49.453957	0.6	16678984	10100.476305246353
83	-352.64108	-352.64108	-55.842808	-49.427555	2.6613672	24.75872	-56.969227	-49.42774	0.1	16879984	10219.695836782455
84	-470.67435	-470.67435	-106.7834	-49.422287	2.7014003	26.016283	-56.846752	-49.42224	0.3	17080984	10339.151413917542
85	-417.09875	-417.09875	-36.67348	-49.438778	2.664692	22.391441	-56.961315	-49.438816	0.5	17282001	10459.018591880798
86	-371.60413	-371.60413	-190.25612	-49.420948	2.7399864	43.666748	-56.701557	-49.421017	0.2	17482990	10579.034471988678
87	-291.87656	-291.87656	-17.92133	-49.4338	2.6970692	29.02711	-59.26987	-49.43383	0.2	17683987	10698.229336738586
88	-454.0986	-454.0986	4.5485225	-49.41559	2.7749264	22.358461	-56.88127	-49.41571	0.1	17884983	10817.978241920471
89	-387.6119	-387.6119	-79.6882	-49.41995	2.7414489	30.687832	-59.94897	-49.419945	0.1	18085981	10937.19874382019
90	-438.11118	-438.11118	-110.145905	-49.408016	2.8047931	20.955828	-59.00635	-49.407833	0.4	18286995	11057.043340206146
91	-350.56482	-350.56482	8.414907	-49.39876	2.8486674	25.352993	-60.554276	-49.398655	0.6	18488001	11176.936241149902
92	-445.80984	-445.80984	10.643986	-49.38128	2.9473333	34.374344	-61.32211	-49.381542	0.7	18688983	11296.790160179138
93	-472.59976	-472.59976	6.682731	-49.38444	2.9134846	23.945911	-61.19036	-49.384533	0.8	18889986	11416.915602207184
94	-426.9601	-426.9601	8.738946	-49.3797	2.9584746	23.6431	-62.238373	-49.379807	0.6	19090982	11536.127376556396
95	-340.58484	-340.58484	3.7551033	-49.3877	2.9071827	20.839682	-59.05449	-49.38736	0.7	19291982	11656.121186971664
96	-353.725	-353.725	4.991303	-49.370964	2.9926753	31.294636	-59.383232	-49.371136	0.6	19492985	11775.319264650345
97	-476.61105	-476.61105	6.2041416	-49.374386	2.9741945	25.451935	-58.149612	-49.37424	0.5	19694001	11894.110714435577
98	-384.95703	-384.95703	-25.904242	-49.380634	2.9442372	29.583776	-58.789536	-49.380688	0.7	19894990	12012.646991729736
99	-373.91095	-373.91095	1.8147465	-49.36808	3.0136557	26.946556	-58.538364	-49.368282	0.4	20095985	12132.147414684296
100	-398.90585	-398.90585	6.644946	-49.35657	3.0286107	33.300484	-61.04615	-49.356434	0.6	20296983	12251.753878593445
101	-328.8802	-328.8802	-88.56977	-49.357304	3.0165915	21.406101	-60.852592	-49.35735	0.5	20497989	12370.942535161972
102	-409.89734	-409.89734	-94.34605	-49.35735	3.026287	23.928995	-62.747833	-49.35743	0.4	20698990	12490.258400917053
103	-346.1171	-346.1171	-1.5033339	-49.360786	3.0356457	31.419962	-59.626335	-49.360718	0.5	20899985	12611.264058828354
104	-413.2736	-413.2736	7.8167744	-49.339626	3.115357	29.956627	-60.28535	-49.3395	0.5	21101001	12731.725831747055
105	-383.6279	-383.6279	-78.11877	-49.32854	3.1480079	29.208649	-59.307903	-49.328426	0.6	21301983	12851.114799976349
106	-384.45074	-384.45074	9.29861	-49.331776	3.1568735	28.30067	-59.821854	-49.331882	0.5	21502991	12970.870141983032
107	-433.2817	-433.2817	8.643355	-49.335503	3.127361	39.715836	-61.626286	-49.33542	0.6	21703993	13090.068346977234
108	-363.4169	-363.4169	6.5492296	-49.33612	3.1262336	25.390617	-62.11264	-49.33609	0.7	21904982	13209.442791223526
109	-314.68134	-314.68134	4.436191	-49.322205	3.1701272	23.454668	-64.66932	-49.322063	0.4	22105983	13328.668227434158
110	-368.09042	-368.09042	-118.388916	-49.310463	3.19829	26.6078	-60.750813	-49.310825	0.2	22306984	13449.23789525032
111	-382.91968	-382.91968	2.781597	-49.3033	3.2361214	29.691923	-60.376648	-49.30322	0.4	22508001	13568.133605480194
112	-446.67255	-446.67255	-28.816051	-49.297302	3.2340534	27.084444	-60.827053	-49.29754	0.8	22708985	13687.954575538635
113	-341.80347	-341.80347	7.199785	-49.289204	3.2770329	33.941013	-59.31126	-49.288956	0.2	22909987	13807.200407266617
114	-383.35495	-383.35495	-47.60375	-49.292698	3.2739644	28.372778	-61.02672	-49.292747	0.4	23110991	13927.94255065918
115	-483.49808	-483.49808	-7.5341854	-49.291985	3.276886	23.49317	-63.86145	-49.29183	0.6	23311985	14046.815554857254
116	-296.37927	-296.37927	-45.625076	-49.280937	3.329284	32.253517	-62.263622	-49.2811	0.9	23513001	14166.165302753448
117	-403.37112	-403.37112	0.19905084	-49.27409	3.3543398	24.220089	-62.53011	-49.273823	0.8	23713981	14285.990405082703
118	-364.7625	-364.7625	9.338166	-49.276787	3.3575046	29.309652	-63.93405	-49.27695	0.5	23914984	14406.91965675354
119	-367.56073	-367.56073	9.183868	-49.254345	3.3988678	26.496527	-67.11014	-49.25446	0.4	24115982	14525.185412168503
120	-411.05707	-411.05707	9.566757	-49.23896	3.4957273	25.202394	-61.666016	-49.23889	0.3	24316988	14644.254595518112
121	-326.4171	-326.4171	12.43657	-49.255672	3.4185913	27.014793	-61.94255	-49.255844	0.5	24517985	14764.29307436943
122	-303.86804	-303.86804	1.2090148	-49.244194	3.471668	27.521425	-62.68486	-49.24441	0.5	24718987	14883.46018409729
123	-319.01776	-319.01776	10.497699	-49.246525	3.488769	26.951324	-61.227962	-49.24645	0.5	24919986	15002.370060682297
124	-440.2059	-440.2059	-143.26804	-49.22996	3.5286748	26.381966	-63.37771	-49.23029	0.5	25120983	15121.182001590729
125	-482.8618	-482.8618	8.076827	-49.225117	3.583724	30.893261	-62.398594	-49.225067	0.7	25321982	15241.566539049149
126	-366.5753	-366.5753	-49.916325	-49.2308	3.5271363	28.36315	-61.850067	-49.23077	0.6	25522982	15361.864917516708
127	-502.125	-502.125	-67.68402	-49.222454	3.5505598	25.746603	-60.852573	-49.222336	0.4	25723996	15481.565992832184
128	-355.75058	-355.75058	8.855912	-49.222218	3.5609353	23.491297	-66.55384	-49.222115	0.4	25924989	15601.290603160858
129	-420.32288	-420.32288	-184.30467	-49.211845	3.6353376	28.016766	-62.993656	-49.21193	0.3	26125987	15721.961845874786
130	-274.21133	-274.21133	10.456751	-49.213573	3.6179483	40.50818	-65.11512	-49.21359	0.6	26326981	15841.466995716095
131	-393.184	-393.184	6.623453	-49.21597	3.5879257	25.074959	-63.716408	-49.215725	0.7	26527984	15960.259354829788
132	-420.8944	-420.8944	6.649257	-49.19739	3.6705658	28.47325	-62.51999	-49.197414	0.4	26728986	16079.892952680588
133	-405.37976	-405.37976	5.2620907	-49.208828	3.6057649	28.21922	-66.754684	-49.208866	0.6	26929988	16198.86579298973
134	-367.27368	-367.27368	8.874206	-49.216393	3.589832	35.15101	-64.749504	-49.216396	0.7	27131001	16317.648700475693
135	-353.3975	-353.3975	5.4478645	-49.20373	3.6802764	26.344135	-68.14972	-49.203815	0.5	27331982	16437.470294237137
136	-431.67938	-431.67938	9.79576	-49.209446	3.6689005	37.628143	-63.047646	-49.209545	0.2	27532983	16557.02777647972
137	-448.79855	-448.79855	0.06984064	-49.193832	3.6840289	51.443	-63.17	-49.193832	0.8	27733989	16676.976303100586
138	-286.35315	-286.35315	8.707528	-49.184425	3.6957474	23.747574	-64.99777	-49.18448	0.5	27934985	16797.148689746857
139	-329.4655	-329.4655	-46.82004	-49.179134	3.6898324	32.170498	-62.129395	-49.179214	0.6	28135990	16916.569373846054
140	-346.93265	-346.93265	9.940464	-49.168316	3.7666864	31.929256	-66.681175	-49.168484	0.4	28336992	17036.732043027878
141	-365.81235	-365.81235	9.719458	-49.15393	3.780461	26.995268	-74.3997	-49.154003	0.9	28537990	17155.591848373413
142	-357.2072	-357.2072	8.9526	-49.151215	3.8206697	33.414875	-62.424084	-49.15132	0.8	28738983	17275.010476350784
143	-415.55258	-415.55258	11.496335	-49.15655	3.7867663	28.048813	-63.887512	-49.15636	0.8	28939982	17395.021812915802
144	-478.63815	-478.63815	4.665137	-49.15036	3.8281438	40.344173	-67.08255	-49.150677	0.4	29140981	17514.596950531006
145	-401.568	-401.568	11.975941	-49.148235	3.8202932	34.498577	-62.946934	-49.148342	0.4	29342001	17634.060373544693
146	-338.26614	-338.26614	9.321899	-49.162155	3.7542264	28.9529	-63.038967	-49.16209	0.6	29542993	17754.02468276024
147	-319.3576	-319.3576	-54.404667	-49.150715	3.827569	29.50373	-68.74652	-49.150543	0.6	29743985	17873.945732831955
148	-486.47415	-486.47415	9.41003	-49.14131	3.8742726	27.817188	-62.506344	-49.141556	0.5	29944995	17993.08107638359
149	-339.18555	-339.18555	8.069732	-49.143394	3.8290052	25.698212	-63.31521	-49.14356	0.7	30145988	18112.607407331467
150	-303.70694	-303.70694	9.610083	-49.14066	3.8547058	28.745842	-69.04023	-49.140526	0.5	30346983	18232.738173007965
151	-369.9925	-369.9925	1.9144249	-49.132347	3.8655238	28.338211	-63.096554	-49.132664	0.4	30548001	18354.046385526657
152	-412.85843	-412.85843	8.464284	-49.142735	3.8140206	29.264513	-61.506794	-49.142826	0.7	30749001	18473.678839683533
153	-400.70117	-400.70117	10.113252	-49.14023	3.8652427	27.089756	-64.687126	-49.14043	0.6	30950001	18594.18309903145
154	-480.55023	-480.55023	11.16088	-49.133896	3.8671477	29.810549	-63.880928	-49.133892	0.8	31150998	18713.764450073242
155	-329.93036	-329.93036	-6.0444684	-49.126507	3.8596373	26.781801	-63.868664	-49.126583	0.5	31351981	18833.661648988724
156	-412.43878	-412.43878	-58.74559	-49.139236	3.8576257	31.174257	-64.87612	-49.13953	0.5	31553001	18953.318672418594
157	-263.4991	-263.4991	10.483909	-49.121056	3.911054	24.377098	-64.61186	-49.120975	0.5	31753989	19072.577652692795
158	-332.46866	-332.46866	-3.889849	-49.126743	3.8715577	38.703556	-62.55067	-49.126965	0.4	31954983	19192.068159341812
159	-431.5611	-431.5611	7.7747602	-49.11928	3.904132	26.324793	-62.62414	-49.119328	0.6	32155983	19310.462218999863
160	-391.28232	-391.28232	8.556758	-49.12989	3.8527167	23.45356	-64.54269	-49.1301	0.8	32357001	19430.521139860153
161	-366.99313	-366.99313	-26.665125	-49.111088	3.9136496	38.296577	-63.269775	-49.111168	0.3	32557983	19550.232005119324
162	-346.79214	-346.79214	-25.75015	-49.102116	3.9421914	27.093452	-62.043373	-49.102154	0.6	32758987	19669.84989619255
163	-360.7063	-360.7063	6.8914766	-49.1163	3.9135256	25.460884	-64.200676	-49.11651	0.5	32959984	19789.69679093361
164	-410.89603	-410.89603	-26.97004	-49.097183	3.9789586	32.178032	-67.94968	-49.097195	0.4	33160987	19908.94476032257
165	-358.88116	-358.88116	8.86592	-49.096626	3.988929	30.887085	-62.774715	-49.09685	0.4	33361989	20028.698791742325
166	-339.0187	-339.0187	-3.7781913	-49.089363	4.0007977	31.88714	-63.212475	-49.08935	0.5	33562982	20147.71311378479
167	-331.97574	-331.97574	-57.432125	-49.07972	4.001222	29.44017	-64.2303	-49.08005	0.5	33763989	20267.725880622864
168	-373.14053	-373.14053	8.31523	-49.07078	4.034689	27.603842	-62.15968	-49.07047	0.6	33964984	20387.323566675186
169	-386.85706	-386.85706	6.5766263	-49.07222	4.046152	35.09556	-67.39358	-49.072563	0.6	34165986	20507.153003692627
170	-411.8389	-411.8389	-18.173723	-49.064926	4.075117	27.868793	-63.677692	-49.064934	0.4	34366983	20626.72729897499
171	-352.15768	-352.15768	8.41249	-49.060722	4.0450797	24.614496	-65.398895	-49.06111	0.6	34567993	20746.792826652527
172	-266.58844	-266.58844	8.988349	-49.067448	4.046818	30.699945	-68.51028	-49.067318	0.5	34768981	20866.601486206055
173	-397.93372	-397.93372	8.749116	-49.058254	4.0792055	30.426998	-65.028656	-49.05795	0.5	34969987	20986.130695343018
174	-264.92517	-264.92517	7.023521	-49.05	4.093301	43.910572	-65.34704	-49.050205	0.3	35170994	21104.86005306244
175	-242.51567	-242.51567	8.824993	-49.06314	4.076751	24.005856	-64.35837	-49.063263	0.6	35371983	21224.471889972687
176	-338.67438	-338.67438	9.606996	-49.061893	4.1021023	30.545235	-65.937874	-49.061985	0.8	35572983	21344.310339927673
177	-365.96133	-365.96133	10.9788885	-49.03584	4.1312647	22.595354	-63.300262	-49.03567	0.7	35773982	21464.806179761887
178	-367.90485	-367.90485	6.3834476	-49.05506	4.108208	29.335379	-65.3029	-49.055252	0.5	35974982	21585.176799297333
179	-371.62366	-371.62366	10.619621	-49.04791	4.106162	47.42034	-62.06862	-49.047905	0.4	36175983	21704.565168380737
180	-369.40485	-369.40485	-3.302165	-49.06516	4.062102	27.186098	-66.76508	-49.065136	0.3	36376985	21824.541450977325
181	-347.13043	-347.13043	6.4600463	-49.050034	4.101534	46.42343	-66.08827	-49.04996	0.3	36577985	21944.044470071793
182	-430.85712	-430.85712	8.747669	-49.051716	4.1176205	41.097706	-62.369743	-49.051697	0.7	36778991	22063.473441839218
183	-299.02298	-299.02298	-84.65734	-49.03798	4.140945	32.531807	-63.191845	-49.038147	0.6	36979981	22183.07989692688
184	-338.48386	-338.48386	8.727798	-49.037964	4.1474085	28.270046	-65.0505	-49.038002	0.4	37180999	22302.378836870193
185	-311.30313	-311.30313	10.980209	-49.038265	4.146301	70.47925	-62.75635	-49.038284	0.6	37382001	22422.391707897186
186	-351.9137	-351.9137	11.673968	-49.039944	4.120886	45.129337	-65.61902	-49.039577	0.7	37582992	22542.458835363388
187	-335.18597	-335.18597	7.2284684	-49.033894	4.1375785	32.748093	-66.68239	-49.033802	0.6	37783984	22662.60604596138
188	-313.00058	-313.00058	8.38986	-49.037144	4.1696453	35.240395	-62.918217	-49.037525	0.4	37984988	22782.49258041382
189	-375.89148	-375.89148	8.064179	-49.034386	4.172	35.27767	-65.84314	-49.034573	0.5	38185986	22902.98122525215
190	-229.19302	-229.19302	9.412934	-49.025963	4.164546	37.110752	-70.67007	-49.025703	0.7	38386987	23023.327850818634
191	-351.72336	-351.72336	8.7627125	-49.01049	4.225493	25.784462	-63.13452	-49.01065	0.7	38587991	23143.59053015709
192	-371.90555	-371.90555	8.813504	-49.01229	4.241211	42.20619	-63.151356	-49.01265	0.5	38788993	23263.33537197113
193	-320.86267	-320.86267	9.692764	-49.03243	4.153572	30.883984	-70.4144	-49.032246	1.0	38990001	23382.214465856552
194	-412.29782	-412.29782	9.790997	-49.018	4.2035875	30.552498	-67.39703	-49.01812	0.6	39190984	23501.257402420044
195	-343.31027	-343.31027	9.439279	-49.031223	4.1696596	21.724005	-65.99443	-49.031002	0.3	39391984	23619.11405968666
196	-344.0324	-344.0324	8.697389	-49.001915	4.256845	28.708973	-67.98198	-49.002342	0.7	39592983	23738.52847313881
197	-385.67566	-385.67566	6.5858936	-49.01478	4.178135	26.198307	-63.756935	-49.014435	0.5	39793985	23857.921640396118
198	-351.98996	-351.98996	7.560948	-49.0215	4.2189417	24.61403	-70.43776	-49.021683	0.5	39994988	23978.085899591446
199	-386.1247	-386.1247	9.309279	-49.008877	4.217603	41.121754	-67.46564	-49.008884	0.6	40196001	24097.82248187065
200	-412.18707	-412.18707	6.089934	-49.004425	4.2313447	39.889954	-65.04297	-49.004536	0.4	40396983	24217.828969955444
201	-295.3959	-295.3959	9.35547	-49.01202	4.198766	37.22917	-64.38733	-49.01203	0.6	40598001	24337.68894314766
202	-341.0186	-341.0186	11.070409	-48.994007	4.2614765	28.3698	-67.54217	-48.994522	0.9	40798983	24457.77235507965
203	-271.20624	-271.20624	6.446274	-48.987656	4.259218	50.686943	-65.534645	-48.987545	0.5	40999983	24576.34757208824
204	-235.45879	-235.45879	-47.05099	-48.974358	4.297664	30.047663	-68.852745	-48.974335	0.7	41200985	24695.98290681839
205	-371.84338	-371.84338	6.905141	-48.981415	4.264855	25.415451	-65.594345	-48.981598	0.6	41401981	24815.526869297028
206	-332.3147	-332.3147	6.0974946	-48.977234	4.319903	39.77826	-63.60686	-48.977314	0.3	41602995	24933.876304149628
207	-288.51428	-288.51428	8.787157	-48.984505	4.297298	30.545343	-64.72326	-48.984684	0.3	41803981	25052.888247966766
208	-219.30537	-219.30537	7.1172276	-48.981606	4.2902217	44.943584	-65.63801	-48.98133	0.6	42004990	25172.126389026642
209	-274.59335	-274.59335	10.347796	-48.972725	4.3007436	25.364952	-65.485435	-48.97281	0.6	42205988	25290.88324189186
210	-292.49542	-292.49542	9.668445	-48.97002	4.312809	27.853573	-65.12224	-48.970104	0.7	42406998	25409.879595518112
211	-263.9118	-263.9118	10.414291	-48.97749	4.3087673	30.785925	-64.96307	-48.97763	0.7	42607995	25529.418152809143
212	-354.7133	-354.7133	7.900705	-48.974255	4.3183894	26.132141	-68.39984	-48.974155	0.8	42808987	25648.11537861824
213	-299.13382	-299.13382	8.480337	-48.973083	4.307579	35.81806	-63.992138	-48.97323	0.3	43009982	25767.930866003036
214	-293.94296	-293.94296	8.647058	-48.946037	4.3879213	28.979986	-65.07741	-48.946186	0.7	43210981	25886.908792734146
215	-294.90433	-294.90433	10.776761	-48.956985	4.334465	27.12461	-63.64931	-48.957104	0.6	43411984	26006.585550785065
216	-317.58096	-317.58096	7.643829	-48.959602	4.3360815	23.656885	-64.914764	-48.9597	0.7	43612988	26126.339836359024
217	-371.18723	-371.18723	8.826694	-48.95198	4.3708005	31.662771	-72.03459	-48.95229	0.8	43813992	26244.5888774395
218	-334.5371	-334.5371	10.229747	-48.952175	4.353438	31.307106	-66.9941	-48.95236	0.7	44014984	26364.164523363113
219	-289.45718	-289.45718	7.543928	-48.921368	4.465209	24.464956	-65.826965	-48.921486	0.5	44215985	26482.94506239891
220	-368.28915	-368.28915	8.547329	-48.943195	4.3365097	29.091448	-67.015274	-48.943027	0.5	44416984	26602.09775662422
221	-353.23328	-353.23328	5.521775	-48.933826	4.407298	28.19865	-71.40366	-48.93391	0.7	44617982	26721.61442923546
222	-303.83102	-303.83102	9.819596	-48.92769	4.4399953	41.377068	-69.399826	-48.927704	0.8	44818989	26840.705059289932
223	-298.49905	-298.49905	12.226378	-48.927727	4.450456	27.651192	-68.900734	-48.92771	0.5	45020001	26961.213410377502
224	-303.52042	-303.52042	9.795781	-48.920498	4.471491	37.301933	-65.29966	-48.9206	0.5	45220996	27078.928273677826
225	-341.8442	-341.8442	9.920665	-48.91415	4.4565744	28.491238	-67.25715	-48.91395	0.7	45421990	27197.997906684875
226	-331.38672	-331.38672	-18.054451	-48.916603	4.426116	24.172039	-66.31646	-48.91721	0.7	45622982	27316.788925409317
227	-258.44202	-258.44202	12.517823	-48.910343	4.4655933	52.752075	-66.89997	-48.91019	0.6	45823986	27436.87068462372
228	-191.91841	-191.91841	7.764897	-48.920174	4.451102	27.822285	-70.54466	-48.92038	0.5	46024982	27555.493100881577
229	-239.10071	-239.10071	7.272262	-48.917007	4.4710045	41.94672	-68.63989	-48.916855	0.3	46225985	27675.535615444183
230	-277.79855	-277.79855	7.6581144	-48.900333	4.5101604	23.814886	-65.99069	-48.900616	0.5	46426989	27794.807388305664
231	-339.86694	-339.86694	9.661981	-48.90484	4.4663997	25.187132	-68.866974	-48.904663	0.4	46627999	27914.30711913109
232	-324.15106	-324.15106	12.045776	-48.900333	4.476887	25.359816	-66.53439	-48.900646	0.5	46828984	28033.475613832474
233	-226.14049	-226.14049	9.6790495	-48.8927	4.490502	38.541092	-70.73486	-48.89293	0.6	47029994	28151.635383605957
234	-239.46625	-239.46625	9.1838045	-48.87869	4.5450006	34.972073	-68.94518	-48.878445	1.0	47230981	28270.787286520004
235	-286.95352	-286.95352	9.683297	-48.870285	4.5836754	33.77971	-66.83761	-48.87065	0.7	47431994	28389.779916763306
236	-245.36064	-245.36064	8.692795	-48.87192	4.5692153	32.0687	-65.848816	-48.87163	0.6	47632982	28509.6635324955
237	-309.55582	-309.55582	5.877112	-48.869633	4.5849986	34.542633	-72.74566	-48.869648	0.5	47833982	28627.63217997551
238	-332.1607	-332.1607	10.051881	-48.880844	4.5305333	53.44815	-64.63114	-48.88119	0.8	48034981	28746.99326825142
239	-357.8076	-357.8076	7.306214	-48.88813	4.4923596	41.312057	-66.512184	-48.888065	0.9	48235983	28866.1589179039
240	-261.40848	-261.40848	7.7554502	-48.863243	4.6067243	36.649494	-69.63158	-48.863117	0.3	48436982	28985.5103867054
241	-279.28873	-279.28873	9.7941065	-48.878258	4.5606823	24.02941	-66.06761	-48.878624	0.8	48637989	29104.43242096901
242	-269.22968	-269.22968	10.767987	-48.86005	4.6018667	32.526276	-72.36894	-48.860386	0.6	48838982	29223.525885105133
243	-258.03186	-258.03186	7.817122	-48.858425	4.6149316	38.103558	-67.87395	-48.858185	0.7	49039983	29342.387079000473
244	-284.22348	-284.22348	7.507603	-48.863586	4.5898046	25.678947	-69.137924	-48.863815	0.9	49240982	29461.726426124573
245	-230.512	-230.512	11.906249	-48.849655	4.643944	38.255245	-65.81942	-48.84993	0.7	49441983	29580.472997903824
246	-355.2993	-355.2993	8.718024	-48.848793	4.6430407	23.477055	-66.352196	-48.84819	0.5	49643001	29699.429762363434
247	-327.67596	-327.67596	6.33842	-48.857845	4.606168	24.272745	-66.911964	-48.85819	0.7	49843984	29818.678228139877
248	-326.08087	-326.08087	5.8729343	-48.84977	4.6509094	23.931522	-67.28051	-48.849987	0.4	50044982	29937.770948648453
249	-321.44855	-321.44855	8.389453	-48.854435	4.6109815	31.514372	-66.68756	-48.85461	0.5	50245984	30056.613191604614
250	-264.87775	-264.87775	6.242131	-48.84133	4.65414	28.382956	-68.4817	-48.841225	0.3	50446982	30175.74675631523
251	-294.5843	-294.5843	9.867529	-48.845177	4.628074	30.074125	-70.32995	-48.845425	0.8	50647984	30294.695004940033
252	-304.4265	-304.4265	10.247247	-48.868206	4.5777307	31.588253	-67.64425	-48.86806	0.6	50848981	30414.504574775696
253	-286.91605	-286.91605	8.732192	-48.847816	4.6387296	31.437483	-71.62368	-48.848255	0.8	51049983	30532.808103084564
254	-290.30994	-290.30994	9.159771	-48.840225	4.655297	26.777603	-72.53512	-48.839832	0.6	51250984	30651.46076440811
255	-300.44415	-300.44415	10.749339	-48.844078	4.6347637	32.133545	-66.2567	-48.844376	0.7	51451994	30770.65600991249
256	-349.4517	-349.4517	7.22433	-48.8341	4.64878	36.375126	-68.03396	-48.83441	0.6	51652982	30890.011830806732
257	-232.34586	-232.34586	10.21149	-48.83402	4.6443663	27.000511	-66.359314	-48.833965	0.6	51853994	31009.57150030136
258	-396.54156	-396.54156	9.483466	-48.831886	4.65368	24.38331	-69.70624	-48.83231	0.7	52055001	31128.35761642456
259	-323.08786	-323.08786	10.224807	-48.81857	4.715173	44.05212	-64.69273	-48.818077	0.5	52256001	31247.47570157051
260	-270.71927	-270.71927	-41.258915	-48.827488	4.645044	26.374123	-65.03919	-48.827908	0.4	52456993	31367.177771806717
261	-349.53964	-349.53964	10.442796	-48.835617	4.6421924	26.513084	-68.15577	-48.835842	0.4	52657981	31487.244798898697
262	-240.25027	-240.25027	2.0180507	-48.799454	4.731833	32.5525	-64.1869	-48.799862	0.5	52858988	31605.84787130356
263	-319.50418	-319.50418	7.1892247	-48.795837	4.7510304	26.834946	-69.403336	-48.795834	0.4	53059985	31724.555312395096
264	-284.98746	-284.98746	9.050773	-48.787968	4.7800136	25.13469	-66.11421	-48.78793	0.7	53260982	31844.134647846222
265	-321.62036	-321.62036	8.2566805	-48.788235	4.743325	31.10768	-72.27544	-48.78868	0.8	53462001	31963.43881702423
266	-299.79956	-299.79956	10.299831	-48.788403	4.7622085	25.273764	-70.70383	-48.7884	0.3	53662996	32081.734137535095
267	-243.7949	-243.7949	10.045827	-48.807438	4.700864	53.981857	-67.02744	-48.807335	0.4	53863986	32201.429955005646
268	-257.42355	-257.42355	8.604117	-48.784092	4.7573166	23.670984	-68.25507	-48.78432	0.4	54064982	32320.708708763123
269	-287.3412	-287.3412	11.969675	-48.792084	4.7319174	32.967777	-71.32192	-48.79219	0.7	54265986	32440.146425247192
270	-347.63937	-347.63937	9.267608	-48.782444	4.776888	60.8228	-68.57731	-48.782608	0.4	54466985	32560.59781718254
271	-379.74625	-379.74625	6.2580385	-48.77789	4.7722554	49.267128	-69.49927	-48.77777	0.6	54667999	32679.983283281326
272	-270.01413	-270.01413	9.672855	-48.761803	4.8281913	27.774326	-66.67889	-48.762043	0.9	54868982	32800.15158510208
273	-348.3837	-348.3837	5.924916	-48.792595	4.7424803	38.9757	-66.29691	-48.792892	0.5	55069986	32919.174671411514
274	-331.4708	-331.4708	6.6670794	-48.78691	4.7732315	26.066254	-69.76018	-48.78716	0.4	55270988	33037.88851475716
275	-284.61423	-284.61423	1.4362674	-48.77592	4.773627	28.144365	-68.35542	-48.775837	0.6	55471987	33157.351632356644
276	-431.4809	-431.4809	11.522534	-48.792038	4.760236	25.879652	-72.49994	-48.79259	0.7	55672985	33276.7703268528
277	-356.2411	-356.2411	9.719204	-48.77052	4.7655487	28.379333	-73.70693	-48.770363	0.4	55873999	33395.717900037766
278	-331.0775	-331.0775	7.5726576	-48.771988	4.7838254	32.94739	-64.202965	-48.77283	0.7	56074984	33514.3077712059
279	-311.75708	-311.75708	6.086833	-48.759445	4.805113	36.379158	-69.41046	-48.759476	0.4	56275983	33633.165497779846
280	-277.18872	-277.18872	7.9561524	-48.771614	4.782035	24.329418	-66.199234	-48.771626	0.7	56476983	33751.75675916672
281	-269.388	-269.388	9.137705	-48.747948	4.850186	25.6828	-71.75864	-48.748447	0.6	56677986	33871.213582992554
282	-385.5253	-385.5253	9.625536	-48.762096	4.769842	45.967434	-74.71757	-48.76206	0.5	56878983	33990.45727610588
283	-248.43494	-248.43494	9.710407	-48.763783	4.8003845	24.2855	-67.3629	-48.764103	0.5	57079985	34109.49605536461
284	-236.79034	-236.79034	7.440153	-48.76097	4.828177	37.136715	-66.9853	-48.761494	0.7	57280982	34228.30262541771
285	-312.5337	-312.5337	10.596528	-48.75746	4.7929482	25.896946	-65.01975	-48.757763	0.4	57481986	34347.3204741478
286	-295.08185	-295.08185	9.08198	-48.756794	4.8318763	29.288048	-70.33618	-48.75643	0.5	57682981	34466.311108112335
287	-304.05408	-304.05408	12.684673	-48.75637	4.8005624	37.59349	-66.37107	-48.75652	0.7	57883984	34585.4442794323
288	-245.2603	-245.2603	5.803265	-48.75393	4.8245683	24.18072	-71.72733	-48.754112	0.6	58084982	34704.900175094604
289	-374.32242	-374.32242	6.6550198	-48.73822	4.840398	31.116262	-68.75665	-48.738388	0.2	58285983	34824.36104059219
290	-278.59775	-278.59775	7.575827	-48.74753	4.8502827	35.637657	-66.3642	-48.74783	0.5	58486982	34943.74595117569
291	-313.4856	-313.4856	10.98516	-48.74434	4.848597	30.364473	-71.98011	-48.744263	0.4	58687998	35062.726514577866
292	-328.76645	-328.76645	10.168954	-48.738514	4.8612285	27.54326	-69.3387	-48.738728	0.7	58889001	35181.49642753601
293	-214.92285	-214.92285	12.243863	-48.722702	4.9085894	78.98935	-68.03393	-48.722534	0.5	59089984	35301.10143327713
294	-355.7334	-355.7334	8.8741255	-48.72456	4.875068	39.575195	-69.44803	-48.725044	0.9	59290990	35421.183252334595
295	-400.66672	-400.66672	8.061593	-48.730743	4.8689895	27.493002	-71.6434	-48.73077	0.7	59491993	35540.385434389114
296	-328.0667	-328.0667	6.9912825	-48.722843	4.9008145	27.574232	-73.54198	-48.723396	0.6	59693001	35659.93987560272
297	-348.38397	-348.38397	12.02168	-48.72501	4.8968306	53.282837	-74.92822	-48.724316	0.5	59893984	35779.23931980133
298	-355.4947	-355.4947	7.8739486	-48.711704	4.940278	28.487133	-75.417946	-48.71234	0.4	60094982	35898.88485455513
299	-345.09808	-345.09808	8.809424	-48.70983	4.925487	29.232752	-66.131996	-48.710125	0.5	60295982	36018.61696243286
300	-388.79605	-388.79605	9.725502	-48.702957	4.9671288	43.91997	-69.46648	-48.702805	0.7	60496995	36137.77774429321
301	-292.311	-292.311	8.295275	-48.696194	4.958044	29.329079	-66.48129	-48.697006	0.5	60697982	36256.533839702606
302	-233.83644	-233.83644	5.6609077	-48.721066	4.9024067	29.365343	-75.299835	-48.720867	0.7	60898982	36376.13424658775
303	-305.30527	-305.30527	10.597387	-48.711216	4.899997	24.999538	-70.26237	-48.71139	0.8	61099982	36496.07272672653
304	-356.90823	-356.90823	8.443377	-48.697598	4.9580655	30.27646	-70.88527	-48.69818	0.7	61300995	36614.723611831665
305	-312.3742	-312.3742	13.513996	-48.72997	4.8442507	26.601387	-70.961205	-48.729984	0.7	61501998	36733.84575223923
306	-214.29688	-214.29688	8.877224	-48.69887	4.9387193	25.012375	-66.85929	-48.699005	0.5	61702981	36854.09582185745
307	-331.22058	-331.22058	12.644479	-48.70325	4.9323735	32.427658	-87.624405	-48.70309	1.0	61904001	36973.22642183304
308	-348.57825	-348.57825	10.245369	-48.70865	4.91593	30.85746	-66.850105	-48.70919	0.8	62104982	37092.223390340805
309	-315.19962	-315.19962	10.584055	-48.693146	4.9777045	28.801502	-66.78644	-48.692898	0.8	62305987	37211.66361093521
310	-377.30954	-377.30954	10.356254	-48.715744	4.9015975	29.747334	-67.065254	-48.71549	0.4	62507001	37330.11139202118
311	-342.9888	-342.9888	9.348807	-48.69134	4.9526086	37.681847	-72.57726	-48.691887	0.5	62707984	37450.07835459709
312	-214.23785	-214.23785	9.786829	-48.70224	4.937667	24.401695	-66.27426	-48.702126	0.7	62908985	37570.47032427788
313	-366.15167	-366.15167	10.044376	-48.700172	4.9402437	32.32696	-68.48267	-48.70083	0.8	63109985	37689.99115109444
314	-276.8071	-276.8071	6.9247804	-48.70907	4.9231286	58.221664	-65.30671	-48.708992	0.8	63311001	37808.1986386776
315	-362.5709	-362.5709	9.399383	-48.695007	4.9572535	30.130808	-70.692024	-48.694942	0.6	63511995	37926.9717335701
316	-289.55093	-289.55093	8.459355	-48.698868	4.954802	25.138056	-72.09066	-48.69953	0.6	63712981	38046.668585538864
317	-269.94437	-269.94437	8.8171015	-48.681458	5.016138	31.374037	-75.52444	-48.681576	0.6	63913982	38166.30737113953
318	-359.02655	-359.02655	8.911643	-48.68005	5.004122	30.656813	-65.52453	-48.679863	0.5	64114981	38285.06781458855
319	-292.0594	-292.0594	10.08318	-48.68189	5.0054603	42.730938	-68.04925	-48.682266	1.0	64315983	38404.58585882187
320	-257.41397	-257.41397	10.641053	-48.678135	5.0062933	36.539223	-69.681595	-48.678295	0.6	64516982	38524.52283000946
321	-343.59485	-343.59485	8.426459	-48.677494	5.005269	35.37611	-68.80969	-48.67784	0.6	64717986	38644.9590177536
322	-276.58408	-276.58408	11.830308	-48.667953	5.0146365	28.381931	-67.38042	-48.667973	0.7	64918982	38764.379584789276
323	-189.12079	-189.12079	8.541354	-48.668858	5.0150757	37.891582	-69.265335	-48.669155	0.5	65119988	38883.246175289154
324	-242.99387	-242.99387	9.483695	-48.686935	4.9772496	27.398087	-69.66243	-48.687916	0.5	65320985	39001.049453020096
325	-278.52258	-278.52258	10.605179	-48.66928	4.9930916	27.880444	-66.32468	-48.6684	0.6	65521982	39121.072989463806
326	-303.02042	-303.02042	8.828772	-48.677277	5.0028687	23.434391	-73.41975	-48.677486	0.7	65722983	39240.20735502243
327	-310.69717	-310.69717	7.5987654	-48.66306	5.035372	37.080868	-69.7338	-48.663887	0.6	65923988	39359.27355837822
328	-291.1671	-291.1671	12.661115	-48.65675	5.0866666	26.397327	-76.45939	-48.65657	0.9	66124990	39477.97325325012
329	-303.65686	-303.65686	11.579659	-48.656994	5.0616193	30.8022	-73.978874	-48.65761	0.8	66325989	39597.29088163376
330	-340.10043	-340.10043	8.00322	-48.652256	5.0815864	31.007994	-66.23594	-48.651905	0.5	66526982	39716.822138786316
331	-282.499	-282.499	9.995088	-48.67242	5.0118446	44.665363	-69.57396	-48.67273	0.5	66727990	39835.64933300018
332	-426.96835	-426.96835	6.72249	-48.651478	5.073114	34.691593	-73.14706	-48.65242	0.4	66929001	39954.56584239006
333	-243.9486	-243.9486	10.750588	-48.66488	5.025319	32.191723	-68.11348	-48.66461	0.6	67129992	40073.87151885033
334	-368.52814	-368.52814	10.85295	-48.67573	5.001459	27.66592	-68.8239	-48.67579	0.9	67330992	40193.60952210426
335	-284.00253	-284.00253	6.262448	-48.645504	5.0442038	26.065067	-71.757355	-48.64574	0.4	67531984	40313.31144785881
336	-389.91995	-389.91995	8.961848	-48.62823	5.1411476	26.541685	-68.00392	-48.629025	0.5	67732984	40433.045474767685
337	-302.37674	-302.37674	13.382829	-48.655365	5.013905	27.482985	-67.64831	-48.655064	0.9	67933984	40551.31004476547
338	-264.8988	-264.8988	11.006532	-48.65435	5.0476356	33.361343	-67.36539	-48.65441	0.4	68134994	40670.42208361626
339	-445.56458	-445.56458	8.886325	-48.62616	5.1385016	44.451904	-69.76998	-48.62673	0.3	68335995	40790.6179060936
340	-243.1083	-243.1083	9.544711	-48.652763	5.081884	33.22256	-68.10307	-48.65285	0.3	68536989	40910.69967055321
341	-341.029	-341.029	9.783729	-48.66086	5.042819	29.483528	-72.32594	-48.66102	0.6	68737993	41030.01327729225
342	-227.80254	-227.80254	9.347795	-48.643757	5.119286	34.013367	-68.52307	-48.64437	0.5	68938990	41150.28708815575
343	-269.27353	-269.27353	13.469359	-48.653164	5.0247526	36.24279	-66.88614	-48.6529	0.8	69139984	41268.87050819397
344	-380.49557	-380.49557	6.2812257	-48.643707	5.088336	35.587822	-69.947975	-48.644627	0.8	69341001	41390.15750360489
345	-333.14438	-333.14438	9.512142	-48.64381	5.0640864	34.03441	-73.348305	-48.64391	0.6	69541981	41509.47403407097
346	-310.52942	-310.52942	6.2160325	-48.624687	5.1001644	43.923782	-73.80568	-48.624763	0.7	69742991	41628.71509170532
347	-225.80754	-225.80754	8.21486	-48.634727	5.0921426	27.199697	-69.7106	-48.63511	0.8	69943992	41747.79476618767
348	-238.98775	-238.98775	9.902495	-48.626522	5.117171	24.746655	-68.126236	-48.627064	0.5	70144981	41866.82895612717
349	-250.35503	-250.35503	10.800139	-48.63918	5.066981	28.291426	-71.90242	-48.63943	0.7	70345988	41985.845502614975
350	-331.90588	-331.90588	8.630521	-48.625343	5.096024	40.47249	-69.587616	-48.625366	0.6	70546982	42105.51186347008
351	-276.78488	-276.78488	8.8974695	-48.633408	5.076622	44.030365	-69.60691	-48.63427	0.7	70747990	42225.47525238991
352	-355.15778	-355.15778	8.499336	-48.628315	5.118343	32.103542	-71.25758	-48.627655	0.6	70949001	42344.957844018936
353	-326.2447	-326.2447	12.254989	-48.613857	5.140694	29.50925	-67.84219	-48.614506	0.4	71149982	42464.14943480492
354	-263.167	-263.167	7.9435115	-48.6186	5.124166	23.729124	-67.6161	-48.61877	0.6	71350990	42583.536346673965
355	-179.34474	-179.34474	5.4190693	-48.618465	5.0941377	32.37436	-74.29799	-48.61888	0.5	71551984	42702.96545410156
356	-313.0162	-313.0162	10.248062	-48.620365	5.1100254	29.622686	-68.02537	-48.620457	0.4	71752996	42822.54433584213
357	-247.20734	-247.20734	8.349898	-48.596325	5.116171	35.61124	-70.425255	-48.59661	0.4	71953983	42942.17655968666
358	-230.5228	-230.5228	12.877084	-48.612003	5.1154943	28.346773	-74.74479	-48.61242	0.8	72154984	43061.725013017654
359	-272.0924	-272.0924	8.715064	-48.638363	5.031565	28.68902	-71.76808	-48.638668	0.6	72355994	43181.21250939369
360	-353.9163	-353.9163	10.058303	-48.598217	5.135779	32.266727	-71.10786	-48.598	0.7	72556982	43299.83915710449
361	-322.84576	-322.84576	10.43119	-48.60523	5.1479983	42.53065	-69.39568	-48.605843	0.6	72757984	43418.819159030914
362	-253.47386	-253.47386	11.171315	-48.603287	5.1123323	22.925938	-67.477615	-48.603912	0.3	72958981	43538.03755021095
363	-271.04993	-271.04993	8.644753	-48.605755	5.121745	35.701797	-68.05797	-48.605755	0.5	73159983	43656.538380622864
364	-331.7581	-331.7581	11.219732	-48.61328	5.09782	43.784573	-72.40342	-48.613346	0.6	73360984	43775.34462738037
365	-268.66052	-268.66052	9.071406	-48.60771	5.10342	31.77637	-69.78392	-48.60828	0.7	73561985	43895.21267747879
366	-311.06134	-311.06134	10.44358	-48.60503	5.142545	32.262474	-67.46262	-48.60476	0.6	73762981	44014.803015470505
367	-353.49054	-353.49054	9.835474	-48.595844	5.1632323	26.849392	-72.23424	-48.59592	0.4	73963984	44133.63340806961
368	-286.64774	-286.64774	11.036639	-48.58089	5.1972404	34.05253	-64.47281	-48.581306	0.8	74164982	44253.26085996628
369	-330.10574	-330.10574	9.573142	-48.591778	5.16216	41.64838	-67.57822	-48.591946	0.5	74365982	44373.593967199326
370	-344.18005	-344.18005	6.428798	-48.597137	5.153016	29.498415	-73.35642	-48.597775	0.4	74566987	44497.61124372482
371	-312.0182	-312.0182	8.532757	-48.578224	5.166353	33.50746	-70.93707	-48.578033	0.6	74768001	44621.404636621475
