Epoch	EpRet	EpRealRet	TestEpRet	AverageQ1	StdQ1	MaxQ1	MinQ1	Q2	TestSuccess	TotalEnvInteracts	TotalTime
0	-38.011795	-38.011795	0.0	-47.76162	7.40479	0.0075636283	-51.865135	-47.675842	0.0	196981	28.341491222381592
1	-36.50273	-36.50273	0.0	-49.96596	0.15759921	-48.563427	-50.928696	-49.966	0.0	397981	55.373868465423584
2	-33.41129	-33.41129	0.0	-49.90364	0.38624007	-46.130463	-51.13413	-49.903664	0.0	598981	83.05474543571472
3	-29.674843	-29.674843	0.0	-49.749985	0.8368364	-43.375576	-51.710033	-49.7504	0.0	799981	112.38428592681885
4	-41.50241	-41.50241	6.061212	-49.872204	0.67625743	-39.913292	-53.363976	-49.87246	0.0	1000981	142.25660824775696
5	-35.75522	-35.75522	6.061052	-49.947945	0.33526635	-46.57181	-52.1576	-49.947876	0.0	1201981	172.38476181030273
6	-45.11349	-45.11349	6.183354	-49.941418	0.3402315	-46.784096	-51.39301	-49.941372	0.0	1402982	202.9379801750183
7	-44.885254	-44.885254	6.0955033	-49.945717	0.3200286	-47.041336	-51.255264	-49.945824	0.0	1603982	233.65570163726807
8	-43.568653	-43.568653	6.1430755	-49.95438	0.29375872	-47.136818	-51.032894	-49.954426	0.0	1804981	264.9598186016083
9	-41.969925	-41.969925	6.2531543	-49.93942	0.32990742	-46.321373	-51.818405	-49.939434	0.0	2005982	295.98737382888794
10	-43.29622	-43.29622	6.365361	-49.935905	0.34141532	-46.23257	-54.50754	-49.935913	0.0	2206982	328.17330598831177
11	-39.289417	-39.289417	6.2564926	-49.93114	0.34597957	-45.953827	-53.579113	-49.931103	0.0	2407982	359.97883796691895
12	-40.140736	-40.140736	6.132976	-49.931423	0.34836864	-45.838745	-52.254166	-49.931362	0.0	2608981	391.8263165950775
13	-44.75417	-44.75417	6.2556577	-49.92458	0.36728346	-45.735584	-51.2915	-49.924595	0.0	2809982	423.7814710140228
14	-48.398106	-48.398106	6.1529493	-49.929546	0.36039966	-45.74569	-52.101986	-49.929512	0.0	3010981	455.6623079776764
15	-41.960693	-41.960693	6.178657	-49.9361	0.34731206	-45.682632	-51.491028	-49.936123	0.0	3211982	487.83404207229614
16	-44.19748	-44.19748	6.1485887	-49.940247	0.34330717	-45.623085	-52.85044	-49.94018	0.0	3412982	521.5210242271423
17	-47.011074	-47.011074	6.099709	-49.939148	0.3393418	-45.66923	-51.645115	-49.939106	0.0	3613981	553.8082580566406
18	-42.360054	-42.360054	6.2486653	-49.937603	0.3373081	-45.58391	-51.212585	-49.937553	0.0	3814982	586.2982466220856
19	-39.065983	-39.065983	6.1544313	-49.939674	0.32947418	-45.581825	-51.104477	-49.939728	0.0	4015981	619.3921101093292
20	-48.899677	-48.899677	6.1789045	-49.93435	0.34645432	-45.626213	-51.673714	-49.93431	0.0	4216981	652.0909473896027
21	-46.58111	-46.58111	6.083833	-49.93341	0.35642296	-45.52301	-51.624638	-49.933407	0.0	4417981	684.3908500671387
22	-40.59597	-40.59597	6.349074	-49.922096	0.38523766	-44.96743	-52.0845	-49.92211	0.0	4618981	717.3980519771576
23	-41.234444	-41.234444	6.2244506	-49.905586	0.47276556	-43.465935	-52.209026	-49.905685	0.0	4819982	753.0380854606628
24	-43.390587	-43.390587	6.3288836	-49.909138	0.47830594	-42.5722	-52.101025	-49.90902	0.0	5020982	786.5122604370117
25	-43.412983	-43.412983	6.2298875	-49.91166	0.4853058	-42.06147	-51.47116	-49.91166	0.0	5221982	819.5318701267242
26	-39.718178	-39.718178	6.3077745	-49.910023	0.4946164	-41.90053	-51.990215	-49.910053	0.0	5422982	852.280478477478
27	-47.686474	-47.686474	6.087364	-49.90039	0.51922673	-41.79065	-53.186707	-49.900375	0.0	5623981	886.2669055461884
28	-43.301876	-43.301876	6.0045547	-49.905396	0.51112694	-42.10787	-52.329494	-49.90535	0.0	5824981	919.5800259113312
29	-46.030987	-46.030987	4.482797	-49.906696	0.5073482	-42.06898	-51.576767	-49.906593	0.0	6025981	954.0183441638947
30	-40.857723	-40.857723	4.5543675	-49.911495	0.5011848	-42.130466	-52.04867	-49.911552	0.0	6226981	987.528642654419
31	-42.77793	-42.77793	4.8632326	-49.905575	0.5151444	-42.044823	-51.88895	-49.90553	0.0	6427981	1021.5498149394989
32	-42.924206	-42.924206	4.885055	-49.8966	0.53722227	-42.140774	-52.392303	-49.89655	0.0	6628982	1055.9871926307678
33	-46.936283	-46.936283	5.324474	-49.90045	0.5319628	-42.708355	-51.982185	-49.900314	0.0	6829981	1089.3022289276123
34	-44.74515	-44.74515	4.816265	-49.897533	0.54640883	-42.510418	-52.481617	-49.897507	0.0	7030982	1124.3414061069489
35	-40.752438	-40.752438	6.2610707	-49.89397	0.5576291	-42.556553	-52.020317	-49.893997	0.0	7231981	1158.137567281723
36	-45.515102	-45.515102	6.098433	-49.89613	0.5615017	-42.773026	-51.584618	-49.89602	0.0	7432981	1191.2726519107819
37	-39.482628	-39.482628	6.6159434	-49.89534	0.572111	-42.831425	-52.674828	-49.895252	0.0	7633982	1224.7504694461823
38	-51.24463	-51.24463	10.456184	-49.895756	0.5684771	-43.236214	-52.134598	-49.895706	0.0	7834981	1258.9033482074738
39	-49.61972	-49.61972	10.651085	-49.895603	0.57943976	-43.045902	-53.404526	-49.895683	0.0	8035982	1292.7431721687317
40	-50.131763	-50.131763	5.92867	-49.891064	0.59349424	-43.033916	-51.852882	-49.891068	0.0	8236983	1327.757042646408
41	-55.415157	-55.415157	5.740648	-49.885345	0.6158955	-42.685787	-52.454514	-49.885273	0.0	8437981	1361.350903749466
42	-54.344185	-54.344185	6.1519804	-49.884563	0.62278324	-42.46211	-51.881954	-49.884556	0.0	8638981	1395.3879125118256
43	-50.624775	-50.624775	5.389343	-49.88381	0.62871045	-42.319897	-51.961723	-49.883724	0.0	8839982	1428.7941989898682
44	-48.726402	-48.726402	5.436978	-49.87694	0.65056235	-41.89222	-52.28393	-49.87697	0.0	9040982	1464.1385402679443
45	-49.985146	-49.985146	5.5576367	-49.875904	0.6480842	-41.920864	-52.02887	-49.875973	0.0	9241982	1498.4441359043121
46	-59.169357	-59.169357	5.487609	-49.87742	0.6480175	-41.93308	-51.92683	-49.87715	0.0	9442983	1532.5317223072052
47	-56.12886	-56.12886	5.53719	-49.878464	0.6516948	-42.12318	-52.002075	-49.878593	0.0	9643981	1567.2872440814972
48	-48.940018	-48.940018	5.3064	-49.881813	0.64798456	-41.786686	-51.718872	-49.88182	0.0	9844981	1601.776479959488
49	-50.074966	-50.074966	5.7132645	-49.880676	0.6527184	-41.144836	-51.77214	-49.88066	0.0	10045981	1636.0812675952911
50	-49.861523	-49.861523	5.104171	-49.87594	0.66921455	-41.564236	-51.954365	-49.87576	0.0	10246981	1671.5041449069977
51	-50.49283	-50.49283	11.206045	-49.87873	0.66378003	-40.98303	-51.906574	-49.878765	0.0	10447983	1704.8293659687042
52	-47.39003	-47.39003	5.0993767	-49.880447	0.6645001	-40.919197	-51.948536	-49.88053	0.0	10648981	1738.120455980301
53	-45.85127	-45.85127	11.075366	-49.88075	0.65678304	-40.407497	-51.605804	-49.880703	0.0	10849982	1772.59805727005
54	-49.757545	-49.757545	2.0002024	-49.876854	0.66844976	-41.250153	-51.60546	-49.87687	0.0	11050981	1806.5562360286713
55	-53.86266	-53.86266	10.770684	-49.876186	0.67335427	-41.270607	-51.683064	-49.87618	0.0	11251981	1840.7461109161377
56	-54.98291	-54.98291	10.481109	-49.876183	0.7074895	-40.237503	-52.656635	-49.876278	0.0	11452981	1875.4038801193237
57	-56.85244	-56.85244	10.86727	-49.88031	0.6928352	-40.096836	-51.931126	-49.880318	0.0	11653982	1910.191870689392
58	-53.4526	-53.4526	0.6742609	-49.879246	0.7028456	-38.92574	-52.350456	-49.87936	0.0	11854982	1943.8743686676025
59	-50.70619	-50.70619	11.193017	-49.878494	0.70451796	-38.399155	-51.78765	-49.878563	0.0	12055983	1979.2088799476624
60	-52.553665	-52.553665	11.306842	-49.876984	0.71435016	-38.17753	-52.11668	-49.876965	0.0	12256982	2012.8512778282166
61	-51.256413	-51.256413	10.411368	-49.88163	0.70980436	-38.15754	-52.268135	-49.8816	0.0	12457982	2046.0901153087616
62	-51.200504	-51.200504	11.327452	-49.880863	0.7120594	-38.075493	-51.73255	-49.88087	0.0	12658982	2080.0269758701324
63	-49.03067	-49.03067	11.207139	-49.880676	0.716024	-37.48963	-51.622787	-49.880676	0.0	12859982	2114.1432189941406
64	-54.4371	-54.4371	10.68487	-49.881676	0.714891	-38.054802	-51.584484	-49.881775	0.0	13060982	2148.0574140548706
65	-60.648193	-60.648193	10.625756	-49.884018	0.7083659	-37.043827	-51.825016	-49.88417	0.0	13261981	2181.893973827362
66	-47.33252	-47.33252	7.6389027	-49.88255	0.71507895	-37.31669	-52.070206	-49.882565	0.0	13462983	2215.7630071640015
67	-44.40049	-44.40049	12.924087	-49.880783	0.7218954	-36.40182	-51.947678	-49.88091	0.0	13663981	2249.3787529468536
68	-44.597702	-44.597702	12.921865	-49.882767	0.72084785	-36.934437	-52.14288	-49.882854	0.0	13864983	2282.3008608818054
69	-50.94594	-50.94594	7.880693	-49.88449	0.7177334	-36.801563	-51.987556	-49.884525	0.0	14065981	2315.6006014347076
70	-48.09557	-48.09557	13.292075	-49.882175	0.72293454	-37.705578	-52.31601	-49.88229	0.0	14266982	2351.8740129470825
71	-53.97898	-53.97898	13.123291	-49.88498	0.71442264	-35.952835	-52.025105	-49.88505	0.0	14467981	2385.921980381012
72	-52.795494	-52.795494	13.416059	-49.88509	0.7108781	-35.929745	-52.31966	-49.88512	0.0	14668981	2419.378960609436
73	-43.81097	-43.81097	13.037625	-49.88353	0.7202957	-36.81732	-52.77823	-49.88369	0.0	14869983	2453.423882484436
74	-43.310074	-43.310074	12.748124	-49.88714	0.7133479	-37.18955	-52.019653	-49.887196	0.0	15070981	2487.353280067444
75	-50.181652	-50.181652	13.345251	-49.885048	0.72276527	-37.20836	-51.86635	-49.884987	0.0	15271981	2521.2047946453094
76	-45.079674	-45.079674	13.538834	-49.887707	0.7087162	-36.594444	-52.153187	-49.887882	0.0	15472981	2555.0433554649353
77	-41.71421	-41.71421	5.0045514	-49.88685	0.71474814	-36.940998	-52.452106	-49.88698	0.0	15673981	2590.9712636470795
78	-50.817093	-50.817093	12.830196	-49.88855	0.71266764	-35.466957	-52.08856	-49.888653	0.0	15874981	2625.155105113983
79	-50.354515	-50.354515	13.008584	-49.886818	0.7208609	-35.932243	-51.802338	-49.886875	0.0	16075981	2659.4279770851135
80	-45.27228	-45.27228	13.193842	-49.888027	0.70913726	-34.711807	-52.038013	-49.88816	0.0	16276981	2694.6346542835236
81	-50.985382	-50.985382	13.294842	-49.891262	0.70336586	-37.226448	-52.602882	-49.891293	0.0	16477983	2728.0934929847717
82	-43.55867	-43.55867	13.355817	-49.888287	0.72270834	-32.155334	-52.014915	-49.88843	0.0	16678981	2761.970900774002
83	-39.6911	-39.6911	13.72053	-49.890415	0.711592	-36.935562	-52.165672	-49.8905	0.0	16879981	2797.9633269309998
84	-51.78925	-51.78925	13.69185	-49.890568	0.7115349	-36.914486	-51.936016	-49.89057	0.0	17080983	2832.131860971451
85	-42.4184	-42.4184	13.299758	-49.88879	0.7295432	-37.250076	-51.916626	-49.889004	0.0	17281981	2868.2131700515747
86	-45.321342	-45.321342	7.7026577	-49.887344	0.7363633	-36.15895	-52.129086	-49.887493	0.0	17482982	2901.9255414009094
87	-50.48895	-50.48895	12.795579	-49.890083	0.7289722	-35.45162	-52.187866	-49.890144	0.0	17683981	2936.531904697418
88	-49.003162	-49.003162	13.55419	-49.889187	0.7381955	-37.068966	-52.298256	-49.889313	0.0	17884981	2970.3277838230133
89	-48.561886	-48.561886	8.49373	-49.887417	0.7479662	-36.78487	-52.46183	-49.88755	0.0	18085982	3006.135257959366
90	-48.41705	-48.41705	17.0232	-49.88863	0.74773157	-35.972412	-52.528095	-49.88867	0.0	18286981	3041.4221625328064
91	-53.029755	-53.029755	7.434441	-49.888657	0.756963	-33.40631	-52.198334	-49.888832	0.0	18487982	3076.373944759369
92	-54.03211	-54.03211	7.468927	-49.889885	0.75317836	-36.372437	-52.212864	-49.88999	0.0	18688981	3110.808671236038
93	-50.58978	-50.58978	7.5123887	-49.888573	0.7617232	-36.842606	-52.274845	-49.888588	0.0	18889981	3146.095062017441
94	-51.396164	-51.396164	6.407289	-49.891384	0.7511344	-35.281345	-52.435898	-49.891495	0.0	19090981	3182.569480419159
95	-48.67997	-48.67997	12.768708	-49.888626	0.75922	-36.222317	-52.791702	-49.888706	0.0	19291982	3216.1857652664185
96	-41.396812	-41.396812	7.512832	-49.891037	0.7518636	-37.38546	-53.040733	-49.891087	0.0	19492982	3250.8824939727783
97	-45.750835	-45.750835	-0.9395406	-49.893238	0.74290365	-35.24139	-52.69816	-49.89335	0.0	19693981	3286.2037541866302
98	-49.33822	-49.33822	7.3105083	-49.89139	0.74785525	-35.86745	-53.282497	-49.8914	0.0	19894982	3319.977958202362
99	-45.65602	-45.65602	7.405075	-49.892143	0.739773	-36.31777	-53.166325	-49.892124	0.0	20095981	3354.2585921287537
100	-52.56334	-52.56334	7.6665797	-49.887375	0.76473385	-36.964184	-53.473034	-49.887592	0.0	20296981	3389.2346053123474
101	-50.693165	-50.693165	7.5763674	-49.89131	0.7514202	-35.437458	-52.791504	-49.891293	0.0	20497981	3426.2480125427246
102	-48.0994	-48.0994	7.467095	-49.88981	0.7593803	-32.860043	-52.984615	-49.889915	0.0	20698982	3459.381369113922
103	-55.220505	-55.220505	0.42018035	-49.891506	0.7578953	-36.09526	-52.38102	-49.89156	0.0	20899983	3494.7329642772675
104	-46.867714	-46.867714	8.066552	-49.891296	0.7548527	-36.044323	-52.624897	-49.8914	0.0	21100982	3528.855639696121
105	-44.680878	-44.680878	15.859161	-49.890224	0.76917887	-35.740788	-53.93323	-49.8902	0.0	21301982	3563.158786535263
106	-48.2352	-48.2352	8.285424	-49.88909	0.7731834	-36.44548	-53.069824	-49.889084	0.0	21502981	3597.948281764984
107	-45.59295	-45.59295	8.216477	-49.887356	0.7742009	-35.93186	-52.679573	-49.887375	0.0	21703983	3632.5876615047455
108	-44.84186	-44.84186	8.14814	-49.88619	0.7826149	-35.681244	-53.750557	-49.88625	0.0	21904981	3666.5690701007843
109	-51.21917	-51.21917	-1.7587802	-49.88681	0.77922815	-35.039253	-54.96158	-49.88678	0.0	22105982	3701.5675485134125
110	-44.170326	-44.170326	-1.8482095	-49.886307	0.7829393	-34.72758	-53.076195	-49.886326	0.0	22306981	3736.7288699150085
111	-55.74439	-55.74439	8.239425	-49.88655	0.78233904	-33.99583	-53.359043	-49.88656	0.0	22507982	3770.756112575531
112	-51.487076	-51.487076	8.253225	-49.885532	0.78982913	-36.467	-53.951756	-49.885654	0.0	22708984	3804.8793013095856
113	-55.16071	-55.16071	1.6896024	-49.885952	0.7864769	-37.30263	-53.258392	-49.88586	0.0	22909982	3839.0378091335297
114	-50.195488	-50.195488	4.358971	-49.88062	0.8063059	-35.743706	-54.835224	-49.880676	0.0	23110982	3873.8826320171356
115	-46.13883	-46.13883	8.295814	-49.883842	0.79464144	-36.603638	-53.092297	-49.883877	0.0	23311982	3907.7396001815796
116	-53.075214	-53.075214	8.360804	-49.882065	0.80270773	-35.329758	-53.491566	-49.88207	0.0	23512981	3942.7822880744934
117	-59.854706	-59.854706	8.31072	-49.8854	0.79266393	-34.887367	-53.099915	-49.885433	0.0	23713984	3977.41383934021
118	-39.830875	-39.830875	4.381859	-49.886497	0.7861358	-36.262505	-53.22316	-49.886536	0.0	23914981	4013.4569685459137
119	-53.61326	-53.61326	6.7010026	-49.888233	0.7804107	-35.251156	-53.710976	-49.888325	0.0	24115981	4047.14874958992
120	-47.565018	-47.565018	8.169389	-49.88597	0.79368126	-35.158066	-53.286144	-49.88595	0.0	24316984	4080.5937733650208
121	-47.055347	-47.055347	8.310819	-49.884117	0.79986876	-37.19318	-53.435223	-49.884125	0.0	24517981	4115.995736122131
122	-44.900013	-44.900013	-0.7541128	-49.88755	0.78834194	-36.269962	-54.214157	-49.88758	0.0	24718982	4152.834904670715
123	-55.008644	-55.008644	8.370406	-49.887653	0.79034734	-34.744804	-53.455833	-49.887672	0.0	24919984	4188.814973592758
124	-44.708996	-44.708996	8.395373	-49.886486	0.79555446	-36.689312	-53.462704	-49.886505	0.0	25120981	4223.797680854797
125	-49.016323	-49.016323	6.3209734	-49.88665	0.79522216	-34.4887	-53.697834	-49.886642	0.0	25321981	4257.927947282791
126	-52.626846	-52.626846	14.892572	-49.887054	0.7971107	-36.782436	-53.99402	-49.88708	0.0	25522981	4293.529433488846
127	-55.522263	-55.522263	15.672831	-49.887665	0.79565245	-35.51492	-53.841408	-49.887722	0.0	25723981	4328.784643650055
128	-45.0342	-45.0342	14.884378	-49.88966	0.785724	-36.525936	-55.614517	-49.889683	0.0	25924981	4363.779663801193
129	-52.971783	-52.971783	7.3377886	-49.888577	0.79280645	-37.08988	-53.93315	-49.888596	0.0	26125981	4398.12636423111
130	-49.648693	-49.648693	3.8022926	-49.88732	0.7991349	-36.996414	-53.910534	-49.887386	0.0	26326982	4435.694767713547
131	-47.41743	-47.41743	7.393646	-49.892246	0.78321886	-36.588802	-53.87386	-49.892246	0.0	26527981	4470.823843717575
132	-43.9623	-43.9623	13.328806	-49.89015	0.79298216	-36.987164	-53.788254	-49.89016	0.0	26728982	4505.96199297905
133	-44.982224	-44.982224	14.485798	-49.891247	0.79156184	-36.27884	-54.980442	-49.89121	0.0	26929981	4542.891129732132
134	-47.918766	-47.918766	7.3274617	-49.88985	0.7978452	-35.726284	-53.729183	-49.889885	0.0	27130982	4577.864251613617
135	-48.88154	-48.88154	13.642477	-49.88802	0.80741274	-36.90983	-53.78716	-49.887966	0.0	27331982	4612.9593205451965
136	-47.813232	-47.813232	7.491129	-49.889046	0.80323154	-36.627174	-54.938625	-49.889065	0.0	27532981	4647.545655250549
137	-56.103294	-56.103294	15.703246	-49.890697	0.797048	-36.59661	-54.903847	-49.890774	0.0	27733981	4683.285820484161
138	-49.466175	-49.466175	12.619887	-49.890503	0.7956813	-37.23821	-55.125153	-49.890522	0.0	27934981	4720.76149892807
139	-43.653774	-43.653774	7.3593655	-49.887333	0.8074772	-36.53888	-53.3355	-49.887363	0.0	28135982	4758.296218633652
140	-45.8494	-45.8494	7.4224596	-49.887962	0.8048794	-36.503716	-53.27014	-49.887993	0.0	28336983	4794.4588832855225
141	-47.38248	-47.38248	10.634325	-49.891983	0.78787977	-35.662865	-53.85825	-49.891953	0.0	28537982	4827.908933877945
142	-47.811832	-47.811832	7.4467344	-49.891396	0.7941923	-36.720284	-53.370373	-49.89142	0.0	28738982	4862.03023982048
143	-44.39866	-44.39866	5.514763	-49.89215	0.79142815	-36.498867	-54.27786	-49.89221	0.0	28939981	4898.302699327469
144	-50.07882	-50.07882	7.3443727	-49.892666	0.78819966	-32.999355	-53.67411	-49.892662	0.0	29140985	4932.6479024887085
145	-53.72158	-53.72158	7.5241194	-49.89258	0.7855042	-35.797047	-56.128387	-49.89261	0.0	29341981	4967.4309804439545
146	-47.084023	-47.084023	7.3883314	-49.891293	0.7933927	-36.935143	-54.39844	-49.891304	0.0	29542981	5004.129721879959
147	-51.911407	-51.911407	7.498671	-49.8917	0.7932981	-34.911625	-53.542835	-49.891674	0.0	29743981	5037.894051074982
148	-53.84363	-53.84363	7.42009	-49.893024	0.78039074	-34.560394	-53.765736	-49.89304	0.0	29944981	5074.1344747543335
149	-47.077465	-47.077465	7.453534	-49.894463	0.7738325	-37.452885	-55.338333	-49.89451	0.0	30145982	5107.865448236465
150	-47.40398	-47.40398	7.4772167	-49.892517	0.7801641	-36.719227	-53.540787	-49.89247	0.0	30346982	5144.994055509567
151	-57.895634	-57.895634	11.365027	-49.891502	0.78448427	-35.173084	-58.893036	-49.891518	0.0	30547981	5179.253725528717
152	-50.371063	-50.371063	7.3848896	-49.893295	0.777162	-35.00359	-53.835327	-49.893368	0.0	30748981	5213.422261476517
153	-47.573906	-47.573906	7.4029446	-49.893814	0.77792966	-36.138985	-54.521397	-49.89381	0.0	30949985	5248.321384906769
154	-45.86876	-45.86876	7.5702333	-49.892677	0.77839	-37.031796	-54.817593	-49.892685	0.0	31150982	5285.128934144974
155	-57.71565	-57.71565	7.4631944	-49.892166	0.7789357	-36.7328	-53.629604	-49.89218	0.0	31351982	5321.898449897766
156	-46.353554	-46.353554	7.3788524	-49.8905	0.78420144	-35.895412	-53.27445	-49.890488	0.0	31552981	5358.375676393509
157	-53.12218	-53.12218	7.3851943	-49.8927	0.7748067	-36.804764	-53.495262	-49.892723	0.0	31753982	5392.967083454132
158	-46.937023	-46.937023	15.86185	-49.893486	0.77190006	-36.017544	-54.755745	-49.893463	0.0	31954981	5428.508518218994
159	-46.367233	-46.367233	7.329282	-49.892563	0.7790046	-36.33429	-53.335316	-49.89255	0.0	32155981	5465.33310341835
160	-45.563755	-45.563755	7.307441	-49.892185	0.77701664	-36.502728	-54.881878	-49.892216	0.0	32356981	5500.382062673569
161	-50.119404	-50.119404	7.330076	-49.892757	0.775464	-36.436207	-53.646687	-49.892757	0.0	32557981	5536.045593500137
162	-46.349197	-46.349197	7.3445506	-49.89228	0.7726981	-36.294758	-53.85902	-49.892254	0.0	32758983	5572.815516710281
163	-49.50848	-49.50848	7.384621	-49.89208	0.77387804	-35.25238	-54.97983	-49.892056	0.0	32959984	5609.871153831482
164	-48.133366	-48.133366	7.2876143	-49.88891	0.7844709	-36.674393	-55.230087	-49.8889	0.0	33160981	5644.4203469753265
165	-50.23915	-50.23915	12.391065	-49.885414	0.8005245	-34.892452	-55.15198	-49.885418	0.0	33361981	5680.56628036499
166	-53.313675	-53.313675	7.33315	-49.88845	0.7883212	-36.900642	-55.14561	-49.88847	0.0	33562982	5717.4040405750275
167	-39.565254	-39.565254	7.3395467	-49.889202	0.783938	-37.257435	-56.339035	-49.889187	0.0	33763982	5754.286147356033
168	-40.954803	-40.954803	7.3763704	-49.88899	0.78622216	-36.826977	-57.87669	-49.889015	0.0	33964981	5790.097118616104
169	-38.688175	-38.688175	7.3662353	-49.88776	0.79347545	-36.663967	-57.459484	-49.887707	0.0	34165981	5825.691323041916
170	-46.90719	-46.90719	7.2627354	-49.88838	0.79384875	-36.848057	-53.499134	-49.888435	0.0	34366981	5862.757097005844
171	-47.748425	-47.748425	7.3073177	-49.888157	0.7930751	-34.593323	-54.44071	-49.888123	0.0	34567981	5900.2727127075195
172	-45.03674	-45.03674	0.65741533	-49.890537	0.7869368	-36.48974	-55.603363	-49.89058	0.0	34768981	5937.794334888458
173	-48.146713	-48.146713	7.3524265	-49.890236	0.7870975	-36.901405	-59.086716	-49.890255	0.0	34969981	5974.847655057907
174	-50.63974	-50.63974	7.285246	-49.890415	0.79041606	-35.550304	-54.91012	-49.89042	0.0	35170981	6011.75186252594
175	-42.15759	-42.15759	7.312628	-49.89101	0.78833514	-35.61699	-55.189404	-49.89105	0.0	35371981	6049.041166067123
176	-46.206093	-46.206093	6.5040145	-49.890907	0.7851527	-36.649162	-57.638897	-49.8908	0.0	35572981	6084.387439250946
177	-53.379784	-53.379784	7.222403	-49.89202	0.7807311	-35.875107	-55.340855	-49.892082	0.0	35773981	6120.3631067276
178	-45.47953	-45.47953	14.979293	-49.890522	0.79367536	-36.143238	-55.099632	-49.890553	0.0	35974981	6156.090822458267
179	-44.93084	-44.93084	14.432163	-49.89202	0.78162724	-35.157726	-54.9007	-49.892094	0.0	36175981	6191.74411034584
180	-44.71376	-44.71376	7.2702565	-49.89051	0.7918588	-36.399353	-54.18791	-49.89044	0.0	36376981	6228.482996940613
181	-47.250877	-47.250877	14.642978	-49.8912	0.7866854	-36.503452	-57.308384	-49.891197	0.0	36577981	6265.9348068237305
182	-44.15569	-44.15569	-1.9526595	-49.892395	0.78250533	-36.124676	-54.389606	-49.89244	0.0	36778981	6302.743816614151
183	-55.698402	-55.698402	14.139263	-49.893124	0.7804421	-36.69419	-57.206	-49.893085	0.0	36979983	6340.1974449157715
184	-49.472954	-49.472954	-0.5715789	-49.892517	0.78449154	-36.411247	-55.597916	-49.892467	0.0	37180982	6376.811694383621
185	-48.684914	-48.684914	-0.2849066	-49.893803	0.7789601	-34.34993	-58.33916	-49.89383	0.0	37381981	6411.342689752579
186	-53.802574	-53.802574	-8.389982	-49.89286	0.7804032	-35.7177	-55.349724	-49.892857	0.0	37582981	6448.289658546448
187	-41.953876	-41.953876	-1.8884182	-49.894245	0.774138	-35.5906	-56.218292	-49.894264	0.0	37783981	6485.729230165482
188	-45.52773	-45.52773	-8.537056	-49.892246	0.7825233	-34.388615	-53.90991	-49.89227	0.0	37984985	6521.729676246643
189	-57.732906	-57.732906	-3.0696206	-49.890396	0.79177296	-35.676456	-54.977383	-49.890343	0.0	38185981	6558.665769577026
190	-43.90333	-43.90333	-4.6401887	-49.891254	0.79068905	-36.073475	-55.67711	-49.89134	0.0	38386981	6596.129802703857
191	-44.284912	-44.284912	-3.4419515	-49.89328	0.7820367	-34.976875	-54.569443	-49.893284	0.0	38587981	6633.699665546417
192	-50.769997	-50.769997	-4.480101	-49.891815	0.78816533	-35.70182	-55.16853	-49.891792	0.0	38788982	6670.295432329178
193	-54.258873	-54.258873	2.2054858	-49.89064	0.7969258	-37.247467	-55.584316	-49.890617	0.0	38989981	6706.051755189896
194	-54.0986	-54.0986	-2.4355123	-49.891666	0.79142964	-37.579315	-55.169666	-49.891785	0.0	39190981	6743.261531352997
195	-46.536575	-46.536575	-3.385376	-49.892506	0.7887297	-36.02605	-56.87478	-49.892433	0.0	39391981	6778.730135440826
196	-51.986107	-51.986107	1.1532574	-49.89166	0.79151696	-36.849365	-53.983025	-49.891693	0.0	39592981	6816.162195920944
197	-49.414326	-49.414326	-1.826812	-49.89001	0.80100673	-35.99286	-54.498344	-49.88997	0.0	39793981	6851.129406929016
198	-50.137936	-50.137936	-2.803011	-49.893356	0.7843911	-36.824097	-53.88224	-49.893364	0.0	39994981	6886.937929391861
199	-52.764805	-52.764805	-0.94064254	-49.89205	0.7938598	-35.246067	-57.074127	-49.89205	0.0	40195982	6922.427870988846
200	-49.864086	-49.864086	-1.7470108	-49.892033	0.7914266	-35.830128	-54.366974	-49.892056	1.0	40396983	6957.213704109192
201	-48.161217	-48.161217	1.785357	-49.89211	0.79460514	-37.049694	-58.73744	-49.892094	0.0	40597981	6992.547750711441
202	-50.869316	-50.869316	-6.625671	-49.893055	0.7907596	-36.593285	-54.714252	-49.893055	0.0	40798981	7028.358866930008
203	-41.485428	-41.485428	-0.08473862	-49.89131	0.7964916	-37.25232	-55.38694	-49.891315	0.0	40999981	7066.04909825325
204	-46.90981	-46.90981	-0.17144588	-49.892097	0.79490125	-34.087658	-54.742954	-49.892178	1.0	41200981	7101.094992637634
205	-48.56538	-48.56538	1.0287864	-49.89333	0.79045486	-36.415413	-53.83558	-49.89326	0.0	41401981	7137.95694565773
206	-47.078842	-47.078842	8.107087	-49.892376	0.79319507	-35.26898	-55.407177	-49.89243	0.0	41602981	7176.016294717789
207	-53.586063	-53.586063	7.290771	-49.891052	0.7979544	-36.193462	-54.748814	-49.891106	0.0	41803983	7213.101956605911
208	-43.891006	-43.891006	4.327437	-49.89209	0.7961505	-35.35549	-55.052116	-49.892086	0.0	42004981	7249.140586137772
209	-44.574238	-44.574238	6.138559	-49.893772	0.79030854	-34.400658	-54.163273	-49.893715	0.0	42205982	7284.237265110016
210	-47.461426	-47.461426	6.291805	-49.895115	0.7859341	-36.743137	-53.88216	-49.89523	0.0	42406981	7321.54049706459
211	-48.034805	-48.034805	6.008346	-49.89417	0.7858684	-37.110336	-54.061512	-49.894135	0.0	42607981	7355.7675569057465
212	-45.873947	-45.873947	4.643307	-49.89202	0.7940312	-36.50713	-55.625565	-49.892	0.0	42808981	7392.415596961975
213	-51.62362	-51.62362	-0.2813098	-49.89291	0.7926774	-36.7978	-54.238823	-49.89298	0.0	43009981	7426.9782538414
214	-50.390156	-50.390156	7.6908107	-49.89439	0.7873711	-36.525425	-54.422127	-49.894405	0.0	43210981	7461.470299720764
215	-50.074356	-50.074356	-0.35742182	-49.89376	0.7924334	-36.811268	-56.55144	-49.89381	0.0	43411981	7499.092798948288
216	-44.572388	-44.572388	0.084405534	-49.894638	0.7867456	-37.12502	-54.46254	-49.89463	0.0	43612981	7534.638706684113
217	-54.15282	-54.15282	0.61632913	-49.89379	0.79165304	-35.212418	-53.404045	-49.893772	0.0	43813982	7569.965744018555
218	-50.1115	-50.1115	-5.7296762	-49.894623	0.7885162	-35.66431	-58.769043	-49.89464	0.0	44014981	7605.588768720627
219	-50.353374	-50.353374	-1.4477206	-49.89646	0.7809304	-36.540993	-56.186344	-49.89651	0.0	44215981	7642.816264390945
220	-41.8822	-41.8822	-1.7414244	-49.897125	0.77868193	-34.71769	-54.55351	-49.897114	0.0	44416982	7680.285753488541
221	-49.760326	-49.760326	-2.0699825	-49.895508	0.7854209	-36.51872	-53.76559	-49.895565	0.0	44617981	7717.7302033901215
222	-44.13376	-44.13376	0.54602396	-49.89638	0.7804891	-35.87559	-54.87568	-49.89639	0.0	44818981	7752.141151428223
223	-49.641068	-49.641068	3.6851962	-49.89535	0.7866006	-36.19259	-54.67703	-49.89529	0.0	45019981	7789.222558736801
224	-52.55634	-52.55634	7.2012043	-49.896244	0.7823961	-34.60215	-54.386826	-49.89628	0.0	45220981	7826.29844045639
225	-45.749203	-45.749203	-0.7045588	-49.896545	0.7838758	-36.342365	-54.23935	-49.89662	0.0	45421981	7860.96227145195
226	-45.078968	-45.078968	8.302239	-49.89685	0.78214014	-37.3864	-55.240673	-49.896805	0.0	45622981	7898.39226269722
227	-58.477177	-58.477177	-0.08986331	-49.894314	0.7903577	-36.94141	-53.9769	-49.89435	0.0	45823983	7935.968957901001
228	-52.556076	-52.556076	-0.5295224	-49.896603	0.7781663	-35.061142	-53.455296	-49.896576	0.0	46024982	7973.1756954193115
229	-53.036633	-53.036633	8.434266	-49.895447	0.78348935	-36.43559	-54.383682	-49.895485	0.0	46225981	8008.326100111008
230	-53.884457	-53.884457	-0.520603	-49.8971	0.7785676	-37.311367	-54.453026	-49.897114	0.0	46426982	8044.95952963829
231	-55.230835	-55.230835	0.60806745	-49.895527	0.78421646	-36.57342	-54.668114	-49.895527	0.0	46627981	8082.1991629600525
232	-39.32313	-39.32313	1.084737	-49.896503	0.7815406	-35.54237	-55.281628	-49.89651	0.0	46828981	8117.080190658569
233	-41.316727	-41.316727	0.52826226	-49.895344	0.78361326	-35.995724	-56.336445	-49.895317	0.0	47029981	8153.815446615219
234	-50.336357	-50.336357	-0.55224025	-49.895576	0.782497	-36.78085	-54.158596	-49.895653	0.0	47230981	8190.790928602219
235	-41.186275	-41.186275	0.9298199	-49.894012	0.7901255	-37.477833	-54.752007	-49.893913	0.0	47431981	8228.216979265213
236	-48.88461	-48.88461	1.9583687	-49.895657	0.7808959	-36.40118	-55.004276	-49.895744	0.0	47632984	8262.585398674011
237	-40.886898	-40.886898	-0.48930395	-49.8952	0.7866597	-35.7208	-53.375164	-49.895226	0.0	47833981	8298.58022403717
238	-50.875317	-50.875317	7.3435993	-49.89636	0.7763979	-36.69651	-53.79438	-49.896347	0.0	48034981	8334.338936328888
239	-44.2986	-44.2986	1.7893538	-49.896538	0.7802633	-33.00527	-54.976936	-49.89658	0.0	48235981	8370.097655773163
240	-56.364887	-56.364887	-4.9201474	-49.894592	0.78778356	-36.28686	-55.087467	-49.894596	0.0	48436981	8405.230917692184
241	-51.291313	-51.291313	4.8451858	-49.896206	0.78059435	-37.412926	-54.62864	-49.896217	0.0	48637981	8440.178103208542
242	-42.55807	-42.55807	-2.690419	-49.89676	0.77499074	-37.515438	-54.043144	-49.89674	0.0	48838981	8476.737318754196
243	-44.81813	-44.81813	-1.1051732	-49.89711	0.77655315	-36.461014	-54.635315	-49.89713	0.0	49039984	8510.72938489914
244	-41.083885	-41.083885	-3.2242987	-49.898506	0.7733535	-35.506016	-54.312634	-49.898483	0.0	49240981	8547.495592832565
245	-43.407536	-43.407536	-2.7417088	-49.897697	0.7762087	-36.384037	-53.976254	-49.89775	0.0	49441982	8584.590141773224
246	-53.4246	-53.4246	-6.0213027	-49.895245	0.78690153	-36.624207	-54.114067	-49.89521	0.0	49642982	8620.204063415527
247	-42.80088	-42.80088	-3.578412	-49.898895	0.769433	-34.417694	-54.448727	-49.89894	0.0	49843981	8657.089210271835
248	-46.666557	-46.666557	-2.6253257	-49.896355	0.78318757	-35.90021	-53.684097	-49.896305	0.0	50044981	8694.160501003265
249	-51.249428	-51.249428	2.1774845	-49.897182	0.7777722	-36.42683	-54.32491	-49.89725	0.0	50245981	8729.794907808304
250	-49.602695	-49.602695	20.669508	-49.89894	0.7747515	-36.152737	-53.79872	-49.898964	0.0	50446982	8767.425463199615
251	-45.376663	-45.376663	8.084735	-49.895798	0.7820972	-36.86756	-54.20603	-49.89577	0.0	50647982	8805.014773845673
252	-52.38734	-52.38734	-2.7123852	-49.89792	0.7762002	-37.143276	-53.3128	-49.8979	0.0	50848981	8842.538501262665
253	-47.378105	-47.378105	-2.2695732	-49.896095	0.78113794	-36.129337	-54.701042	-49.896114	0.0	51049981	8877.504077672958
254	-59.50309	-59.50309	8.343064	-49.89795	0.7748798	-36.731644	-53.76687	-49.897934	0.0	51250981	8913.463773727417
255	-46.17257	-46.17257	0.4785489	-49.894093	0.78984886	-36.8945	-56.342537	-49.89417	0.0	51451981	8948.862374782562
256	-60.37169	-60.37169	15.323542	-49.896954	0.7806779	-36.008877	-53.396244	-49.896873	0.0	51652982	8985.70789217949
257	-54.853695	-54.853695	-5.589653	-49.896736	0.77976996	-35.746334	-54.31069	-49.896744	0.0	51853982	9021.337141990662
258	-46.385582	-46.385582	-2.8829155	-49.8993	0.76710373	-36.36256	-53.7987	-49.899326	0.0	52054981	9056.811360359192
259	-49.29361	-49.29361	6.7038527	-49.896187	0.78396416	-36.750423	-53.626804	-49.896236	0.0	52255982	9093.90207028389
260	-55.479946	-55.479946	0.9293633	-49.897423	0.77637297	-37.454967	-54.24976	-49.8974	0.0	52456981	9131.276912689209
261	-48.0366	-48.0366	-4.668651	-49.896793	0.7817334	-37.72663	-53.71911	-49.896793	0.0	52657981	9168.109550237656
262	-42.87185	-42.87185	-2.184328	-49.893425	0.79295427	-37.36199	-54.334984	-49.89347	0.0	52858981	9205.278044939041
263	-48.165146	-48.165146	-3.3852935	-49.899105	0.76764286	-37.431194	-54.52954	-49.89914	0.0	53059983	9241.995871782303
264	-49.99192	-49.99192	-0.5428382	-49.896206	0.78414166	-37.23692	-53.91682	-49.896164	0.0	53260981	9278.402268648148
265	-48.890766	-48.890766	-6.7307005	-49.89627	0.78115594	-36.264893	-54.83175	-49.896255	0.0	53461981	9315.738798379898
266	-50.94897	-50.94897	1.2040269	-49.89686	0.7799863	-36.46577	-52.955994	-49.89683	0.0	53662983	9352.352960586548
267	-44.26085	-44.26085	-1.0537223	-49.898304	0.7700177	-34.82142	-56.00875	-49.898335	0.0	53863981	9389.06078529358
268	-45.151558	-45.151558	-0.9801047	-49.897785	0.77459455	-37.82204	-55.571095	-49.89781	0.0	54064981	9426.531406641006
269	-52.25715	-52.25715	1.1347848	-49.897366	0.78064686	-36.451645	-54.023907	-49.897377	0.0	54265983	9463.574180364609
270	-60.456165	-60.456165	-0.7442385	-49.896587	0.77954334	-37.028435	-53.782764	-49.89658	0.0	54466981	9500.68850326538
271	-47.82787	-47.82787	-0.7982262	-49.899784	0.766675	-34.557163	-54.528336	-49.899757	0.0	54667982	9538.043640613556
272	-54.436905	-54.436905	-2.3192194	-49.898544	0.7709855	-37.40896	-54.001232	-49.898598	0.0	54868982	9576.99158668518
273	-43.009464	-43.009464	-3.2970133	-49.898834	0.7714359	-35.191673	-53.288128	-49.898815	0.0	55069981	9614.15842294693
274	-50.72618	-50.72618	-7.644111	-49.897617	0.77802545	-37.603146	-54.31048	-49.89763	0.0	55270982	9651.831393957138
275	-48.06056	-48.06056	0.15489008	-49.898537	0.77343845	-34.676327	-53.768208	-49.898514	0.0	55471983	9689.174185037613
276	-48.77473	-48.77473	-10.747972	-49.895317	0.7869091	-37.05049	-56.419376	-49.895306	0.0	55672981	9726.247506380081
277	-45.878082	-45.878082	0.08780699	-49.89649	0.78447396	-37.447742	-54.09529	-49.896477	0.0	55873981	9761.093866825104
278	-39.838238	-39.838238	-1.261242	-49.897846	0.78125095	-37.042313	-53.633724	-49.89785	0.0	56074981	9796.424580335617
279	-54.585583	-54.585583	-7.714906	-49.898426	0.77473843	-35.83841	-56.207222	-49.898438	0.0	56275981	9831.941795349121
280	-51.803173	-51.803173	-2.9289281	-49.89726	0.7782904	-37.693375	-56.325615	-49.897247	0.0	56476981	9869.212528944016
281	-47.157715	-47.157715	0.45611474	-49.897846	0.7797506	-37.64482	-54.777077	-49.897858	0.0	56677981	9908.651926279068
282	-52.09753	-52.09753	-2.834601	-49.8993	0.7750682	-37.583088	-55.153126	-49.899284	0.0	56878985	9946.19662308693
283	-48.867325	-48.867325	-1.6244661	-49.897697	0.7791962	-36.88874	-54.44015	-49.897755	0.0	57079984	9984.071494340897
284	-46.399868	-46.399868	-1.4193828	-49.898365	0.77630204	-36.714382	-53.692165	-49.898327	0.0	57280981	10021.21651506424
285	-48.689213	-48.689213	-1.2212509	-49.89782	0.78027177	-37.630928	-53.221123	-49.897804	0.0	57481982	10058.822668790817
286	-44.299435	-44.299435	-3.1948638	-49.898766	0.7773945	-36.198837	-53.55469	-49.8988	0.0	57682981	10095.767095804214
287	-48.72505	-48.72505	-1.0831012	-49.89863	0.7792791	-37.11353	-53.938435	-49.898647	0.0	57883981	10133.089799880981
288	-49.818623	-49.818623	-0.7479641	-49.89655	0.78814197	-37.519146	-54.12346	-49.8965	0.0	58084981	10168.287397623062
289	-44.657867	-44.657867	-1.8244818	-49.899483	0.7755702	-36.808174	-54.24352	-49.899467	0.0	58285981	10204.407972097397
290	-44.98446	-44.98446	-0.33025974	-49.89744	0.7826761	-37.31583	-54.31146	-49.89747	0.0	58486981	10240.200877189636
291	-48.219414	-48.219414	-9.255608	-49.898098	0.78094214	-37.07392	-53.425865	-49.89808	0.0	58687981	10276.95730805397
292	-46.0033	-46.0033	3.8673432	-49.89855	0.7796231	-37.489532	-55.36003	-49.898598	0.0	58888981	10314.403642654419
293	-40.806507	-40.806507	-3.2868094	-49.898556	0.7813291	-37.066177	-53.960224	-49.898514	0.0	59089981	10349.127864837646
294	-51.12824	-51.12824	4.9793057	-49.89878	0.780847	-37.469017	-55.362545	-49.89882	0.0	59290983	10386.267886400223
295	-43.8116	-43.8116	2.8163145	-49.898926	0.7782516	-36.769222	-54.43171	-49.898884	0.0	59491985	10421.24258852005
296	-49.869892	-49.869892	-1.914433	-49.89905	0.7794978	-37.042034	-53.310745	-49.899086	0.0	59692985	10456.825815439224
297	-51.872612	-51.872612	-7.873621	-49.89979	0.77585083	-34.499115	-54.712486	-49.89977	0.0	59893981	10493.738926887512
298	-48.42538	-48.42538	-8.103662	-49.89841	0.77845865	-37.540836	-54.670067	-49.898434	0.0	60094981	10531.194572210312
299	-48.255928	-48.255928	-2.8977795	-49.900486	0.7725697	-37.11534	-53.94979	-49.900475	0.0	60295983	10568.968872785568
