Epoch	EpRet	EpRealRet	TestEpRet	AverageQ1	StdQ1	MaxQ1	MinQ1	Q2	TestSuccess	TotalEnvInteracts	TotalTime
0	-665.915	-665.915	-417.71536	-48.25695	6.959338	-0.10140741	-107.942444	-48.286545	0.0	196991	61.613624811172485
1	-620.356	-620.356	-446.8589	-49.826553	1.4524467	-13.5396595	-63.751812	-49.826385	0.0	397991	116.31413888931274
2	-689.22217	-689.22217	-600.52716	-49.822437	1.3991009	-14.257563	-59.437267	-49.822117	0.0	598991	180.52534675598145
3	-681.484	-681.484	-729.42926	-49.768513	1.9255195	0.7120559	-58.26737	-49.768494	0.0	799991	243.21564388275146
4	-647.9479	-647.9479	-551.3511	-49.764645	2.0834754	0.80318654	-59.166775	-49.764786	0.0	1000985	310.375111579895
5	-586.8848	-586.8848	-555.1413	-49.74855	2.130453	2.7844002	-55.785465	-49.74855	0.0	1201991	376.16791319847107
6	-614.21014	-614.21014	-453.18253	-49.74025	2.0791674	2.0214791	-57.945286	-49.74025	0.0	1402991	445.261860370636
7	-623.97156	-623.97156	-559.88934	-49.745636	2.0380585	2.6964366	-61.47785	-49.745567	0.0	1603991	520.0555365085602
8	-616.3959	-616.3959	-571.92145	-49.76705	1.883104	2.1931198	-59.092426	-49.766922	0.0	1804988	594.0794868469238
9	-613.4409	-613.4409	-531.2955	-49.78954	1.7468787	2.1329541	-57.961956	-49.78949	0.0	2005991	667.7888746261597
10	-570.8297	-570.8297	-609.93243	-49.799538	1.6664716	1.8218522	-55.712242	-49.799652	0.0	2206991	740.620002746582
11	-667.7686	-667.7686	-419.68155	-49.812565	1.6028359	2.5375102	-57.70157	-49.812496	0.0	2407991	814.2010631561279
12	-589.47644	-589.47644	-562.17535	-49.82868	1.5111393	2.8110595	-56.318596	-49.82869	0.0	2608991	888.7422206401825
13	-594.89984	-594.89984	-558.1389	-49.836857	1.4473475	4.805199	-57.59871	-49.836914	0.0	2809991	967.3455879688263
14	-584.9314	-584.9314	-553.0234	-49.84651	1.3917569	2.8471892	-58.752644	-49.846657	0.0	3010991	1041.8813695907593
15	-561.44775	-561.44775	-562.70654	-49.852108	1.3068682	3.0195844	-56.31583	-49.852123	0.0	3211991	1114.6599848270416
16	-591.64404	-591.64404	-505.337	-49.856987	1.2320086	1.8101921	-55.273952	-49.856987	0.0	3412991	1185.0613377094269
17	-585.4164	-585.4164	-574.4688	-49.85714	1.2082908	1.6475067	-54.515877	-49.857143	0.0	3613983	1255.9465906620026
18	-644.4229	-644.4229	-645.04175	-49.86232	1.1444168	1.6796215	-58.123432	-49.862526	0.0	3814991	1326.417521238327
19	-630.915	-630.915	-647.2794	-49.865013	1.1246624	1.994735	-53.919907	-49.864902	0.0	4015991	1397.820612668991
20	-653.97424	-653.97424	-513.75543	-49.86551	1.1177733	2.3093834	-54.503124	-49.86564	0.0	4216983	1472.7306005954742
21	-623.0593	-623.0593	-556.57135	-49.865166	1.1011417	1.8320544	-57.89444	-49.86514	0.0	4417991	1544.392114162445
22	-618.0984	-618.0984	-557.0059	-49.869198	1.0746653	2.099021	-55.203068	-49.869286	0.0	4618984	1611.8084428310394
23	-662.03326	-662.03326	-490.57733	-49.87191	1.0601058	1.8921993	-56.72683	-49.871933	0.0	4819991	1680.6419954299927
24	-600.5108	-600.5108	-551.5389	-49.87054	1.0549632	2.2466338	-56.163372	-49.870617	0.0	5020991	1752.6916198730469
25	-588.7082	-588.7082	-486.17142	-49.87224	1.0267729	3.0410514	-54.77734	-49.872387	0.0	5221991	1827.733436346054
26	-610.3141	-610.3141	-511.6628	-49.868332	1.0742269	3.088264	-56.42567	-49.86827	0.0	5422991	1897.3426620960236
27	-594.05664	-594.05664	-475.54297	-49.87144	1.0190119	1.9249537	-54.501617	-49.871613	0.0	5623991	1970.4406266212463
28	-570.2213	-570.2213	-572.6943	-49.870495	1.0292103	2.3094637	-54.774456	-49.870537	0.0	5824987	2041.9135649204254
29	-629.07526	-629.07526	-401.9122	-49.87253	1.0132208	2.5810182	-57.431763	-49.872723	0.0	6025982	2114.8342611789703
30	-603.2636	-603.2636	-551.5273	-49.87476	0.9780459	2.5093162	-55.303947	-49.87468	0.0	6226991	2188.7711758613586
31	-599.25696	-599.25696	-686.68304	-49.873795	0.9777657	4.5025086	-54.711178	-49.873833	0.0	6427991	2261.4036433696747
32	-566.6845	-566.6845	-559.2906	-49.871586	0.97376513	2.3920107	-54.809322	-49.871647	0.0	6628991	2337.506240129471
33	-588.15717	-588.15717	-407.78372	-49.874138	0.9510243	3.6968398	-55.619083	-49.874176	0.0	6829991	2408.473693370819
34	-580.97174	-580.97174	-507.8883	-49.87343	0.9658809	2.4888763	-56.311077	-49.873535	0.0	7030991	2483.90239405632
35	-595.5605	-595.5605	-391.69424	-49.874413	0.96705663	4.480233	-55.585155	-49.874454	0.0	7231991	2557.248816013336
36	-536.6332	-536.6332	-476.4076	-49.87689	0.95324093	1.8770796	-53.845463	-49.877	0.0	7432991	2625.6570386886597
37	-582.05396	-582.05396	-505.8665	-49.87793	0.936391	3.0949724	-54.11152	-49.878124	0.0	7633991	2695.9964756965637
38	-562.01276	-562.01276	-445.1962	-49.87816	0.9246162	2.0566163	-54.719517	-49.878242	0.0	7834991	2772.2046930789948
39	-609.0996	-609.0996	-535.4396	-49.8794	0.93885523	4.810595	-57.782955	-49.87951	0.0	8035991	2843.2033126354218
40	-537.88354	-537.88354	-553.4433	-49.88083	0.91102356	4.653159	-54.3387	-49.880997	0.0	8236991	2913.8127915859222
41	-597.7974	-597.7974	-539.00275	-49.882854	0.8703254	-0.29580992	-53.74762	-49.883007	0.0	8437991	2991.129825592041
42	-616.0736	-616.0736	-641.426	-49.885666	0.828871	-9.205992	-53.239243	-49.885784	0.0	8638982	3064.7349574565887
43	-590.8492	-590.8492	-436.6963	-49.88607	0.80707693	-14.156096	-53.219032	-49.886166	0.0	8839987	3140.242691040039
44	-573.70056	-573.70056	-481.40036	-49.8851	0.8147689	-9.85404	-53.52439	-49.885193	0.0	9040991	3215.432929754257
45	-609.37756	-609.37756	-500.04932	-49.883896	0.84163356	-1.4477642	-53.227043	-49.883965	0.0	9241991	3293.778983592987
46	-566.91943	-566.91943	-563.3177	-49.885128	0.8273136	-2.1198027	-53.68583	-49.885197	0.0	9442991	3365.6147327423096
47	-625.2075	-625.2075	-670.22534	-49.885353	0.82994884	-0.41141555	-53.970566	-49.885406	0.0	9643985	3438.349462032318
48	-647.3435	-647.3435	-561.7108	-49.884487	0.8441605	-0.90374404	-53.503242	-49.884544	0.0	9844991	3511.570997238159
49	-573.1101	-573.1101	-465.2904	-49.885086	0.8376851	-1.8269159	-53.59944	-49.885178	0.0	10045991	3585.349599123001
50	-622.58984	-622.58984	-432.27295	-49.88498	0.83444303	2.3982177	-52.977917	-49.885063	0.0	10246991	3657.825809955597
51	-574.0826	-574.0826	-511.597	-49.883434	0.8521904	4.4780293	-53.998028	-49.88356	0.0	10447991	3728.3785202503204
52	-607.2145	-607.2145	-532.40405	-49.883167	0.83553094	-2.5253634	-54.715252	-49.88316	0.0	10648991	3801.883938074112
53	-602.3395	-602.3395	-444.48132	-49.884174	0.81484085	-5.7982035	-53.92784	-49.884205	0.0	10849987	3874.400417327881
54	-615.1089	-615.1089	-487.30292	-49.886677	0.7908207	-6.685959	-53.379246	-49.886726	0.0	11050991	3948.9246475696564
55	-620.0747	-620.0747	-565.10376	-49.886467	0.7667907	-11.958412	-52.83357	-49.886562	0.0	11251991	4023.9211428165436
56	-616.66095	-616.66095	-454.51797	-49.88527	0.76993084	-16.344238	-53.028744	-49.88533	0.0	11452991	4097.8700959682465
57	-536.1959	-536.1959	-428.08	-49.885147	0.7749898	-19.979816	-55.169384	-49.8852	0.0	11653987	4171.110259056091
58	-618.05365	-618.05365	-504.94073	-49.88515	0.769356	-24.542568	-52.616932	-49.88526	0.0	11854991	4241.941293001175
59	-666.6785	-666.6785	-456.01807	-49.884212	0.7749642	-24.057186	-54.318504	-49.884315	0.0	12055991	4315.624830722809
60	-606.5978	-606.5978	-439.59836	-49.887054	0.7648907	-20.95053	-52.63412	-49.88705	0.0	12256991	4391.031158208847
61	-613.9595	-613.9595	-465.16122	-49.88822	0.75703514	-19.399294	-52.927185	-49.88819	0.0	12457983	4465.962842941284
62	-569.5476	-569.5476	-365.26868	-49.888744	0.75828546	-16.02134	-53.441288	-49.888878	0.0	12658991	4541.174924373627
63	-558.84576	-558.84576	-482.6993	-49.88743	0.7621333	-16.598104	-52.9223	-49.88748	0.0	12859991	4614.200090169907
64	-583.2286	-583.2286	-602.1844	-49.886444	0.76787615	-9.602367	-53.44615	-49.886482	0.0	13060987	4689.69119811058
65	-582.1293	-582.1293	-554.7857	-49.886047	0.7837846	-1.3355505	-53.898544	-49.886208	0.0	13261991	4761.56054186821
66	-615.48096	-615.48096	-473.9098	-49.88494	0.80677605	5.535679	-53.443394	-49.885067	0.0	13462991	4838.14110159874
67	-595.4121	-595.4121	-373.75214	-49.884724	0.80856764	8.846047	-54.43729	-49.884785	0.0	13663991	4912.129500627518
68	-560.51227	-560.51227	-359.61307	-49.88515	0.8121636	6.2038	-54.132366	-49.885303	0.0	13864991	4981.794288158417
69	-562.80206	-562.80206	-345.70505	-49.885094	0.7969103	3.0245523	-54.031292	-49.88504	0.0	14065991	5050.600135803223
70	-600.87714	-600.87714	-595.24115	-49.885124	0.7853895	4.755143	-53.962326	-49.88523	0.0	14266989	5120.302558660507
71	-631.89923	-631.89923	-511.7975	-49.885506	0.79525936	9.423533	-54.75621	-49.88551	0.0	14467991	5189.067622184753
72	-562.6107	-562.6107	-384.40964	-49.88361	0.79819304	5.5418115	-53.92067	-49.883648	0.0	14668988	5258.0275757312775
73	-558.5402	-558.5402	-534.835	-49.88444	0.78859854	8.660618	-54.541573	-49.884483	0.0	14869991	5331.101463317871
74	-554.82776	-554.82776	-474.43427	-49.883495	0.7909502	5.260843	-54.032204	-49.883522	0.0	15070991	5400.01850438118
75	-613.28986	-613.28986	-424.98767	-49.883266	0.7983199	7.4761543	-56.648342	-49.883263	0.0	15271991	5470.4034876823425
76	-625.68195	-625.68195	-411.27112	-49.883198	0.78870195	7.1677494	-54.092163	-49.88318	0.0	15472991	5540.562817573547
77	-622.71606	-622.71606	-530.2853	-49.881424	0.79924643	7.579859	-54.88516	-49.88136	0.0	15673991	5612.978129148483
78	-625.8869	-625.8869	-547.6396	-49.882133	0.79085284	7.412828	-53.822422	-49.882095	0.0	15874991	5683.05713558197
79	-586.7929	-586.7929	-632.24384	-49.882694	0.7918921	10.691579	-54.974556	-49.882736	0.0	16075991	5752.415381193161
80	-573.2285	-573.2285	-483.89807	-49.88331	0.78492796	9.696389	-54.241085	-49.883305	0.0	16276983	5825.543972492218
81	-618.8924	-618.8924	-511.8217	-49.883232	0.7843902	4.794374	-56.758556	-49.88327	0.0	16477991	5900.651922941208
82	-543.9204	-543.9204	-510.24353	-49.883595	0.77522504	6.387618	-54.267025	-49.88361	0.0	16678981	5978.6026866436005
83	-502.4856	-502.4856	-285.03244	-49.88149	0.7948026	6.7690253	-53.18431	-49.88153	0.0	16879991	6048.594301939011
84	-542.6664	-542.6664	-594.66565	-49.883606	0.7740582	4.7062025	-53.957657	-49.883636	0.0	17080991	6120.086185693741
85	-556.10376	-556.10376	-506.2953	-49.883774	0.7633247	-2.0190442	-57.762417	-49.883835	0.0	17281983	6191.1503694057465
86	-515.3315	-515.3315	-310.60208	-49.884216	0.76652175	-18.90238	-52.87086	-49.88428	0.0	17482991	6262.324981451035
87	-532.4051	-532.4051	-317.92035	-49.884342	0.7650878	-19.094814	-52.875572	-49.8845	0.0	17683991	6332.846658229828
88	-529.0464	-529.0464	-489.38254	-49.883408	0.7717228	-13.981377	-52.09432	-49.883423	0.0	17884981	6404.171752214432
89	-562.5791	-562.5791	-392.1955	-49.883167	0.7809981	-0.47333628	-52.17028	-49.88331	0.0	18085991	6475.893310546875
90	-538.10626	-538.10626	-339.53516	-49.88274	0.797039	5.8346143	-52.111477	-49.882816	0.0	18286991	6550.942307472229
91	-538.20276	-538.20276	-489.31717	-49.882725	0.7999997	5.5375104	-52.29246	-49.88279	0.0	18487989	6622.800794124603
92	-553.62103	-553.62103	-481.04132	-49.88162	0.80133915	8.757505	-51.829403	-49.88169	0.0	18688991	6694.7244482040405
93	-559.8209	-559.8209	-394.3792	-49.88138	0.8126464	7.09129	-53.24598	-49.881416	0.0	18889991	6767.337367534637
94	-518.29706	-518.29706	-548.2099	-49.88349	0.78070086	4.3782835	-52.54163	-49.88355	0.0	19090991	6839.9382112026215
95	-533.5593	-533.5593	-436.84854	-49.882362	0.7903751	3.3380065	-52.06628	-49.882427	0.0	19291982	6911.322582960129
96	-554.09875	-554.09875	-463.05655	-49.881844	0.797225	6.789272	-51.719994	-49.88185	0.0	19492991	6980.765451431274
97	-551.6064	-551.6064	-453.52136	-49.882305	0.7839895	7.92725	-52.1634	-49.88238	0.0	19693991	7048.304499387741
98	-517.0697	-517.0697	-426.30127	-49.88297	0.7827438	4.5609665	-51.752605	-49.88296	0.0	19894983	7123.648921251297
99	-508.97632	-508.97632	-307.00162	-49.883076	0.7820202	12.328132	-51.79187	-49.883095	0.0	20095982	7194.511662721634
100	-531.4428	-531.4428	-414.24207	-49.883636	0.7787639	7.3178587	-52.608727	-49.88366	0.0	20296989	7262.663367986679
101	-457.04706	-457.04706	-301.57938	-49.883522	0.7811171	6.4948983	-51.96756	-49.88358	0.0	20497989	7329.485380649567
102	-540.0028	-540.0028	-392.6578	-49.884193	0.77353615	3.8860354	-52.359245	-49.884216	0.0	20698991	7396.21755862236
103	-536.427	-536.427	-396.8373	-49.884678	0.7545611	5.674739	-52.191414	-49.88476	0.0	20899991	7464.441534042358
104	-516.8569	-516.8569	-477.8175	-49.88335	0.76444393	10.974759	-52.7025	-49.883453	0.0	21100991	7533.41232585907
105	-508.61923	-508.61923	-373.95145	-49.883186	0.76197654	2.9172618	-52.73483	-49.883312	0.0	21301987	7600.158800840378
106	-553.9922	-553.9922	-376.42694	-49.884186	0.74097764	-7.5086164	-52.517014	-49.884212	0.0	21502991	7666.801181554794
107	-498.8529	-498.8529	-375.89853	-49.882847	0.7442241	-17.618996	-52.162285	-49.88292	0.0	21703991	7733.676878929138
108	-418.20694	-418.20694	-293.21616	-49.881096	0.74748075	-14.2115135	-52.830196	-49.881226	0.0	21904991	7800.076678752899
109	-453.4498	-453.4498	-377.6445	-49.880997	0.75056475	-21.909584	-52.369816	-49.881016	0.0	22105983	7866.526664018631
110	-462.9102	-462.9102	-432.59854	-49.88158	0.748873	-19.315702	-53.239113	-49.881527	0.0	22306990	7933.216910600662
111	-485.20367	-485.20367	-323.18234	-49.88036	0.75098765	-17.222225	-54.46402	-49.880417	0.0	22507981	8000.191288232803
112	-376.38702	-376.38702	-325.01804	-49.879272	0.75502425	-22.859892	-54.502136	-49.879326	0.0	22708981	8066.859874486923
113	-442.55975	-442.55975	-339.9236	-49.879658	0.75231034	-22.456017	-53.454006	-49.879597	0.0	22909991	8133.621647119522
114	-451.24417	-451.24417	-406.6167	-49.87993	0.7467155	-24.437555	-52.491116	-49.880016	0.0	23110983	8198.473174571991
115	-462.9028	-462.9028	-142.09712	-49.878952	0.7523294	-20.664797	-54.102707	-49.878994	0.0	23311982	8263.522589921951
116	-504.3136	-504.3136	-333.46475	-49.879555	0.7484724	-25.800539	-56.123333	-49.879547	0.0	23512989	8329.809729337692
117	-435.40582	-435.40582	-176.89069	-49.8787	0.754909	-20.771828	-55.13923	-49.878696	0.0	23713989	8395.315594434738
118	-398.1761	-398.1761	-168.53946	-49.879116	0.7564624	-21.541277	-52.837563	-49.879173	0.0	23914982	8459.924245595932
119	-436.04898	-436.04898	-231.06876	-49.87899	0.76044697	-20.125027	-53.622383	-49.8791	0.0	24115981	8524.693019151688
120	-410.99933	-410.99933	-435.1461	-49.8794	0.76122856	-22.409134	-53.524204	-49.879303	0.0	24316991	8589.406334877014
121	-394.48734	-394.48734	-350.34518	-49.879234	0.7626462	-21.847185	-54.02786	-49.879276	0.0	24517991	8654.438875436783
122	-454.33466	-454.33466	-297.8755	-49.877884	0.76192623	-22.024714	-53.128174	-49.877895	0.0	24718991	8719.182669878006
123	-405.09726	-405.09726	-370.2266	-49.878113	0.7627415	-24.153614	-53.85539	-49.878105	0.0	24919982	8783.752226352692
124	-466.51474	-466.51474	-212.2549	-49.878757	0.7562561	-24.619297	-52.49659	-49.878803	0.0	25120991	8848.498111248016
125	-441.26065	-441.26065	-280.20068	-49.87819	0.75793374	-26.753695	-53.119972	-49.878124	0.0	25321991	8913.126497507095
126	-446.4516	-446.4516	-389.51224	-49.877026	0.7621141	-22.720451	-52.73907	-49.87708	0.0	25522991	8978.019051551819
127	-486.213	-486.213	-363.3553	-49.87564	0.7671483	-24.910398	-52.903145	-49.875645	0.0	25723991	9043.201865911484
128	-507.08875	-507.08875	-289.17212	-49.875725	0.7622481	-25.12118	-54.953568	-49.87564	0.0	25924983	9107.790909528732
129	-503.27847	-503.27847	-140.44553	-49.875416	0.76210123	-23.03797	-54.71019	-49.875465	0.1	26125991	9172.216039896011
130	-422.2808	-422.2808	-283.72638	-49.875237	0.7643553	-22.07331	-53.621964	-49.875263	0.0	26326985	9236.651379108429
131	-436.3541	-436.3541	-283.69604	-49.87434	0.76682216	-21.16387	-54.3638	-49.874302	0.0	26527991	9301.794391393661
132	-490.68933	-490.68933	-184.39684	-49.874	0.763961	-22.84757	-53.27186	-49.87393	0.0	26728991	9366.668471574783
133	-474.9141	-474.9141	-332.05914	-49.874165	0.76358193	-23.061827	-53.750095	-49.87419	0.0	26929981	9431.696810483932
134	-523.17944	-523.17944	-243.10757	-49.873375	0.7703121	-25.296707	-52.549263	-49.87337	0.0	27130990	9497.483903884888
135	-359.77008	-359.77008	-323.48126	-49.873028	0.76622456	-23.432547	-56.831635	-49.873024	0.0	27331991	9561.818061828613
136	-425.46704	-425.46704	-256.52625	-49.87221	0.7702809	-24.468403	-53.887363	-49.872177	0.0	27532991	9626.381822824478
137	-445.91473	-445.91473	-374.69522	-49.871994	0.7718384	-23.85195	-54.160507	-49.871983	0.0	27733991	9691.107811927795
138	-463.10477	-463.10477	-279.2528	-49.871616	0.771473	-25.92168	-52.41223	-49.871586	0.0	27934991	9755.835245370865
139	-431.82803	-431.82803	-306.7877	-49.871227	0.7761998	-23.897785	-53.46597	-49.871216	0.0	28135982	9820.532084941864
140	-429.52087	-429.52087	-281.75256	-49.87107	0.7812056	-22.711597	-55.820023	-49.87108	0.0	28336991	9885.071473360062
141	-430.06558	-430.06558	-378.2778	-49.8709	0.77966493	-25.554865	-52.848328	-49.87087	0.0	28537991	9950.305945396423
142	-474.37454	-474.37454	-351.5292	-49.870934	0.7768316	-24.813208	-53.855755	-49.87091	0.0	28738991	10015.020741224289
143	-419.95694	-419.95694	-296.32352	-49.86925	0.7817907	-24.301336	-53.239918	-49.869293	0.0	28939991	10079.71018409729
144	-449.85687	-449.85687	-400.08582	-49.868862	0.7834063	-23.525967	-53.403988	-49.86886	0.0	29140991	10144.36774277687
145	-497.3671	-497.3671	-336.6889	-49.86982	0.78088313	-22.489048	-52.9823	-49.86986	0.0	29341991	10209.494915246964
146	-501.20395	-501.20395	-226.64601	-49.8693	0.78074026	-21.727743	-53.47099	-49.86928	0.0	29542991	10273.716784477234
147	-502.397	-502.397	-248.9522	-49.869408	0.77939624	-26.552462	-52.921516	-49.869423	0.0	29743987	10338.392597198486
148	-429.37683	-429.37683	-317.81802	-49.867203	0.7896041	-23.23348	-53.145103	-49.867146	0.0	29944991	10403.18025803566
149	-438.51617	-438.51617	-314.7402	-49.867996	0.77873814	-23.095297	-53.276497	-49.868027	0.0	30145982	10468.588133335114
150	-403.9032	-403.9032	-255.68292	-49.86808	0.7818013	-20.440998	-54.126087	-49.868023	0.0	30346987	10532.99211883545
151	-405.70673	-405.70673	-197.01784	-49.86801	0.7829542	-20.305105	-52.906563	-49.868027	0.1	30547986	10597.206602096558
152	-437.24884	-437.24884	-273.91885	-49.86581	0.78995943	-19.228624	-56.44406	-49.865784	0.1	30748981	10661.210916757584
153	-468.8532	-468.8532	-249.01498	-49.864643	0.79707927	-16.507643	-53.219116	-49.864674	0.0	30949991	10725.821466684341
154	-428.68875	-428.68875	-332.59296	-49.86308	0.8008307	-15.449457	-55.028347	-49.86303	0.0	31150987	10790.24934887886
155	-384.30444	-384.30444	-123.30405	-49.86096	0.81000763	-13.767246	-54.626564	-49.86098	0.0	31351991	10854.975417375565
156	-362.23038	-362.23038	-282.56882	-49.86041	0.81113255	-14.637922	-53.47662	-49.860424	0.0	31552991	10919.52047753334
157	-406.041	-406.041	-167.06302	-49.859802	0.8130407	-16.836279	-52.828083	-49.859753	0.0	31753982	10983.985083580017
158	-409.8622	-409.8622	-149.81645	-49.859066	0.8143474	-19.015404	-52.469173	-49.859055	0.0	31954991	11048.73031425476
159	-382.91226	-382.91226	-163.76622	-49.85976	0.807716	-14.230288	-56.836487	-49.859695	0.0	32155986	11113.361333608627
160	-395.29465	-395.29465	-302.8101	-49.86012	0.80712205	-12.702457	-53.971844	-49.86012	0.0	32356991	11177.14970254898
161	-409.7621	-409.7621	-333.03445	-49.857285	0.82449657	-6.051259	-55.774643	-49.857296	0.0	32557991	11241.453936338425
162	-403.56595	-403.56595	-243.54863	-49.856464	0.8325139	-5.5585637	-54.149525	-49.856426	0.0	32758984	11305.53923201561
163	-520.59015	-520.59015	-205.37051	-49.85664	0.8340533	-0.78113	-53.50448	-49.8567	0.0	32959983	11370.119867563248
164	-424.7588	-424.7588	-222.91356	-49.85515	0.8395939	-0.7439194	-54.419506	-49.8551	0.0	33160988	11434.202092409134
165	-365.13858	-365.13858	-298.2237	-49.8535	0.86119145	-0.37716866	-54.425713	-49.85353	0.0	33361981	11498.659722328186
166	-384.3996	-384.3996	-218.94427	-49.854073	0.8598331	1.1543263	-54.918434	-49.854053	0.0	33562985	11562.807641267776
167	-441.62485	-441.62485	-200.72519	-49.85371	0.85852367	1.251084	-54.34929	-49.853676	0.0	33763991	11627.579767227173
168	-437.6378	-437.6378	-187.12233	-49.851257	0.87064904	-0.46682066	-54.24681	-49.85127	0.0	33964991	11691.796975135803
169	-455.38855	-455.38855	-203.07901	-49.852524	0.87055475	2.312851	-54.327763	-49.852554	0.0	34165984	11755.850309610367
170	-381.988	-381.988	-217.2458	-49.850185	0.8795638	1.5807468	-52.796535	-49.850143	0.1	34366987	11820.104857444763
171	-399.0565	-399.0565	-190.99489	-49.84894	0.88942885	2.1796317	-54.282864	-49.8489	0.0	34567991	11884.69366812706
172	-466.68124	-466.68124	-143.10931	-49.84728	0.9108693	6.809748	-53.584835	-49.847282	0.0	34768991	11949.414186477661
173	-386.90546	-386.90546	-177.9575	-49.847107	0.91544145	1.9524778	-55.197037	-49.847122	0.0	34969982	12013.629439592361
174	-445.2705	-445.2705	-256.3009	-49.844788	0.91907734	8.943632	-53.004482	-49.84475	0.0	35170983	12078.012562274933
175	-426.22528	-426.22528	-267.91006	-49.84353	0.9365871	5.594763	-54.9662	-49.8435	0.0	35371991	12142.48827791214
176	-424.23483	-424.23483	-377.53268	-49.844654	0.9254186	5.6627355	-54.415222	-49.8445	0.0	35572991	12206.863430023193
177	-419.13544	-419.13544	-199.16527	-49.84411	0.9301245	5.408936	-54.337925	-49.844196	0.0	35773991	12270.995397090912
178	-366.3324	-366.3324	-378.0985	-49.842556	0.9507756	5.534255	-53.88941	-49.842525	0.0	35974982	12335.177969694138
179	-400.43765	-400.43765	-105.3471	-49.841812	0.9477312	6.80556	-56.05152	-49.841766	0.0	36175991	12399.450965881348
180	-390.26212	-390.26212	-250.02562	-49.841846	0.9333512	5.3759904	-53.17148	-49.84176	0.1	36376984	12464.025241613388
181	-432.45227	-432.45227	-208.95404	-49.841427	0.930211	5.9993625	-53.257984	-49.841515	0.0	36577991	12528.469598054886
182	-452.53418	-452.53418	-293.66156	-49.840466	0.93634665	10.756485	-54.36149	-49.840454	0.0	36778991	12592.903846502304
183	-356.99976	-356.99976	-229.00682	-49.83968	0.94713104	5.1676183	-53.471584	-49.839664	0.0	36979987	12657.772131681442
184	-403.6996	-403.6996	-142.85599	-49.83914	0.9393772	8.715855	-53.950085	-49.839058	0.0	37180985	12722.064640283585
185	-397.23688	-397.23688	-111.61062	-49.839096	0.9445415	7.340485	-59.435585	-49.839027	0.0	37381991	12786.74207830429
186	-352.8654	-352.8654	-86.33687	-49.83467	0.96332777	9.682727	-53.387936	-49.834698	0.1	37582984	12851.361950874329
187	-392.14105	-392.14105	-260.48883	-49.83466	0.9511096	6.128349	-54.05198	-49.834732	0.1	37783982	12916.424760580063
188	-414.77426	-414.77426	-294.83017	-49.832363	0.9580516	7.9750214	-53.21609	-49.832294	0.1	37984991	12980.401693582535
189	-383.9143	-383.9143	-105.850784	-49.831856	0.97703576	7.460821	-53.567886	-49.831783	0.1	38185981	13044.699436187744
190	-403.32016	-403.32016	-37.608772	-49.83214	0.9798929	12.10161	-54.385784	-49.831985	0.0	38386991	13110.059812307358
191	-372.75674	-372.75674	-105.70186	-49.831734	0.9894478	15.84423	-53.407715	-49.83187	0.0	38587991	13174.217618227005
192	-338.1298	-338.1298	-356.78915	-49.82874	0.9976791	16.672462	-52.960133	-49.828564	0.2	38788982	13238.531634807587
193	-377.0614	-377.0614	-189.00015	-49.827297	1.0057589	10.808037	-52.966274	-49.8273	0.0	38989991	13302.58917093277
194	-348.61096	-348.61096	-112.93777	-49.82798	0.9828656	4.8921747	-55.25392	-49.827934	0.2	39190990	13367.374349355698
195	-388.94736	-388.94736	-95.95596	-49.826244	0.9892267	9.759992	-55.36069	-49.82627	0.1	39391988	13431.554335594177
196	-441.83505	-441.83505	-39.446285	-49.823734	0.9995287	9.319782	-53.605854	-49.82378	0.1	39592991	13495.881845474243
197	-356.64917	-356.64917	-111.839935	-49.82294	1.015281	11.463393	-56.220703	-49.822906	0.3	39793987	13559.91733288765
198	-380.7966	-380.7966	-101.09911	-49.82389	1.0173278	10.199905	-53.468075	-49.823765	0.0	39994991	13623.786609888077
199	-389.7277	-389.7277	-68.32854	-49.821686	1.0197752	18.188026	-53.460964	-49.8217	0.0	40195991	13687.714671373367
200	-320.5759	-320.5759	-58.382557	-49.821125	1.0335237	26.603031	-58.40627	-49.82107	0.0	40396982	13751.839395046234
201	-407.90097	-407.90097	-98.39231	-49.81773	1.0482057	14.554212	-53.76261	-49.8176	0.1	40597991	13816.518588781357
202	-393.4308	-393.4308	-144.97728	-49.817562	1.0528502	11.030232	-53.471104	-49.817657	0.0	40798983	13880.530425548553
203	-312.22382	-312.22382	-42.24502	-49.814526	1.0730088	12.485522	-54.87124	-49.81454	0.1	40999991	13944.6440513134
204	-314.55576	-314.55576	-116.78841	-49.812195	1.0994108	21.60587	-53.353363	-49.812107	0.0	41200990	14008.743201494217
205	-373.4982	-373.4982	-55.83331	-49.810196	1.0989717	8.680311	-55.339794	-49.810345	0.3	41401991	14072.796972513199
206	-338.11298	-338.11298	-49.49352	-49.809055	1.1277246	24.536413	-54.5113	-49.808945	0.2	41602982	14136.897679328918
207	-370.86493	-370.86493	-57.176266	-49.806763	1.1253655	13.274492	-53.705772	-49.806824	0.0	41803991	14201.103979349136
208	-364.43985	-364.43985	-29.286627	-49.808174	1.1050559	12.064163	-55.79699	-49.808163	0.1	42004983	14264.93850159645
209	-317.4488	-317.4488	-9.059899	-49.80749	1.1084423	13.310823	-53.121555	-49.807426	0.0	42205982	14329.083986282349
210	-345.60602	-345.60602	-32.72133	-49.80483	1.1224955	16.18895	-55.889538	-49.804893	0.1	42406983	14393.570587873459
211	-363.70184	-363.70184	-156.5183	-49.80575	1.1101444	9.949187	-55.047867	-49.805653	0.1	42607991	14457.92400097847
212	-351.8379	-351.8379	-77.46504	-49.803505	1.1358179	11.9962225	-56.94951	-49.803425	0.1	42808991	14521.910275697708
213	-326.0494	-326.0494	-129.40605	-49.80381	1.1151117	23.3169	-53.59211	-49.803833	0.0	43009991	14586.74620103836
214	-367.07013	-367.07013	-60.368507	-49.80207	1.1169736	12.558666	-54.34355	-49.80212	0.1	43210991	14651.028547525406
215	-416.02023	-416.02023	-46.7139	-49.803688	1.1127602	13.972382	-56.39417	-49.803684	0.2	43411991	14716.387062311172
216	-290.70142	-290.70142	-79.501335	-49.80206	1.1270626	11.763227	-56.16434	-49.80194	0.1	43612991	14780.486795902252
217	-417.29895	-417.29895	-131.41312	-49.800217	1.1306264	11.553927	-56.1199	-49.800182	0.0	43813991	14845.526509284973
218	-354.5624	-354.5624	-77.07964	-49.802013	1.1381836	15.362559	-53.672962	-49.80201	0.0	44014991	14910.185595035553
219	-342.52032	-342.52032	-159.62585	-49.79894	1.1387681	13.21549	-55.89496	-49.798973	0.2	44215990	14974.839982748032
220	-375.99823	-375.99823	-94.03826	-49.799965	1.1446869	15.010784	-55.073994	-49.799934	0.0	44416991	15039.480965614319
221	-411.80786	-411.80786	-58.76626	-49.79855	1.1465058	15.623876	-54.43656	-49.798504	0.1	44617981	15104.042130231857
222	-332.94138	-332.94138	-82.953926	-49.799263	1.1315738	10.4202175	-54.548786	-49.799217	0.2	44818991	15169.03334569931
223	-303.67673	-303.67673	-97.83147	-49.79623	1.1580138	9.829244	-54.682877	-49.796272	0.3	45019988	15233.24480843544
224	-409.83087	-409.83087	-141.45793	-49.79398	1.1585565	10.845319	-53.028316	-49.793888	0.0	45220991	15297.924622535706
225	-348.65802	-348.65802	-45.508976	-49.791466	1.1689848	16.049822	-53.50213	-49.791473	0.0	45421991	15362.288165569305
226	-294.0617	-294.0617	-47.62117	-49.78939	1.1742038	13.12512	-53.14877	-49.78939	0.1	45622985	15426.533464670181
227	-333.00504	-333.00504	-36.7864	-49.787575	1.2017962	25.662313	-52.815384	-49.787502	0.1	45823991	15491.053580522537
228	-337.9689	-337.9689	-48.432728	-49.785736	1.2170757	17.021545	-53.562824	-49.78569	0.1	46024982	15555.06463432312
229	-340.96487	-340.96487	-41.979458	-49.784416	1.2248623	33.73133	-53.51906	-49.78436	0.2	46225984	15620.187411546707
230	-323.67	-323.67	-34.580765	-49.784214	1.2269087	13.264118	-53.052475	-49.78421	0.0	46426991	15684.454073429108
231	-346.61856	-346.61856	-92.00204	-49.78365	1.2296932	30.948853	-52.855717	-49.783577	0.0	46627982	15748.800241231918
232	-338.41083	-338.41083	-106.18466	-49.782455	1.2282866	16.481283	-54.535305	-49.782406	0.2	46828989	15812.933093070984
233	-302.31354	-302.31354	-64.75548	-49.78226	1.2359555	11.15302	-53.48268	-49.7822	0.0	47029982	15876.978001832962
234	-344.60165	-344.60165	-56.380283	-49.78065	1.2632935	14.1534605	-53.573208	-49.780697	0.3	47230991	15940.911656141281
235	-301.48767	-301.48767	-75.70566	-49.777233	1.2480329	11.51792	-54.436962	-49.777184	0.2	47431991	16005.097992897034
236	-394.89172	-394.89172	-6.382848	-49.776535	1.2807636	11.286772	-55.50274	-49.776478	0.2	47632991	16069.756528139114
237	-333.53644	-333.53644	-10.435998	-49.7748	1.2827622	19.64063	-54.59058	-49.77489	0.0	47833991	16133.961678981781
238	-341.3461	-341.3461	1.0012504	-49.769646	1.3072083	17.379955	-56.085476	-49.76944	0.3	48034985	16198.464606761932
239	-274.04175	-274.04175	-12.833729	-49.771038	1.3170123	21.922092	-53.971287	-49.771103	0.0	48235981	16262.435236692429
240	-352.6946	-352.6946	2.5286188	-49.767506	1.3189541	12.073963	-53.88858	-49.767357	0.1	48436982	16327.013158082962
241	-298.6692	-298.6692	-43.744236	-49.76745	1.3560721	26.777061	-53.648434	-49.76753	0.2	48637982	16391.703538894653
242	-320.45544	-320.45544	1.1512793	-49.764412	1.3931046	34.281307	-53.907833	-49.76437	0.0	48838983	16456.32943534851
243	-320.40634	-320.40634	-62.460453	-49.763573	1.4188318	19.674562	-53.53662	-49.763588	0.1	49039982	16521.044332504272
244	-316.5654	-316.5654	-62.0359	-49.764217	1.4289201	15.6925745	-54.604794	-49.764046	0.2	49240991	16585.54648756981
245	-341.2939	-341.2939	-45.3075	-49.762085	1.4404641	24.553024	-55.837204	-49.762028	0.3	49441988	16650.108574151993
246	-373.147	-373.147	-84.95411	-49.760258	1.472518	15.076846	-53.107178	-49.760246	0.2	49642991	16715.515335083008
247	-303.31223	-303.31223	-168.39713	-49.75846	1.4749774	24.492981	-53.164318	-49.758446	0.3	49843991	16779.773255586624
248	-333.20212	-333.20212	-48.828964	-49.754772	1.5096301	18.795408	-56.56886	-49.754677	0.1	50044991	16844.577374219894
249	-376.2538	-376.2538	-85.8416	-49.754585	1.5026367	22.433382	-56.84923	-49.75442	0.1	50245991	16909.22322177887
250	-367.80167	-367.80167	-104.91275	-49.75319	1.514323	18.282963	-53.78426	-49.753304	0.3	50446991	16974.29087305069
251	-366.94574	-366.94574	-108.868774	-49.75322	1.5218446	27.748383	-53.386833	-49.7532	0.1	50647991	17038.855060100555
252	-384.64508	-384.64508	-40.41425	-49.752804	1.5062461	19.372704	-53.98214	-49.75275	0.2	50848991	17103.287050247192
253	-357.00464	-357.00464	-211.80449	-49.751144	1.5360427	20.455307	-53.29853	-49.75109	0.1	51049991	17168.40924024582
254	-353.19208	-353.19208	-107.55959	-49.74711	1.5742502	19.509474	-53.76056	-49.747036	0.0	51250991	17232.784788370132
255	-287.36282	-287.36282	-99.100716	-49.74545	1.5747386	23.510391	-53.294334	-49.74539	0.3	51451991	17297.398620843887
256	-347.2956	-347.2956	-52.003967	-49.741627	1.6066402	23.335728	-53.84823	-49.74169	0.1	51652991	17362.593066453934
257	-304.79428	-304.79428	-176.99078	-49.741985	1.5955058	16.49227	-53.292805	-49.741783	0.1	51853982	17427.06299495697
258	-357.84238	-357.84238	-77.838264	-49.74424	1.5895574	18.26238	-53.740036	-49.744205	0.0	52054981	17491.907135248184
259	-373.6702	-373.6702	-39.901382	-49.74083	1.6302451	26.730587	-53.446865	-49.74078	0.1	52255986	17556.60564851761
260	-364.31805	-364.31805	-81.86609	-49.73803	1.6487566	18.109222	-53.469513	-49.7379	0.0	52456991	17620.768250465393
261	-316.88202	-316.88202	-25.706371	-49.7385	1.6497939	20.489437	-56.505833	-49.738544	0.2	52657991	17685.009346723557
262	-309.63654	-309.63654	-152.704	-49.739056	1.6561985	20.06706	-53.433247	-49.73896	0.2	52858983	17749.193632364273
263	-394.10452	-394.10452	-165.11069	-49.737083	1.6720775	19.694128	-53.257553	-49.737007	0.0	53059982	17814.121423482895
264	-334.5841	-334.5841	-56.178867	-49.73866	1.6340312	14.468617	-53.859787	-49.73865	0.2	53260982	17878.61667394638
265	-317.2543	-317.2543	-168.15015	-49.735115	1.6671683	23.630594	-54.04154	-49.734898	0.1	53461991	17942.920765399933
266	-334.64917	-334.64917	-69.48699	-49.731926	1.6689477	18.820309	-53.58216	-49.732044	0.3	53662981	18007.583053588867
267	-324.4382	-324.4382	-32.927242	-49.733097	1.653804	28.596214	-54.349323	-49.73297	0.1	53863983	18072.30544567108
268	-368.40195	-368.40195	4.4948354	-49.730946	1.6578529	38.902985	-53.482693	-49.730923	0.1	54064991	18136.933904886246
269	-359.222	-359.222	-46.01451	-49.73124	1.6564473	23.923798	-53.228973	-49.73116	0.0	54265991	18201.608360528946
270	-325.69492	-325.69492	-34.086597	-49.73324	1.6547624	29.998213	-53.018093	-49.733196	0.1	54466981	18266.60581612587
271	-320.89685	-320.89685	-70.16442	-49.732803	1.6435702	19.896929	-54.711224	-49.73281	0.3	54667991	18331.567263364792
272	-304.06268	-304.06268	-20.642914	-49.731117	1.6636695	24.590061	-53.470833	-49.73109	0.2	54868984	18395.964941740036
273	-342.6954	-342.6954	-106.937546	-49.73029	1.6539103	26.83963	-53.58489	-49.730293	0.1	55069982	18460.462245941162
274	-298.4126	-298.4126	-108.492805	-49.725193	1.687679	16.34949	-54.043552	-49.72511	0.3	55270991	18524.827533245087
275	-285.74994	-285.74994	-43.326336	-49.726112	1.6689196	31.052277	-53.772034	-49.72612	0.1	55471982	18589.15063214302
276	-333.6622	-333.6622	-1.6642079	-49.727074	1.6405436	23.921492	-53.42803	-49.72711	0.1	55672991	18653.28361749649
277	-322.3972	-322.3972	-115.01294	-49.72688	1.6652379	30.129583	-54.996277	-49.72669	0.1	55873981	18717.69837999344
278	-329.4192	-329.4192	-72.3744	-49.719013	1.6875399	19.503592	-56.589714	-49.718983	0.2	56074983	18782.318111419678
279	-362.15192	-362.15192	-14.251013	-49.720932	1.6971376	25.136452	-55.37993	-49.72102	0.2	56275982	18846.68274641037
280	-368.73187	-368.73187	-22.046679	-49.7204	1.6870612	22.921349	-55.02253	-49.720337	0.1	56476991	18911.169276714325
281	-371.17468	-371.17468	-73.00253	-49.719864	1.6973609	20.931076	-53.844196	-49.71982	0.0	56677991	18975.77582192421
282	-329.6527	-329.6527	-65.709885	-49.717346	1.7083567	35.76965	-53.730324	-49.7173	0.0	56878982	19040.325390815735
283	-322.4585	-322.4585	-21.341898	-49.71739	1.6846597	25.979517	-53.644585	-49.717335	0.2	57079984	19105.23533630371
284	-362.14996	-362.14996	-32.583336	-49.714092	1.704685	25.483902	-53.791656	-49.71404	0.2	57280984	19169.570506095886
285	-304.44345	-304.44345	-25.96465	-49.716297	1.6742479	20.549698	-53.532593	-49.71618	0.3	57481991	19235.116679668427
286	-317.33347	-317.33347	-27.257479	-49.710915	1.7267306	18.362131	-54.443	-49.71091	0.1	57682991	19299.809977531433
287	-361.11188	-361.11188	-48.918324	-49.71477	1.6798779	19.653929	-56.39637	-49.714733	0.0	57883981	19364.533455133438
288	-270.85614	-270.85614	-46.967236	-49.709866	1.7162318	21.994083	-53.897507	-49.709843	0.0	58084984	19428.805653095245
289	-330.11008	-330.11008	-42.849014	-49.711246	1.6845158	18.804317	-53.86048	-49.711216	0.2	58285982	19493.180166244507
290	-381.60187	-381.60187	-41.298225	-49.70887	1.7114428	18.198957	-54.05886	-49.70882	0.1	58486991	19557.518881320953
291	-300.1906	-300.1906	-62.96388	-49.706383	1.727192	20.416426	-55.78661	-49.70636	0.0	58687991	19621.94349884987
292	-362.51172	-362.51172	-58.953907	-49.708683	1.7162486	16.91618	-56.01554	-49.708557	0.3	58888991	19686.081649303436
293	-314.0555	-314.0555	-12.20741	-49.706196	1.7096283	20.49402	-57.640575	-49.706215	0.2	59089983	19750.704434156418
294	-332.4725	-332.4725	-39.605465	-49.70681	1.7330803	21.04226	-54.6616	-49.706604	0.1	59290986	19815.456558942795
295	-299.963	-299.963	7.471608	-49.705547	1.7174847	30.381924	-54.37997	-49.705643	0.2	59491982	19879.91350865364
296	-317.57242	-317.57242	-5.332471	-49.705624	1.7253785	17.034576	-55.112385	-49.705456	0.0	59692985	19944.668719530106
297	-360.53558	-360.53558	-53.94469	-49.705822	1.7124069	17.056656	-55.647697	-49.705795	0.1	59893982	20009.53924012184
298	-295.5919	-295.5919	6.287877	-49.702824	1.7263353	16.796427	-54.802067	-49.702858	0.1	60094991	20073.76479625702
299	-286.5421	-286.5421	-53.091003	-49.702927	1.7138426	25.385351	-54.690838	-49.70283	0.3	60295983	20138.79969573021
300	-338.7797	-338.7797	5.7386293	-49.700554	1.7295078	17.57571	-54.483044	-49.700428	0.1	60496991	20202.824796676636
301	-282.47424	-282.47424	-3.2458038	-49.701508	1.717228	21.667124	-59.078884	-49.701427	0.1	60697982	20266.669890403748
302	-297.79706	-297.79706	-68.56265	-49.700146	1.722522	26.94796	-53.67421	-49.700237	0.0	60898990	20332.173744678497
303	-285.26965	-285.26965	0.07133449	-49.698063	1.7350968	14.068834	-54.722855	-49.697857	0.3	61099990	20396.203673124313
304	-360.12555	-360.12555	-71.2284	-49.69522	1.7644919	19.242832	-55.64999	-49.69526	0.1	61300984	20460.933172225952
305	-346.1374	-346.1374	-41.180233	-49.69515	1.7723385	30.966908	-54.242874	-49.695065	0.2	61501991	20524.809366464615
306	-331.55637	-331.55637	-28.573088	-49.692883	1.7799069	24.164341	-54.036896	-49.692806	0.2	61702985	20589.199013471603
307	-324.3036	-324.3036	-64.142975	-49.695107	1.7452748	20.767979	-54.342575	-49.694977	0.1	61903984	20653.7452147007
308	-272.7957	-272.7957	-49.080345	-49.69582	1.7593446	21.833628	-55.895576	-49.695858	0.1	62104991	20717.824191570282
309	-297.73685	-297.73685	0.49679908	-49.69272	1.771929	17.677063	-55.187267	-49.69265	0.1	62305988	20782.128607988358
310	-297.40918	-297.40918	-9.917619	-49.688015	1.7964522	20.767597	-54.553	-49.687935	0.2	62506991	20846.448220729828
311	-324.7952	-324.7952	-41.920963	-49.68894	1.7821208	25.53201	-54.252377	-49.688774	0.1	62707991	20910.69997239113
312	-297.38605	-297.38605	-63.479366	-49.688435	1.78004	16.58907	-54.79746	-49.68837	0.4	62908991	20975.309593200684
313	-315.79065	-315.79065	-26.372528	-49.687717	1.7817525	24.341034	-58.946266	-49.687622	0.0	63109989	21040.027701854706
314	-269.4027	-269.4027	-22.424114	-49.685173	1.8013363	22.464767	-56.05397	-49.685036	0.1	63310982	21103.94574046135
315	-301.53595	-301.53595	-44.223305	-49.68442	1.8104856	32.89945	-54.899002	-49.68452	0.2	63511991	21168.290853500366
316	-270.79813	-270.79813	-115.17957	-49.68049	1.822613	20.056652	-57.281097	-49.68031	0.1	63712983	21232.20827436447
317	-336.0403	-336.0403	1.9824673	-49.68207	1.8040348	25.153587	-61.97224	-49.682037	0.4	63913985	21296.65549826622
318	-376.94962	-376.94962	-24.150896	-49.677017	1.8336194	28.715113	-62.20593	-49.67697	0.1	64114985	21361.14698958397
319	-334.60858	-334.60858	-3.3281937	-49.679157	1.810486	24.205252	-57.027977	-49.678978	0.1	64315982	21425.16710972786
320	-241.31557	-241.31557	5.105469	-49.678684	1.8082368	20.02016	-54.946465	-49.67875	0.2	64516986	21489.591680288315
321	-304.64017	-304.64017	-44.955032	-49.67444	1.8358597	22.201674	-54.376537	-49.67439	0.0	64717984	21553.504826068878
322	-321.13	-321.13	-8.629907	-49.673065	1.856765	22.60057	-54.50179	-49.673046	0.1	64918982	21617.89976477623
323	-300.45505	-300.45505	4.4017167	-49.66969	1.8402574	16.72599	-55.57602	-49.669556	0.3	65119990	21682.2278008461
324	-300.84683	-300.84683	-26.389402	-49.66967	1.8699081	23.87532	-55.452805	-49.66959	0.2	65320986	21746.431744098663
325	-285.86884	-285.86884	7.8369184	-49.669907	1.8339057	22.459303	-57.73032	-49.669876	0.1	65521982	21811.183405399323
326	-310.6701	-310.6701	-3.8845007	-49.66793	1.852888	19.14671	-56.445114	-49.667805	0.0	65722984	21876.0815615654
327	-291.9827	-291.9827	8.071655	-49.664814	1.8809756	20.341532	-55.72496	-49.664692	0.3	65923982	21941.309512376785
328	-310.39413	-310.39413	-30.780462	-49.665726	1.8658079	16.210606	-56.10516	-49.665527	0.0	66124991	22006.04118204117
329	-271.5257	-271.5257	-12.88158	-49.66076	1.8891306	27.782711	-61.132427	-49.660637	0.1	66325986	22070.484631299973
330	-308.693	-308.693	-10.821456	-49.65976	1.8820474	23.363806	-55.51398	-49.65967	0.2	66526991	22134.731700897217
331	-296.55994	-296.55994	-24.786554	-49.659096	1.8986509	23.2188	-54.98449	-49.65899	0.2	66727983	22199.34008550644
332	-295.62704	-295.62704	-12.84284	-49.65619	1.9082837	16.971004	-57.888412	-49.656075	0.5	66928983	22263.672118902206
333	-295.94522	-295.94522	-71.41455	-49.655106	1.9088205	28.16391	-57.132202	-49.654903	0.2	67129991	22328.37530064583
334	-346.78622	-346.78622	4.7267714	-49.65189	1.918199	19.152603	-55.01154	-49.651745	0.3	67330983	22392.821226596832
335	-331.76215	-331.76215	6.9163823	-49.651524	1.9112802	19.78376	-56.617092	-49.651352	0.5	67531981	22457.44721364975
336	-294.95746	-294.95746	-1.6190842	-49.649727	1.955112	19.635353	-57.687965	-49.64959	0.3	67732986	22521.822620153427
337	-323.6927	-323.6927	-14.046828	-49.652313	1.9165342	23.006544	-55.32761	-49.65211	0.4	67933991	22586.26662349701
338	-296.54697	-296.54697	-107.18938	-49.648685	1.9430782	19.938486	-57.026867	-49.6486	0.1	68134983	22650.40180039406
339	-296.16452	-296.16452	2.6307783	-49.6504	1.9228514	16.178053	-54.768692	-49.650215	0.2	68335982	22714.325727939606
340	-317.09537	-317.09537	9.227723	-49.650948	1.9064991	26.774845	-55.346283	-49.65084	0.3	68536986	22778.88010597229
341	-363.4643	-363.4643	-3.1474388	-49.646748	1.9301525	27.356327	-57.71078	-49.646523	0.3	68737983	22843.18055677414
342	-258.504	-258.504	-6.4015775	-49.64245	1.9540569	18.895863	-57.962536	-49.642307	0.2	68938984	22907.25647330284
343	-372.93192	-372.93192	-23.087389	-49.64561	1.9300876	23.591316	-56.038387	-49.645443	0.1	69139991	22971.474286556244
344	-292.1913	-292.1913	-42.963146	-49.643585	1.9606864	27.01842	-55.999836	-49.643528	0.4	69340983	23036.069776058197
345	-268.48315	-268.48315	-83.43838	-49.644325	1.9408908	20.044386	-57.57132	-49.644222	0.0	69541984	23100.30911707878
346	-248.36089	-248.36089	7.1477923	-49.643517	1.9532471	26.128962	-55.864906	-49.643314	0.6	69742983	23164.164896965027
347	-304.2676	-304.2676	0.6490639	-49.643845	1.9595037	21.924297	-56.81745	-49.643806	0.3	69943982	23228.491739034653
348	-341.04962	-341.04962	-15.063349	-49.63953	1.9764609	24.494596	-59.34425	-49.639217	0.1	70144991	23293.199486494064
349	-333.42297	-333.42297	-79.53045	-49.636547	2.009706	23.97508	-58.5672	-49.636353	0.2	70345983	23357.806416511536
350	-296.2972	-296.2972	-38.427704	-49.63809	1.9995115	18.659782	-72.41367	-49.63807	0.1	70546987	23421.955461740494
351	-317.04816	-317.04816	-52.365734	-49.6371	1.998136	23.315908	-57.78065	-49.63689	0.0	70747988	23486.369612693787
352	-316.52954	-316.52954	8.137222	-49.635784	2.0078278	20.983088	-58.890568	-49.635777	0.4	70948983	23550.567140102386
353	-355.3135	-355.3135	2.3745315	-49.63551	2.007057	22.02615	-58.337254	-49.63529	0.3	71149991	23614.94952750206
354	-298.3587	-298.3587	-19.826954	-49.639843	1.9855726	19.533754	-58.035984	-49.63974	0.2	71350991	23679.568110466003
355	-277.78107	-277.78107	-14.968998	-49.63682	1.9892776	23.56216	-57.246902	-49.636646	0.1	71551981	23744.45936846733
356	-302.4633	-302.4633	3.19748	-49.631374	2.0234683	25.80297	-65.144135	-49.63121	0.2	71752991	23808.842250347137
357	-330.92862	-330.92862	-1.5594958	-49.632362	2.0036316	25.011099	-59.735634	-49.632034	0.4	71953982	23872.91319179535
358	-328.74014	-328.74014	-13.750198	-49.628563	2.0503464	18.765312	-56.339558	-49.628456	0.4	72154991	23938.93934082985
359	-250.00664	-250.00664	-6.470106	-49.627594	2.0440881	15.804811	-63.55347	-49.627586	0.3	72355985	24003.343282461166
360	-338.01364	-338.01364	-11.821826	-49.626587	2.040919	26.587154	-57.239433	-49.626404	0.3	72556982	24067.7339117527
361	-356.12048	-356.12048	-38.19556	-49.624454	2.0606804	26.294922	-57.168076	-49.6243	0.1	72757982	24132.43687415123
362	-312.2515	-312.2515	-2.8102295	-49.622864	2.0631871	19.053204	-60.60512	-49.622612	0.1	72958982	24197.118378162384
363	-296.14084	-296.14084	-78.04096	-49.62162	2.0504227	29.03858	-56.937237	-49.62145	0.2	73159982	24261.352773427963
364	-274.63034	-274.63034	-37.93801	-49.620266	2.0615177	22.506138	-61.48128	-49.620277	0.4	73360991	24325.889458417892
365	-285.43753	-285.43753	-9.116583	-49.614353	2.0911412	18.569412	-59.749348	-49.614025	0.1	73561991	24390.379019498825
366	-370.7895	-370.7895	-7.8505507	-49.618687	2.0890079	18.327868	-63.17574	-49.618626	0.1	73762991	24455.202888965607
367	-335.81348	-335.81348	-38.02807	-49.61355	2.1030595	24.294634	-71.7914	-49.61341	0.3	73963983	24519.681799411774
368	-300.57175	-300.57175	-1.0407794	-49.61634	2.0854712	21.945858	-64.61158	-49.616123	0.4	74164989	24584.28690123558
369	-290.79703	-290.79703	-8.919634	-49.61419	2.101492	28.431753	-63.45341	-49.614082	0.2	74365984	24649.296135902405
370	-299.71997	-299.71997	-45.171448	-49.613735	2.089341	25.03448	-67.05933	-49.6135	0.1	74566982	24713.25786781311
371	-331.97498	-331.97498	5.5888176	-49.610523	2.1148207	28.009111	-61.915028	-49.6103	0.4	74767991	24779.681856393814
372	-267.0123	-267.0123	-7.570503	-49.60829	2.1179383	19.426247	-59.316883	-49.60803	0.1	74968982	24844.806935548782
373	-264.76694	-264.76694	-38.85176	-49.60995	2.1198385	18.604141	-59.122276	-49.610023	0.1	75169983	24909.194146871567
374	-328.40692	-328.40692	-35.262814	-49.608047	2.1123664	17.033485	-64.54815	-49.60795	0.2	75370991	24973.981149673462
375	-315.47336	-315.47336	7.774582	-49.606506	2.1113596	27.860563	-64.92941	-49.60619	0.3	75571984	25038.680541992188
376	-255.8762	-255.8762	-36.358173	-49.60612	2.1202123	18.313797	-67.69042	-49.605835	0.1	75772983	25102.977120399475
377	-334.22382	-334.22382	4.138918	-49.605484	2.1182353	23.979221	-62.092648	-49.6053	0.4	75973983	25167.54496049881
378	-290.95105	-290.95105	6.140373	-49.598835	2.150506	23.591745	-62.838833	-49.598656	0.2	76174986	25232.164217472076
379	-273.85355	-273.85355	-5.927701	-49.599617	2.1344256	20.020634	-59.202446	-49.599354	0.4	76375986	25296.805443286896
380	-317.9423	-317.9423	-35.513115	-49.602383	2.1197674	76.2118	-68.365654	-49.60211	0.0	76576982	25361.67463183403
381	-347.7766	-347.7766	-48.947548	-49.597008	2.1666641	27.91068	-61.187702	-49.5967	0.2	76777991	25426.436180114746
382	-355.65643	-355.65643	-44.11197	-49.60191	2.110594	21.518024	-57.87321	-49.60194	0.4	76978989	25491.63692355156
383	-323.87488	-323.87488	7.265381	-49.598324	2.134601	21.038881	-67.81007	-49.597996	0.7	77179991	25556.34930539131
384	-345.49634	-345.49634	-41.005924	-49.594933	2.1689785	26.144669	-63.734898	-49.59463	0.2	77380991	25620.877138376236
385	-292.88776	-292.88776	0.12657939	-49.595318	2.1723142	25.383804	-61.570198	-49.59522	0.4	77581982	25685.625020980835
386	-278.7952	-278.7952	-59.31244	-49.589527	2.1921828	25.375713	-59.007004	-49.5892	0.3	77782991	25749.884672880173
387	-298.35654	-298.35654	-39.830395	-49.5913	2.1828737	26.683138	-59.4574	-49.591045	0.3	77983991	25814.36666059494
388	-276.98267	-276.98267	-68.06904	-49.590736	2.1786222	21.365229	-64.62447	-49.590633	0.3	78184982	25878.233193159103
389	-306.57083	-306.57083	-21.5485	-49.588905	2.1693432	24.457201	-66.91255	-49.588596	0.2	78385991	25942.970708847046
390	-316.4798	-316.4798	8.413014	-49.586815	2.1744168	23.555965	-60.254303	-49.586617	0.2	78586991	26007.643813848495
391	-277.68918	-277.68918	7.925354	-49.583664	2.2056262	17.272402	-60.051323	-49.583458	0.1	78787983	26072.0363574028
392	-324.59848	-324.59848	2.5655653	-49.583633	2.2021372	26.320896	-61.77997	-49.58334	0.4	78988991	26136.630105495453
393	-339.42316	-339.42316	-85.73742	-49.57797	2.236517	20.17083	-59.05603	-49.57778	0.2	79189991	26200.812761306763
394	-297.7464	-297.7464	-11.181517	-49.58566	2.188583	19.003069	-62.75464	-49.585403	0.4	79390991	26266.91801404953
395	-218.68932	-218.68932	2.7631605	-49.5765	2.2398267	19.868753	-65.02314	-49.57618	0.3	79591982	26331.329628944397
396	-252.51239	-252.51239	-17.421383	-49.5751	2.2461028	20.492533	-59.464577	-49.5751	0.2	79792984	26396.123497009277
397	-327.65213	-327.65213	-22.468859	-49.578827	2.2152624	17.861736	-68.36965	-49.578514	0.2	79993986	26461.420615673065
398	-335.5625	-335.5625	-93.46037	-49.576065	2.2542136	20.937136	-61.78288	-49.575867	0.3	80194991	26525.93985772133
399	-321.14615	-321.14615	1.852168	-49.573433	2.2695887	19.708473	-61.23847	-49.573273	0.2	80395986	26590.293160676956
400	-304.8223	-304.8223	6.6098223	-49.57637	2.2608335	25.425518	-61.016453	-49.57614	0.4	80596991	26654.234982967377
401	-302.3425	-302.3425	-4.7151947	-49.571224	2.2704082	20.19392	-64.634186	-49.570847	0.6	80797986	26718.558436393738
402	-229.19566	-229.19566	-40.624844	-49.57036	2.2731068	26.203787	-61.074146	-49.57016	0.1	80998982	26782.760660886765
403	-301.5008	-301.5008	-13.683534	-49.56753	2.292847	20.32796	-58.62462	-49.567356	0.4	81199984	26846.906841516495
404	-322.55292	-322.55292	6.123637	-49.57101	2.267592	18.171295	-61.299343	-49.570778	0.2	81400982	26911.20623278618
405	-246.4026	-246.4026	-5.9391985	-49.568542	2.2885022	20.08612	-62.67537	-49.568253	0.0	81601985	26975.55829668045
406	-335.651	-335.651	-44.731274	-49.566174	2.2752702	19.923088	-62.099438	-49.565964	0.4	81802982	27040.417154073715
407	-322.8381	-322.8381	8.461524	-49.564465	2.30155	22.825094	-63.805225	-49.564217	0.2	82003985	27104.681931257248
408	-349.705	-349.705	-67.789986	-49.560406	2.3316092	21.85011	-65.240005	-49.56022	0.4	82204991	27169.006536483765
409	-349.2452	-349.2452	6.3425946	-49.563946	2.3060334	19.985155	-67.63378	-49.56355	0.2	82405983	27233.28849387169
410	-331.53177	-331.53177	-13.479552	-49.562412	2.31304	31.958563	-63.79867	-49.56229	0.6	82606991	27297.75629425049
411	-306.68097	-306.68097	-25.61779	-49.56102	2.3303268	24.081388	-64.58055	-49.5607	0.1	82807991	27362.517409563065
412	-270.54684	-270.54684	-35.794834	-49.56288	2.3321016	18.12576	-73.1559	-49.562614	0.3	83008987	27426.571376800537
413	-297.37344	-297.37344	0.5182771	-49.55521	2.3478017	30.748062	-60.79126	-49.55508	0.4	83209983	27490.745847463608
414	-308.05545	-308.05545	-64.739075	-49.553417	2.3575704	20.266766	-69.699036	-49.55306	0.1	83410983	27555.020023822784
415	-312.2938	-312.2938	8.761873	-49.552498	2.3639612	28.642063	-60.55127	-49.552246	0.5	83611991	27620.2325258255
416	-249.43637	-249.43637	-56.7094	-49.55203	2.3658566	21.683622	-67.858444	-49.551807	0.2	83812991	27684.46774840355
417	-307.57516	-307.57516	-16.168482	-49.55088	2.354726	20.241768	-64.209785	-49.55062	0.4	84013982	27748.90606355667
418	-272.46063	-272.46063	5.1716404	-49.55012	2.3774447	25.716139	-61.23106	-49.54984	0.5	84214986	27813.42530798912
419	-359.86212	-359.86212	3.7128403	-49.55047	2.3660002	25.879778	-67.63772	-49.550156	0.4	84415991	27878.027506113052
420	-257.41983	-257.41983	10.256449	-49.547073	2.3928356	20.597754	-65.00117	-49.546726	0.3	84616981	27942.47718310356
421	-330.7049	-330.7049	-15.890311	-49.545452	2.4041545	24.354572	-64.19645	-49.545383	0.5	84817991	28006.815582752228
422	-287.70023	-287.70023	-35.4983	-49.546658	2.3971622	37.778812	-62.426094	-49.546455	0.0	85018987	28071.165561437607
423	-317.2096	-317.2096	-10.464634	-49.546047	2.4138153	28.622007	-63.806274	-49.545708	0.5	85219983	28136.069890022278
424	-258.54416	-258.54416	-19.519209	-49.542282	2.4147375	21.210016	-65.10757	-49.542107	0.3	85420987	28200.942377328873
425	-285.9469	-285.9469	-22.845392	-49.53972	2.4165428	26.479458	-66.051155	-49.539574	0.4	85621982	28266.58447766304
426	-272.10135	-272.10135	-34.86325	-49.535378	2.4533663	26.13188	-68.08931	-49.53493	0.4	85822991	28331.042677164078
427	-287.38968	-287.38968	5.77391	-49.53284	2.4692917	20.578163	-73.657455	-49.532692	0.4	86023991	28395.64292216301
428	-271.53235	-271.53235	-27.42115	-49.530327	2.4416397	26.89124	-69.24066	-49.52992	0.4	86224991	28460.44135260582
429	-245.15347	-245.15347	8.637839	-49.53094	2.4735274	22.6725	-63.60134	-49.530716	0.2	86425991	28524.958091020584
430	-319.34473	-319.34473	9.449082	-49.527122	2.4894922	20.37068	-66.56976	-49.52687	0.3	86626984	28589.665670394897
431	-300.94125	-300.94125	-11.070418	-49.528927	2.4701052	27.437876	-66.895874	-49.528774	0.3	86827982	28654.340159893036
432	-262.78595	-262.78595	-23.435589	-49.531418	2.467755	26.369255	-68.51298	-49.531048	0.1	87028991	28718.835124731064
433	-311.02063	-311.02063	4.8469253	-49.525196	2.4838421	21.374414	-69.4674	-49.525	0.1	87229991	28783.510272979736
434	-245.53088	-245.53088	-15.616212	-49.52503	2.4788797	21.234432	-73.19871	-49.524746	0.3	87430985	28847.872960805893
435	-319.57968	-319.57968	-33.246487	-49.52674	2.4706268	40.128754	-68.89489	-49.52658	0.2	87631983	28912.483868837357
436	-291.23438	-291.23438	-20.686823	-49.52469	2.4991484	29.423656	-65.51279	-49.524273	0.3	87832987	28977.03176164627
437	-317.44946	-317.44946	-37.013885	-49.5227	2.506874	28.952852	-64.04981	-49.522453	0.3	88033984	29041.629035949707
438	-312.941	-312.941	-31.54511	-49.52045	2.5181785	31.488388	-64.11007	-49.520226	0.3	88234988	29106.467440128326
439	-234.52534	-234.52534	-16.310741	-49.524715	2.4884486	36.60855	-61.401146	-49.524582	0.2	88435991	29171.122282266617
440	-316.5273	-316.5273	5.122169	-49.522434	2.4966047	24.408075	-61.88892	-49.52227	0.3	88636983	29235.541800022125
441	-326.74936	-326.74936	10.595176	-49.521626	2.4991207	22.684412	-64.30973	-49.52117	0.3	88837989	29300.213094711304
442	-309.04358	-309.04358	-22.727373	-49.519962	2.5033295	18.859526	-61.525978	-49.519604	0.2	89038991	29364.49755549431
443	-231.9717	-231.9717	-92.731	-49.51758	2.5089955	25.792158	-67.76117	-49.51752	0.0	89239991	29429.079879760742
444	-279.22778	-279.22778	-42.919827	-49.51282	2.5464847	26.603699	-63.2868	-49.512493	0.3	89440991	29493.607920885086
445	-302.84613	-302.84613	11.52318	-49.512028	2.510056	20.781155	-67.61291	-49.51195	0.4	89641991	29558.15766811371
446	-304.24487	-304.24487	-14.810946	-49.516655	2.5103087	31.60826	-64.89727	-49.516563	0.3	89842982	29622.66650533676
447	-320.7261	-320.7261	-3.065087	-49.508495	2.556892	19.99829	-65.670105	-49.508118	0.4	90043991	29687.089067935944
448	-277.50845	-277.50845	-29.028479	-49.50872	2.5452893	24.75621	-62.31465	-49.508526	0.4	90244991	29751.903810739517
449	-259.51685	-259.51685	-25.785906	-49.507133	2.5480282	26.207088	-62.42854	-49.507107	0.3	90445981	29816.577616214752
450	-319.5328	-319.5328	-11.318241	-49.50854	2.532397	27.095425	-70.585655	-49.508423	0.2	90646991	29881.16510105133
451	-290.90686	-290.90686	-50.435204	-49.50769	2.5413513	21.935875	-63.22143	-49.50742	0.2	90847991	29945.73635840416
452	-281.1326	-281.1326	2.8271067	-49.503838	2.5661762	24.393814	-63.673653	-49.503548	0.3	91048985	30009.93005347252
453	-238.81215	-238.81215	-8.902609	-49.503418	2.5461736	20.475075	-62.992756	-49.50329	0.4	91249984	30074.91774535179
454	-342.23718	-342.23718	5.909808	-49.504257	2.5616565	24.94026	-63.517178	-49.50395	0.3	91450982	30139.294347047806
455	-274.13208	-274.13208	-4.9641466	-49.49476	2.5958915	29.909143	-64.38132	-49.494587	0.1	91651983	30203.79052734375
456	-255.8771	-255.8771	-23.063848	-49.495476	2.599047	24.875559	-70.9435	-49.495113	0.6	91852982	30268.10088610649
457	-329.54492	-329.54492	12.364796	-49.48791	2.6256135	23.381153	-67.89275	-49.487846	0.5	92053991	30332.3565928936
458	-338.21918	-338.21918	-10.932058	-49.49373	2.5985408	33.669243	-65.042656	-49.493366	0.3	92254991	30396.666236400604
459	-362.91922	-362.91922	-26.824318	-49.494907	2.5823815	26.269367	-64.180405	-49.49468	0.0	92455989	30461.138806819916
460	-268.87567	-268.87567	9.47576	-49.493645	2.6173582	24.56242	-65.897514	-49.49317	0.1	92656983	30525.427688598633
461	-268.46326	-268.46326	-15.179736	-49.4881	2.6162806	25.59338	-63.530453	-49.48783	0.2	92857991	30590.01060652733
462	-335.47083	-335.47083	-8.690262	-49.49106	2.6063857	22.079838	-68.299385	-49.491165	0.4	93058981	30654.217104911804
463	-257.0168	-257.0168	-24.955952	-49.489296	2.6129422	25.998701	-64.47003	-49.48882	0.1	93259986	30718.783130645752
464	-315.663	-315.663	-17.456194	-49.487213	2.6195621	25.092096	-64.678276	-49.487022	0.2	93460982	30783.3017308712
465	-243.64445	-243.64445	-90.38142	-49.486485	2.620051	20.64302	-63.462074	-49.48618	0.4	93661983	30847.72967004776
466	-307.54208	-307.54208	3.7242167	-49.484257	2.6272938	40.01509	-66.48406	-49.484093	0.4	93862981	30912.923414945602
467	-337.5039	-337.5039	-34.291336	-49.483624	2.6277413	21.54676	-79.898224	-49.483284	0.2	94063982	30977.920550584793
468	-293.29285	-293.29285	8.919613	-49.48181	2.641504	23.250317	-61.897854	-49.48142	0.4	94264982	31041.72149658203
469	-301.62357	-301.62357	-2.8099968	-49.479774	2.6465197	22.291687	-62.80115	-49.479492	0.4	94465991	31105.968142986298
470	-315.7994	-315.7994	-14.158847	-49.47882	2.649016	23.126806	-64.42323	-49.478477	0.3	94666991	31170.201786518097
471	-305.92172	-305.92172	11.169931	-49.48248	2.640577	26.766405	-65.627075	-49.482452	0.4	94867987	31235.64783501625
472	-277.68433	-277.68433	-4.1696844	-49.479324	2.6444876	34.119987	-62.61635	-49.478977	0.2	95068982	31299.859010219574
473	-341.61194	-341.61194	-19.244951	-49.478233	2.6723914	23.284613	-65.07228	-49.478085	0.3	95269984	31364.484347343445
474	-295.42883	-295.42883	-35.552387	-49.481953	2.6528223	22.579693	-67.69562	-49.481575	0.4	95470984	31429.053713083267
475	-289.4932	-289.4932	-17.482044	-49.476967	2.6621459	22.8228	-62.70394	-49.476772	0.1	95671991	31493.39261674881
476	-256.19318	-256.19318	-27.43642	-49.475456	2.6640382	27.20974	-80.966286	-49.47526	0.2	95872988	31559.264250278473
477	-264.26895	-264.26895	8.792303	-49.473244	2.6766732	23.857006	-64.38581	-49.47271	0.3	96073985	31623.797803640366
478	-249.64511	-249.64511	-12.503765	-49.472992	2.6641889	26.27424	-64.79931	-49.472874	0.3	96274982	31687.797285556793
479	-294.19214	-294.19214	-0.91755813	-49.472492	2.6836658	23.288641	-66.4611	-49.47233	0.4	96475984	31752.27555012703
480	-366.48798	-366.48798	6.001346	-49.469723	2.7000053	26.19772	-66.747246	-49.46935	0.1	96676991	31816.832261562347
481	-253.32498	-253.32498	-34.09819	-49.472603	2.6841476	38.11576	-69.64337	-49.472504	0.1	96877991	31881.72612595558
482	-318.34512	-318.34512	5.7450213	-49.467087	2.7049644	31.466576	-69.66536	-49.466633	0.6	97078981	31946.100703716278
483	-296.04657	-296.04657	2.6019757	-49.471123	2.7050645	28.380648	-73.892365	-49.471188	0.3	97279982	32010.1872985363
484	-311.17825	-311.17825	-14.538989	-49.471394	2.6899662	31.522419	-67.74443	-49.470924	0.5	97480985	32074.512085676193
485	-254.86134	-254.86134	5.539699	-49.46269	2.7223463	25.9887	-72.99207	-49.462406	0.4	97681985	32138.682203054428
486	-300.71152	-300.71152	4.0011897	-49.467064	2.7043414	22.864584	-74.45938	-49.466682	0.2	97882991	32202.789689302444
487	-303.93823	-303.93823	6.790433	-49.46324	2.718021	29.810669	-73.341736	-49.463017	0.5	98083991	32267.06737613678
488	-308.5027	-308.5027	-19.99901	-49.461063	2.7352228	37.411545	-68.797	-49.460793	0.2	98284988	32331.546671152115
489	-255.85094	-255.85094	-35.75501	-49.462547	2.720946	39.241737	-67.60553	-49.46204	0.1	98485991	32396.167962789536
490	-279.3464	-279.3464	-5.0703797	-49.46109	2.7330313	25.193462	-80.132355	-49.46108	0.4	98686984	32460.38348841667
491	-298.17676	-298.17676	10.306339	-49.46497	2.7066138	36.544415	-74.826256	-49.464878	0.6	98887991	32524.71483850479
492	-272.13702	-272.13702	-6.457237	-49.46584	2.700429	40.998722	-77.08881	-49.46547	0.4	99088991	32588.8885679245
493	-270.64328	-270.64328	8.118332	-49.457657	2.7298071	29.236294	-65.69229	-49.457382	0.6	99289991	32653.159756422043
494	-280.65665	-280.65665	-6.612884	-49.447716	2.7730453	54.173367	-80.55718	-49.447712	0.3	99490982	32718.0196082592
495	-342.3576	-342.3576	7.9634767	-49.452118	2.7626781	24.501684	-63.998707	-49.45167	0.4	99691991	32783.12007403374
496	-266.01447	-266.01447	-8.361058	-49.45334	2.767824	28.201841	-69.247475	-49.453117	0.5	99892983	32847.56714653969
497	-350.21838	-350.21838	7.812776	-49.45198	2.7643006	26.489872	-68.620766	-49.451508	0.2	100093991	32911.30996799469
498	-323.69403	-323.69403	9.312934	-49.44873	2.7769086	31.8499	-68.01478	-49.448265	0.3	100294991	32975.36165738106
499	-235.07957	-235.07957	8.987309	-49.44485	2.7800002	29.324223	-66.8575	-49.444645	0.6	100495990	33039.53007912636
