Epoch	EpRet	EpRealRet	TestEpRet	AverageQ1	StdQ1	MaxQ1	MinQ1	Q2	TestSuccess	TotalEnvInteracts	TotalTime
0	-126.26035	-126.26035	0.0	-49.063076	6.3560433	-0.1019436	-63.80494	-49.098667	0.0	196981	67.49293780326843
1	-184.67487	-184.67487	-88.23134	-49.99883	0.23698343	-36.19335	-55.476295	-49.998466	0.0	397982	128.34495639801025
2	-154.50777	-154.50777	0.0	-49.999767	0.098955855	-41.550735	-53.53277	-49.99975	0.0	598981	191.28349208831787
3	-113.52121	-113.52121	0.0	-49.999897	0.0822459	-46.189358	-51.412117	-49.99989	0.0	799982	255.35040307044983
4	-142.81781	-142.81781	0.0	-49.999763	0.118654296	-44.91336	-55.783405	-49.999786	0.0	1000981	322.17151045799255
5	-110.61313	-110.61313	0.0	-49.99988	0.09139796	-44.673088	-51.32194	-49.999866	0.0	1201981	388.4332478046417
6	-160.51756	-160.51756	-202.32578	-49.99981	0.10241567	-46.308907	-52.89516	-49.999847	0.0	1402983	454.71895933151245
7	-129.4453	-129.4453	0.0	-49.999836	0.101294175	-44.71708	-53.878494	-49.999855	0.0	1603983	521.278820514679
8	-111.09324	-111.09324	0.0	-49.999928	0.0872768	-46.940617	-54.305355	-49.999905	0.0	1804981	588.3053107261658
9	-111.68055	-111.68055	0.0	-49.99987	0.09082946	-47.501457	-52.71625	-49.99981	0.0	2005981	656.0971069335938
10	-132.66763	-132.66763	0.0	-49.99988	0.0880821	-46.48561	-50.94129	-49.999935	0.0	2206981	723.9993212223053
11	-111.65078	-111.65078	0.0	-49.999905	0.08472633	-48.53243	-50.892616	-49.999874	0.0	2407981	792.8388249874115
12	-101.248985	-101.248985	0.0	-49.999916	0.07857422	-49.1119	-50.68678	-49.999905	0.0	2608981	862.3188900947571
13	-105.98726	-105.98726	0.0	-49.999878	0.08179387	-46.893753	-50.689323	-49.999916	0.0	2809981	932.1213178634644
14	-130.15727	-130.15727	0.0	-49.999954	0.082522914	-46.219616	-52.570564	-49.999855	0.0	3010981	1001.9653191566467
15	-161.5754	-161.5754	-145.54845	-49.99981	0.097364694	-46.84775	-57.17497	-49.999813	0.0	3211983	1070.9123764038086
16	-182.71489	-182.71489	-79.351074	-49.999336	0.08938002	-48.233036	-52.396034	-49.999294	0.0	3412982	1140.0684196949005
17	-167.58267	-167.58267	0.0	-49.99887	0.09170675	-48.559296	-52.106125	-49.998882	0.0	3613981	1209.2267806529999
18	-165.28946	-165.28946	-59.787586	-49.998352	0.09345876	-48.51905	-52.07687	-49.99831	0.0	3814983	1277.9772262573242
19	-126.90809	-126.90809	0.0	-49.99856	0.092765264	-47.77618	-52.66704	-49.998497	0.0	4015982	1346.4299206733704
20	-105.110504	-105.110504	0.0	-49.998802	0.090776816	-48.27658	-51.221985	-49.99883	0.0	4216981	1414.837776184082
21	-130.92827	-130.92827	0.0	-49.999084	0.08230187	-47.863983	-50.79439	-49.999107	0.0	4417981	1483.6004884243011
22	-113.57172	-113.57172	0.0	-49.998947	0.08526204	-48.221066	-51.312595	-49.998947	0.0	4618981	1552.1361634731293
23	-117.60547	-117.60547	0.0	-49.99925	0.0813463	-47.358143	-52.258217	-49.999218	0.0	4819981	1621.1835153102875
24	-102.70731	-102.70731	0.0	-49.999344	0.07934928	-48.531113	-50.73395	-49.999287	0.0	5020981	1690.0938715934753
25	-108.23067	-108.23067	0.0	-49.999348	0.07924365	-48.59276	-52.555344	-49.999367	0.0	5221981	1758.9329693317413
26	-113.57161	-113.57161	0.0	-49.99934	0.077625416	-48.633892	-50.688656	-49.999325	0.0	5422982	1828.0293114185333
27	-119.37703	-119.37703	0.0	-49.999443	0.078612596	-48.70583	-52.765945	-49.999413	0.0	5623981	1896.8169014453888
28	-118.89611	-118.89611	0.0	-49.999405	0.0773935	-48.781036	-52.605316	-49.999424	0.0	5824981	1965.5906846523285
29	-111.821465	-111.821465	0.0	-49.99933	0.075360805	-48.387535	-50.69675	-49.99931	0.0	6025982	2034.2853479385376
30	-104.9481	-104.9481	0.0	-49.999466	0.07515625	-48.60582	-50.78383	-49.99942	0.0	6226981	2102.8822803497314
31	-108.414276	-108.414276	0.0	-49.999382	0.07467559	-47.99076	-50.544373	-49.99936	0.0	6427981	2171.9730665683746
32	-118.21255	-118.21255	0.0	-49.99929	0.07661015	-48.58979	-50.64463	-49.999313	0.0	6628981	2241.2427718639374
33	-141.24673	-141.24673	-62.52174	-49.99822	0.08949125	-47.19459	-55.20948	-49.9982	0.0	6829982	2309.736811876297
34	-166.375	-166.375	-35.232204	-49.993515	0.12195453	-48.270073	-53.323376	-49.99352	0.0	7030984	2379.078877687454
35	-173.12291	-173.12291	0.0	-49.981564	0.17677361	-47.565563	-56.008617	-49.981506	0.0	7231984	2448.3057384490967
36	-165.81367	-165.81367	-18.563631	-49.955677	0.29468858	-44.08986	-54.767704	-49.955658	0.0	7432985	2517.550752878189
37	-173.58257	-173.58257	-11.972552	-49.929054	0.41752777	-39.124134	-58.836235	-49.929028	0.0	7633982	2586.887029647827
38	-173.55956	-173.55956	-116.67351	-49.911335	0.5167147	-39.046806	-53.124603	-49.911297	0.0	7834984	2656.719096660614
39	-177.19344	-177.19344	-140.5665	-49.894146	0.70374703	-39.529774	-52.598694	-49.89412	0.0	8035982	2726.144206047058
40	-177.73975	-177.73975	-20.037764	-49.874687	0.86293846	-38.708733	-59.531734	-49.87458	0.0	8236985	2795.140934228897
41	-198.29938	-198.29938	-487.28015	-49.857407	0.9521786	-37.601006	-54.889626	-49.857185	0.0	8437981	2864.4439237117767
42	-172.76682	-172.76682	-59.878677	-49.835876	1.0439421	-36.856785	-51.786026	-49.835926	0.0	8638982	2933.309671163559
43	-148.94876	-148.94876	-9.963357	-49.834366	1.0459825	-37.94123	-51.68587	-49.834114	0.0	8839981	3002.8287580013275
44	-152.56316	-152.56316	-4.017093	-49.820274	1.098957	-37.530045	-52.822983	-49.820095	0.0	9040981	3072.456178665161
45	-145.29262	-145.29262	-9.196654	-49.80728	1.1503346	-37.108032	-52.94471	-49.807175	0.0	9241981	3141.7701354026794
46	-143.46393	-143.46393	9.603647	-49.795048	1.1829599	-37.81691	-52.546413	-49.794983	0.0	9442981	3210.5062987804413
47	-145.49173	-145.49173	9.694488	-49.78258	1.2213227	-37.81849	-51.40077	-49.782482	0.0	9643982	3279.400922060013
48	-149.95647	-149.95647	-14.869662	-49.772057	1.25519	-37.85574	-51.126312	-49.771984	0.0	9844983	3348.6161303520203
49	-144.49995	-144.49995	-11.688929	-49.756283	1.302803	-37.503014	-51.353184	-49.756245	0.0	10045982	3417.7889375686646
50	-149.49504	-149.49504	-33.5796	-49.750027	1.3197011	-37.83418	-51.167355	-49.749966	0.0	10246984	3486.824961900711
51	-153.52025	-153.52025	-58.673023	-49.740402	1.3458989	-37.345886	-51.339176	-49.740173	0.0	10447983	3555.812387228012
52	-159.33167	-159.33167	-14.660857	-49.728497	1.3744557	-37.824387	-51.252247	-49.728333	0.0	10648981	3624.555361032486
53	-158.46034	-158.46034	-38.4964	-49.722366	1.3987396	-37.261696	-51.062973	-49.722397	0.0	10849984	3693.317438364029
54	-183.15086	-183.15086	-62.465042	-49.71737	1.4168953	-37.008137	-51.20565	-49.717308	0.0	11050984	3761.873940229416
55	-173.18025	-173.18025	-221.25182	-49.71716	1.4155946	-37.21264	-53.68089	-49.717064	0.0	11251982	3830.94282078743
56	-167.4674	-167.4674	-33.45539	-49.715965	1.4123812	-37.4294	-51.142166	-49.71587	0.0	11452983	3900.254187107086
57	-154.94745	-154.94745	-90.31297	-49.699524	1.4601036	-37.243305	-51.15771	-49.699406	0.0	11653982	3969.6634204387665
58	-133.05386	-133.05386	9.7065115	-49.694202	1.4730494	-37.214485	-51.22506	-49.694153	0.0	11854981	4038.1898159980774
59	-157.28471	-157.28471	9.485816	-49.690475	1.47668	-37.453373	-51.243042	-49.690384	0.0	12055981	4106.630566596985
60	-125.298584	-125.298584	9.637482	-49.683693	1.4938568	-37.400555	-51.543507	-49.683693	0.0	12256982	4175.458744287491
61	-129.31984	-129.31984	9.328634	-49.675404	1.5142813	-37.69792	-51.38163	-49.675297	0.0	12457982	4244.141125679016
62	-132.67711	-132.67711	9.671159	-49.66407	1.5449705	-37.74673	-50.954823	-49.663944	0.0	12658982	4312.808306694031
63	-146.25713	-146.25713	9.580834	-49.656666	1.5664405	-37.201283	-51.194107	-49.656624	0.0	12859982	4381.172570466995
64	-131.29095	-131.29095	9.482013	-49.65526	1.5671498	-37.821327	-51.209766	-49.655178	0.0	13060982	4450.319470405579
65	-146.38503	-146.38503	9.696929	-49.652256	1.569038	-37.762123	-51.36703	-49.65211	0.0	13261981	4518.854919195175
66	-129.28091	-129.28091	9.286389	-49.650066	1.5811901	-38.14281	-51.052685	-49.650074	0.0	13462981	4587.525142431259
67	-133.34918	-133.34918	9.51873	-49.642845	1.599234	-38.009895	-60.7367	-49.642845	0.0	13663982	4656.405930519104
68	-126.25356	-126.25356	9.46504	-49.636745	1.6129742	-38.226955	-51.8966	-49.636665	0.0	13864981	4725.181396961212
69	-139.70671	-139.70671	9.503784	-49.627926	1.639853	-37.80102	-63.019024	-49.627934	0.0	14065982	4794.045674800873
70	-153.61407	-153.61407	9.382567	-49.62346	1.6506552	-37.985588	-51.44954	-49.623318	0.0	14266981	4863.30512213707
71	-145.12192	-145.12192	9.453925	-49.623013	1.6432744	-38.215923	-51.976	-49.623028	0.0	14467982	4932.3308165073395
72	-142.8775	-142.8775	9.482223	-49.61019	1.6812667	-38.124706	-52.624527	-49.61004	0.0	14668982	5001.314036369324
73	-142.62875	-142.62875	-34.876625	-49.60665	1.6892782	-37.858574	-53.570694	-49.606632	0.0	14869982	5069.772772312164
74	-155.1809	-155.1809	-11.97161	-49.608185	1.6876521	-38.11592	-51.877674	-49.608196	0.0	15070983	5138.7084374427795
75	-161.14363	-161.14363	-15.41745	-49.599583	1.7090783	-38.181755	-55.607407	-49.5996	0.0	15271983	5207.642794847488
76	-170.15	-170.15	-39.717285	-49.59689	1.7138889	-38.355377	-52.998814	-49.596783	0.0	15472982	5276.1709949970245
77	-164.27956	-164.27956	-54.201427	-49.599167	1.7094988	-38.06072	-52.555466	-49.599102	0.0	15673981	5344.789266347885
78	-161.1596	-161.1596	-15.711538	-49.595036	1.7154827	-38.1913	-53.137756	-49.59503	0.0	15874984	5413.574657917023
79	-147.48439	-147.48439	9.037322	-49.595448	1.7093617	-38.24889	-53.395805	-49.595352	0.0	16075981	5481.925254821777
80	-129.37062	-129.37062	9.152619	-49.593807	1.7168486	-38.075615	-52.14132	-49.593765	0.0	16276982	5550.621533155441
81	-146.25285	-146.25285	9.126764	-49.584206	1.7300155	-37.989006	-51.574516	-49.584167	0.0	16477982	5619.4597845077515
82	-133.4808	-133.4808	8.942504	-49.581837	1.738388	-38.532185	-51.816082	-49.581825	0.0	16678982	5688.642673969269
83	-129.15953	-129.15953	8.982785	-49.58279	1.7331284	-38.16476	-51.651657	-49.58279	0.0	16879982	5757.299799203873
84	-125.635254	-125.635254	9.030303	-49.57847	1.7477516	-38.24165	-51.6298	-49.578407	0.0	17080982	5826.479733705521
85	-132.79846	-132.79846	9.70004	-49.57189	1.7647549	-38.565956	-51.67529	-49.571877	0.0	17281981	5894.777484178543
86	-136.66016	-136.66016	9.369074	-49.56124	1.7876189	-38.149536	-51.52857	-49.561188	0.0	17482982	5963.7274034023285
87	-132.11926	-132.11926	9.535637	-49.557663	1.7953093	-38.56922	-51.645054	-49.55768	0.0	17683981	6031.935386896133
88	-120.46414	-120.46414	9.740351	-49.552925	1.8078444	-38.648796	-51.349056	-49.552868	0.0	17884982	6100.663339138031
89	-139.3672	-139.3672	9.626733	-49.54776	1.8172218	-38.413998	-51.65062	-49.54775	0.0	18085983	6169.98561000824
90	-124.878426	-124.878426	9.589606	-49.543755	1.8266882	-38.375343	-51.580566	-49.543705	0.0	18286982	6239.159250497818
91	-129.73993	-129.73993	9.645994	-49.541252	1.8355325	-38.231537	-52.694496	-49.541294	0.0	18487982	6308.219261646271
92	-122.2997	-122.2997	9.683014	-49.535557	1.8489136	-38.564598	-51.633877	-49.53543	0.0	18688982	6377.3716723918915
93	-149.4348	-149.4348	-3.2598574	-49.534008	1.8516047	-36.290417	-51.683598	-49.533962	0.0	18889983	6446.449685335159
94	-158.81195	-158.81195	-5.46868	-49.52738	1.8621007	-36.91432	-51.946148	-49.527355	0.0	19090983	6515.120769739151
95	-143.36809	-143.36809	-2.3148463	-49.535065	1.847554	-38.826485	-51.859913	-49.535015	0.0	19291981	6584.178029537201
96	-144.1244	-144.1244	-15.022412	-49.529625	1.8582808	-38.611897	-52.11416	-49.529594	0.0	19492984	6653.007429122925
97	-146.96947	-146.96947	-114.3834	-49.532608	1.8570421	-38.43785	-51.92853	-49.53252	0.0	19693981	6721.474001407623
98	-189.41469	-189.41469	-162.30272	-49.538303	1.8469174	-38.385437	-52.067406	-49.53834	0.0	19894981	6790.180265426636
99	-169.89153	-169.89153	-26.728432	-49.53766	1.8422645	-38.585335	-52.05078	-49.53758	0.0	20095982	6859.726769924164
100	-136.83725	-136.83725	-10.34487	-49.535706	1.8464004	-38.374218	-51.890266	-49.53578	0.0	20296982	6928.108509778976
101	-159.79742	-159.79742	-10.882845	-49.531044	1.8564864	-38.436184	-52.22457	-49.53103	0.0	20497983	6996.068580627441
102	-173.26875	-173.26875	-21.655903	-49.53307	1.8570673	-38.54074	-52.0743	-49.533047	0.0	20698981	7064.544979333878
103	-160.18414	-160.18414	-144.45238	-49.53188	1.858382	-37.671177	-51.914898	-49.53184	0.0	20899981	7132.556800127029
104	-143.59753	-143.59753	9.445716	-49.532726	1.8539455	-38.624306	-52.023952	-49.532753	0.0	21100982	7201.075535058975
105	-161.86041	-161.86041	9.530724	-49.52807	1.8636459	-38.352535	-52.428165	-49.52802	0.0	21301982	7269.1475195884705
106	-144.61542	-144.61542	9.686781	-49.5275	1.8665854	-38.50271	-51.903416	-49.527546	0.0	21502982	7337.294014453888
107	-147.67534	-147.67534	-14.065808	-49.53349	1.8554574	-38.489586	-52.11107	-49.533566	0.0	21703981	7405.486524820328
108	-136.4214	-136.4214	-15.882371	-49.53163	1.8588325	-38.631195	-52.07192	-49.531616	0.0	21904981	7473.23886013031
109	-144.525	-144.525	9.649805	-49.52572	1.8681871	-38.535213	-52.981956	-49.52582	0.0	22105982	7541.005341291428
110	-142.84908	-142.84908	-21.449432	-49.5226	1.876164	-38.78603	-52.310368	-49.5226	0.0	22306983	7609.040882110596
111	-129.94215	-129.94215	-56.09138	-49.52075	1.8794718	-38.42563	-51.943935	-49.520725	0.0	22507981	7676.902214288712
112	-142.20308	-142.20308	9.660059	-49.517063	1.8839029	-36.72287	-52.17942	-49.517025	0.0	22708983	7744.577242136002
113	-123.44119	-123.44119	0.0	-49.523148	1.8717006	-38.53083	-51.998203	-49.523277	0.0	22909981	7811.9682512283325
114	-110.530525	-110.530525	0.0	-49.52331	1.8698978	-38.68412	-52.06112	-49.52321	0.0	23110981	7879.915296792984
115	-104.29369	-104.29369	-27.682917	-49.5277	1.8608106	-38.44058	-52.242306	-49.5278	0.0	23311981	7947.129767417908
116	-138.73563	-138.73563	0.0	-49.52078	1.8784529	-37.17964	-52.9206	-49.520897	0.0	23512982	8014.797822713852
117	-143.59879	-143.59879	-98.0706	-49.523148	1.8798509	-37.842545	-53.26281	-49.5231	0.0	23713981	8083.108336687088
118	-145.20624	-145.20624	-9.262496	-49.530743	1.8585354	-38.425625	-53.342503	-49.530716	0.0	23914981	8150.915764093399
119	-137.80194	-137.80194	-13.246958	-49.527985	1.8637352	-38.50883	-52.401215	-49.527935	0.0	24115981	8218.960368394852
120	-145.08504	-145.08504	5.9357467	-49.534607	1.8475503	-38.468864	-53.328747	-49.534702	0.0	24316981	8287.644466161728
121	-142.42313	-142.42313	-67.20238	-49.53428	1.8492976	-38.540394	-53.42262	-49.534363	0.0	24517982	8355.46535372734
122	-150.16035	-150.16035	-22.159191	-49.536488	1.8407937	-38.757298	-53.218838	-49.53652	0.0	24718981	8423.311743497849
123	-140.41342	-140.41342	-15.824603	-49.535507	1.842657	-36.303986	-59.371834	-49.535583	0.0	24919981	8491.605967998505
124	-129.17729	-129.17729	-58.544907	-49.538002	1.8374683	-38.22608	-67.92482	-49.538036	0.0	25120983	8559.403592348099
125	-140.40808	-140.40808	-180.30286	-49.541607	1.8250101	-38.35108	-55.370453	-49.541515	0.0	25321981	8627.764037132263
126	-149.13733	-149.13733	-18.604174	-49.536846	1.8355404	-38.425194	-61.986767	-49.536892	0.0	25522984	8695.676007270813
127	-145.10736	-145.10736	-81.00422	-49.540073	1.8253336	-38.49842	-53.290783	-49.54005	0.0	25723981	8763.375235795975
128	-170.52446	-170.52446	-114.79612	-49.53922	1.8254735	-15.42377	-75.13015	-49.539207	0.0	25924983	8831.15771150589
129	-150.68369	-150.68369	-143.33376	-49.536484	1.827134	-38.46412	-60.879757	-49.536552	0.0	26125987	8899.26668047905
130	-152.44603	-152.44603	-74.44568	-49.535477	1.8276627	-38.362442	-56.062416	-49.535446	0.0	26326985	8967.195953130722
131	-172.18513	-172.18513	-9.755167	-49.540318	1.8175013	-38.562515	-55.554523	-49.540344	0.0	26527984	9035.089243888855
132	-153.34341	-153.34341	8.598069	-49.540695	1.8150101	-38.14879	-56.37877	-49.540726	0.0	26728981	9102.392006158829
133	-156.28229	-156.28229	-18.560963	-49.544197	1.8041446	-38.644848	-55.11146	-49.544125	0.0	26929982	9170.308124542236
134	-129.67178	-129.67178	-37.297733	-49.542007	1.8078316	-38.71242	-55.307716	-49.542076	0.0	27130987	9238.107445716858
135	-122.17525	-122.17525	9.120887	-49.536686	1.8191997	-38.64376	-57.160305	-49.536663	0.0	27331981	9305.845997333527
136	-175.52492	-175.52492	-221.53336	-49.53861	1.8137995	-38.668724	-56.187622	-49.538662	0.0	27532985	9373.765609741211
137	-177.96004	-177.96004	-94.94628	-49.530884	1.8287053	-38.358482	-57.04062	-49.530838	0.0	27733981	9441.854078531265
138	-159.99751	-159.99751	-398.6374	-49.526043	1.8384793	-38.212486	-54.66949	-49.526157	0.0	27934983	9511.328744649887
139	-171.30429	-171.30429	-128.73314	-49.536682	1.8152239	-37.988834	-56.858917	-49.53666	0.0	28135984	9579.396918535233
140	-153.79047	-153.79047	-96.31233	-49.530582	1.829243	-38.46133	-54.279144	-49.530655	0.0	28336981	9647.979824543
141	-163.65543	-163.65543	-135.41896	-49.538063	1.8164192	-38.145687	-54.65015	-49.537884	0.0	28537986	9716.014024019241
142	-152.72813	-152.72813	-111.47851	-49.533	1.8255239	-37.815712	-54.48299	-49.533142	0.0	28738981	9783.667911529541
143	-182.13324	-182.13324	-102.90315	-49.53405	1.8255669	-38.042274	-54.680096	-49.533993	0.0	28939982	9852.385693073273
144	-152.76465	-152.76465	-62.756226	-49.53812	1.8150616	-37.69567	-54.7158	-49.538193	0.0	29140981	9920.56514620781
145	-186.70523	-186.70523	-68.17139	-49.54131	1.8016701	-36.649326	-54.610806	-49.541237	0.0	29341982	9987.878235340118
146	-178.9727	-178.9727	-223.16763	-49.537	1.8140842	-38.097424	-53.584705	-49.536983	0.0	29542985	10055.584870100021
147	-286.3959	-286.3959	-248.02266	-49.54089	1.8124413	-38.014572	-55.13083	-49.541008	0.0	29743983	10123.310761213303
148	-208.99617	-208.99617	-206.44882	-49.547424	1.79775	-37.449455	-55.502922	-49.54735	0.0	29944982	10190.591370105743
149	-193.67726	-193.67726	-112.37656	-49.550068	1.7969574	-38.128727	-54.763676	-49.550045	0.0	30145981	10257.987612485886
150	-207.26938	-207.26938	-121.716576	-49.5483	1.8012865	-38.035892	-53.89568	-49.548306	0.0	30346981	10325.493132591248
151	-186.15102	-186.15102	0.0	-49.555298	1.7849225	-37.767776	-53.919662	-49.555237	0.0	30547982	10392.55234003067
152	-142.4309	-142.4309	0.0	-49.553383	1.7914039	-38.103363	-54.7587	-49.553562	0.0	30748981	10460.12063241005
153	-147.30475	-147.30475	0.0	-49.56052	1.7780976	-37.5278	-53.470547	-49.56047	0.0	30949981	10527.38018155098
154	-134.5899	-134.5899	-129.38231	-49.564198	1.7722182	-38.104244	-53.99297	-49.564186	0.0	31150984	10594.628338813782
155	-157.23486	-157.23486	-91.867805	-49.560696	1.7759324	-37.995255	-53.780354	-49.560703	0.0	31351981	10662.00804233551
156	-139.14067	-139.14067	-122.28684	-49.566315	1.7663245	-37.959526	-54.80064	-49.566395	0.0	31552981	10729.396340370178
157	-145.82211	-145.82211	-161.89954	-49.564144	1.7680765	-38.230106	-53.710884	-49.564087	0.0	31753985	10796.720780611038
158	-153.39131	-153.39131	-164.7537	-49.562336	1.7736212	-38.058002	-55.03527	-49.56237	0.0	31954983	10863.974786996841
159	-144.75998	-144.75998	-193.40137	-49.56471	1.7663356	-38.285976	-54.71808	-49.564693	0.0	32155982	10931.020921945572
160	-155.65648	-155.65648	-25.020496	-49.56522	1.7671303	-38.30353	-54.575153	-49.565254	0.0	32356983	10998.435708761215
161	-139.82365	-139.82365	8.215166	-49.56563	1.7608776	-38.136948	-55.471043	-49.5657	0.0	32557981	11065.403322696686
162	-125.230934	-125.230934	8.604813	-49.569313	1.7520509	-38.025185	-54.104973	-49.56924	0.0	32758981	11132.788822889328
163	-131.89291	-131.89291	8.506266	-49.5612	1.7722019	-38.028355	-53.740025	-49.561134	0.0	32959982	11200.238986253738
164	-117.74572	-117.74572	8.969047	-49.564556	1.7658054	-37.86986	-54.533897	-49.564598	0.0	33160982	11267.488557815552
165	-114.68	-114.68	8.778114	-49.55848	1.7785807	-38.052284	-57.627956	-49.558517	0.0	33361981	11334.210445642471
166	-128.73515	-128.73515	8.8462	-49.56347	1.7679254	-35.632603	-55.35323	-49.563393	0.0	33562983	11401.368224859238
167	-127.547646	-127.547646	8.106146	-49.564976	1.7623254	-37.782467	-54.80881	-49.565063	0.0	33763981	11468.103776454926
168	-136.4433	-136.4433	8.873773	-49.559948	1.7769104	-38.096764	-55.51531	-49.55984	0.0	33964981	11534.502178192139
169	-151.0081	-151.0081	9.14823	-49.559216	1.7753417	-38.24317	-55.858757	-49.55929	0.0	34165982	11601.650890827179
170	-128.0332	-128.0332	8.364823	-49.557743	1.7784741	-38.117992	-56.062447	-49.557724	0.0	34366982	11669.023066043854
171	-120.10553	-120.10553	8.722583	-49.561226	1.7739711	-37.811413	-55.22005	-49.561188	0.0	34567981	11736.723855495453
172	-127.99942	-127.99942	8.224381	-49.560555	1.7752329	-38.276066	-57.40775	-49.560577	0.0	34768982	11803.652138471603
173	-126.14768	-126.14768	8.633272	-49.55794	1.7755573	-35.646297	-54.68374	-49.557972	0.0	34969982	11870.893674850464
174	-150.56758	-150.56758	8.371316	-49.550087	1.796644	-38.114716	-59.28175	-49.550076	0.0	35170983	11938.040517091751
175	-127.011925	-127.011925	-98.33293	-49.55543	1.7842883	-37.743675	-55.38007	-49.55543	0.0	35371981	12004.9272210598
176	-173.13087	-173.13087	-119.34864	-49.555473	1.7832354	-37.369293	-56.08271	-49.555557	0.0	35572984	12072.096659183502
177	-182.7138	-182.7138	-31.138084	-49.554077	1.7861927	-37.885376	-55.62906	-49.554054	0.0	35773982	12140.372411727905
178	-171.77722	-171.77722	-26.165205	-49.5559	1.7814112	-37.921764	-55.24429	-49.555843	0.0	35974983	12207.72486114502
179	-137.06828	-137.06828	-18.86433	-49.549755	1.7935984	-38.079136	-56.007782	-49.54989	0.0	36175982	12275.055887460709
180	-158.83414	-158.83414	-18.446302	-49.547405	1.7979126	-37.496567	-56.878414	-49.547337	0.0	36376982	12341.98656654358
181	-153.83696	-153.83696	-21.952026	-49.55702	1.776864	-37.557934	-55.366634	-49.55707	0.0	36577984	12409.278958559036
182	-157.76843	-157.76843	-20.02222	-49.552567	1.7837634	-37.19237	-55.371403	-49.55254	0.0	36778981	12476.664573192596
183	-161.73453	-161.73453	-35.758354	-49.548557	1.7938392	-37.295025	-55.511265	-49.54855	0.0	36979984	12543.921694993973
184	-133.22887	-133.22887	-25.182726	-49.55142	1.7891853	-36.947876	-55.240562	-49.551353	0.0	37180981	12611.252095222473
185	-137.64278	-137.64278	-26.769318	-49.548912	1.7911626	-37.783913	-55.651585	-49.548946	0.0	37381981	12678.165237903595
186	-133.40532	-133.40532	8.290193	-49.556366	1.7712028	-36.625843	-55.400955	-49.556473	0.0	37582981	12745.41568851471
187	-131.49812	-131.49812	8.094232	-49.549747	1.7895375	-38.16701	-55.100513	-49.549763	0.0	37783981	12812.421327829361
188	-120.02887	-120.02887	8.638089	-49.545612	1.7929672	-38.15381	-57.233463	-49.545628	0.0	37984981	12879.951628923416
189	-125.903786	-125.903786	8.775886	-49.54887	1.7926804	-38.220753	-55.0682	-49.5487	0.0	38185981	12946.803460597992
190	-132.41351	-132.41351	8.270276	-49.549408	1.7878277	-37.892723	-54.67556	-49.54941	0.0	38386981	13014.278561592102
191	-134.32051	-134.32051	8.508819	-49.544827	1.7980727	-38.064587	-55.570942	-49.544903	0.0	38587981	13081.857328891754
192	-131.12508	-131.12508	8.694361	-49.543674	1.7981421	-38.246582	-54.990295	-49.54377	0.0	38788982	13148.936849832535
193	-124.972404	-124.972404	8.543908	-49.53905	1.8065556	-38.54072	-55.219948	-49.538868	0.0	38989983	13215.512474298477
194	-131.83345	-131.83345	8.816345	-49.54436	1.7966076	-38.081627	-55.549232	-49.54446	0.0	39190982	13282.136451244354
195	-122.52163	-122.52163	8.358854	-49.542156	1.7988206	-37.908398	-54.955338	-49.542133	0.0	39391982	13348.892663955688
196	-122.606155	-122.606155	8.766486	-49.53852	1.8067529	-37.542126	-54.96719	-49.538433	0.0	39592982	13416.230777978897
197	-140.57051	-140.57051	8.31276	-49.542984	1.797367	-38.02908	-55.108784	-49.542973	0.0	39793982	13483.198634624481
198	-142.47801	-142.47801	-116.57393	-49.54211	1.7996917	-37.406612	-55.189472	-49.54221	0.0	39994984	13550.189763784409
199	-118.25174	-118.25174	-104.78738	-49.541977	1.8040104	-37.908424	-55.325413	-49.541927	0.0	40195982	13617.441874027252
200	-159.69865	-159.69865	-100.03034	-49.538887	1.8096308	-37.915916	-54.6845	-49.538937	0.0	40396982	13684.740560770035
201	-156.75612	-156.75612	-27.781647	-49.53095	1.8264288	-38.6611	-54.431316	-49.530907	0.0	40597984	13751.921643733978
202	-146.49847	-146.49847	-51.144386	-49.538548	1.8072966	-37.308495	-55.937603	-49.53856	0.0	40798981	13818.718086242676
203	-152.19156	-152.19156	-1.1272831	-49.53965	1.8024671	-38.526783	-56.65542	-49.539684	0.0	40999981	13885.364140987396
204	-140.33084	-140.33084	-3.5576873	-49.543297	1.7996751	-38.505325	-58.098797	-49.54329	0.0	41200981	13952.477168560028
205	-158.58176	-158.58176	-17.610594	-49.5357	1.812362	-38.241024	-55.23191	-49.535675	0.0	41401981	14019.14772439003
206	-161.15115	-161.15115	-31.426641	-49.5351	1.8164604	-38.14482	-54.640957	-49.53518	0.0	41602981	14085.682592391968
207	-177.27904	-177.27904	-86.8052	-49.53959	1.8101457	-38.672306	-56.354145	-49.5396	0.0	41803984	14152.375363826752
208	-151.27345	-151.27345	-59.179977	-49.53835	1.8154461	-38.32616	-57.48378	-49.538364	0.0	42004983	14219.147507667542
209	-155.74332	-155.74332	-57.634342	-49.53557	1.8237548	-38.345787	-57.72614	-49.535572	0.0	42205981	14286.262434005737
210	-154.4542	-154.4542	-97.85869	-49.537327	1.81422	-38.70476	-57.570633	-49.537334	0.0	42406981	14353.4086227417
211	-142.3515	-142.3515	-113.42075	-49.53832	1.8137658	-38.478962	-57.156445	-49.538364	0.0	42607986	14420.176320791245
212	-152.7084	-152.7084	-109.68669	-49.537632	1.8132386	-38.595173	-58.067917	-49.53759	0.0	42808983	14486.963501691818
213	-141.13942	-141.13942	9.281662	-49.540028	1.8110747	-38.071102	-57.768864	-49.540165	0.0	43009982	14554.021371364594
214	-136.4461	-136.4461	9.151849	-49.53793	1.812321	-38.327614	-56.878376	-49.537872	0.0	43210981	14621.044182777405
215	-138.43661	-138.43661	8.813306	-49.535854	1.8201121	-38.283283	-55.891975	-49.535892	0.0	43411982	14688.280039548874
216	-119.41004	-119.41004	8.819989	-49.54008	1.8108746	-38.48099	-56.67705	-49.540077	0.0	43612984	14755.150331735611
217	-123.019104	-123.019104	8.960615	-49.535755	1.8189718	-38.42442	-56.221073	-49.535778	0.0	43813982	14822.752530574799
218	-135.38744	-135.38744	8.931898	-49.537224	1.816665	-38.46295	-56.926846	-49.53727	0.0	44014982	14889.442856550217
219	-121.54288	-121.54288	9.151404	-49.53107	1.8294208	-38.530968	-55.74468	-49.53108	0.0	44215982	14956.308220386505
220	-120.3246	-120.3246	9.002738	-49.54067	1.8102943	-38.528202	-55.8084	-49.540653	0.0	44416982	15022.489716053009
221	-109.48215	-109.48215	9.5635	-49.53788	1.8140774	-38.321064	-55.193764	-49.537838	0.0	44617982	15088.983695268631
222	-135.08698	-135.08698	9.428185	-49.537247	1.8185943	-38.733997	-57.411148	-49.537266	0.0	44818981	15155.70497083664
223	-144.73209	-144.73209	9.505866	-49.53747	1.8143286	-38.72259	-56.26471	-49.537426	0.0	45019982	15223.042420625687
224	-120.57547	-120.57547	-5.950662	-49.538044	1.8158277	-38.40414	-55.88161	-49.538094	0.0	45220981	15290.249660491943
225	-137.49765	-137.49765	9.537696	-49.533745	1.8251314	-38.422405	-55.904037	-49.533783	0.0	45421982	15356.746264219284
226	-126.773705	-126.773705	9.217124	-49.534966	1.8239259	-38.8683	-56.023067	-49.534966	0.0	45622982	15423.013741254807
227	-125.85161	-125.85161	-24.087679	-49.530567	1.8340067	-38.735695	-56.214363	-49.53056	0.0	45823985	15489.508514404297
228	-139.31464	-139.31464	8.430015	-49.53481	1.8246664	-38.605125	-54.997726	-49.534733	0.0	46024982	15555.839334249496
229	-121.39401	-121.39401	8.064874	-49.532433	1.8299114	-38.487694	-55.910015	-49.53248	0.0	46225981	15622.393639326096
230	-118.71729	-118.71729	8.75102	-49.53625	1.821826	-38.522095	-55.21368	-49.53636	0.0	46426982	15688.72862124443
231	-122.94434	-122.94434	8.529849	-49.5302	1.8364524	-38.122208	-55.541527	-49.530136	0.0	46627982	15755.358937501907
232	-141.53438	-141.53438	8.636109	-49.533825	1.8271924	-38.25309	-54.772316	-49.533768	0.0	46828982	15821.914128541946
233	-121.1448	-121.1448	8.605269	-49.528427	1.8395131	-38.25323	-55.085945	-49.528522	0.0	47029982	15888.101134300232
234	-119.35669	-119.35669	8.235421	-49.532784	1.8282541	-37.684284	-55.74513	-49.532726	0.0	47230982	15954.226508617401
235	-132.2713	-132.2713	8.349527	-49.53392	1.8260264	-38.39741	-55.215336	-49.534077	0.0	47431982	16020.524174451828
236	-129.77284	-129.77284	8.798926	-49.530724	1.8323696	-37.71238	-54.76596	-49.530514	0.0	47632981	16087.230835676193
237	-140.36444	-140.36444	9.01573	-49.527397	1.8413098	-38.06989	-54.008064	-49.52748	0.0	47833983	16153.829640626907
238	-126.6041	-126.6041	-18.722383	-49.528946	1.8363868	-38.32506	-54.010303	-49.52904	0.0	48034983	16220.309115409851
239	-141.4732	-141.4732	9.184862	-49.52258	1.8502558	-38.511887	-57.033592	-49.522423	0.0	48235981	16286.740528821945
240	-138.37263	-138.37263	-13.782243	-49.521717	1.8535323	-38.202816	-53.76552	-49.521774	0.0	48436981	16353.37561249733
241	-138.21727	-138.21727	-24.555317	-49.527653	1.8435789	-37.90005	-54.72996	-49.527657	0.0	48637981	16419.84235072136
242	-137.58868	-137.58868	-3.9998443	-49.524136	1.8484768	-38.002758	-53.573036	-49.524166	0.0	48838983	16486.413509130478
243	-136.97963	-136.97963	-3.6869974	-49.526966	1.8401906	-38.287273	-53.979527	-49.527	0.0	49039981	16552.560173511505
244	-144.07593	-144.07593	-7.381628	-49.524803	1.8449279	-38.369606	-53.5002	-49.524734	0.0	49240987	16619.5416162014
245	-164.31613	-164.31613	-0.9706115	-49.525814	1.8442279	-37.65956	-54.495716	-49.525833	0.0	49441981	16685.408305883408
246	-147.74774	-147.74774	-3.6561744	-49.527443	1.841456	-37.806316	-55.28221	-49.52746	0.0	49642981	16751.270388364792
247	-129.34775	-129.34775	-5.240143	-49.526955	1.840909	-38.260902	-54.11516	-49.526993	0.0	49843981	16817.153628587723
248	-141.49588	-141.49588	-2.4462476	-49.523766	1.8482376	-38.365387	-53.772957	-49.52376	0.0	50044982	16882.89384508133
249	-140.75986	-140.75986	-36.844967	-49.526314	1.8427047	-38.178448	-54.0413	-49.526386	0.0	50245981	16948.91126179695
250	-143.29991	-143.29991	-3.8524399	-49.525898	1.8471924	-37.84802	-53.86171	-49.525883	0.0	50446982	17014.786207437515
251	-129.98529	-129.98529	-6.3303695	-49.52333	1.8486961	-38.460804	-54.055954	-49.523434	0.0	50647981	17081.35609149933
252	-144.92383	-144.92383	-4.815868	-49.52908	1.8420098	-38.27144	-54.08309	-49.52906	0.0	50848981	17148.270292282104
253	-130.51842	-130.51842	-5.146923	-49.529434	1.8416606	-38.501705	-54.245045	-49.529392	0.0	51049983	17214.56298995018
254	-155.67729	-155.67729	-6.8758388	-49.52625	1.8466722	-38.44602	-53.835796	-49.526283	0.0	51250981	17281.012867212296
255	-142.62233	-142.62233	-8.263918	-49.52926	1.8430465	-38.42627	-54.0278	-49.529324	0.0	51451983	17347.193587064743
256	-124.60778	-124.60778	-7.188887	-49.526924	1.8447361	-38.41956	-53.50518	-49.52691	0.0	51652983	17413.564793348312
257	-137.83762	-137.83762	-9.609064	-49.52437	1.8524982	-38.068752	-54.047497	-49.524445	0.0	51853981	17479.51461338997
258	-125.913055	-125.913055	-7.749812	-49.53093	1.8374088	-38.265465	-54.35491	-49.5309	0.0	52054981	17546.29156255722
259	-128.31496	-128.31496	-6.2294526	-49.525547	1.8493742	-38.214737	-54.181408	-49.525574	0.0	52255981	17612.265150785446
260	-135.85165	-135.85165	-3.9087331	-49.52567	1.8528519	-38.14393	-53.705147	-49.52569	0.0	52456982	17678.603898525238
261	-154.18828	-154.18828	-6.762123	-49.52814	1.8445114	-38.155914	-54.09675	-49.528164	0.0	52657981	17744.748423576355
262	-139.08093	-139.08093	-0.90618235	-49.526554	1.8490604	-38.34204	-54.191814	-49.52663	0.0	52858981	17810.34872841835
263	-148.96489	-148.96489	-9.799547	-49.52787	1.8426402	-37.36217	-55.779324	-49.527817	0.0	53059983	17876.41984963417
264	-148.39374	-148.39374	-66.19175	-49.524406	1.8508035	-36.282745	-54.070545	-49.524445	0.0	53260981	17942.741997241974
265	-168.15875	-168.15875	-115.16041	-49.52316	1.8584107	-35.616367	-55.196884	-49.52314	0.0	53461981	18008.93634724617
266	-163.13252	-163.13252	-30.529058	-49.52278	1.8572357	-35.51753	-54.700188	-49.522778	0.0	53662986	18075.369664907455
267	-146.23737	-146.23737	-8.872566	-49.52495	1.8540477	-35.903893	-54.480564	-49.525	0.0	53863981	18141.72704911232
268	-131.36104	-131.36104	-2.8036783	-49.52461	1.8542204	-36.150127	-53.845314	-49.524605	0.0	54064984	18207.762025356293
269	-132.07326	-132.07326	9.358117	-49.526028	1.8537527	-34.938503	-54.580936	-49.526054	0.0	54265981	18273.856787204742
270	-125.74814	-125.74814	8.988267	-49.525276	1.8544458	-35.588432	-54.321667	-49.525352	0.0	54466981	18341.381861686707
271	-129.73535	-129.73535	9.094454	-49.518326	1.8659024	-35.82762	-54.551826	-49.518295	0.0	54667982	18407.722239494324
272	-120.21138	-120.21138	9.2788105	-49.52615	1.8513844	-34.955345	-54.431248	-49.526085	0.0	54868981	18473.739062786102
273	-116.457596	-116.457596	8.99163	-49.519978	1.8652873	-35.653645	-54.21441	-49.520016	0.0	55069982	18539.59340953827
274	-124.56723	-124.56723	9.453615	-49.523823	1.8555021	-34.93031	-54.46935	-49.52383	0.0	55270981	18605.65303349495
275	-126.16857	-126.16857	9.0107355	-49.51708	1.8711241	-35.075462	-54.435738	-49.51709	0.0	55471982	18671.760844945908
276	-140.32301	-140.32301	-6.4237795	-49.523125	1.8573822	-35.290703	-53.786457	-49.523125	0.0	55672981	18738.046410799026
277	-120.34548	-120.34548	9.015563	-49.524033	1.8608632	-34.453606	-54.39045	-49.523956	0.0	55873982	18804.44923901558
278	-130.4822	-130.4822	9.09227	-49.51725	1.8714243	-35.333874	-54.23488	-49.517357	0.0	56074983	18870.63135623932
279	-122.89356	-122.89356	-4.9095626	-49.521557	1.8613617	-36.60081	-54.931454	-49.521515	0.0	56275981	18937.370094299316
280	-139.77509	-139.77509	-1.197821	-49.518997	1.8682543	-38.120632	-54.374207	-49.519005	0.0	56476983	19003.591938972473
281	-147.24911	-147.24911	-28.935694	-49.518757	1.8660953	-38.021683	-53.977146	-49.51881	0.0	56677983	19069.757252693176
282	-150.5129	-150.5129	9.299499	-49.52335	1.8590819	-37.83213	-53.95874	-49.523346	0.0	56878982	19136.226287841797
283	-121.39848	-121.39848	9.157607	-49.516792	1.8739178	-38.076176	-53.717377	-49.516853	0.0	57079981	19202.215012311935
284	-134.9488	-134.9488	9.029059	-49.521324	1.8654981	-37.92462	-54.03216	-49.521294	0.0	57280982	19268.79963493347
285	-114.12968	-114.12968	9.191302	-49.513515	1.8780296	-37.950047	-54.478058	-49.51349	0.0	57481981	19335.55377149582
286	-133.57022	-133.57022	9.120877	-49.517315	1.871694	-35.7355	-53.58623	-49.51739	0.0	57682982	19401.864438295364
287	-129.19763	-129.19763	9.041868	-49.514847	1.8784941	-38.136265	-54.918224	-49.5148	0.0	57883981	19467.31947207451
288	-133.15372	-133.15372	-8.321128	-49.514313	1.8780102	-38.426235	-55.34174	-49.51426	0.0	58084981	19533.35017514229
289	-141.93369	-141.93369	8.973315	-49.511925	1.8802973	-37.977592	-53.83424	-49.511917	0.0	58285981	19598.532698631287
290	-122.90598	-122.90598	9.210533	-49.512608	1.8827895	-38.039207	-55.081726	-49.512684	0.0	58486985	19664.69336438179
291	-134.60379	-134.60379	8.913663	-49.5181	1.8708662	-38.042774	-53.31651	-49.518055	0.0	58687982	19731.301486968994
292	-132.72614	-132.72614	9.067117	-49.51751	1.8739845	-37.93595	-53.470623	-49.51753	0.0	58888982	19797.510300397873
293	-139.52124	-139.52124	9.055115	-49.513477	1.880948	-37.875492	-54.28347	-49.51352	0.0	59089982	19863.73348927498
294	-125.090195	-125.090195	8.953848	-49.511436	1.8843502	-37.66766	-54.60642	-49.51142	0.0	59290982	19929.989541053772
295	-137.3804	-137.3804	9.037673	-49.514244	1.8791298	-37.94311	-53.943466	-49.514294	0.0	59491982	19996.02818608284
296	-116.15984	-116.15984	8.683618	-49.51142	1.8846042	-38.021595	-53.73116	-49.51148	0.0	59692981	20062.071516275406
297	-130.02098	-130.02098	8.979492	-49.515717	1.8732792	-38.24639	-53.650517	-49.515633	0.0	59893982	20128.241188049316
298	-126.51514	-126.51514	9.014756	-49.51014	1.887942	-38.227127	-54.054207	-49.510254	0.0	60094981	20194.262321710587
299	-126.53098	-126.53098	8.797736	-49.516262	1.8734752	-36.549175	-53.62227	-49.51624	0.0	60295982	20260.703171491623
300	-140.80733	-140.80733	8.728899	-49.51114	1.8840687	-38.23031	-53.650543	-49.511105	0.0	60496981	20326.41904115677
301	-130.24615	-130.24615	8.83278	-49.51173	1.8861715	-38.064148	-53.51825	-49.51175	0.0	60697981	20393.046488285065
302	-128.32928	-128.32928	8.629885	-49.515934	1.8762559	-38.47164	-54.046253	-49.515934	0.0	60898982	20459.217490911484
303	-139.08072	-139.08072	8.557206	-49.513714	1.883281	-38.21557	-54.06803	-49.513634	0.0	61099982	20526.041564941406
304	-129.1643	-129.1643	8.696853	-49.516346	1.8767216	-38.329216	-54.21567	-49.5164	0.0	61300982	20592.009481668472
305	-126.84417	-126.84417	8.56095	-49.516216	1.8754343	-37.846046	-53.42112	-49.516144	0.0	61501981	20658.600279569626
306	-132.36398	-132.36398	8.644615	-49.51635	1.8763148	-38.044193	-54.784286	-49.51643	0.0	61702985	20725.262848854065
307	-134.98952	-134.98952	8.742752	-49.51734	1.8733897	-37.40957	-53.743206	-49.517284	0.0	61903985	20791.314455986023
308	-117.35512	-117.35512	8.783846	-49.516556	1.8763597	-37.706367	-53.01297	-49.516632	0.0	62104982	20857.95316529274
309	-142.71263	-142.71263	8.573264	-49.515987	1.8760214	-38.049656	-53.341057	-49.51598	0.0	62305983	20924.473732948303
310	-135.25735	-135.25735	9.03453	-49.51059	1.8902913	-37.976475	-54.64454	-49.510567	0.0	62506982	20991.876766204834
311	-127.7441	-127.7441	8.850615	-49.512974	1.8836243	-37.376217	-53.941254	-49.51298	0.0	62707982	21058.774769306183
312	-127.00457	-127.00457	8.775536	-49.5168	1.8774856	-36.701572	-53.573406	-49.516792	0.0	62908981	21125.687379598618
313	-125.93326	-125.93326	8.616385	-49.51795	1.8738651	-36.286575	-53.93702	-49.517956	0.0	63109984	21192.280015468597
314	-138.45612	-138.45612	8.46567	-49.518227	1.8735942	-36.520668	-53.625866	-49.518208	0.0	63310982	21258.413927793503
315	-138.63823	-138.63823	8.837525	-49.513554	1.8807998	-35.3147	-54.361263	-49.5136	0.0	63511981	21324.801818847656
316	-139.18954	-139.18954	8.822282	-49.51553	1.8785461	-36.109013	-54.206425	-49.515553	0.0	63712981	21390.97971892357
317	-128.82686	-128.82686	8.737236	-49.513454	1.884675	-36.382973	-53.62841	-49.51338	0.0	63913981	21457.192258358
318	-120.20166	-120.20166	8.734674	-49.516922	1.876132	-36.15117	-53.167805	-49.517	0.0	64114982	21523.184302568436
319	-145.29443	-145.29443	8.466017	-49.512497	1.8837782	-36.599365	-54.33319	-49.512486	0.0	64315981	21589.190314769745
320	-130.49763	-130.49763	8.488532	-49.512756	1.8858669	-36.199234	-53.685085	-49.512817	0.0	64516982	21655.499774217606
321	-114.590675	-114.590675	8.898633	-49.51476	1.8805102	-35.625694	-53.633247	-49.51472	0.0	64717981	21722.372091770172
322	-146.91716	-146.91716	8.532088	-49.509483	1.8913827	-35.487743	-53.51998	-49.509457	0.0	64918987	21788.56089282036
323	-128.2646	-128.2646	8.69361	-49.514553	1.8842146	-35.392174	-54.54338	-49.514557	0.0	65119982	21855.03043460846
324	-130.49738	-130.49738	8.584399	-49.513386	1.8796357	-35.42449	-53.30903	-49.51332	0.0	65320981	21921.552718639374
325	-119.08685	-119.08685	8.4262085	-49.513805	1.8797518	-35.023422	-52.990974	-49.513817	0.0	65521981	21987.947695493698
326	-137.6779	-137.6779	8.747766	-49.512302	1.8847953	-35.845745	-53.37715	-49.51235	0.0	65722982	22054.865951538086
327	-133.92963	-133.92963	8.821715	-49.515797	1.8767657	-37.902355	-54.010597	-49.515785	0.0	65923982	22121.054421901703
328	-124.38836	-124.38836	8.774206	-49.5136	1.8815677	-35.28176	-53.724274	-49.513634	0.0	66124982	22187.724163532257
329	-123.60712	-123.60712	8.80905	-49.51663	1.878166	-38.354683	-53.48921	-49.516594	0.0	66325982	22253.914112329483
330	-131.54285	-131.54285	8.698943	-49.51372	1.881566	-37.769238	-53.56712	-49.513706	0.0	66526981	22320.667388677597
331	-127.386116	-127.386116	8.846499	-49.5164	1.8785417	-37.409462	-54.865906	-49.516403	0.0	66727981	22386.903995752335
332	-141.83887	-141.83887	8.846108	-49.51881	1.8710253	-38.05301	-54.314457	-49.518833	0.0	66928982	22453.412298202515
333	-131.07425	-131.07425	8.69243	-49.5181	1.8743783	-38.022633	-53.21927	-49.51804	0.0	67129982	22519.47667646408
334	-135.63658	-135.63658	8.580437	-49.5111	1.8899925	-37.785725	-53.597954	-49.5112	0.0	67330982	22585.542466640472
335	-133.56343	-133.56343	8.787787	-49.514534	1.8831552	-37.940018	-53.321255	-49.51448	0.0	67531982	22652.35855126381
336	-120.73622	-120.73622	8.67713	-49.5163	1.8783331	-38.206463	-53.207325	-49.5163	0.0	67732982	22718.680133104324
337	-149.21713	-149.21713	-98.7761	-49.517315	1.8727331	-38.26223	-53.65845	-49.51734	0.0	67933983	22784.921560287476
338	-136.54875	-136.54875	8.693622	-49.52003	1.8693836	-38.173462	-53.59684	-49.51996	0.0	68134982	22851.24136209488
339	-137.16731	-137.16731	-106.61475	-49.51564	1.8802271	-37.49501	-54.003014	-49.51567	0.0	68335981	22917.68482542038
340	-132.1239	-132.1239	8.670843	-49.515137	1.8785198	-38.10358	-53.315937	-49.51513	0.0	68536982	22983.68874335289
341	-128.91956	-128.91956	-168.02539	-49.516144	1.8766454	-38.079376	-53.385937	-49.516186	0.0	68737982	23049.99664068222
342	-138.68222	-138.68222	-208.90634	-49.519264	1.871282	-37.213223	-53.235676	-49.519226	0.0	68938982	23116.50824046135
343	-134.60284	-134.60284	9.109346	-49.511322	1.8887813	-38.373623	-53.16227	-49.51132	0.0	69139981	23182.41351556778
344	-142.17192	-142.17192	-117.5519	-49.514095	1.8802778	-37.722305	-53.32711	-49.51412	0.0	69340981	23248.53329896927
345	-140.19965	-140.19965	-126.96269	-49.51746	1.8751023	-37.890854	-53.374073	-49.517418	0.0	69541984	23314.589212179184
346	-136.50536	-136.50536	8.652893	-49.521103	1.8702106	-38.078022	-52.974808	-49.52107	0.0	69742984	23380.99383187294
347	-143.39761	-143.39761	8.834658	-49.51377	1.8826718	-38.160027	-53.91368	-49.51377	0.0	69943982	23447.304806232452
348	-134.681	-134.681	8.715835	-49.516827	1.8789023	-37.898445	-53.456146	-49.51688	0.0	70144981	23513.576189756393
349	-148.85329	-148.85329	8.603467	-49.51498	1.8789647	-38.046356	-54.172276	-49.514927	0.0	70345981	23579.83825302124
350	-147.29489	-147.29489	8.533853	-49.520477	1.8711885	-38.04808	-54.16812	-49.520535	0.0	70546981	23645.744017362595
351	-130.35796	-130.35796	8.714042	-49.522343	1.8690373	-37.862194	-53.41025	-49.522297	0.0	70747982	23712.157962322235
352	-130.33194	-130.33194	8.739366	-49.517292	1.877942	-38.242233	-54.19768	-49.517254	0.0	70948981	23778.431641817093
353	-123.68791	-123.68791	8.82744	-49.52364	1.8641309	-37.233803	-53.65643	-49.52363	0.0	71149982	23845.221544504166
354	-126.496925	-126.496925	8.741113	-49.52023	1.8718207	-38.34302	-53.431114	-49.520256	0.0	71350981	23912.079820394516
355	-140.66978	-140.66978	8.724746	-49.523327	1.8680158	-37.660946	-53.381336	-49.523308	0.0	71551982	23978.139356851578
356	-128.10295	-128.10295	8.824972	-49.52076	1.8727124	-38.139988	-53.641674	-49.520763	0.0	71752982	24043.661385297775
357	-130.70056	-130.70056	8.776369	-49.521244	1.8707255	-37.9945	-53.50512	-49.521297	0.0	71953983	24109.55352663994
358	-128.94334	-128.94334	8.645248	-49.52195	1.8666527	-37.732357	-53.35576	-49.521862	0.0	72154982	24175.509539842606
359	-138.68369	-138.68369	8.653565	-49.519768	1.872942	-38.33677	-53.84333	-49.51971	0.0	72355984	24241.670759677887
360	-140.48042	-140.48042	8.643373	-49.521866	1.8703365	-37.940968	-53.759235	-49.521885	0.0	72556984	24307.816967248917
361	-134.6737	-134.6737	8.631558	-49.51798	1.8756123	-38.05631	-53.81414	-49.51792	0.0	72757981	24374.384937286377
362	-131.2629	-131.2629	8.618874	-49.52679	1.8559625	-37.64298	-54.261204	-49.52679	0.0	72958981	24440.52494764328
363	-142.78314	-142.78314	8.858375	-49.52854	1.8529451	-37.98573	-53.672985	-49.528503	0.0	73159984	24506.664231300354
364	-119.76045	-119.76045	8.775306	-49.520737	1.8680472	-37.896446	-53.66859	-49.52077	0.0	73360981	24572.614260435104
365	-124.3394	-124.3394	9.01636	-49.522205	1.86646	-38.056087	-54.10712	-49.522152	0.0	73561982	24639.160932540894
366	-136.7444	-136.7444	8.927917	-49.52754	1.8581356	-38.07082	-53.467308	-49.527534	0.0	73762981	24705.172847747803
367	-141.81413	-141.81413	8.848899	-49.524563	1.8633813	-37.808563	-53.614326	-49.524593	0.0	73963981	24771.45022368431
368	-124.305374	-124.305374	8.811892	-49.523045	1.8656741	-35.52459	-54.7263	-49.523	0.0	74164981	24837.460012197495
369	-116.67325	-116.67325	8.937486	-49.51917	1.8721309	-38.142006	-53.235867	-49.51919	0.0	74365981	24903.220754146576
370	-130.71405	-130.71405	8.77843	-49.52556	1.8610684	-34.950996	-53.94407	-49.52548	0.0	74566986	24969.174863815308
371	-133.10497	-133.10497	8.974256	-49.525494	1.8615855	-38.325153	-53.754032	-49.525482	0.0	74767981	25035.2599337101
372	-135.37474	-135.37474	9.040964	-49.51933	1.873689	-38.01356	-53.71701	-49.51939	0.0	74968982	25101.68709564209
373	-151.38208	-151.38208	8.861277	-49.523907	1.8644476	-38.186913	-54.89958	-49.523876	0.0	75169982	25168.07623553276
374	-136.5356	-136.5356	8.678604	-49.52159	1.8669931	-37.760155	-53.110886	-49.52157	0.0	75370982	25234.215163707733
375	-122.62815	-122.62815	8.962439	-49.521706	1.8689315	-38.05522	-53.986286	-49.521687	0.0	75571982	25300.362667798996
376	-131.35635	-131.35635	8.745629	-49.525303	1.8625273	-38.1233	-53.946064	-49.52529	0.0	75772982	25366.225354909897
377	-145.51833	-145.51833	8.700784	-49.52248	1.8665957	-37.278965	-54.01464	-49.522503	0.0	75973983	25432.35027217865
378	-141.93134	-141.93134	8.70214	-49.52233	1.8687985	-38.203304	-53.78157	-49.522312	0.0	76174981	25498.229319810867
379	-127.04356	-127.04356	8.855484	-49.522144	1.8694301	-37.76028	-54.06851	-49.52212	0.0	76375981	25566.71511054039
380	-127.61779	-127.61779	8.842711	-49.51735	1.878197	-37.860905	-53.746395	-49.51735	0.0	76576982	25633.450657367706
381	-146.23746	-146.23746	8.742142	-49.527637	1.8570005	-38.01349	-54.106224	-49.527653	0.0	76777981	25700.18367910385
382	-132.17072	-132.17072	9.004653	-49.522205	1.8678783	-37.95934	-53.019836	-49.522156	0.0	76978981	25766.07714509964
383	-153.90851	-153.90851	8.878243	-49.519424	1.8729581	-37.998386	-53.159668	-49.51939	0.0	77179981	25831.92053747177
384	-139.07635	-139.07635	8.850816	-49.521942	1.8712481	-38.143604	-53.37142	-49.52187	0.0	77380984	25898.047506809235
385	-151.31737	-151.31737	8.994781	-49.528633	1.8573432	-38.077076	-54.9882	-49.528763	0.0	77581981	25964.274498701096
386	-139.54405	-139.54405	8.831567	-49.520943	1.8745084	-37.54433	-53.65594	-49.5209	0.0	77782983	26030.33408665657
387	-130.70314	-130.70314	8.644173	-49.523087	1.8669066	-38.26012	-53.606873	-49.523075	0.0	77983982	26096.835289478302
388	-129.32056	-129.32056	8.955438	-49.52372	1.8656464	-37.947197	-55.101486	-49.52369	0.0	78184982	26163.796016693115
389	-139.7805	-139.7805	8.746482	-49.523144	1.8663646	-38.02894	-53.99737	-49.523197	0.0	78385986	26230.48161172867
390	-136.46979	-136.46979	8.756791	-49.520626	1.871019	-37.961594	-53.151943	-49.52059	0.0	78586981	26296.906362771988
391	-135.21149	-135.21149	8.729592	-49.523563	1.8665596	-37.88313	-53.045128	-49.52357	0.0	78787982	26363.936122894287
392	-132.46243	-132.46243	8.987708	-49.52289	1.8683162	-37.74836	-53.234497	-49.522854	0.0	78988982	26430.210437059402
393	-134.49747	-134.49747	8.9123745	-49.521	1.8720171	-37.618538	-53.73773	-49.52104	0.0	79189981	26496.325155973434
394	-133.22267	-133.22267	8.9675455	-49.525063	1.8644404	-38.128014	-53.237694	-49.525024	0.0	79390981	26562.50606393814
395	-124.74162	-124.74162	8.940772	-49.523636	1.8682604	-37.804745	-53.7372	-49.523605	0.0	79591981	26629.04409980774
396	-126.83657	-126.83657	9.01657	-49.51744	1.8806189	-38.160816	-53.723953	-49.517403	0.0	79792983	26695.262430906296
397	-122.06529	-122.06529	8.817406	-49.52278	1.8670888	-37.95845	-53.91427	-49.522816	0.0	79993981	26761.525002479553
398	-131.74258	-131.74258	8.9274845	-49.523113	1.8670071	-38.172127	-53.935665	-49.52312	0.0	80194981	26827.34604740143
399	-123.46024	-123.46024	8.864387	-49.516163	1.8799775	-34.639957	-53.771168	-49.516098	0.0	80395981	26893.688614845276
400	-117.46329	-117.46329	9.0060215	-49.525536	1.8638126	-37.9592	-53.84678	-49.525593	0.0	80596986	26959.808032512665
401	-122.399765	-122.399765	9.028802	-49.522095	1.8679007	-38.17213	-53.9005	-49.522102	0.0	80797982	27025.85139656067
402	-130.11964	-130.11964	9.15455	-49.515823	1.8808026	-37.903744	-53.92627	-49.515804	0.0	80998981	27091.7212369442
403	-120.81258	-120.81258	9.073901	-49.5235	1.8658214	-38.13743	-53.916065	-49.52354	0.0	81199982	27157.914476156235
404	-129.60194	-129.60194	9.021721	-49.52095	1.8709476	-37.698074	-55.090714	-49.520897	0.0	81400982	27224.230464458466
405	-129.99266	-129.99266	9.141214	-49.51909	1.8739965	-37.905384	-53.182587	-49.519	0.0	81601982	27290.225400209427
406	-125.90987	-125.90987	8.912384	-49.520977	1.8721446	-38.14543	-54.011772	-49.52103	0.0	81802983	27356.280146598816
407	-131.86212	-131.86212	8.987717	-49.51673	1.8801533	-38.03948	-54.07812	-49.516785	0.0	82003982	27422.03395175934
408	-124.90587	-124.90587	9.112387	-49.518543	1.8768016	-31.375307	-53.795	-49.518517	0.0	82204982	27488.1092004776
409	-183.732	-183.732	-151.41621	-49.518276	1.8800101	-38.13088	-53.86578	-49.518295	0.0	82405981	27554.137635469437
410	-178.87445	-178.87445	-46.969845	-49.520187	1.8753175	-37.66346	-53.836983	-49.520103	0.0	82606981	27620.226531744003
411	-180.91544	-180.91544	-127.2904	-49.516396	1.8839742	-37.48523	-54.991688	-49.51646	0.0	82807982	27686.25883603096
412	-203.38164	-203.38164	-114.64226	-49.523235	1.8710599	-38.30494	-53.865078	-49.523197	0.0	83008983	27752.050221443176
413	-151.18338	-151.18338	-42.536953	-49.530384	1.8549777	-38.013584	-54.487774	-49.530334	0.0	83209982	27819.270598888397
414	-142.75668	-142.75668	-42.005577	-49.52347	1.8687679	-38.17195	-53.785793	-49.523514	0.0	83410982	27885.209153175354
415	-176.63293	-176.63293	-32.650455	-49.529686	1.8577263	-36.084496	-55.560387	-49.529636	0.0	83611983	27950.987023591995
416	-158.19373	-158.19373	-68.0285	-49.526978	1.8633379	-37.687	-53.83078	-49.52696	0.0	83812983	28017.313007831573
417	-175.69495	-175.69495	-66.85583	-49.5351	1.8450154	-38.048847	-53.23222	-49.535187	0.0	84013983	28083.35265994072
418	-162.51138	-162.51138	-90.15681	-49.528725	1.8583668	-38.09205	-53.430813	-49.52868	0.0	84214985	28149.870922088623
419	-161.63835	-161.63835	-37.809635	-49.528988	1.8579445	-37.915398	-53.294506	-49.52897	0.0	84415983	28216.291872501373
420	-153.17273	-153.17273	0.0	-49.53424	1.8472822	-37.79257	-54.729355	-49.534264	0.0	84616983	28282.83464026451
421	-154.4995	-154.4995	-45.531918	-49.537735	1.8409578	-37.814953	-54.38429	-49.53776	0.0	84817981	28348.666254997253
422	-160.93158	-160.93158	-11.588668	-49.532658	1.8523943	-38.030254	-53.304043	-49.53268	0.0	85018983	28415.312708616257
423	-175.6345	-175.6345	-78.60424	-49.540894	1.836209	-37.87511	-54.052765	-49.54088	0.0	85219983	28481.230991601944
424	-182.37291	-182.37291	-60.45045	-49.538555	1.8420098	-37.759296	-54.144016	-49.538567	0.0	85420983	28547.126013040543
425	-183.9204	-183.9204	-57.4916	-49.53878	1.8388846	-37.70303	-55.692432	-49.538765	0.0	85621983	28613.166719198227
426	-185.86203	-185.86203	-86.83007	-49.54229	1.8350766	-38.127663	-54.245697	-49.542297	0.0	85822983	28679.07694554329
427	-186.14766	-186.14766	-93.56574	-49.539463	1.8397793	-37.570763	-54.200054	-49.539444	0.0	86023983	28745.43803715706
428	-188.5967	-188.5967	-186.96822	-49.53955	1.8399132	-37.80063	-54.670998	-49.539604	0.0	86224984	28811.825330734253
429	-168.68771	-168.68771	0.0	-49.547733	1.8237871	-37.8114	-54.762367	-49.54768	0.0	86425981	28878.299307584763
430	-135.20078	-135.20078	0.0	-49.550533	1.816657	-38.210705	-57.0617	-49.55057	0.0	86626981	28944.219088077545
431	-187.95499	-187.95499	-114.360725	-49.5473	1.8287468	-37.385277	-55.325863	-49.547287	0.0	86827981	29010.233441591263
432	-162.77202	-162.77202	-21.513365	-49.553722	1.8084381	-37.618484	-53.59143	-49.55375	0.0	87028985	29076.279572725296
433	-193.60768	-193.60768	-49.09728	-49.550346	1.8185562	-37.86552	-53.90594	-49.550293	0.0	87229983	29143.136215925217
434	-153.22072	-153.22072	-76.65135	-49.545174	1.8282936	-37.964436	-53.975628	-49.5452	0.0	87430981	29209.316451072693
435	-185.47606	-185.47606	-124.53171	-49.551296	1.8175911	-37.84976	-54.384052	-49.551247	0.0	87631983	29275.852002620697
436	-162.43973	-162.43973	-68.37292	-49.551098	1.8201925	-37.70665	-53.688507	-49.551125	0.0	87832983	29341.75096845627
437	-163.22064	-163.22064	-35.70144	-49.554157	1.8146311	-37.356003	-53.50667	-49.554104	0.0	88033982	29407.831897497177
438	-147.6081	-147.6081	-22.07929	-49.55747	1.8041772	-37.84069	-53.798565	-49.557503	0.0	88234983	29473.610643863678
439	-166.42647	-166.42647	-111.30909	-49.55962	1.8035109	-37.607002	-54.00738	-49.559578	0.0	88435982	29539.583429574966
440	-207.0312	-207.0312	-115.05144	-49.55854	1.8018445	-37.043064	-54.02597	-49.55854	0.0	88636982	29605.52586746216
441	-195.74904	-195.74904	-106.64331	-49.56189	1.7982603	-37.859493	-53.825016	-49.561893	0.0	88837981	29671.23651242256
442	-163.24953	-163.24953	-67.70385	-49.56306	1.7943736	-37.385635	-54.35079	-49.563107	0.0	89038983	29737.49284005165
443	-162.10452	-162.10452	-56.892277	-49.56067	1.7988437	-37.717243	-54.218437	-49.56061	0.0	89239984	29803.155858516693
444	-148.5056	-148.5056	-80.00493	-49.56506	1.7907081	-37.988285	-53.412308	-49.565117	0.0	89440981	29869.029809474945
445	-180.10457	-180.10457	0.0	-49.563366	1.7950624	-37.670483	-53.97004	-49.563316	0.0	89641981	29934.790598154068
446	-116.60705	-116.60705	0.0	-49.56715	1.7878495	-37.736683	-53.69509	-49.567158	0.0	89842981	30000.291963338852
447	-112.65694	-112.65694	0.0	-49.56619	1.7853963	-37.991997	-54.42552	-49.56615	0.0	90043981	30065.83756494522
448	-114.65211	-114.65211	0.0	-49.5639	1.7934114	-37.672455	-53.665794	-49.56387	0.0	90244981	30131.884436130524
449	-137.45421	-137.45421	-52.2688	-49.56873	1.7832932	-37.501816	-54.66608	-49.56881	0.0	90445982	30198.44617676735
450	-172.00516	-172.00516	-188.42885	-49.568462	1.7830187	-37.79107	-55.355618	-49.568405	0.0	90646982	30264.43238592148
451	-136.3108	-136.3108	-48.208836	-49.568054	1.7841452	-37.651154	-53.78199	-49.568073	0.0	90847984	30330.399980306625
452	-150.78021	-150.78021	-22.212036	-49.565304	1.7883307	-37.392216	-54.661407	-49.565315	0.0	91048983	30396.21209716797
453	-145.98233	-145.98233	-36.377262	-49.565205	1.7889272	-37.244724	-53.689358	-49.565174	0.0	91249981	30461.994735956192
454	-156.61166	-156.61166	-5.525792	-49.5658	1.7881119	-38.1243	-54.415035	-49.5658	0.0	91450983	30527.879457235336
455	-162.28555	-162.28555	-4.815265	-49.565525	1.7876844	-37.53755	-53.801777	-49.565556	0.0	91651983	30594.01984500885
456	-148.6985	-148.6985	-2.8699608	-49.56654	1.785926	-37.908558	-54.345657	-49.566532	0.0	91852983	30660.080125808716
457	-147.98651	-147.98651	-1.757352	-49.565018	1.7875605	-37.843494	-55.55622	-49.565002	0.0	92053981	30726.422995090485
458	-152.69138	-152.69138	-45.269505	-49.568653	1.7786914	-38.101334	-54.242718	-49.56866	0.0	92254983	30792.43897652626
459	-155.96835	-155.96835	-46.26899	-49.568172	1.7806705	-37.498753	-54.096035	-49.568165	0.0	92455986	30858.78265428543
460	-161.7518	-161.7518	-46.18762	-49.559483	1.8019903	-38.183556	-56.79855	-49.559452	0.0	92656981	30924.78208708763
461	-168.57225	-168.57225	-44.568577	-49.568913	1.7826527	-37.78076	-53.74921	-49.568947	0.0	92857983	30991.16059756279
462	-142.74123	-142.74123	-45.00309	-49.563774	1.7907581	-36.462215	-52.870216	-49.563774	0.0	93058982	31056.97484087944
463	-156.39005	-156.39005	-47.866215	-49.5612	1.7983847	-37.853416	-53.55292	-49.56121	0.0	93259981	31123.4786362648
464	-134.33415	-134.33415	8.807906	-49.562366	1.791238	-37.874	-54.00302	-49.562325	0.0	93460983	31189.337708234787
465	-134.75354	-134.75354	9.251366	-49.56223	1.7935541	-37.542942	-53.641712	-49.56225	0.0	93661982	31254.855167865753
466	-140.34955	-140.34955	9.230498	-49.55524	1.8095399	-38.196552	-54.202522	-49.555206	0.0	93862982	31320.45437335968
467	-147.13776	-147.13776	9.470588	-49.561638	1.7971193	-37.94696	-54.106728	-49.561676	0.0	94063983	31386.367963314056
468	-137.13432	-137.13432	9.274337	-49.56597	1.785056	-37.858814	-53.47947	-49.565945	0.0	94264983	31452.273698329926
469	-167.69867	-167.69867	-47.837597	-49.5595	1.8020517	-38.0356	-54.85646	-49.559498	0.0	94465981	31518.788262844086
470	-144.31755	-144.31755	-48.80404	-49.561043	1.7972878	-38.26625	-53.28052	-49.560997	0.0	94666982	31584.2106153965
471	-144.27795	-144.27795	9.3863	-49.559788	1.7992553	-37.81001	-54.648567	-49.559807	0.0	94867981	31649.84349489212
472	-148.5109	-148.5109	9.617768	-49.561577	1.7964227	-37.618843	-56.996807	-49.561558	0.0	95068983	31715.403401613235
473	-134.14731	-134.14731	-47.132748	-49.555008	1.8098152	-37.61547	-54.750854	-49.55502	0.0	95269982	31781.5662317276
474	-159.80072	-159.80072	-46.883144	-49.55384	1.8115128	-37.91714	-53.42605	-49.55385	0.0	95470981	31847.629312992096
475	-171.2808	-171.2808	-48.112854	-49.555904	1.806371	-37.57048	-53.595913	-49.55597	0.0	95671981	31913.56652379036
476	-147.68372	-147.68372	-46.465603	-49.55984	1.8007294	-37.744804	-53.33682	-49.55979	0.0	95872983	31979.713723897934
477	-142.15271	-142.15271	-47.705162	-49.553738	1.8141794	-37.94345	-53.995926	-49.55374	0.0	96073983	32045.238816976547
478	-155.43236	-155.43236	-46.840816	-49.55607	1.8058267	-38.125683	-53.437042	-49.556034	0.0	96274981	32111.443207025528
479	-146.99355	-146.99355	-48.339622	-49.556602	1.803801	-37.882576	-53.85351	-49.5566	0.0	96475983	32177.17875289917
480	-153.69649	-153.69649	-52.1531	-49.553833	1.81629	-37.468513	-54.808628	-49.553867	0.0	96676983	32243.23842740059
481	-151.25247	-151.25247	-48.030155	-49.55407	1.8119578	-38.01903	-54.861782	-49.55402	0.0	96877983	32308.89739561081
482	-148.804	-148.804	-49.183582	-49.552624	1.8146875	-37.029343	-54.055504	-49.55264	0.0	97078983	32374.5042450428
483	-149.72997	-149.72997	-76.78888	-49.553448	1.8130709	-38.204105	-53.64096	-49.55348	0.0	97279985	32439.853356599808
484	-168.31584	-168.31584	-67.09692	-49.556824	1.8052336	-37.346523	-53.280464	-49.55679	0.0	97480981	32505.4250767231
485	-152.96489	-152.96489	-73.488525	-49.55159	1.8138137	-38.050354	-56.342407	-49.55159	0.0	97681982	32571.26126551628
486	-157.60152	-157.60152	-46.34222	-49.55535	1.8073852	-37.670834	-54.533123	-49.555424	0.0	97882983	32637.425806045532
487	-156.12656	-156.12656	-48.52107	-49.552845	1.814551	-37.54389	-54.52639	-49.5528	0.0	98083985	32703.933049440384
488	-144.152	-144.152	-46.31254	-49.550907	1.8184198	-37.81638	-53.482708	-49.550915	0.0	98284983	32770.42309355736
489	-156.55144	-156.55144	-51.891342	-49.55564	1.808858	-38.142883	-54.506428	-49.555653	0.0	98485985	32835.9319088459
490	-165.07176	-165.07176	-61.86719	-49.5526	1.8124835	-38.169266	-54.76827	-49.552677	0.0	98686983	32901.497967243195
491	-163.25615	-163.25615	-65.56383	-49.550762	1.8195125	-37.848263	-53.529705	-49.550674	0.0	98887981	32967.2304956913
492	-170.45047	-170.45047	-64.186104	-49.55224	1.8168755	-38.10776	-53.62796	-49.55223	0.0	99088983	33033.01096725464
493	-173.79811	-173.79811	-63.883472	-49.551094	1.8189209	-37.884594	-53.80964	-49.55111	0.0	99289982	33098.1355509758
494	-218.68346	-218.68346	-175.20073	-49.55441	1.8107303	-37.921547	-53.917973	-49.554356	0.0	99490985	33164.217790842056
495	-162.03145	-162.03145	-118.95753	-49.552944	1.8148111	-37.51866	-53.883213	-49.553005	0.0	99691981	33230.435928583145
496	-167.93073	-167.93073	-60.304054	-49.55453	1.8110224	-37.64385	-55.970493	-49.55447	0.0	99892981	33298.41252207756
497	-163.81046	-163.81046	-51.74292	-49.555737	1.8070827	-38.01677	-54.304276	-49.55574	0.0	100093982	33364.061735630035
498	-162.22002	-162.22002	-56.85918	-49.555145	1.8064953	-37.382175	-54.328014	-49.55517	0.0	100294983	33430.036205768585
499	-184.69064	-184.69064	-58.268192	-49.5528	1.8115282	-38.18211	-54.211704	-49.552746	0.0	100495983	33495.91511821747
