Epoch	EpRet	EpRealRet	TestEpRet	AverageQ1	StdQ1	MaxQ1	MinQ1	Q2	TestSuccess	TotalEnvInteracts	TotalTime
0	-10851.541	-10851.541	-14389.935	-30.285477	15.682825	13.331887	-86.91689	-30.282421	0.0	197981	181.95272660255432
1	-11380.335	-11380.335	-16616.53	-45.29912	8.421007	0.59284115	-63.95345	-45.298138	0.0	398981	400.65607142448425
2	-12199.521	-12199.521	-19017.648	-47.315933	6.36399	19.797802	-57.954315	-47.31534	0.0	599981	631.0199196338654
3	-12083.188	-12083.188	-15674.965	-47.69776	6.044068	12.606229	-55.84887	-47.69828	0.0	800981	861.0421350002289
4	-13770.276	-13770.276	-17336.55	-48.209793	5.304305	24.267347	-57.13465	-48.209915	0.0	1001981	1096.3700304031372
5	-14225.501	-14225.501	-16847.16	-48.81621	3.9556522	20.126657	-56.60028	-48.81666	0.0	1202981	1346.0885608196259
6	-13667.31	-13667.31	-16089.966	-48.891563	3.7771127	28.223291	-57.165134	-48.891373	0.0	1403981	1585.280323266983
7	-14502.066	-14502.066	-17376.37	-48.72984	4.2856655	34.232807	-55.19184	-48.72966	0.0	1604981	1828.8668899536133
8	-15223.164	-15223.164	-15640.48	-48.780956	4.0803676	59.507996	-55.47506	-48.780678	0.0	1805981	2072.5600225925446
9	-14483.997	-14483.997	-14291.454	-48.725765	4.3659444	22.005207	-55.193916	-48.725746	0.0	2006981	2318.7955510616302
10	-14549.621	-14549.621	-20578.064	-48.745483	4.4750714	19.202824	-54.464523	-48.74509	0.0	2207981	2568.492052078247
11	-14939.32	-14939.32	-19552.61	-48.712627	4.5900493	24.237906	-54.433475	-48.712387	0.0	2408981	2814.0398194789886
12	-14904.39	-14904.39	-22489.47	-48.67529	4.81516	23.66292	-53.7617	-48.675415	0.0	2609981	3064.0532715320587
13	-16199.137	-16199.137	-16366.987	-48.7423	4.4548783	43.64433	-54.051697	-48.742462	0.0	2810981	3316.975860118866
14	-15964.235	-15964.235	-16984.959	-48.900993	4.0447884	20.630932	-53.534115	-48.90064	0.0	3011981	3565.619721889496
15	-15080.224	-15080.224	-22598.037	-48.929325	3.889054	9.789385	-54.049744	-48.92934	0.0	3212981	3822.8665413856506
16	-16219.407	-16219.407	-22594.111	-48.939575	3.960934	11.560901	-53.243237	-48.939625	0.0	3413981	4091.360517501831
17	-18336.275	-18336.275	-23075.045	-49.05429	3.469106	10.71868	-53.625526	-49.05436	0.0	3614981	4341.158512592316
18	-19520.023	-19520.023	-25290.23	-48.96772	3.7465136	15.036611	-53.93339	-48.967686	0.0	3815981	4592.944849014282
19	-19484.398	-19484.398	-25998.074	-48.947723	3.8995173	115.8099	-53.703735	-48.947746	0.0	4016981	4858.145439147949
20	-20313.186	-20313.186	-27254.19	-48.705723	4.817443	14.109027	-54.051395	-48.70561	0.0	4217981	5123.986769914627
21	-21095.773	-21095.773	-29402.406	-48.71865	4.8891063	19.581442	-54.189224	-48.718727	0.0	4418981	5362.202229499817
22	-20360.63	-20360.63	-22353.164	-48.656487	5.1644096	19.336977	-53.936207	-48.65641	0.0	4619981	5597.260111808777
23	-18813.234	-18813.234	-24716.342	-48.717487	5.1295033	53.478436	-53.78229	-48.717415	0.0	4820981	5833.615165710449
24	-20569.664	-20569.664	-25079.668	-48.933132	4.3301883	21.873224	-53.984932	-48.932877	0.0	5021981	6067.470768690109
25	-19126.064	-19126.064	-25434.502	-48.905186	4.4302125	18.093615	-53.51071	-48.904976	0.0	5222981	6304.747482776642
26	-17940.135	-17940.135	-19713.145	-48.833023	4.8234925	18.363777	-53.106583	-48.832924	0.0	5423981	6540.967586040497
27	-18741.744	-18741.744	-23764.258	-48.821144	4.861793	16.167204	-53.05168	-48.82094	0.0	5624981	6777.44044303894
28	-17958.42	-17958.42	-20709.914	-48.763176	5.0498767	77.323044	-53.109962	-48.763084	0.0	5825981	7016.326781749725
29	-16338.98	-16338.98	-20145.545	-48.826046	4.7203364	17.551706	-53.572155	-48.82575	0.0	6026981	7254.666388750076
30	-17678.555	-17678.555	-24943.57	-48.91369	4.0826883	14.478323	-53.446064	-48.91409	0.0	6227981	7489.132801055908
31	-18361.953	-18361.953	-25133.998	-48.843307	4.396765	15.182264	-53.517467	-48.843346	0.0	6428981	7723.4170162677765
32	-17705.68	-17705.68	-20029.719	-48.8152	4.5014405	14.669435	-53.73226	-48.81537	0.0	6629981	7955.816105365753
33	-17550.775	-17550.775	-23359.652	-48.810184	4.6619673	16.364946	-52.892178	-48.809956	0.0	6830981	8189.3914251327515
34	-17419.82	-17419.82	-25200.736	-48.88328	4.337512	17.998077	-53.664936	-48.882885	0.0	7031981	8420.899962186813
35	-18685.906	-18685.906	-23394.652	-48.943844	3.9284077	12.849328	-53.26158	-48.94382	0.0	7232981	8654.751214027405
36	-17628.951	-17628.951	-20752.96	-48.92765	3.8735795	26.887728	-53.626858	-48.927494	0.0	7433981	8890.973914384842
37	-18158.043	-18158.043	-28958.793	-48.75459	4.4023485	30.9916	-53.745472	-48.75488	0.0	7634981	9124.978151321411
38	-19266.654	-19266.654	-24164.807	-48.5385	5.0249867	22.448795	-53.190044	-48.538376	0.0	7835981	9359.120619297028
39	-17962.924	-17962.924	-24782.611	-48.504177	5.1542377	16.874775	-53.040394	-48.5039	0.0	8036981	9599.470742702484
40	-18140.34	-18140.34	-25550.994	-48.486008	5.2931666	16.773567	-52.8564	-48.485977	0.0	8237981	9838.483992815018
41	-18738.658	-18738.658	-26292.93	-48.527775	5.420553	14.90606	-57.655704	-48.527206	0.0	8438981	10075.250443458557
42	-18696.46	-18696.46	-25103.676	-48.744186	4.89939	15.528757	-54.44663	-48.743935	0.0	8639981	10313.82459950447
43	-18015.373	-18015.373	-27933.488	-48.79411	4.644721	12.7655525	-54.207657	-48.793793	0.0	8840981	10549.175908088684
44	-17261.193	-17261.193	-19425.336	-48.919216	4.2304893	27.66234	-55.576508	-48.91876	0.0	9041981	10781.719956159592
45	-16800.639	-16800.639	-21629.582	-49.098675	3.655878	12.55599	-54.044037	-49.09817	0.0	9242981	11013.835423231125
46	-15964.688	-15964.688	-16750.701	-49.14928	3.3724983	15.973221	-54.78287	-49.14884	0.0	9443981	11242.941227674484
47	-13958.801	-13958.801	-20751.232	-49.11905	3.2811458	12.090377	-53.849815	-49.118824	0.0	9644981	11470.738402605057
48	-15969.997	-15969.997	-19670.117	-49.08924	3.3040774	16.976784	-53.5617	-49.089127	0.0	9845981	11704.178848743439
49	-14946.334	-14946.334	-16909.922	-49.106384	3.2124202	13.437148	-54.701458	-49.105923	0.0	10046981	11941.707739830017
50	-16521.398	-16521.398	-22731.97	-49.02583	3.3845732	12.395924	-54.259815	-49.025204	0.0	10247981	12174.641576766968
51	-17179.008	-17179.008	-22139.018	-49.01039	3.4309418	15.782856	-55.074482	-49.009808	0.0	10448981	12407.135859012604
52	-17454.557	-17454.557	-23699.328	-48.952526	3.4768913	12.948705	-54.417244	-48.951675	0.0	10649981	12639.288753271103
53	-17927.574	-17927.574	-21174.473	-48.90011	3.6766713	10.702832	-55.995613	-48.899227	0.0	10850981	12873.99478316307
54	-16254.485	-16254.485	-18979.56	-48.92964	3.8396728	9.360889	-57.275963	-48.928562	0.0	11051981	13108.969923734665
55	-15489.074	-15489.074	-19157.271	-48.947727	3.7591398	11.653369	-55.56523	-48.947277	0.0	11252981	13345.563012123108
56	-16973.668	-16973.668	-22552.582	-48.843185	4.1263385	12.321983	-56.546265	-48.84325	0.0	11453981	13579.26879954338
57	-15556.24	-15556.24	-16984.174	-48.64471	4.8539653	16.607086	-57.21231	-48.64418	0.0	11654981	13815.506746530533
58	-14942.615	-14942.615	-18422.848	-48.570652	5.007436	19.866573	-55.90323	-48.57061	0.0	11855981	14052.828422546387
59	-15855.205	-15855.205	-18276.152	-48.657112	4.970885	13.16173	-55.973263	-48.6569	0.0	12056981	14287.903051137924
60	-17549.68	-17549.68	-27127.19	-48.738686	4.6411376	35.144196	-57.317013	-48.738197	0.0	12257981	14521.414111852646
61	-18846.111	-18846.111	-24581.914	-48.811874	4.1906147	10.469869	-56.656525	-48.811268	0.0	12458981	14750.730861902237
62	-18224.18	-18224.18	-25516.557	-48.656662	4.5663238	16.235409	-56.39996	-48.656258	0.0	12659981	14981.36716556549
63	-17499.42	-17499.42	-24473.537	-48.726562	4.5047936	10.867679	-55.451042	-48.726257	0.0	12860981	15214.617803096771
64	-16868.65	-16868.65	-19702.596	-48.661175	4.799221	11.49349	-54.443913	-48.661163	0.0	13061981	15444.626523733139
65	-17797.51	-17797.51	-28990.783	-48.60753	4.9035735	17.365547	-54.356922	-48.60729	0.0	13262981	15672.888441562653
66	-19482.082	-19482.082	-24694.867	-48.78015	4.506953	15.894374	-55.30276	-48.779984	0.0	13463981	15902.74817109108
67	-16597.29	-16597.29	-16019.735	-48.958126	3.8716464	9.0365305	-55.45358	-48.95778	0.0	13664981	16137.05236005783
68	-14900.307	-14900.307	-12671.309	-49.062958	3.3840022	11.582573	-54.857563	-49.062363	0.0	13865981	16372.33537197113
69	-16247.08	-16247.08	-19856.623	-48.90647	3.8312974	12.175005	-54.667435	-48.90597	0.0	14066981	16607.17376446724
70	-16608.135	-16608.135	-19634.883	-48.72522	4.2442417	21.4848	-54.58075	-48.725212	0.0	14267981	16843.837592601776
71	-16586.145	-16586.145	-24957.982	-48.636623	4.6144285	13.317563	-53.967293	-48.636745	0.0	14468981	17082.560592889786
72	-18208.254	-18208.254	-26730.04	-48.544144	5.05723	12.144732	-57.78659	-48.544434	0.0	14669981	17317.427253961563
73	-20140.998	-20140.998	-26285.87	-48.594673	5.066946	14.386579	-54.28576	-48.594917	0.0	14870981	17551.524447202682
74	-17448.883	-17448.883	-21921.244	-48.70595	4.7655535	12.046623	-55.48339	-48.705982	0.0	15071981	17789.241801261902
75	-17166.328	-17166.328	-25361.742	-48.634964	4.983064	9.067024	-54.504486	-48.634743	0.0	15272981	18025.469882965088
76	-16041.3	-16041.3	-19186.057	-48.58361	5.198071	12.894601	-56.006573	-48.583355	0.0	15473981	18260.006165742874
77	-14316.613	-14316.613	-16193.479	-48.512585	5.169457	8.888993	-56.33012	-48.512505	0.0	15674981	18493.528831005096
78	-15904.182	-15904.182	-20696.38	-48.177246	5.8856473	14.801083	-55.512096	-48.17746	0.0	15875981	18727.559418201447
79	-14614.072	-14614.072	-14213.691	-48.098248	6.1387415	14.897887	-54.780624	-48.098515	0.0	16076981	18963.394802331924
80	-13494.367	-13494.367	-16229.513	-47.628742	6.959488	11.433085	-55.11951	-47.629036	0.0	16277981	19200.05747652054
81	-14310.353	-14310.353	-19357.385	-47.501835	7.307105	16.003408	-55.964336	-47.501713	0.0	16478981	19439.818081617355
82	-15424.389	-15424.389	-17055.443	-47.394497	7.3392234	13.278368	-57.131084	-47.39464	0.0	16679981	19677.931908607483
83	-15420.424	-15420.424	-21701.89	-47.252186	7.52639	10.882164	-56.814346	-47.25205	0.0	16880981	19916.902330636978
84	-15620.125	-15620.125	-18886.486	-47.572517	6.8914475	10.909456	-54.951088	-47.572136	0.0	17081981	20152.81929421425
85	-15193.885	-15193.885	-19617.08	-47.71714	6.6053085	10.910469	-56.199562	-47.717453	0.0	17282981	20385.03336071968
86	-16513.95	-16513.95	-22404.46	-47.80175	6.6397843	10.145126	-55.335026	-47.802242	0.0	17483981	20616.066299915314
87	-16294.005	-16294.005	-22141.01	-47.840992	6.554807	12.470146	-55.33146	-47.84083	0.0	17684981	20844.618935346603
88	-16005.593	-16005.593	-21869.264	-47.972095	6.3233557	10.214089	-56.55402	-47.97147	0.0	17885981	21080.397370815277
89	-18074.164	-18074.164	-27769.457	-47.94294	6.6524506	13.076996	-56.378532	-47.942513	0.0	18086981	21318.632687568665
90	-18810.432	-18810.432	-26643.863	-48.053432	6.5801954	11.371934	-55.382153	-48.05272	0.0	18287981	21554.52698779106
91	-19585.947	-19585.947	-27343.375	-48.281227	6.053235	14.804915	-55.73766	-48.281094	0.0	18488981	21788.232219696045
92	-18893.75	-18893.75	-22871.482	-48.426815	5.6748343	16.97196	-55.7016	-48.426567	0.0	18689981	22026.65668606758
93	-18564.443	-18564.443	-26929.773	-48.335346	5.932301	18.799385	-55.396336	-48.33483	0.0	18890981	22268.600878715515
94	-18821.775	-18821.775	-26657.654	-48.312763	6.1606507	25.168894	-55.140213	-48.312748	0.0	19091981	22510.818677425385
95	-19720.855	-19720.855	-27253.824	-48.320797	6.3157825	13.418553	-54.76802	-48.320515	0.0	19292981	22753.043483257294
96	-20036.613	-20036.613	-28655.244	-48.298843	6.384881	32.085278	-54.545887	-48.298645	0.0	19493981	22993.26362299919
97	-19241.46	-19241.46	-27318.19	-48.357952	6.3358846	22.846535	-56.460167	-48.3577	0.0	19694981	23234.54455423355
98	-19529.53	-19529.53	-28400.787	-48.405163	6.2086616	17.713562	-58.059452	-48.405407	0.0	19895981	23467.09939646721
99	-19412.975	-19412.975	-24934.293	-48.562862	5.6811934	19.260612	-57.141716	-48.562683	0.0	20096981	23703.738193035126
100	-19586.412	-19586.412	-25194.918	-48.486595	5.9146957	27.208803	-55.074055	-48.485798	0.0	20297981	23945.2405500412
101	-19137.312	-19137.312	-24361.432	-48.453384	6.1154575	23.520676	-56.248302	-48.452896	0.0	20498981	24186.031264305115
102	-18646.947	-18646.947	-22643.31	-48.51803	5.960038	24.013838	-54.659786	-48.517597	0.0	20699981	24423.72742986679
103	-18178.795	-18178.795	-22954.764	-48.656372	5.6699715	20.748371	-57.363842	-48.65661	0.0	20900981	24662.653418779373
104	-17732.42	-17732.42	-21700.271	-48.696007	5.502124	21.762657	-56.22302	-48.69599	0.0	21101981	24899.868277549744
105	-16561.215	-16561.215	-22292.545	-48.6659	5.50298	24.870344	-54.488552	-48.665688	0.0	21302981	25137.82603788376
106	-16856.941	-16856.941	-23186.125	-48.657867	5.426235	16.454927	-55.162277	-48.658215	0.0	21503981	25370.858117103577
107	-15853.546	-15853.546	-21702.564	-48.76983	4.99371	20.482544	-57.07218	-48.770008	0.0	21704981	25602.363123178482
108	-16088.858	-16088.858	-19994.596	-48.831474	4.6477203	21.837694	-56.091263	-48.831295	0.0	21905981	25836.611974716187
109	-14642.754	-14642.754	-20395.953	-48.63564	4.960294	23.255707	-56.53149	-48.636208	0.0	22106981	26070.464547872543
110	-14178.661	-14178.661	-24658.648	-48.55126	5.0767994	16.791718	-55.412838	-48.552235	0.0	22307981	26304.402178764343
111	-18037.615	-18037.615	-27438.533	-48.55348	5.0796356	15.963208	-55.282303	-48.55445	0.0	22508981	26539.233162403107
112	-16782.207	-16782.207	-24058.467	-48.604824	5.0825343	13.699988	-56.730938	-48.60487	0.0	22709981	26779.105533123016
113	-17256.32	-17256.32	-24955.002	-48.782722	4.5828533	6.8935986	-55.623013	-48.782333	0.0	22910981	27018.136800050735
114	-18348.97	-18348.97	-22619.494	-48.68684	4.9120836	17.871954	-54.58735	-48.68679	0.0	23111981	27258.24324989319
115	-16092.566	-16092.566	-20224.018	-48.650642	5.040513	10.024442	-54.46435	-48.649857	0.0	23312981	27497.748440265656
116	-16150.763	-16150.763	-23566.75	-48.861053	4.367031	4.6706977	-54.731674	-48.860897	0.0	23513981	27735.81989979744
117	-16073.697	-16073.697	-22311.291	-48.752777	4.6169543	9.236584	-56.35034	-48.752296	0.0	23714981	27973.84952378273
118	-15847.478	-15847.478	-18463.746	-48.431953	5.606669	18.5272	-57.279022	-48.431866	0.0	23915981	28212.380885124207
119	-15794.233	-15794.233	-17687.89	-48.26505	6.135421	13.124147	-54.254974	-48.265293	0.0	24116981	28450.73754644394
120	-13055.959	-13055.959	-14096.429	-48.015495	6.575226	10.726248	-54.3633	-48.01532	0.0	24317981	28690.60870361328
121	-13287.909	-13287.909	-15682.516	-47.516026	7.4842267	11.7632675	-54.216286	-47.51603	0.0	24518981	28929.476984262466
122	-13495.475	-13495.475	-16296.644	-47.522366	7.282423	10.929257	-54.705544	-47.522114	0.0	24719981	29169.065245628357
123	-12914.911	-12914.911	-15162.991	-47.34859	7.4777675	11.20709	-54.51011	-47.348576	0.0	24920981	29406.505248069763
124	-12256.284	-12256.284	-18693.455	-47.29016	7.6766276	15.915112	-54.960182	-47.289734	0.0	25121981	29645.01133465767
125	-13710.655	-13710.655	-18535.53	-47.41798	7.723947	20.74681	-54.480545	-47.41792	0.0	25322981	29885.30130505562
126	-16197.071	-16197.071	-17645.297	-47.66861	7.3126345	18.844109	-58.458637	-47.668457	0.0	25523981	30126.238280773163
127	-15740.714	-15740.714	-18876.158	-48.3107	5.9329133	12.554832	-57.26002	-48.31099	0.0	25724981	30367.572313070297
128	-14785.286	-14785.286	-18558.709	-48.629917	5.1107984	35.583294	-62.295586	-48.62928	0.0	25925981	30608.037862300873
129	-16052.848	-16052.848	-21944.59	-48.420437	5.5142264	16.3818	-59.99398	-48.420673	0.0	26126981	30850.792101860046
130	-16044.824	-16044.824	-22288.082	-48.319504	5.7157025	10.15853	-55.62137	-48.320377	0.0	26327981	31092.97553873062
131	-16623.93	-16623.93	-22789.922	-48.17672	6.135593	15.606716	-56.45297	-48.17742	0.0	26528981	31333.7356300354
132	-17351.963	-17351.963	-23278.598	-48.225143	6.107235	17.203663	-56.043015	-48.225723	0.0	26729981	31569.660464048386
133	-17163.113	-17163.113	-26749.324	-48.39808	5.6915274	17.700203	-55.642715	-48.398228	0.0	26930981	31806.7284719944
134	-18433.877	-18433.877	-26165.168	-48.54666	5.3067126	10.6479025	-56.483162	-48.54732	0.0	27131981	32048.134814739227
135	-19007.375	-19007.375	-26820.533	-48.346943	5.939481	10.1818285	-55.44988	-48.34775	0.0	27332981	32288.792679548264
136	-18778.691	-18778.691	-24089.262	-48.4246	5.9482265	19.185104	-56.78743	-48.424915	0.0	27533981	32527.1047873497
137	-17534.193	-17534.193	-23409.56	-48.30802	6.3266163	23.265808	-57.362957	-48.30804	0.0	27734981	32764.64971804619
138	-16768.023	-16768.023	-22322.809	-48.225544	6.6822653	27.492825	-56.88212	-48.225365	0.0	27935981	33001.9420979023
139	-16424.314	-16424.314	-20863.219	-48.05165	7.0834394	14.879353	-57.734253	-48.051453	0.0	28136981	33240.345195770264
140	-16820.973	-16820.973	-19881.154	-47.917007	7.396278	15.011553	-57.798164	-47.917183	0.0	28337981	33476.37099647522
141	-15993.155	-15993.155	-19761.086	-47.96661	7.1466064	14.42136	-57.062435	-47.966946	0.0	28538981	33711.003381729126
142	-12874.116	-12874.116	-14926.144	-48.123394	6.426979	12.412045	-56.38411	-48.123528	0.0	28739981	33947.131244421005
143	-13226.332	-13226.332	-16351.572	-47.953796	6.397972	11.667252	-55.825916	-47.95364	0.0	28940981	34183.53770828247
144	-13313.947	-13313.947	-14568.456	-47.72151	6.340229	5.7240033	-56.434414	-47.721634	0.0	29141981	34423.47646069527
145	-13627.213	-13627.213	-15447.051	-47.480938	6.4242206	3.975111	-57.965084	-47.48043	0.0	29342981	34664.22257399559
146	-13866.228	-13866.228	-18203.43	-47.092827	6.953161	7.1329412	-58.624435	-47.092564	0.0	29543981	34905.43603372574
147	-14735.093	-14735.093	-19773.518	-46.96159	7.307537	12.475346	-62.829224	-46.961407	0.0	29744981	35147.47461771965
148	-15255.034	-15255.034	-20225.666	-47.50396	6.5060043	14.209513	-59.44769	-47.503876	0.0	29945981	35389.05067110062
149	-16775.297	-16775.297	-20340.416	-47.903625	5.870223	16.128218	-57.052586	-47.903805	0.0	30146981	35629.74805521965
150	-14374.705	-14374.705	-15877.86	-48.14244	5.18819	8.691883	-56.079144	-48.14232	0.0	30347981	35868.86575126648
151	-16747.201	-16747.201	-15197.729	-48.13672	5.124687	9.472847	-58.982906	-48.136917	0.0	30548981	36109.04010105133
152	-16078.713	-16078.713	-19870.184	-47.89159	5.567373	9.535473	-56.498104	-47.89236	0.0	30749981	36348.08339738846
153	-17369.549	-17369.549	-20270.566	-47.88804	5.7401843	7.492213	-55.812153	-47.888237	0.0	30950981	36585.89790201187
154	-16817.426	-16817.426	-22369.045	-47.64503	6.2135534	6.079838	-57.469128	-47.644848	0.0	31151981	36824.21271109581
155	-15999.249	-15999.249	-17177.814	-47.664967	6.257156	8.617264	-56.58871	-47.66487	0.0	31352981	37059.85147690773
156	-15490.972	-15490.972	-14984.182	-47.69487	6.237997	6.629263	-57.768955	-47.694965	0.0	31553981	37295.79751729965
157	-16927.492	-16927.492	-26879.707	-47.739388	6.5443544	12.576837	-60.274147	-47.739716	0.0	31754981	37534.929928064346
158	-18668.383	-18668.383	-28284.932	-47.478256	7.4743667	7.004221	-57.732944	-47.47875	0.0	31955981	37777.49323773384
159	-19491.096	-19491.096	-28732.6	-47.49828	7.625338	14.373743	-58.31975	-47.49842	0.0	32156981	38016.788412094116
160	-20055.998	-20055.998	-25526.607	-47.775974	7.482653	15.130216	-56.88743	-47.77578	0.0	32357981	38257.57596898079
161	-19014.988	-19014.988	-22346.879	-47.978737	7.330428	14.016109	-59.993633	-47.97901	0.0	32558981	38495.792926073074
162	-16567.164	-16567.164	-23296.486	-48.268044	6.529635	10.071109	-55.028534	-48.267548	0.0	32759981	38727.13792991638
163	-19455.758	-19455.758	-26087.1	-48.44211	5.8103895	14.819849	-59.136795	-48.44298	0.0	32960981	38954.40562415123
164	-15001.968	-15001.968	-16277.798	-48.49689	5.3930197	17.298788	-56.423664	-48.49609	0.0	33161981	39188.95938420296
165	-13994.112	-13994.112	-16053.946	-48.37396	5.2222605	15.083284	-57.63582	-48.374527	0.0	33362981	39425.07342720032
166	-14679.058	-14679.058	-16736.375	-47.81469	6.4746447	13.514098	-56.085815	-47.815136	0.0	33563981	39664.34158706665
167	-15051.147	-15051.147	-19689.299	-47.267994	7.4037523	16.65119	-55.853973	-47.267815	0.0	33764981	39903.78352236748
168	-13359.699	-13359.699	-18363.639	-47.00537	7.5499015	13.202157	-57.65526	-47.00595	0.0	33965981	40145.39622616768
169	-15747.744	-15747.744	-17229.889	-46.927956	7.438094	11.066532	-57.092136	-46.92793	0.0	34166981	40384.02574849129
170	-16224.911	-16224.911	-18025.17	-47.039852	7.1177287	15.742471	-56.3991	-47.03952	0.0	34367981	40620.9709777832
171	-15497.885	-15497.885	-17567.709	-47.486763	6.394321	12.895439	-56.1703	-47.48639	0.0	34568981	40854.58333206177
172	-15505.076	-15505.076	-25193.404	-48.04297	5.5129347	14.397486	-59.134655	-48.04352	0.0	34769981	41088.31846284866
173	-15324.572	-15324.572	-22830.945	-47.901413	6.1934905	12.310823	-58.24071	-47.902504	0.0	34970981	41320.97006225586
174	-14897.491	-14897.491	-20457.492	-48.034603	5.797733	9.894638	-55.782547	-48.034924	0.0	35171981	41553.171073675156
175	-17633.467	-17633.467	-24654.068	-48.140877	5.3025675	12.218958	-55.986496	-48.140884	0.0	35372981	41785.29257941246
176	-18991.908	-18991.908	-25533.312	-48.52558	4.4711623	6.0537615	-56.414948	-48.525547	0.0	35573981	42018.29085469246
177	-19216.504	-19216.504	-21977.76	-48.773342	3.9840064	4.113325	-62.502987	-48.77314	0.0	35774981	42253.76007437706
178	-18729.145	-18729.145	-23373.404	-48.569065	4.559639	12.239582	-56.86814	-48.569508	0.0	35975981	42489.71197104454
179	-16718.773	-16718.773	-21117.453	-48.327133	5.0468135	9.931735	-54.338085	-48.32786	0.0	36176981	42729.836508750916
180	-18961.436	-18961.436	-22632.395	-48.04829	5.753721	25.047886	-54.590614	-48.04893	0.0	36377981	42966.851497888565
181	-18866.803	-18866.803	-25265.07	-47.88053	6.3170123	20.915352	-56.136974	-47.880417	0.0	36578981	43205.36024451256
182	-19225.936	-19225.936	-25567.127	-47.87756	6.592603	19.19772	-57.300316	-47.87729	0.0	36779981	43443.84616494179
183	-20477.861	-20477.861	-24983.88	-47.73084	7.21795	13.452137	-56.14326	-47.730797	0.0	36980981	43679.151374816895
184	-20470.15	-20470.15	-25428.545	-47.891575	7.05774	20.723127	-58.265343	-47.891483	0.0	37181981	43913.59123516083
185	-20180.975	-20180.975	-25639.605	-47.879444	7.117682	9.926962	-57.482178	-47.879337	0.0	37382981	44150.13964343071
186	-18925.557	-18925.557	-26512.395	-47.950916	7.0288725	14.003527	-59.347313	-47.95103	0.0	37583981	44387.88885831833
187	-20729.383	-20729.383	-28495.861	-48.05575	6.8353243	12.117281	-58.485535	-48.05611	0.0	37784981	44621.85117530823
188	-21716.498	-21716.498	-25006.2	-48.136158	6.7192535	10.306061	-58.711357	-48.136925	0.0	37985981	44851.11248779297
189	-18754.645	-18754.645	-25743.0	-48.035053	6.989089	13.835484	-56.984604	-48.035698	0.0	38186981	45075.6488032341
190	-20419.797	-20419.797	-27126.064	-47.998913	7.1818604	13.857324	-56.65783	-47.99958	0.0	38387981	45297.160866975784
191	-19925.273	-19925.273	-29192.006	-48.24443	6.627481	15.001018	-55.938416	-48.244766	0.0	38588981	45520.39179563522
192	-18445.445	-18445.445	-26682.17	-48.3613	6.244163	17.70966	-55.331123	-48.36142	0.0	38789981	45747.58692717552
193	-19689.783	-19689.783	-27238.344	-48.31229	6.460948	12.808219	-58.056637	-48.31228	0.0	38990981	45972.26532673836
194	-19334.809	-19334.809	-28112.664	-48.238968	6.767414	13.354705	-56.198597	-48.23917	0.0	39191981	46197.33270406723
195	-21068.162	-21068.162	-30638.47	-48.38453	6.3890324	10.7231865	-55.95927	-48.38503	0.0	39392981	46424.81824302673
196	-20596.68	-20596.68	-25034.656	-48.656574	5.6213994	10.147391	-55.37452	-48.656723	0.0	39593981	46653.17755937576
197	-20984.062	-20984.062	-27771.408	-48.951557	4.6290092	9.821868	-55.43061	-48.951515	0.0	39794981	46886.9496588707
198	-19938.512	-19938.512	-29757.793	-49.000797	4.3873153	14.643805	-59.280678	-49.001247	0.0	39995981	47125.00359916687
199	-19850.117	-19850.117	-27018.725	-48.79823	4.965831	15.185375	-57.32634	-48.79835	0.0	40196981	47363.587650060654
200	-18282.98	-18282.98	-29034.58	-48.57772	5.5131683	13.799928	-59.133392	-48.577938	0.0	40397981	47604.57254123688
201	-19703.99	-19703.99	-29473.426	-48.60387	5.414232	13.408838	-58.767677	-48.603985	0.0	40598981	47842.45674085617
202	-17522.893	-17522.893	-23618.035	-48.575092	5.411251	15.299647	-59.704636	-48.574783	0.0	40799981	48079.944192409515
203	-16241.318	-16241.318	-23935.352	-48.698105	5.046969	18.305834	-61.12477	-48.698105	0.0	41000981	48317.29049682617
204	-17701.234	-17701.234	-24845.293	-48.90545	4.48161	11.949709	-57.14148	-48.905437	0.0	41201981	48555.525221824646
205	-19127.123	-19127.123	-25782.662	-48.88373	4.670467	17.795261	-55.91266	-48.883595	0.0	41402981	48792.90872716904
206	-19216.926	-19216.926	-28454.148	-48.796227	4.992309	16.235327	-56.66404	-48.795933	0.0	41603981	49029.49358487129
207	-20354.104	-20354.104	-28724.29	-48.772587	4.9744916	12.237668	-55.770767	-48.77211	0.0	41804981	49263.66027569771
208	-20571.654	-20571.654	-26896.693	-48.81621	4.820223	16.740482	-56.682114	-48.81512	0.0	42005981	49498.495967149734
209	-19544.252	-19544.252	-28421.148	-48.76545	4.9907126	9.013854	-57.200146	-48.765045	0.0	42206981	49733.84096455574
210	-19205.188	-19205.188	-24951.762	-48.682854	5.3443727	8.023332	-55.80339	-48.682335	0.0	42407981	49972.979209661484
211	-18564.07	-18564.07	-27287.943	-48.631172	5.6304927	11.420486	-59.15233	-48.630875	0.0	42608981	50212.27918672562
212	-19852.396	-19852.396	-27797.1	-48.55445	5.883384	9.542227	-57.04027	-48.55422	0.0	42809981	50450.03548383713
213	-19588.688	-19588.688	-29640.54	-48.478447	6.1541653	11.085323	-60.752647	-48.47907	0.0	43010981	50686.70902514458
214	-20337.574	-20337.574	-27522.807	-48.441395	6.3301587	14.782653	-58.59664	-48.441895	0.0	43211981	50925.04634809494
215	-19107.514	-19107.514	-27532.625	-48.543114	6.012561	13.761271	-58.825016	-48.543827	0.0	43412981	51162.16220450401
216	-17895.023	-17895.023	-26696.213	-48.610268	5.848855	14.234294	-59.81791	-48.611626	0.0	43613981	51399.281143665314
217	-19549.883	-19549.883	-26568.287	-48.61619	5.6115484	9.682309	-59.970966	-48.61648	0.0	43814981	51631.02198576927
218	-20721.645	-20721.645	-28280.71	-48.69076	5.407165	10.836874	-60.016117	-48.69083	0.0	44015981	51868.300755023956
219	-22273.365	-22273.365	-31718.21	-48.533054	5.987575	17.114813	-57.367092	-48.53331	0.0	44216981	52101.691311597824
220	-22027.375	-22027.375	-28972.312	-48.456097	6.131042	19.643715	-64.15197	-48.45567	0.0	44417981	52332.94626092911
221	-20410.227	-20410.227	-30442.81	-48.495117	6.020359	12.711424	-61.15268	-48.494972	0.0	44618981	52567.703583955765
222	-20761.61	-20761.61	-29911.82	-48.617477	5.6418138	11.930146	-57.827625	-48.61736	0.0	44819981	52801.880422353745
223	-21189.463	-21189.463	-28553.904	-48.605114	5.651715	11.463518	-60.356472	-48.605618	0.0	45020981	53036.59849476814
224	-22249.324	-22249.324	-28065.623	-48.502285	5.956632	13.655821	-57.369854	-48.502045	0.0	45221981	53272.473489284515
225	-21328.87	-21328.87	-29235.602	-48.366665	6.451035	11.586381	-56.12319	-48.3667	0.0	45422981	53508.05287647247
226	-22464.7	-22464.7	-31835.06	-48.303745	6.654754	10.78157	-58.03555	-48.30351	0.0	45623981	53737.36477017403
227	-21755.705	-21755.705	-30574.832	-48.319893	6.666368	9.737409	-59.197437	-48.32074	0.0	45824981	53965.30459332466
228	-21577.27	-21577.27	-30217.963	-48.321777	6.7038183	8.584242	-63.400833	-48.32278	0.0	46025981	54193.317262649536
229	-21598.158	-21598.158	-28296.186	-48.35071	6.595305	12.929949	-62.79998	-48.351368	0.0	46226981	54419.873579740524
230	-20623.627	-20623.627	-28553.957	-48.379005	6.4184628	9.87718	-62.496113	-48.37854	0.0	46427981	54650.565494060516
231	-20088.635	-20088.635	-28072.986	-48.40575	6.164873	7.2531867	-61.203613	-48.405533	0.0	46628981	54879.3721575737
232	-20808.795	-20808.795	-27669.219	-48.286114	6.407242	10.175476	-60.033783	-48.28609	0.0	46829981	55109.66633653641
233	-19558.436	-19558.436	-24633.207	-48.218365	6.484692	8.617014	-58.901165	-48.217888	0.0	47030981	55345.24064230919
234	-19255.45	-19255.45	-29438.805	-48.36414	6.128754	10.160701	-61.465485	-48.363785	0.0	47231981	55582.436218738556
235	-18957.023	-18957.023	-22433.387	-48.55194	5.655815	9.83198	-57.835476	-48.551933	0.0	47432981	55815.17893958092
236	-16665.654	-16665.654	-23714.11	-48.663425	5.2354474	16.987474	-55.31708	-48.6631	0.0	47633981	56047.1098177433
237	-15603.722	-15603.722	-17338.545	-48.979156	4.2156963	3.8232577	-66.74607	-48.978867	0.0	47834981	56277.18316745758
238	-14981.389	-14981.389	-20012.602	-48.962612	4.345019	3.8844872	-58.787777	-48.96157	0.0	48035981	56509.7870426178
239	-14745.909	-14745.909	-17413.523	-48.827732	4.7265735	7.1311197	-59.72634	-48.8263	0.0	48236981	56743.38578605652
240	-13794.356	-13794.356	-16524.525	-48.76062	4.6517544	4.6514726	-59.523838	-48.75921	0.0	48437981	56972.130160331726
241	-14650.11	-14650.11	-18245.084	-48.586945	5.0041294	5.9949617	-59.449577	-48.58524	0.0	48638981	57201.70932340622
242	-15286.535	-15286.535	-17316.717	-48.458187	5.3635716	8.379881	-57.20927	-48.457222	0.0	48839981	57432.372610569
243	-15736.652	-15736.652	-18638.44	-48.51891	5.334385	10.010445	-56.651405	-48.518234	0.0	49040981	57662.24425244331
244	-17212.162	-17212.162	-24922.33	-48.33678	5.846188	12.473069	-58.66812	-48.336075	0.0	49241981	57894.33228516579
245	-17504.898	-17504.898	-23050.723	-48.39837	5.8569655	9.619783	-55.618378	-48.397614	0.0	49442981	58130.752880096436
246	-16137.268	-16137.268	-19991.316	-48.436592	5.796884	15.3254595	-56.215427	-48.43532	0.0	49643981	58370.185183525085
247	-15473.863	-15473.863	-21374.965	-48.524723	5.5895233	15.700501	-56.932487	-48.52382	0.0	49844981	58606.86699676514
248	-15789.48	-15789.48	-20959.432	-48.54651	5.438032	10.993907	-56.13766	-48.54557	0.0	50045981	58841.86826181412
249	-15395.287	-15395.287	-22486.455	-48.51814	5.6455216	10.028832	-57.502136	-48.517387	0.0	50246981	59077.80982494354
250	-17170.812	-17170.812	-24203.852	-48.415516	5.96153	11.514188	-54.886738	-48.414898	0.0	50447981	59311.182701826096
251	-18243.18	-18243.18	-22507.13	-48.4789	5.7690873	12.186052	-56.09844	-48.478218	0.0	50648981	59544.23146486282
252	-18400.307	-18400.307	-24967.262	-48.486286	5.7141232	8.736576	-56.17713	-48.485577	0.0	50849981	59775.929737091064
253	-18366.744	-18366.744	-26524.602	-48.55572	5.394158	9.393161	-57.57175	-48.555336	0.0	51050981	60007.28329372406
254	-18102.676	-18102.676	-25957.201	-48.762012	4.805494	6.110248	-56.116386	-48.7622	0.0	51251981	60241.58520579338
255	-18918.523	-18918.523	-26313.404	-48.89812	4.4718723	4.980822	-58.32919	-48.897923	0.0	51452981	60475.27522444725
256	-17873.275	-17873.275	-22986.914	-48.89849	4.419699	9.078699	-56.036327	-48.898396	0.0	51653981	60712.14562249184
257	-17955.365	-17955.365	-26656.373	-48.98326	4.143303	4.123991	-57.04933	-48.983685	0.0	51854981	60950.02195262909
258	-17956.459	-17956.459	-24346.58	-49.060596	4.035508	2.9526422	-55.34018	-49.06089	0.0	52055981	61189.22648024559
259	-18025.416	-18025.416	-25542.338	-49.049255	4.061519	8.379129	-56.66656	-49.049263	0.0	52256981	61427.84324884415
260	-18013.586	-18013.586	-25865.176	-48.96239	4.3395233	9.022507	-55.06393	-48.962204	0.0	52457981	61665.46379494667
261	-17480.408	-17480.408	-24559.648	-48.810654	4.815204	13.309417	-57.836403	-48.81074	0.0	52658981	61903.4801633358
262	-18603.598	-18603.598	-29253.043	-48.768238	4.962986	13.949687	-56.52303	-48.76818	0.0	52859981	62140.79644703865
263	-19064.918	-19064.918	-25307.992	-48.791473	4.9173083	12.339245	-56.669415	-48.791367	0.0	53060981	62374.17952466011
264	-17761.004	-17761.004	-27317.793	-48.743343	4.998346	10.710993	-58.440514	-48.742855	0.0	53261981	62605.9527554512
265	-18739.133	-18739.133	-27221.943	-48.71577	5.0497684	18.232191	-57.75914	-48.71595	0.0	53462981	62836.605650663376
266	-18781.45	-18781.45	-28168.883	-48.770535	4.906143	11.219306	-57.509773	-48.76997	0.0	53663981	63070.94753408432
267	-18350.596	-18350.596	-27356.586	-48.938362	4.4763317	13.63854	-57.61997	-48.93853	0.0	53864981	63304.18397188187
268	-19048.83	-19048.83	-27687.793	-48.936417	4.514523	11.942074	-55.430935	-48.936108	0.0	54065981	63540.77042388916
269	-19133.553	-19133.553	-26394.695	-48.969677	4.415905	16.512241	-54.763275	-48.96984	0.0	54266981	63776.78332448006
270	-18960.3	-18960.3	-27145.852	-48.97269	4.4300957	11.332142	-55.803158	-48.972477	0.0	54467981	64016.20074415207
271	-18984.568	-18984.568	-26809.12	-49.03609	4.2471933	11.132293	-56.605762	-49.036144	0.0	54668981	64254.27105855942
272	-18816.299	-18816.299	-27607.562	-49.146374	3.8086364	5.162909	-56.76047	-49.145912	0.0	54869981	64492.14618563652
273	-19513.373	-19513.373	-28568.096	-49.04029	4.18511	5.5722523	-59.053246	-49.03956	0.0	55070981	64728.878078222275
274	-19701.805	-19701.805	-28652.742	-49.128956	3.8937128	2.7042527	-56.197647	-49.128586	0.0	55271981	64958.64069032669
275	-19210.852	-19210.852	-26595.336	-49.13732	3.7950497	2.200487	-57.499493	-49.137383	0.0	55472981	65188.763385772705
276	-18399.748	-18399.748	-25080.936	-49.240658	3.4495273	3.939131	-56.841385	-49.240673	0.0	55673981	65419.76261925697
277	-18355.932	-18355.932	-27567.52	-49.112717	3.814469	4.2810717	-59.015335	-49.112457	0.0	55874981	65652.25652170181
278	-19241.873	-19241.873	-26767.725	-48.95412	4.3609924	8.593375	-54.935062	-48.954433	0.0	56075981	65887.28593015671
279	-18643.918	-18643.918	-25644.664	-48.867485	4.6524673	6.3050346	-54.202908	-48.86711	0.0	56276981	66123.0542075634
280	-18549.252	-18549.252	-26182.707	-48.74081	5.06134	6.0978975	-54.702515	-48.741127	0.0	56477981	66362.0884001255
281	-18595.77	-18595.77	-26256.28	-48.702076	5.278746	6.4021845	-56.342957	-48.700905	0.0	56678981	66601.89312028885
282	-18632.297	-18632.297	-23908.617	-48.712006	5.31054	6.816348	-58.765938	-48.71181	0.0	56879981	66839.74622035027
283	-17291.615	-17291.615	-24598.52	-48.75033	5.170011	6.466414	-64.3932	-48.748863	0.0	57080981	67078.54769134521
284	-17793.975	-17793.975	-23789.71	-48.706	5.2559342	6.403245	-56.807293	-48.70443	0.0	57281981	67316.81457400322
285	-17820.992	-17820.992	-25307.426	-48.714462	5.260304	6.8400183	-58.556953	-48.713387	0.0	57482981	67555.91181325912
286	-18032.898	-18032.898	-24212.139	-48.695057	5.3428392	6.5466805	-54.497013	-48.694023	0.0	57683981	67795.3870818615
287	-17279.85	-17279.85	-22313.96	-48.692547	5.395998	6.3422394	-54.58324	-48.690975	0.0	57884981	68034.99189019203
288	-16268.246	-16268.246	-23470.299	-48.773926	5.1618824	6.5409927	-59.091866	-48.77337	0.0	58085981	68274.25241351128
289	-15534.745	-15534.745	-21943.727	-48.69902	5.357998	7.6461854	-59.013924	-48.697662	0.0	58286981	68514.4357213974
290	-15704.115	-15704.115	-21150.426	-48.63121	5.556376	9.522475	-58.30932	-48.6307	0.0	58487981	68756.11818122864
291	-15828.666	-15828.666	-22696.33	-48.573433	5.7274227	8.824144	-55.406357	-48.57304	0.0	58688981	68995.55850982666
292	-16027.799	-16027.799	-22684.982	-48.47064	6.0036383	12.650514	-57.191036	-48.46985	0.0	58889981	69235.65529084206
293	-16189.1875	-16189.1875	-23660.545	-48.391064	6.2632647	11.043214	-55.67488	-48.390022	0.0	59090981	69475.77239179611
294	-17226.98	-17226.98	-23387.33	-48.398884	6.2088737	5.5096617	-59.767826	-48.397984	0.0	59291981	69713.36795425415
295	-17358.072	-17358.072	-26035.955	-48.45203	6.025483	10.41821	-56.34823	-48.45066	0.0	59492981	69947.20226812363
296	-17239.846	-17239.846	-25852.938	-48.57506	5.570834	2.5202806	-58.68203	-48.57347	0.0	59693981	70188.33638167381
297	-16789.705	-16789.705	-24252.29	-48.574673	5.574292	2.2010102	-57.08874	-48.573624	0.0	59894981	70432.17008781433
298	-16157.255	-16157.255	-22782.799	-48.519756	5.6898527	2.6038415	-57.198673	-48.517834	0.0	60095981	70673.33076524734
299	-16325.777	-16325.777	-23605.564	-48.62157	5.3716273	4.4224167	-64.45092	-48.620945	0.0	60296981	70917.32600998878
