Epoch	EpRet	EpRealRet	TestEpRet	AverageQ1	StdQ1	MaxQ1	MinQ1	Q2	TestSuccess	TotalEnvInteracts	TotalTime
0	-122.77963	-122.77963	-25.003181	-42.062813	12.317268	-0.086160064	-73.10061	-42.064274	0.0	196981	87.06207323074341
1	-122.523544	-122.523544	-1.9946173	-49.92868	0.4622502	-36.243687	-56.07547	-49.928673	0.0	397982	174.59408617019653
2	-110.7566	-110.7566	0.0	-49.962082	0.3697362	-44.869057	-61.383446	-49.96221	0.0	598981	262.8779993057251
3	-112.37716	-112.37716	-20.09937	-49.976707	0.30807868	-43.981804	-55.686035	-49.97673	0.0	799983	349.9967486858368
4	-125.29202	-125.29202	-41.807907	-49.981796	0.2970636	-38.03172	-62.678326	-49.98188	0.0	1000986	436.6148850917816
5	-122.00728	-122.00728	0.0	-49.98261	0.26318598	-44.91579	-53.238705	-49.982548	0.0	1201982	523.5324862003326
6	-111.17766	-111.17766	-16.836592	-49.979774	0.28716797	-45.204212	-55.46067	-49.97988	0.0	1402981	610.8498642444611
7	-119.56237	-119.56237	-16.498323	-49.981182	0.2828386	-45.090687	-59.973267	-49.98103	0.0	1603981	696.8202056884766
8	-120.29321	-120.29321	-16.766153	-49.987576	0.2424893	-42.574	-58.72178	-49.98756	0.0	1804983	784.5374660491943
9	-120.23664	-120.23664	-14.644608	-49.98902	0.21799846	-45.545338	-52.66568	-49.98904	0.0	2005981	872.654287815094
10	-117.658424	-117.658424	-12.192236	-49.989784	0.19954394	-46.59973	-52.417343	-49.989704	0.0	2206982	960.6562778949738
11	-117.43279	-117.43279	-10.952533	-49.9893	0.20680343	-44.11884	-53.602867	-49.989357	0.0	2407981	1047.956918001175
12	-117.09203	-117.09203	-5.3844676	-49.989986	0.20091444	-45.232906	-55.220783	-49.99	0.0	2608982	1135.3584411144257
13	-116.10655	-116.10655	-24.610943	-49.990578	0.19648694	-45.147793	-55.28044	-49.990536	0.0	2809985	1222.3264892101288
14	-117.71109	-117.71109	-69.88458	-49.990074	0.20909773	-44.025234	-52.962643	-49.99005	0.0	3010981	1309.19415807724
15	-119.90831	-119.90831	-18.456442	-49.991627	0.21195565	-40.823532	-56.459618	-49.991634	0.0	3211984	1397.162441253662
16	-131.6407	-131.6407	-21.239399	-49.992237	0.20020936	-43.174835	-55.83401	-49.992203	0.0	3412983	1485.3969902992249
17	-124.02419	-124.02419	-79.125656	-49.991207	0.19698223	-43.224327	-56.800453	-49.991158	0.0	3613982	1573.0317358970642
18	-124.88626	-124.88626	-32.55215	-49.991	0.20274018	-43.679565	-54.041855	-49.991	0.0	3814981	1660.7171366214752
19	-112.981384	-112.981384	-29.460705	-49.992092	0.19395465	-45.237953	-53.673214	-49.992054	0.0	4015981	1746.2348418235779
20	-123.03968	-123.03968	-25.378965	-49.99112	0.19774379	-44.93603	-52.53166	-49.991146	0.0	4216982	1834.5192182064056
21	-126.12576	-126.12576	-24.512306	-49.98982	0.2229565	-44.65444	-54.36674	-49.989742	0.0	4417981	1921.2195513248444
22	-116.42642	-116.42642	-19.086802	-49.98843	0.22564982	-43.728184	-52.445004	-49.988415	0.0	4618981	2008.8547966480255
23	-120.87552	-120.87552	-25.55047	-49.986588	0.26961574	-41.77238	-54.41174	-49.986565	0.0	4819982	2097.441293001175
24	-114.2033	-114.2033	-36.54185	-49.98652	0.28245434	-41.50049	-51.56462	-49.986485	0.0	5020982	2185.2072541713715
25	-112.52675	-112.52675	-8.683218	-49.987236	0.28519818	-41.536636	-52.551804	-49.98725	0.0	5221983	2272.92449593544
26	-115.37414	-115.37414	-16.811893	-49.9878	0.27589408	-41.652332	-51.668766	-49.987762	0.0	5422982	2361.0764722824097
27	-114.436165	-114.436165	-29.424425	-49.9863	0.28990537	-41.164665	-52.927135	-49.986237	0.0	5623981	2448.9137785434723
28	-116.619415	-116.619415	-27.915617	-49.986767	0.2732555	-41.31528	-51.768745	-49.98676	0.0	5824983	2536.9634730815887
29	-114.42613	-114.42613	-23.56079	-49.986027	0.27015	-42.056377	-51.77701	-49.98603	0.0	6025981	2623.9132976531982
30	-115.822586	-115.822586	-12.382867	-49.988636	0.22803858	-43.15654	-53.10755	-49.988544	0.0	6226983	2711.5304708480835
31	-117.81647	-117.81647	-25.953075	-49.99032	0.2064474	-43.897	-54.46666	-49.990307	0.0	6427982	2799.46613240242
32	-119.44977	-119.44977	-20.000933	-49.988686	0.2368942	-43.761127	-65.59167	-49.988857	0.0	6628982	2887.651042699814
33	-124.186806	-124.186806	-15.575698	-49.98657	0.25932497	-39.61689	-54.539906	-49.986458	0.0	6829981	2975.736170768738
34	-122.224754	-122.224754	-10.936805	-49.981792	0.335282	-36.936436	-52.797882	-49.98182	0.0	7030981	3063.753180742264
35	-116.704346	-116.704346	-24.255127	-49.981182	0.3435839	-36.927647	-53.572105	-49.981197	0.0	7231983	3151.48744392395
36	-119.8607	-119.8607	-21.327139	-49.981842	0.34312338	-36.49386	-52.963722	-49.98182	0.0	7432981	3239.407374382019
37	-116.16712	-116.16712	-33.601974	-49.982723	0.33007085	-36.56091	-51.485287	-49.98275	0.0	7633982	3327.5401413440704
38	-120.05506	-120.05506	-18.199873	-49.983273	0.32098585	-36.796574	-51.941853	-49.983276	0.0	7834981	3415.924629211426
39	-121.884834	-121.884834	-27.24813	-49.98451	0.31222975	-36.951317	-52.82982	-49.98454	0.0	8035981	3504.2753365039825
40	-129.69539	-129.69539	-6.7782774	-49.98427	0.3098907	-36.779675	-52.28294	-49.9842	0.0	8236981	3592.5435857772827
41	-114.1302	-114.1302	-75.39959	-49.98401	0.3135116	-36.642242	-52.298992	-49.984066	0.0	8437981	3679.829249382019
42	-121.53562	-121.53562	-30.47417	-49.98397	0.3180831	-36.683342	-51.724426	-49.983974	0.0	8638982	3765.746983528137
43	-124.74912	-124.74912	-48.575672	-49.981705	0.3406925	-36.584393	-52.494854	-49.98161	0.0	8839981	3851.983384370804
44	-128.35365	-128.35365	-11.47585	-49.980694	0.351058	-36.465527	-51.58712	-49.980732	0.0	9040981	3939.617355823517
45	-120.53257	-120.53257	-10.668899	-49.98108	0.34239092	-36.287388	-51.372856	-49.98108	0.0	9241983	4026.400563955307
46	-120.64519	-120.64519	-23.18194	-49.980824	0.3354284	-36.125595	-60.281933	-49.98085	0.0	9442981	4114.617798566818
47	-125.3165	-125.3165	-13.491073	-49.98072	0.33480483	-36.008396	-52.36972	-49.98065	0.0	9643982	4202.103759050369
48	-121.950264	-121.950264	-29.788923	-49.980656	0.32965854	-36.054203	-58.222458	-49.980694	0.0	9844982	4288.471029043198
49	-112.10675	-112.10675	-4.112987	-49.98079	0.32656556	-36.14351	-52.228916	-49.980755	0.0	10045986	4377.005158662796
50	-120.655	-120.655	-28.370045	-49.981113	0.31622785	-36.29602	-52.122025	-49.98111	0.0	10246981	4465.107474327087
51	-115.472435	-115.472435	-15.157239	-49.9814	0.32486758	-36.08601	-51.28862	-49.981342	0.0	10447982	4552.675212144852
52	-125.049065	-125.049065	-16.846287	-49.981342	0.3284213	-36.08713	-55.100536	-49.98134	0.0	10648984	4640.310089826584
53	-120.88282	-120.88282	-4.243418	-49.9807	0.33158255	-36.00592	-51.41418	-49.98068	0.0	10849984	4728.294306278229
54	-121.55737	-121.55737	-24.279713	-49.98139	0.31664515	-36.92174	-51.42495	-49.981426	0.0	11050981	4815.829441308975
55	-126.382454	-126.382454	-5.795983	-49.98112	0.31513304	-37.58048	-51.99943	-49.981144	0.0	11251981	4903.146132707596
56	-117.133125	-117.133125	-13.031228	-49.981094	0.31616583	-37.938354	-56.735268	-49.98107	0.0	11452981	4990.046847343445
57	-116.76297	-116.76297	-29.581335	-49.980698	0.3131419	-38.40833	-51.85882	-49.98069	0.0	11653985	5078.0985515117645
58	-115.13066	-115.13066	-32.661076	-49.98135	0.30343485	-38.241737	-51.411266	-49.98139	0.0	11854982	5165.984536886215
59	-116.87821	-116.87821	-7.006126	-49.979492	0.3107964	-38.002995	-51.473423	-49.979546	0.0	12055982	5251.901254415512
60	-114.535736	-114.535736	-13.972769	-49.979477	0.31037518	-37.22752	-51.801975	-49.979355	0.0	12256981	5338.77148604393
61	-116.14963	-116.14963	-20.052471	-49.980244	0.30865663	-37.269814	-51.02874	-49.98032	0.0	12457981	5426.104804992676
62	-130.56404	-130.56404	-29.351381	-49.979122	0.31305915	-37.26195	-50.96373	-49.979095	0.0	12658984	5514.70512676239
63	-118.17345	-118.17345	-41.402157	-49.978638	0.3230956	-37.133034	-56.109554	-49.978645	0.0	12859981	5602.741459608078
64	-115.38092	-115.38092	-12.536181	-49.97955	0.31178585	-37.04326	-52.28034	-49.979595	0.0	13060981	5691.275527477264
65	-115.48292	-115.48292	-12.067491	-49.979637	0.31067514	-36.90934	-52.980568	-49.9796	0.0	13261983	5778.893226385117
66	-118.29242	-118.29242	-43.519875	-49.978592	0.32986203	-36.966717	-51.760677	-49.978615	0.0	13462981	5867.360338449478
67	-120.02579	-120.02579	-24.30082	-49.975555	0.35326687	-36.851105	-54.1308	-49.975525	0.0	13663982	5955.379242897034
68	-129.33044	-129.33044	-34.992886	-49.976612	0.34182277	-36.807125	-52.74075	-49.976574	0.0	13864988	6042.5333659648895
69	-123.57257	-123.57257	-27.454388	-49.976055	0.34535518	-37.162247	-51.249405	-49.97609	0.0	14065990	6128.901929140091
70	-118.99893	-118.99893	-13.300647	-49.976437	0.3416484	-37.219124	-52.53395	-49.976437	0.0	14266983	6216.966693639755
71	-117.61111	-117.61111	-10.47494	-49.974052	0.36943996	-36.93551	-53.17618	-49.974056	0.0	14467981	6304.45060133934
72	-122.69215	-122.69215	-24.90655	-49.97382	0.36394608	-37.13652	-52.323093	-49.973785	0.0	14668982	6391.369810819626
73	-122.95536	-122.95536	-9.57911	-49.97268	0.3698634	-36.98745	-51.511906	-49.97269	0.0	14869985	6479.503486633301
74	-112.7525	-112.7525	-9.458711	-49.970455	0.39056286	-36.84836	-51.944237	-49.970425	0.0	15070984	6567.004604816437
75	-121.135056	-121.135056	-7.9526134	-49.96799	0.39556763	-37.01218	-51.035973	-49.967983	0.0	15271986	6654.972468614578
76	-128.03265	-128.03265	-17.666868	-49.96925	0.39784324	-36.80707	-50.91921	-49.96921	0.0	15472982	6740.707723140717
77	-117.84487	-117.84487	-38.94876	-49.967117	0.41018024	-36.818314	-51.967827	-49.967148	0.0	15673982	6828.308647155762
78	-120.6861	-120.6861	-5.304895	-49.967575	0.40785262	-36.781185	-65.44131	-49.967625	0.0	15874982	6915.960004329681
79	-111.46028	-111.46028	-30.134394	-49.966713	0.4176068	-36.497295	-54.817905	-49.96668	0.0	16075985	7003.664345979691
80	-120.87027	-120.87027	-23.311817	-49.96554	0.42543602	-36.429398	-51.379032	-49.965557	0.0	16276981	7090.24596619606
81	-116.33422	-116.33422	-7.14447	-49.961086	0.44875637	-36.42771	-59.09996	-49.96108	0.0	16477981	7178.480465888977
82	-133.54198	-133.54198	-26.874077	-49.9595	0.46035624	-36.319035	-51.550415	-49.95947	0.0	16678985	7266.265267133713
83	-124.91375	-124.91375	-20.74026	-49.958107	0.46911898	-36.513775	-52.28689	-49.958103	0.0	16879982	7354.51704120636
84	-113.697754	-113.697754	-34.47877	-49.958035	0.47255716	-36.56154	-52.243477	-49.95798	0.0	17080981	7442.518330574036
85	-127.33471	-127.33471	-7.181413	-49.95738	0.47145084	-36.508232	-51.24943	-49.95735	0.0	17281982	7530.535608530045
86	-116.08988	-116.08988	-30.938452	-49.957016	0.4665773	-36.923225	-51.504307	-49.95706	0.0	17482982	7618.254532337189
87	-123.18992	-123.18992	-12.342065	-49.954025	0.4873776	-36.975445	-51.064323	-49.954025	0.0	17683981	7706.122289180756
88	-124.84582	-124.84582	-13.308459	-49.952835	0.49682042	-36.783398	-51.515812	-49.952827	0.0	17884984	7794.139570713043
89	-124.23099	-124.23099	-7.5571227	-49.951733	0.50801194	-36.74526	-51.613594	-49.951767	0.0	18085981	7882.274306297302
90	-120.85162	-120.85162	-21.819944	-49.951035	0.5050063	-36.201843	-51.354633	-49.950954	0.0	18286983	7967.409819841385
91	-125.736046	-125.736046	-38.834442	-49.946465	0.53431064	-35.014412	-51.466335	-49.94644	0.0	18487984	8055.427442550659
92	-122.78579	-122.78579	-11.61315	-49.94561	0.5403978	-33.804405	-51.25564	-49.945564	0.0	18688984	8143.34533905983
93	-122.03215	-122.03215	-40.037334	-49.942116	0.5714211	-34.027267	-51.025093	-49.94213	0.0	18889981	8231.198852300644
94	-121.09496	-121.09496	-19.526361	-49.93757	0.60872906	-33.616	-54.827377	-49.937515	0.0	19090982	8317.999018907547
95	-126.446434	-126.446434	-14.513073	-49.93749	0.59996927	-33.98162	-51.142696	-49.937485	0.0	19291981	8405.416103601456
96	-123.32076	-123.32076	-34.093735	-49.936527	0.59616613	-36.854977	-51.91696	-49.936466	0.0	19492981	8491.918042421341
97	-124.9901	-124.9901	-12.471502	-49.933155	0.61120856	-36.598507	-51.74766	-49.933083	0.0	19693983	8579.250921964645
98	-109.860214	-109.860214	-38.281517	-49.933434	0.61386716	-35.998516	-50.946575	-49.933346	0.0	19894982	8666.287199735641
99	-127.1483	-127.1483	-14.975604	-49.932304	0.61236537	-37.122272	-51.03815	-49.93229	0.0	20095985	8754.35600233078
100	-133.3027	-133.3027	-28.020714	-49.930458	0.62338996	-37.394485	-53.42255	-49.930447	0.0	20296983	8841.639015436172
101	-132.96127	-132.96127	-34.977043	-49.923206	0.6477908	-37.663544	-53.717255	-49.923153	0.0	20497984	8929.855830669403
102	-126.78571	-126.78571	-7.975116	-49.91731	0.6768557	-35.9006	-51.829056	-49.917133	0.0	20698984	9017.375248670578
103	-124.47378	-124.47378	-20.136929	-49.899986	0.80667603	-14.241525	-51.293015	-49.899944	0.0	20899981	9105.543641090393
104	-114.34668	-114.34668	-9.265053	-49.881985	0.98139375	-2.9696946	-51.21189	-49.881886	0.0	21100981	9193.678876161575
105	-117.037994	-117.037994	-38.83462	-49.83438	1.3081496	5.7947936	-51.833206	-49.83428	0.0	21301981	9281.150243520737
106	-125.5658	-125.5658	-45.50164	-49.831234	1.3525968	6.4989285	-51.5619	-49.83103	0.0	21502981	9366.830963611603
107	-129.6748	-129.6748	-39.00571	-49.87949	1.1212605	5.8237967	-51.56349	-49.87935	0.0	21703982	9454.183526277542
108	-132.25946	-132.25946	-51.28086	-49.873917	1.1620116	8.099741	-51.97684	-49.87387	0.0	21904986	9542.29822063446
109	-127.63752	-127.63752	-27.366705	-49.885452	1.0953606	8.940099	-51.99698	-49.885326	0.1	22105983	9628.61823606491
110	-132.7481	-132.7481	-27.741228	-49.88547	1.1335446	8.6631365	-51.603107	-49.88544	0.0	22306985	9717.121873617172
111	-122.99383	-122.99383	-63.6483	-49.882847	1.1129735	7.544675	-53.522842	-49.882748	0.0	22507982	9805.337844848633
112	-119.33764	-119.33764	-47.32628	-49.880283	1.091948	10.267779	-52.76782	-49.880295	0.0	22708984	9892.822493553162
113	-122.37134	-122.37134	-50.075634	-49.877495	1.1286587	7.3143477	-52.075134	-49.877464	0.1	22909983	9980.872643947601
114	-133.14134	-133.14134	-49.102795	-49.8713	1.159571	9.988325	-51.789642	-49.87129	0.0	23110981	10068.843373298645
115	-129.64775	-129.64775	-30.54333	-49.877457	1.0862832	7.0371575	-51.69884	-49.877316	0.1	23311982	10156.896919488907
116	-129.00229	-129.00229	-40.397232	-49.868603	1.0692568	9.701756	-51.91027	-49.868626	0.2	23512986	10244.81301021576
117	-126.685616	-126.685616	-10.964303	-49.856144	1.1468959	5.890015	-51.734257	-49.856018	0.0	23713981	10331.65995812416
118	-119.80255	-119.80255	-38.081863	-49.84738	1.1920412	12.072257	-52.463516	-49.84744	0.0	23914981	10419.684626579285
119	-116.599434	-116.599434	-43.043655	-49.839306	1.2940311	11.996969	-52.8052	-49.839397	0.1	24115983	10507.366104602814
120	-127.49711	-127.49711	-7.096744	-49.83889	1.3476738	9.691177	-52.722565	-49.839077	0.3	24316987	10594.815179109573
121	-127.99436	-127.99436	-19.688028	-49.824688	1.3944961	7.9355855	-52.57747	-49.824917	0.1	24517983	10681.832563638687
122	-124.591156	-124.591156	-17.519619	-49.810917	1.4309883	9.083869	-55.447113	-49.81116	0.0	24718983	10768.785081863403
123	-117.67861	-117.67861	-8.380601	-49.807724	1.5267023	10.254834	-54.22811	-49.807827	0.1	24919986	10855.401933193207
124	-120.35882	-120.35882	-22.457853	-49.80833	1.5301539	14.613433	-53.493603	-49.808563	0.1	25120991	10942.968999147415
125	-125.71836	-125.71836	-57.19374	-49.80569	1.6039205	13.896718	-55.03612	-49.806	0.0	25321990	11030.608049869537
126	-126.22707	-126.22707	-4.117588	-49.801495	1.6042656	13.467056	-55.02866	-49.80181	0.2	25522983	11117.073385000229
127	-126.29585	-126.29585	-20.696402	-49.801094	1.6038929	10.943176	-54.278637	-49.80133	0.1	25723983	11205.040944814682
128	-128.40108	-128.40108	-30.794495	-49.787888	1.6707517	11.163079	-53.13141	-49.788105	0.2	25924983	11290.997074604034
129	-128.24782	-128.24782	-15.519964	-49.761005	1.779028	16.397211	-53.517536	-49.761303	0.0	26125982	11377.78109574318
130	-130.19536	-130.19536	-29.814728	-49.733524	1.8630033	10.712332	-54.383545	-49.73383	0.0	26326982	11464.96422123909
131	-124.267845	-124.267845	-26.254131	-49.718685	1.9345106	10.023641	-57.994183	-49.719013	0.0	26527984	11552.030050992966
132	-122.88226	-122.88226	-29.754274	-49.701527	1.9102396	11.141508	-54.988384	-49.701675	0.0	26728982	11640.346778869629
133	-127.964676	-127.964676	-40.048985	-49.649868	2.1155388	14.800127	-55.698696	-49.650005	0.0	26929984	11728.24723982811
134	-133.28497	-133.28497	-14.122668	-49.629353	2.1196418	14.190701	-54.86296	-49.629433	0.0	27130984	11816.51755452156
135	-124.14609	-124.14609	-43.889275	-49.60126	2.2320688	8.092638	-54.933167	-49.6012	0.0	27331982	11904.085550785065
136	-120.93129	-120.93129	-26.118818	-49.580097	2.3371482	11.260553	-56.720448	-49.58034	0.1	27532989	11992.389732599258
137	-132.13222	-132.13222	-33.515816	-49.56501	2.393242	16.147148	-55.50213	-49.564934	0.0	27733984	12080.186178922653
138	-119.9019	-119.9019	-18.897097	-49.5626	2.423171	6.574725	-56.683163	-49.562725	0.0	27934985	12168.73898434639
139	-132.08804	-132.08804	-46.64304	-49.551693	2.4907608	10.081351	-55.649345	-49.55178	0.0	28135985	12255.40659570694
140	-107.29326	-107.29326	-16.66032	-49.553993	2.5363545	8.197966	-61.27941	-49.554474	0.1	28336985	12342.458214044571
141	-118.22763	-118.22763	-10.812066	-49.52676	2.5247269	11.208351	-58.319675	-49.527267	0.1	28537981	12429.510689973831
142	-123.05402	-123.05402	-21.107252	-49.477486	2.669773	11.94224	-57.049862	-49.478256	0.2	28738982	12516.231211423874
143	-126.201935	-126.201935	-29.191065	-49.475323	2.6842303	13.141711	-58.77727	-49.475594	0.0	28939986	12604.461490631104
144	-132.8722	-132.8722	-27.605644	-49.498703	2.6524916	11.125063	-58.014957	-49.498695	0.0	29140981	12693.2786257267
145	-132.14244	-132.14244	-6.687628	-49.53831	2.6326478	10.606672	-57.499912	-49.53828	0.1	29341985	12781.498155117035
146	-126.6705	-126.6705	-34.970333	-49.57008	2.5604427	17.984627	-60.999767	-49.569912	0.2	29542983	12868.415052890778
147	-117.56211	-117.56211	-12.221101	-49.600193	2.477725	14.32803	-56.637287	-49.599827	0.0	29743982	12951.983762264252
148	-131.16418	-131.16418	-14.02945	-49.605587	2.49433	12.993696	-58.095936	-49.605366	0.2	29944985	13040.71926021576
149	-115.25659	-115.25659	-18.266628	-49.606663	2.5006065	11.044246	-60.740555	-49.60617	0.1	30145983	13129.087286949158
150	-132.22862	-132.22862	-21.009996	-49.57505	2.6623976	16.315592	-62.82679	-49.574757	0.0	30346985	13216.786476612091
151	-126.16521	-126.16521	-25.892076	-49.576656	2.6790156	11.498623	-58.39336	-49.576496	0.2	30547981	13304.67211818695
152	-126.10819	-126.10819	-11.2646475	-49.58386	2.6662533	13.251166	-57.798065	-49.583717	0.1	30748982	13391.07747554779
153	-151.72607	-151.72607	-26.255806	-49.60227	2.601909	14.095536	-58.094997	-49.60212	0.2	30949985	13479.042470693588
154	-117.56204	-117.56204	-7.4213576	-49.60078	2.6114955	17.272882	-60.528057	-49.60064	0.2	31150987	13567.228243112564
155	-123.41402	-123.41402	-13.327042	-49.60384	2.5981452	12.73797	-59.42371	-49.60334	0.1	31351982	13655.46117758751
156	-123.73224	-123.73224	-8.144876	-49.616398	2.540324	10.540569	-56.866158	-49.615917	0.0	31552982	13740.462018013
157	-136.99011	-136.99011	-15.02666	-49.61583	2.58028	15.63085	-59.003742	-49.6156	0.1	31753987	13827.016786813736
158	-125.85017	-125.85017	-4.609317	-49.6124	2.6101458	13.493753	-57.484756	-49.61236	0.2	31954984	13911.948883771896
159	-118.21561	-118.21561	-9.669289	-49.618332	2.581298	11.351976	-58.11118	-49.61819	0.1	32155982	14000.050941467285
160	-138.55457	-138.55457	-29.771381	-49.61197	2.6013544	13.331061	-57.75863	-49.611694	0.1	32356984	14088.46619606018
161	-138.88702	-138.88702	-9.404778	-49.617764	2.5864687	9.569996	-57.76078	-49.61754	0.1	32557982	14175.485118865967
162	-128.62627	-128.62627	4.033595	-49.609562	2.6233668	14.412579	-56.410027	-49.609238	0.2	32758985	14263.437145709991
163	-140.67189	-140.67189	-20.12367	-49.616917	2.583128	13.761287	-57.5822	-49.616673	0.1	32959981	14350.873018980026
164	-125.547966	-125.547966	-7.6575804	-49.604244	2.6247408	11.329292	-60.977345	-49.60424	0.1	33160986	14438.821700811386
165	-132.39821	-132.39821	-6.8922048	-49.61074	2.5935602	15.668213	-57.980152	-49.610485	0.2	33361983	14527.490968942642
166	-137.90697	-137.90697	-12.279392	-49.59776	2.654046	11.604903	-57.99161	-49.597637	0.2	33562985	14614.662318944931
167	-115.31693	-115.31693	-5.379131	-49.609684	2.6015224	15.201001	-58.906227	-49.609543	0.3	33763982	14701.426085472107
168	-121.560104	-121.560104	-20.120028	-49.60473	2.6526518	12.568977	-60.32093	-49.604618	0.4	33964982	14788.362190246582
169	-135.77277	-135.77277	-4.507134	-49.60267	2.6198843	11.891655	-58.671654	-49.60238	0.2	34165981	14874.962198495865
170	-111.45499	-111.45499	-2.2499938	-49.593307	2.673047	15.176161	-57.74251	-49.593098	0.2	34366982	14961.75031208992
171	-123.63374	-123.63374	-8.413482	-49.574043	2.7397091	20.382086	-59.997536	-49.57369	0.0	34567981	15049.665132522583
172	-131.42175	-131.42175	-16.186625	-49.58223	2.6487293	15.010042	-62.127193	-49.581993	0.2	34768986	15136.838740587234
173	-119.371864	-119.371864	-4.41724	-49.577824	2.6906202	11.414482	-60.105568	-49.577824	0.5	34969984	15224.451295614243
174	-112.52042	-112.52042	1.9321643	-49.553898	2.7748704	17.30791	-57.63873	-49.55409	0.0	35170982	15311.220012426376
175	-123.8113	-123.8113	-9.559729	-49.546562	2.7724073	11.560655	-59.33173	-49.546238	0.3	35371983	15399.189108371735
176	-118.91875	-118.91875	-5.927843	-49.536533	2.781538	14.268708	-57.75238	-49.53614	0.0	35572986	15487.30488562584
177	-125.01384	-125.01384	1.9914279	-49.52739	2.8217247	11.174595	-65.96651	-49.52721	0.2	35773986	15575.622828006744
178	-126.59925	-126.59925	-3.4187498	-49.506405	2.9014552	11.756125	-60.492058	-49.506447	0.2	35974981	15662.941477298737
179	-129.18916	-129.18916	-2.4857385	-49.51085	2.8557816	11.158597	-59.010338	-49.510487	0.0	36175984	15751.12684249878
180	-127.69775	-127.69775	-4.783815	-49.499283	2.88515	13.7071295	-58.333908	-49.499214	0.0	36376982	15838.27705526352
181	-120.50892	-120.50892	6.4154053	-49.50009	2.9208753	15.311888	-60.01187	-49.499844	0.3	36577984	15922.81162905693
182	-121.10886	-121.10886	-3.4569144	-49.497734	2.9293883	16.716196	-62.026043	-49.497562	0.1	36778982	16011.217637062073
183	-120.97712	-120.97712	-7.2323165	-49.50665	2.918655	18.13086	-66.65648	-49.506382	0.2	36979983	16099.513692855835
184	-124.06999	-124.06999	-1.1183082	-49.51228	2.9415705	22.234642	-56.97758	-49.51219	0.2	37180982	16185.59877705574
185	-129.05495	-129.05495	-7.5351105	-49.50577	2.9212873	17.874487	-58.661823	-49.505566	0.0	37381990	16272.500444889069
186	-119.23962	-119.23962	2.3050206	-49.50453	2.9654784	18.762943	-59.26762	-49.50445	0.2	37582982	16360.11824464798
187	-125.32613	-125.32613	-6.416812	-49.512207	2.9243498	15.988951	-58.520557	-49.51234	0.1	37783983	16446.86902475357
188	-129.04128	-129.04128	2.8451393	-49.499767	2.9718153	12.865197	-64.738434	-49.499752	0.1	37984982	16533.271125793457
189	-124.00559	-124.00559	-10.976266	-49.500397	2.9433517	12.550486	-57.36776	-49.500263	0.2	38185981	16621.30742573738
190	-108.50885	-108.50885	-1.7427204	-49.48149	2.9935436	15.2955	-58.69264	-49.48124	0.2	38386983	16708.656235218048
191	-118.05688	-118.05688	-12.95325	-49.45644	3.0753844	13.582206	-57.365223	-49.45658	0.2	38587981	16797.276708602905
192	-119.34131	-119.34131	2.8602827	-49.459373	3.0486128	13.489024	-58.881367	-49.459328	0.2	38788985	16885.709265708923
193	-104.31776	-104.31776	-12.508854	-49.441833	3.11286	13.835786	-58.67909	-49.441757	0.1	38989982	16972.94357585907
194	-127.83931	-127.83931	-5.802185	-49.437355	3.1296403	13.805259	-57.852993	-49.437313	0.3	39190982	17061.24514913559
195	-125.88781	-125.88781	1.1516986	-49.429283	3.1450365	15.886454	-58.905205	-49.42908	0.0	39391984	17149.64820098877
196	-115.78799	-115.78799	2.4384727	-49.446957	3.0939312	11.9266	-58.70757	-49.446777	0.3	39592984	17237.815212726593
197	-121.704666	-121.704666	1.0544325	-49.45627	3.0473843	10.876601	-57.495792	-49.455936	0.3	39793982	17325.866378307343
198	-132.74275	-132.74275	-10.739785	-49.44685	3.0832257	19.794178	-60.218254	-49.446846	0.2	39994989	17413.701214313507
199	-118.76772	-118.76772	-1.3475862	-49.44871	3.1017537	11.189784	-56.96954	-49.44884	0.3	40195982	17501.61871790886
200	-121.98909	-121.98909	-4.2164483	-49.44502	3.1127741	12.632138	-58.651062	-49.44489	0.1	40396985	17589.903788089752
201	-109.79109	-109.79109	-26.444115	-49.423527	3.1701536	13.352799	-60.461277	-49.423668	0.4	40597982	17678.420644521713
202	-128.74672	-128.74672	4.310431	-49.430676	3.1347415	13.708229	-59.194645	-49.430588	0.1	40798984	17766.472769975662
203	-116.17404	-116.17404	2.0210073	-49.41613	3.213855	11.020441	-56.588318	-49.416134	0.2	40999982	17853.190625429153
204	-122.76991	-122.76991	0.5088149	-49.42202	3.158047	13.913942	-58.680283	-49.42206	0.1	41200987	17940.425132513046
205	-121.324486	-121.324486	6.1858473	-49.421375	3.1802	17.252483	-58.130547	-49.42137	0.4	41401982	18027.675915956497
206	-114.37579	-114.37579	-0.17037073	-49.422848	3.1815205	13.356444	-57.4711	-49.422836	0.3	41602985	18115.94462442398
207	-110.8842	-110.8842	0.46599323	-49.398624	3.2668912	15.498192	-57.66114	-49.39867	0.1	41803982	18200.328989505768
208	-124.255035	-124.255035	-4.4698453	-49.416786	3.22743	20.786224	-58.916023	-49.41697	0.4	42004986	18287.04755091667
209	-138.73	-138.73	3.086538	-49.422073	3.2549422	12.027398	-58.839485	-49.421883	0.2	42205981	18374.281503677368
210	-137.82481	-137.82481	3.7718194	-49.424614	3.2320342	14.100683	-57.437046	-49.42484	0.3	42406982	18461.165140867233
211	-126.433586	-126.433586	-7.3077774	-49.422348	3.2944713	18.12097	-60.00558	-49.42204	0.1	42607982	18548.217228412628
212	-124.80327	-124.80327	7.86112	-49.4179	3.2643118	10.578762	-58.066315	-49.418465	0.4	42808983	18636.568562984467
213	-129.27353	-129.27353	3.3955512	-49.433434	3.236367	10.735447	-58.751957	-49.433365	0.3	43009981	18724.96975493431
214	-115.24809	-115.24809	-7.238928	-49.418694	3.3241065	18.38694	-58.80524	-49.41868	0.4	43210981	18811.73808312416
215	-121.18378	-121.18378	6.178207	-49.4255	3.2561219	14.425507	-59.733475	-49.42562	0.2	43411982	18900.089690208435
216	-126.2899	-126.2899	0.18977757	-49.431767	3.2453036	11.629698	-62.068268	-49.432003	0.2	43612981	18988.257803440094
217	-114.01064	-114.01064	0.76041317	-49.420975	3.2915516	11.501348	-65.374886	-49.421177	0.2	43813983	19076.52862262726
218	-116.2364	-116.2364	4.3295083	-49.422768	3.2641566	13.765596	-60.068764	-49.423054	0.2	44014983	19164.426844596863
219	-123.89519	-123.89519	-5.6398377	-49.412254	3.3346817	13.723854	-57.899372	-49.412605	0.0	44215983	19252.41122150421
220	-111.33504	-111.33504	3.4750252	-49.413025	3.3241935	14.141419	-64.15957	-49.413002	0.2	44416987	19339.981701135635
221	-121.57557	-121.57557	2.9726992	-49.397095	3.3486624	13.110984	-66.726234	-49.397373	0.4	44617981	19428.04825782776
222	-110.734276	-110.734276	-9.3745775	-49.39815	3.3498604	12.141323	-57.740906	-49.398212	0.1	44818984	19515.531085968018
223	-130.62592	-130.62592	4.381854	-49.402046	3.3673306	14.189177	-61.874966	-49.402336	0.2	45019982	19603.483125448227
224	-125.15352	-125.15352	-0.40264463	-49.41493	3.341904	11.862555	-57.943153	-49.41504	0.4	45220981	19691.05235171318
225	-134.882	-134.882	-5.2038918	-49.40267	3.3413918	16.300364	-58.29553	-49.402985	0.2	45421989	19778.41871404648
226	-120.21791	-120.21791	2.5166152	-49.39287	3.384535	13.967235	-56.936962	-49.393044	0.1	45622983	19866.25387430191
227	-126.36863	-126.36863	4.039299	-49.39984	3.3373582	11.879212	-61.22036	-49.399914	0.3	45823984	19954.604999780655
228	-123.66818	-123.66818	3.0795999	-49.396324	3.3650522	14.140749	-60.487667	-49.396397	0.2	46024981	20042.62271475792
229	-119.86991	-119.86991	-0.5141415	-49.400574	3.3552778	15.427121	-59.119144	-49.40082	0.5	46225983	20130.907143831253
230	-109.38295	-109.38295	-1.6677357	-49.40077	3.37576	15.998475	-58.193462	-49.401424	0.2	46426982	20218.66445016861
231	-116.35002	-116.35002	-0.30211374	-49.40355	3.34806	17.258675	-59.56217	-49.403492	0.4	46627982	20306.29458975792
232	-114.38001	-114.38001	-6.2778783	-49.379066	3.4112165	16.503082	-57.399387	-49.379166	0.2	46828983	20394.112084388733
233	-98.25536	-98.25536	-0.5815626	-49.37342	3.4336455	14.879648	-59.36521	-49.373352	0.1	47029982	20480.47961139679
234	-119.50212	-119.50212	4.1512904	-49.35179	3.4901989	14.730525	-59.450485	-49.352383	0.2	47230984	20568.614412784576
235	-137.30788	-137.30788	-2.084882	-49.352345	3.4715533	12.616369	-60.174953	-49.352646	0.2	47431984	20656.84986591339
236	-120.27518	-120.27518	3.8422165	-49.33694	3.5549064	13.120678	-62.048344	-49.337345	0.3	47632981	20744.0498585701
237	-117.089745	-117.089745	5.916221	-49.34259	3.4941993	15.009877	-61.273994	-49.342937	0.2	47833981	20830.768894433975
238	-120.96591	-120.96591	3.7998588	-49.336277	3.5238073	14.546836	-60.266083	-49.336628	0.1	48034983	20918.636506319046
239	-117.17055	-117.17055	-7.479961	-49.32894	3.5552363	26.66591	-59.668358	-49.329365	0.3	48235991	21006.02015042305
240	-113.53403	-113.53403	2.7021046	-49.32706	3.5670202	17.788204	-58.99246	-49.327534	0.2	48436983	21093.05570578575
241	-107.600006	-107.600006	-8.387195	-49.33212	3.5294814	16.980768	-60.02682	-49.332466	0.3	48637984	21181.590996980667
242	-123.94333	-123.94333	-12.935363	-49.321693	3.5679204	13.95537	-58.964695	-49.321945	0.0	48838981	21266.29128932953
243	-113.82641	-113.82641	5.9680834	-49.326138	3.5741324	14.107393	-61.205833	-49.3262	0.0	49039981	21353.25800728798
244	-109.41121	-109.41121	-20.435284	-49.32583	3.5782657	15.929299	-60.117657	-49.326206	0.2	49240983	21441.015135526657
245	-123.894035	-123.894035	-10.507098	-49.311626	3.630094	15.034156	-58.578777	-49.31202	0.1	49441986	21528.246102809906
246	-105.540215	-105.540215	2.5909607	-49.312195	3.598584	24.34238	-60.435337	-49.312344	0.5	49642983	21615.14663863182
247	-123.1371	-123.1371	4.2136226	-49.304096	3.6125195	20.881477	-63.552578	-49.304386	0.4	49843985	21701.798183202744
248	-116.496735	-116.496735	-0.7407759	-49.28981	3.7045121	16.532076	-58.186188	-49.29011	0.4	50044982	21789.49950528145
249	-127.07999	-127.07999	3.4254937	-49.291645	3.673139	30.444397	-59.260338	-49.292393	0.2	50245981	21877.684926509857
250	-121.318474	-121.318474	1.8577408	-49.278587	3.7053688	14.190936	-59.39714	-49.278866	0.3	50446989	21965.03514432907
251	-122.025314	-122.025314	7.5192103	-49.274956	3.7069411	20.37442	-60.111183	-49.275383	0.6	50647985	22053.069591522217
252	-120.02682	-120.02682	-3.183622	-49.266384	3.7286115	14.415407	-59.711323	-49.26706	0.4	50848982	22140.93752503395
253	-116.33692	-116.33692	-7.188797	-49.26762	3.7561808	18.967255	-59.957573	-49.26774	0.0	51049983	22229.222064495087
254	-129.42438	-129.42438	-0.71078676	-49.272987	3.6820416	14.599085	-59.333748	-49.273567	0.3	51250981	22317.70745921135
255	-109.35591	-109.35591	6.579898	-49.245308	3.8014393	19.065405	-63.829315	-49.245663	0.5	51451982	22403.924882411957
256	-120.01402	-120.01402	6.05728	-49.25391	3.7329402	15.9648	-60.999046	-49.254364	0.2	51652987	22492.260676383972
257	-120.18527	-120.18527	6.5325313	-49.242676	3.773343	12.477288	-59.019863	-49.242805	0.3	51853983	22579.77911710739
258	-131.745	-131.745	2.968167	-49.24913	3.7393248	14.489693	-60.04681	-49.249153	0.3	52054983	22665.946583032608
259	-118.04509	-118.04509	4.999127	-49.25536	3.7454805	16.981197	-61.15576	-49.255657	0.3	52255983	22754.13033080101
260	-132.1351	-132.1351	5.890907	-49.234844	3.7743661	15.243879	-62.02483	-49.235077	0.4	52456983	22841.798796653748
261	-114.12012	-114.12012	-7.9874544	-49.23226	3.7778513	26.760939	-63.438175	-49.232742	0.3	52657984	22930.165298461914
262	-109.22383	-109.22383	-15.044653	-49.229385	3.8278549	20.441483	-65.77314	-49.229786	0.2	52858982	23017.11912727356
263	-119.548965	-119.548965	1.6302834	-49.215492	3.873455	17.884407	-59.758347	-49.21613	0.2	53059984	23104.18596148491
264	-129.20348	-129.20348	-3.6329238	-49.21011	3.8954911	15.506843	-60.928455	-49.21046	0.4	53260991	23190.58713722229
265	-119.92115	-119.92115	-7.0876484	-49.2267	3.8283823	18.837975	-61.778214	-49.226624	0.2	53461981	23277.238542556763
266	-128.53645	-128.53645	0.21856035	-49.216663	3.879138	16.914833	-59.09143	-49.216835	0.3	53662989	23365.056321382523
267	-135.30719	-135.30719	-19.35431	-49.230446	3.852261	18.654207	-58.63187	-49.23057	0.2	53863990	23453.290949821472
268	-122.03331	-122.03331	-0.9336697	-49.221466	3.8778403	27.093788	-58.983814	-49.22207	0.2	54064983	23541.36432504654
269	-120.71166	-120.71166	-3.5668604	-49.207947	3.9464903	26.351501	-58.766853	-49.208057	0.1	54265982	23629.227615118027
270	-102.85717	-102.85717	7.6070614	-49.195946	3.9499953	12.733187	-62.384747	-49.196182	0.2	54466981	23717.194719552994
271	-121.96216	-121.96216	4.201307	-49.203156	3.8905694	14.5787735	-62.462196	-49.203407	0.5	54667981	23804.88002181053
272	-124.53853	-124.53853	5.057707	-49.19804	3.937011	13.590662	-58.093384	-49.198643	0.3	54868985	23892.147321224213
273	-114.65512	-114.65512	6.4014506	-49.190178	3.960859	14.073934	-61.856606	-49.190308	0.3	55069982	23979.24933576584
274	-127.50778	-127.50778	-0.88165665	-49.1977	3.9620798	17.603792	-67.45659	-49.198044	0.3	55270982	24067.699949026108
275	-126.13763	-126.13763	-12.574939	-49.19546	3.981477	15.561698	-62.261177	-49.195602	0.0	55471989	24155.9229722023
276	-105.23339	-105.23339	4.730917	-49.194687	3.9608557	14.92271	-61.272892	-49.1948	0.3	55672986	24243.753053426743
277	-114.84803	-114.84803	3.0595953	-49.193058	3.9329088	18.216593	-60.881718	-49.193424	0.3	55873983	24330.588559389114
278	-116.461205	-116.461205	0.5025043	-49.168022	4.0345798	26.375317	-62.711514	-49.167942	0.2	56074983	24417.440465927124
279	-110.77312	-110.77312	-7.7561355	-49.14492	4.1011066	25.924381	-62.46306	-49.144897	0.3	56275982	24505.37348985672
280	-118.415	-118.415	5.39771	-49.15453	4.0568295	17.194548	-61.601665	-49.154995	0.5	56476982	24593.274463653564
281	-125.34519	-125.34519	6.2321124	-49.14792	4.103862	18.475933	-60.137962	-49.147594	0.5	56677985	24680.976762771606
282	-120.111145	-120.111145	-7.779242	-49.144814	4.0853534	16.368465	-61.63851	-49.145298	0.2	56878984	24769.159648656845
283	-102.905075	-102.905075	-2.0591948	-49.153698	4.035534	15.891412	-60.354465	-49.153538	0.3	57079982	24856.861096143723
284	-118.98413	-118.98413	-5.2372074	-49.145634	4.1217065	13.783707	-61.326607	-49.146248	0.2	57280981	24944.56479525566
285	-112.34096	-112.34096	1.8101536	-49.138966	4.132065	17.023117	-59.63762	-49.13879	0.3	57481983	25032.380277872086
286	-106.47919	-106.47919	2.205444	-49.14348	4.105538	15.153447	-60.701527	-49.14361	0.5	57682984	25117.932229042053
287	-129.1621	-129.1621	3.7233567	-49.127926	4.1595626	17.808113	-62.13555	-49.12826	0.2	57883983	25205.567671775818
288	-117.63748	-117.63748	-1.0101565	-49.16334	4.070904	17.699017	-61.461697	-49.162937	0.1	58084983	25291.421691179276
289	-119.91985	-119.91985	6.0269713	-49.15026	4.090987	13.141975	-60.391205	-49.15043	0.4	58285982	25377.98633122444
290	-108.849396	-108.849396	3.8223183	-49.15164	4.1322756	18.694727	-62.735092	-49.1516	0.5	58486991	25465.004274368286
291	-121.90026	-121.90026	-0.1564336	-49.136295	4.138295	19.411781	-60.73951	-49.136078	0.6	58687989	25552.80578994751
292	-114.83092	-114.83092	5.580576	-49.14699	4.102484	16.156046	-60.524746	-49.14733	0.4	58888982	25639.007491111755
293	-108.47474	-108.47474	0.8069589	-49.135254	4.1639667	15.439164	-61.6623	-49.1352	0.1	59089981	25726.976274490356
294	-142.78908	-142.78908	5.549911	-49.143696	4.1148934	14.490569	-60.60368	-49.14396	0.3	59290982	25814.24312186241
295	-145.42314	-145.42314	6.4175797	-49.134003	4.15727	19.324453	-61.951107	-49.133553	0.3	59491982	25902.094754695892
296	-113.791016	-113.791016	5.9770665	-49.128464	4.192468	15.7707815	-59.078922	-49.128593	0.3	59692983	25989.26311993599
297	-143.4213	-143.4213	3.8053956	-49.138073	4.1899624	16.452335	-63.68849	-49.138424	0.2	59893988	26077.730580568314
298	-110.73148	-110.73148	2.1108625	-49.13979	4.172075	20.035702	-61.794796	-49.13958	0.4	60094982	26164.06366276741
299	-137.38432	-137.38432	-8.472401	-49.132717	4.2181635	17.987364	-60.9942	-49.132767	0.1	60295987	26251.865996837616
300	-124.10135	-124.10135	-8.048544	-49.14233	4.1737747	18.637989	-64.37659	-49.14206	0.2	60496989	26339.71736073494
301	-126.70716	-126.70716	3.7576056	-49.140594	4.217543	15.86853	-61.997658	-49.14046	0.0	60697984	26427.30201435089
302	-105.913605	-105.913605	7.158133	-49.159653	4.150605	19.550955	-61.709236	-49.159855	0.3	60898982	26514.837792873383
303	-117.524	-117.524	6.2396054	-49.159	4.201764	16.158407	-60.812172	-49.158722	0.4	61099981	26601.306715250015
304	-131.15271	-131.15271	-7.4886413	-49.164623	4.1794796	15.21563	-60.20056	-49.1646	0.1	61300982	26689.538556814194
305	-107.96836	-107.96836	2.0238514	-49.166557	4.1381664	13.927089	-63.074394	-49.166683	0.4	61501983	26777.141587495804
306	-125.516945	-125.516945	2.377247	-49.161255	4.167838	17.065624	-60.184242	-49.161686	0.5	61702983	26865.642057418823
307	-118.04007	-118.04007	0.2500107	-49.16057	4.17111	19.327055	-59.98329	-49.160652	0.2	61903985	26954.12751197815
308	-110.3161	-110.3161	6.0071716	-49.15383	4.1786046	15.285568	-65.95623	-49.1539	0.2	62104983	27041.112550258636
309	-108.12239	-108.12239	6.689877	-49.141438	4.2227826	15.005884	-67.24997	-49.141216	0.3	62305982	27129.062299966812
310	-130.31972	-130.31972	-0.9073683	-49.14931	4.223576	17.830683	-65.80623	-49.14946	0.3	62506981	27216.19791817665
311	-129.38899	-129.38899	1.4933083	-49.14994	4.1648436	14.911926	-61.107616	-49.14959	0.2	62707990	27302.949300289154
312	-119.97809	-119.97809	3.099384	-49.144646	4.2516103	14.302122	-60.750732	-49.14516	0.4	62908983	27389.900443792343
313	-139.93867	-139.93867	3.740595	-49.14541	4.21827	16.70714	-60.252697	-49.14555	0.1	63109984	27477.718512058258
314	-112.34892	-112.34892	-15.470201	-49.149044	4.2232194	19.974613	-63.11902	-49.14918	0.4	63310982	27565.2035677433
315	-125.425255	-125.425255	9.587693	-49.13062	4.2686067	15.182223	-61.583977	-49.1305	0.6	63511984	27651.770117759705
316	-106.89746	-106.89746	5.1150126	-49.125565	4.287237	15.379912	-65.10571	-49.12595	0.3	63712983	27739.706082820892
317	-129.09929	-129.09929	7.8153596	-49.11836	4.305464	21.161837	-62.9491	-49.11868	0.2	63913985	27827.05713582039
318	-120.56919	-120.56919	6.9610972	-49.12771	4.287112	16.134523	-62.80556	-49.127644	0.4	64114982	27914.5406396389
319	-104.97577	-104.97577	6.240755	-49.140686	4.254341	16.088057	-63.729214	-49.140285	0.3	64315981	28000.77633190155
320	-132.52422	-132.52422	3.758651	-49.128323	4.268418	17.85297	-61.667534	-49.12828	0.3	64516981	28087.593797445297
321	-134.04576	-134.04576	6.7581377	-49.140114	4.261421	18.995234	-59.518055	-49.14035	0.3	64717988	28173.17927289009
322	-120.13943	-120.13943	-23.114763	-49.132015	4.2517605	19.106668	-60.400627	-49.13211	0.3	64918984	28261.117868423462
323	-122.3121	-122.3121	5.795425	-49.133286	4.2736974	16.373276	-75.09247	-49.13319	0.1	65119988	28349.014290332794
324	-125.87864	-125.87864	1.6333569	-49.127304	4.2812347	15.84419	-66.412346	-49.12695	0.2	65320986	28435.335664987564
325	-118.99214	-118.99214	5.140913	-49.116306	4.3117986	18.56332	-62.1971	-49.116726	0.4	65521985	28522.067120313644
326	-115.83409	-115.83409	5.7291822	-49.11782	4.3043084	17.699152	-59.933826	-49.117138	0.1	65722984	28610.435761213303
327	-117.64079	-117.64079	2.034498	-49.10896	4.335535	13.999898	-64.00287	-49.108856	0.3	65923981	28698.275032758713
328	-128.54466	-128.54466	6.239229	-49.106518	4.3472958	15.961783	-60.92836	-49.10672	0.3	66124983	28785.689675807953
329	-114.35208	-114.35208	2.117613	-49.12243	4.297878	13.96001	-63.005596	-49.122066	0.3	66325983	28870.906835079193
330	-99.24898	-99.24898	-1.1208596	-49.09482	4.4069777	31.448318	-59.857388	-49.094604	0.1	66526986	28958.056763648987
331	-109.7824	-109.7824	8.949872	-49.104744	4.3418374	15.363548	-61.33531	-49.104275	0.0	66727981	29045.25930595398
332	-113.06816	-113.06816	4.691708	-49.099457	4.3552985	16.278399	-64.18675	-49.09923	0.1	66928987	29132.25979924202
333	-110.65374	-110.65374	6.534399	-49.096424	4.406152	20.613451	-60.86694	-49.096348	0.4	67129982	29220.428650856018
334	-110.990875	-110.990875	4.976548	-49.09848	4.345813	14.73196	-60.251316	-49.09817	0.3	67330981	29308.044938087463
335	-134.1237	-134.1237	8.899926	-49.115616	4.307383	21.678356	-59.859116	-49.115257	0.1	67531981	29395.7136592865
336	-117.67163	-117.67163	0.46645376	-49.10159	4.375171	19.411127	-63.198082	-49.100952	0.1	67732987	29483.31429696083
337	-121.35268	-121.35268	1.035309	-49.098843	4.4067264	16.063074	-61.032684	-49.098293	0.2	67933981	29571.683001995087
338	-120.69377	-120.69377	9.306464	-49.095432	4.3928013	25.372744	-64.212975	-49.09542	0.2	68134982	29659.984446048737
339	-132.97797	-132.97797	0.89988744	-49.095844	4.372615	15.511686	-64.65889	-49.095364	0.1	68335982	29747.586591482162
340	-119.499374	-119.499374	8.126018	-49.109478	4.372116	18.640574	-63.299862	-49.109486	0.4	68536982	29833.00466799736
341	-118.034004	-118.034004	-3.3758423	-49.103542	4.351073	17.12801	-64.46867	-49.103554	0.3	68737983	29921.13885331154
342	-122.00011	-122.00011	2.0864234	-49.082024	4.4641027	16.202827	-63.94703	-49.081863	0.3	68938984	30009.256117343903
343	-130.52367	-130.52367	4.0075884	-49.09894	4.379718	13.201307	-61.596092	-49.098274	0.2	69139981	30094.674859046936
344	-116.88284	-116.88284	5.8877606	-49.094337	4.396464	20.562546	-61.392838	-49.094177	0.3	69340983	30181.742780923843
345	-119.218376	-119.218376	7.3806353	-49.091053	4.375011	19.541033	-60.37662	-49.091007	0.4	69541986	30268.91068673134
346	-100.21046	-100.21046	2.7169313	-49.069794	4.437158	16.75397	-61.03066	-49.069515	0.2	69742981	30356.477988004684
347	-124.0204	-124.0204	5.87354	-49.067966	4.467708	15.082006	-67.91696	-49.067955	0.3	69943982	30443.26268362999
348	-112.62011	-112.62011	-1.0603436	-49.057076	4.516743	18.06437	-61.9562	-49.05709	0.1	70144982	30530.948183059692
349	-127.58363	-127.58363	5.7268944	-49.08213	4.4502306	15.461184	-60.93647	-49.082233	0.2	70345982	30617.781810045242
350	-125.1009	-125.1009	7.1438737	-49.06476	4.4701166	16.493254	-61.30052	-49.064434	0.1	70546984	30705.18238377571
351	-113.878	-113.878	8.362583	-49.072155	4.456262	14.978967	-62.14001	-49.071774	0.4	70747985	30792.7841694355
352	-111.97912	-111.97912	6.1359158	-49.081146	4.4195623	19.808496	-62.385696	-49.08164	0.6	70948989	30878.668200969696
353	-114.389656	-114.389656	4.7771654	-49.065716	4.4543824	16.002048	-64.717384	-49.065094	0.3	71149982	30965.788470506668
354	-120.68127	-120.68127	0.31509075	-49.067547	4.45537	16.291182	-63.142784	-49.06837	0.4	71350984	31054.00450348854
355	-133.5259	-133.5259	6.2945147	-49.054684	4.499136	17.493809	-61.352703	-49.054165	0.1	71551981	31142.190536499023
356	-109.76329	-109.76329	6.790724	-49.04717	4.5103636	16.384056	-62.364536	-49.04662	0.2	71752982	31229.909099578857
357	-112.41791	-112.41791	-0.4817959	-49.05095	4.45902	17.348557	-61.555485	-49.05085	0.4	71953981	31317.563078165054
358	-111.474304	-111.474304	8.859365	-49.06811	4.4287105	14.659195	-66.17265	-49.067665	0.5	72154986	31405.96138215065
359	-132.10448	-132.10448	8.056984	-49.04123	4.4804287	17.967857	-61.884315	-49.041935	0.6	72355982	31493.995547294617
360	-121.00735	-121.00735	2.4539413	-49.033844	4.559578	15.092266	-60.92972	-49.03325	0.2	72556984	31581.648191213608
361	-117.619774	-117.619774	5.286435	-49.038795	4.504484	18.126137	-60.893196	-49.03895	0.6	72757983	31666.46436238289
362	-109.222015	-109.222015	6.2283306	-49.036312	4.5410542	24.784819	-61.40528	-49.03614	0.1	72958984	31754.63374018669
363	-119.715485	-119.715485	8.581071	-49.03588	4.490493	15.615259	-63.125072	-49.035847	0.3	73159984	31842.834305524826
364	-121.44241	-121.44241	1.5799549	-49.040585	4.496818	13.629244	-61.14548	-49.04109	0.3	73360982	31930.369291305542
365	-122.56553	-122.56553	3.296116	-49.043312	4.5374827	15.1532	-62.892517	-49.0428	0.1	73561985	32018.054485559464
366	-118.67889	-118.67889	-8.906763	-49.043198	4.4879317	15.219467	-65.108086	-49.043148	0.4	73762983	32105.488055706024
367	-123.72626	-123.72626	6.2156606	-49.045727	4.4974785	14.319763	-64.66282	-49.04555	0.3	73963981	32193.72198867798
368	-130.44157	-130.44157	-0.954895	-49.03149	4.5411854	14.572041	-59.623463	-49.031555	0.5	74164984	32280.290222883224
369	-132.26677	-132.26677	5.3108892	-49.0345	4.551845	19.029205	-59.98566	-49.034267	0.2	74365983	32367.741944551468
370	-108.70372	-108.70372	6.045619	-49.042793	4.490014	16.141392	-63.228424	-49.04251	0.4	74566981	32455.29329609871
371	-121.35631	-121.35631	7.071016	-49.023907	4.573293	18.065517	-60.17188	-49.02397	0.4	74767984	32543.110662698746
372	-120.318214	-120.318214	5.2179294	-49.03339	4.5457053	13.596909	-61.39242	-49.033085	0.3	74968984	32630.112191677094
373	-119.9253	-119.9253	7.6140823	-49.026546	4.5509086	16.497715	-60.66095	-49.027027	0.5	75169981	32715.429921150208
374	-134.21025	-134.21025	1.2845764	-49.043465	4.5126543	15.979935	-64.93668	-49.04321	0.1	75370983	32802.16617822647
375	-88.35523	-88.35523	6.990555	-49.04014	4.5238233	16.374577	-62.350433	-49.0397	0.3	75571984	32889.64939022064
376	-129.2183	-129.2183	7.1196566	-49.028503	4.5382547	30.498281	-63.714306	-49.028103	0.2	75772984	32976.134659051895
377	-124.53488	-124.53488	8.7326145	-49.024265	4.5527205	17.05843	-62.93326	-49.024403	0.4	75973983	33063.33636069298
378	-121.158485	-121.158485	6.0197377	-49.030422	4.5032673	17.714153	-65.28012	-49.030174	0.4	76174983	33150.26990175247
379	-117.58434	-117.58434	-4.7978663	-49.024467	4.5480523	18.5928	-64.74278	-49.024784	0.2	76375981	33237.621763944626
380	-143.41217	-143.41217	8.464423	-49.01674	4.580293	14.4322195	-61.06754	-49.016224	0.2	76576981	33325.956319093704
381	-122.0089	-122.0089	1.1957467	-49.027836	4.5756187	15.544308	-64.88462	-49.02777	0.5	76777985	33412.20784378052
382	-106.930695	-106.930695	5.780332	-49.01957	4.56536	19.615616	-61.280083	-49.019276	0.3	76978988	33499.87509727478
383	-120.28407	-120.28407	7.9331512	-48.99945	4.640718	16.310085	-65.16415	-48.99933	0.4	77179986	33587.52666902542
384	-116.70051	-116.70051	8.709596	-49.01071	4.6384153	19.92132	-61.34616	-49.010586	0.3	77380983	33675.01153230667
385	-106.036385	-106.036385	8.524529	-49.016685	4.55874	16.271133	-63.52555	-49.017147	0.4	77581981	33761.31292915344
386	-115.79883	-115.79883	6.2045627	-49.012833	4.5786753	17.086403	-61.839302	-49.012848	0.4	77782985	33848.81370639801
387	-113.69793	-113.69793	7.3081255	-49.00298	4.567388	19.947498	-62.552593	-49.003082	0.4	77983990	33935.56617593765
388	-130.00595	-130.00595	5.7441206	-48.99706	4.6235986	20.305634	-62.89879	-48.996883	0.2	78184981	34021.21651148796
389	-126.89506	-126.89506	7.483916	-49.004124	4.618481	16.469488	-62.309597	-49.004307	0.2	78385991	34108.6841711998
390	-121.39167	-121.39167	4.2032056	-48.995453	4.622066	18.59896	-61.889812	-48.9954	0.4	78586983	34193.70285487175
391	-142.39166	-142.39166	1.9215182	-49.001896	4.596704	15.013915	-77.828384	-49.00239	0.5	78787991	34281.65407395363
392	-100.70176	-100.70176	4.655019	-49.000126	4.615839	16.928537	-64.1191	-48.99996	0.3	78988986	34369.8890504837
393	-111.72346	-111.72346	6.323621	-49.00972	4.5981836	16.988354	-62.486904	-49.00971	0.4	79189983	34457.990819215775
394	-127.40833	-127.40833	6.081522	-48.989803	4.637877	16.177452	-63.1914	-48.98996	0.4	79390982	34545.72579360008
395	-123.698044	-123.698044	7.7254105	-48.99167	4.6313305	18.700531	-64.30823	-48.9921	0.2	79591982	34633.89266848564
396	-120.78084	-120.78084	7.1709075	-48.971954	4.7020664	25.130423	-63.658672	-48.972042	0.5	79792981	34722.02772831917
397	-116.16954	-116.16954	7.0039473	-48.99104	4.6584463	17.571049	-64.39968	-48.990932	0.3	79993982	34808.99501013756
398	-121.185555	-121.185555	2.8263302	-48.97349	4.703826	14.796137	-60.7099	-48.97346	0.2	80194982	34897.28038930893
399	-116.13045	-116.13045	6.013556	-48.969933	4.6829977	18.924892	-61.49218	-48.970173	0.3	80395982	34984.74806046486
400	-117.42056	-117.42056	4.3636613	-48.98296	4.63997	15.902438	-62.05458	-48.983105	0.6	80596982	35069.49961090088
401	-125.85143	-125.85143	7.326753	-48.969044	4.6991763	18.596067	-65.193245	-48.969143	0.0	80797983	35155.768224954605
402	-118.01737	-118.01737	2.250087	-48.96403	4.69629	20.978613	-62.143852	-48.964138	0.4	80998982	35242.83466601372
403	-117.53588	-117.53588	-3.6995552	-48.954872	4.7150493	32.6189	-59.48753	-48.954914	0.0	81199984	35329.25807571411
404	-126.00206	-126.00206	9.010688	-48.963516	4.7070694	17.102255	-66.28903	-48.963333	0.1	81400984	35416.28784608841
405	-116.054245	-116.054245	6.853682	-48.963753	4.7153697	19.04869	-71.93657	-48.964005	0.4	81601987	35504.24124073982
406	-132.52133	-132.52133	-2.4390342	-48.96503	4.7020183	15.201475	-62.764187	-48.96522	0.3	81802985	35590.590849637985
407	-131.4513	-131.4513	8.579667	-48.95811	4.7523184	19.420265	-63.19821	-48.958447	0.4	82003983	35677.958679676056
408	-118.169075	-118.169075	-3.616938	-48.976925	4.6529837	17.852144	-66.90263	-48.977127	0.2	82204982	35765.344588279724
409	-118.453224	-118.453224	3.500287	-48.9552	4.76164	13.619993	-62.95875	-48.95494	0.2	82405986	35850.845162153244
410	-123.66887	-123.66887	7.293927	-48.96502	4.6816883	19.84648	-62.13232	-48.96568	0.4	82606983	35938.6796913147
411	-119.721985	-119.721985	1.2399944	-48.955097	4.7514687	16.612816	-61.64955	-48.955437	0.0	82807991	36025.9966044426
412	-113.40551	-113.40551	7.9888244	-48.963234	4.7069144	14.631539	-60.106346	-48.963562	0.3	83008986	36112.78180909157
413	-121.36513	-121.36513	5.3283772	-48.95759	4.721697	15.414068	-60.81637	-48.957592	0.3	83209982	36200.00008392334
414	-142.41907	-142.41907	9.715569	-48.95068	4.737483	15.695643	-62.040527	-48.951103	0.6	83410981	36287.40151453018
415	-87.885895	-87.885895	10.020492	-48.947895	4.730276	20.887184	-61.998196	-48.94775	0.5	83611982	36373.68581986427
416	-91.19465	-91.19465	1.4940017	-48.934998	4.7819004	23.181934	-62.46707	-48.93545	0.5	83812982	36461.55301618576
417	-137.41315	-137.41315	4.1905246	-48.922337	4.815975	16.865532	-62.320667	-48.922222	0.5	84013983	36549.50524044037
418	-118.669846	-118.669846	5.2266235	-48.95362	4.683719	17.13099	-60.994293	-48.9537	0.4	84214984	36636.73951673508
419	-130.46844	-130.46844	3.728034	-48.933254	4.7518997	22.019514	-63.144493	-48.933136	0.1	84415982	36724.49125504494
420	-131.40497	-131.40497	9.33381	-48.93164	4.7458744	20.76504	-62.196133	-48.932205	0.3	84616982	36810.67556500435
421	-116.155754	-116.155754	7.6717772	-48.9281	4.762611	22.849085	-65.80194	-48.927834	0.4	84817984	36898.426293849945
422	-118.42966	-118.42966	6.3487687	-48.923008	4.7926383	18.546549	-61.880783	-48.923916	0.3	85018983	36986.52996778488
423	-117.40591	-117.40591	7.6850586	-48.919975	4.7730713	20.550507	-62.41026	-48.919987	0.4	85219982	37074.4949798584
424	-107.85574	-107.85574	7.941919	-48.932323	4.728668	21.94613	-60.96129	-48.932846	0.3	85420982	37162.39740371704
425	-118.673386	-118.673386	6.726009	-48.935886	4.712223	17.992615	-64.32177	-48.936474	0.4	85621983	37249.831780195236
426	-119.03762	-119.03762	2.7715514	-48.920094	4.7761574	19.335155	-61.22406	-48.92042	0.4	85822983	37337.499653339386
427	-111.54575	-111.54575	5.498795	-48.911995	4.807065	26.2029	-64.226	-48.91272	0.0	86023982	37424.73347520828
428	-124.791466	-124.791466	5.648396	-48.90506	4.81252	18.828348	-65.3025	-48.9054	0.2	86224983	37512.152715444565
429	-129.28336	-129.28336	7.7781606	-48.876	4.8783646	20.458227	-67.16071	-48.876835	0.5	86425982	37599.35598731041
430	-124.89497	-124.89497	-10.666313	-48.896008	4.802243	19.133564	-62.906773	-48.896774	0.4	86626985	37685.96042060852
431	-110.01782	-110.01782	3.6689706	-48.914555	4.7827706	27.465769	-63.663147	-48.91505	0.4	86827987	37773.90651035309
432	-134.514	-134.514	3.470693	-48.893562	4.850937	25.703001	-61.702057	-48.89432	0.3	87028989	37861.52513670921
433	-127.413445	-127.413445	1.830875	-48.902096	4.8213673	21.444525	-63.345867	-48.902763	0.3	87229981	37948.874660253525
434	-122.17512	-122.17512	8.117044	-48.90342	4.809163	19.061108	-73.20558	-48.903828	0.2	87430983	38036.42683124542
435	-117.89764	-117.89764	6.62093	-48.912766	4.8260207	18.688206	-65.257835	-48.913124	0.5	87631981	38123.51143527031
436	-126.60058	-126.60058	5.5516205	-48.905266	4.8316503	20.766296	-66.079	-48.905563	0.2	87832982	38209.046904325485
437	-128.0292	-128.0292	6.03006	-48.906902	4.8323913	15.501143	-65.16381	-48.907825	0.4	88033981	38296.298350811005
438	-115.94421	-115.94421	6.8638325	-48.92047	4.7749043	19.737309	-62.1459	-48.92054	0.3	88234989	38384.63124918938
439	-130.96196	-130.96196	-13.459411	-48.89828	4.8594728	17.184954	-61.96833	-48.899216	0.3	88435981	38472.07236671448
440	-143.00378	-143.00378	-2.2527487	-48.90523	4.829691	18.318167	-62.165993	-48.905396	0.0	88636982	38559.46969795227
441	-112.39631	-112.39631	5.0703464	-48.906498	4.822219	19.725227	-62.678505	-48.90748	0.2	88837986	38646.90539884567
442	-106.425316	-106.425316	8.938782	-48.92564	4.772486	17.46816	-61.64122	-48.92596	0.4	89038988	38733.905603170395
443	-121.114265	-121.114265	7.9551544	-48.907654	4.824756	16.101706	-61.272793	-48.90789	0.3	89239985	38821.055728435516
444	-126.7155	-126.7155	7.74081	-48.91399	4.8389697	20.648375	-61.363937	-48.91408	0.3	89440982	38908.174097299576
445	-86.668816	-86.668816	1.4441185	-48.899555	4.879711	26.568932	-63.95074	-48.900482	0.3	89641982	38995.61341238022
446	-160.21347	-160.21347	8.456064	-48.905136	4.8494744	35.620728	-61.981438	-48.90539	0.2	89842982	39083.426918268204
447	-110.86879	-110.86879	8.132703	-48.895836	4.877755	20.103477	-66.33507	-48.89585	0.5	90043985	39171.02806639671
448	-108.64142	-108.64142	2.2266254	-48.897408	4.8906207	22.176714	-62.177685	-48.898273	0.5	90244985	39258.712035894394
449	-114.7055	-114.7055	2.8458328	-48.917866	4.8142166	17.623327	-63.765232	-48.918137	0.4	90445984	39346.39605283737
450	-133.83508	-133.83508	8.534654	-48.91347	4.829706	19.428589	-62.51509	-48.913933	0.4	90646983	39434.04900574684
451	-103.95744	-103.95744	5.502081	-48.90522	4.8811655	21.00906	-62.689983	-48.90518	0.2	90847987	39521.08347272873
452	-122.05187	-122.05187	8.065721	-48.900673	4.8656454	21.587378	-75.51734	-48.901226	0.6	91048982	39607.93390774727
453	-127.8525	-127.8525	-2.0811465	-48.903393	4.851778	25.385574	-64.116806	-48.903828	0.5	91249983	39695.93700861931
454	-106.33259	-106.33259	5.665436	-48.905846	4.8838224	17.070158	-64.88902	-48.90613	0.5	91450981	39784.13733172417
455	-119.39879	-119.39879	0.59072334	-48.904545	4.874905	38.855072	-63.4141	-48.90479	0.4	91651983	39871.5713160038
456	-114.386116	-114.386116	2.871252	-48.893246	4.928642	19.268267	-62.87878	-48.89345	0.1	91852984	39958.25626325607
457	-114.29758	-114.29758	10.067055	-48.90869	4.85012	16.987598	-60.705753	-48.908863	0.2	92053982	40045.57502126694
458	-122.13028	-122.13028	0.93294984	-48.92199	4.8504195	24.266882	-61.760868	-48.922424	0.2	92254985	40132.575402498245
459	-110.66018	-110.66018	2.20031	-48.905605	4.8763413	18.326086	-62.74103	-48.90556	0.4	92455981	40220.11011457443
460	-137.29817	-137.29817	6.900944	-48.905643	4.8677335	15.07835	-64.402664	-48.90577	0.3	92656987	40306.078578948975
461	-118.518005	-118.518005	3.4836876	-48.90195	4.878942	17.031624	-62.097824	-48.90286	0.1	92857981	40394.13030385971
462	-112.61467	-112.61467	6.1964936	-48.91581	4.8299317	24.164658	-65.85711	-48.91644	0.3	93058982	40482.41455793381
463	-107.48838	-107.48838	5.659808	-48.903927	4.885343	17.801197	-65.19416	-48.904243	0.0	93259982	40569.647997140884
464	-123.954666	-123.954666	5.587872	-48.884983	4.9366817	22.70308	-64.08269	-48.88495	0.3	93460991	40657.800513505936
465	-114.8659	-114.8659	8.392837	-48.90006	4.9009104	19.750223	-62.933636	-48.900272	0.5	93661982	40743.90219736099
466	-112.79542	-112.79542	5.9131074	-48.89399	4.8912816	18.699621	-64.58794	-48.89429	0.3	93862981	40831.71982383728
467	-117.10589	-117.10589	7.1737537	-48.901695	4.8676333	18.113062	-61.598957	-48.901985	0.2	94063982	40918.954911231995
468	-113.61266	-113.61266	6.6947083	-48.906635	4.8301306	17.367064	-64.036865	-48.906662	0.3	94264982	41006.28750872612
469	-123.25977	-123.25977	2.4694154	-48.89808	4.878022	19.437355	-64.97931	-48.898468	0.4	94465988	41093.844297885895
470	-114.178246	-114.178246	5.3525114	-48.91962	4.832601	18.769073	-63.56157	-48.92055	0.3	94666983	41180.9746491909
471	-114.76682	-114.76682	6.1551533	-48.896988	4.868718	16.206995	-65.45191	-48.897205	0.2	94867983	41268.910163879395
472	-117.099785	-117.099785	8.072753	-48.89607	4.89991	21.054554	-63.275894	-48.896324	0.6	95068983	41354.844091653824
473	-109.1196	-109.1196	-0.3272104	-48.909916	4.8225126	32.05357	-63.03436	-48.910683	0.4	95269981	41441.34539747238
474	-111.67473	-111.67473	9.931729	-48.888298	4.9122295	17.201847	-62.838688	-48.888546	0.3	95470981	41529.798367738724
475	-108.50029	-108.50029	11.095231	-48.89028	4.904817	23.653503	-64.90009	-48.890766	0.4	95671982	41617.74799203873
476	-101.245285	-101.245285	-0.4655033	-48.89113	4.882629	21.891426	-64.532486	-48.891354	0.3	95872982	41703.78126549721
477	-117.31204	-117.31204	4.387786	-48.886337	4.873586	21.185055	-65.27908	-48.88687	0.5	96073982	41792.00096845627
478	-127.073395	-127.073395	9.457785	-48.86245	4.9374666	17.584538	-63.519863	-48.862755	0.3	96274982	41879.40123653412
479	-131.58493	-131.58493	4.395679	-48.892662	4.887064	20.302246	-64.46767	-48.893322	0.7	96475984	41965.870836019516
480	-114.15349	-114.15349	5.5065227	-48.89859	4.856261	17.282608	-63.64667	-48.8989	0.7	96676987	42053.98635530472
481	-117.62531	-117.62531	8.103088	-48.89992	4.8493857	18.888777	-65.84902	-48.90003	0.1	96877983	42142.005940675735
482	-114.40136	-114.40136	8.699162	-48.862617	4.965617	20.82098	-65.18699	-48.862907	0.6	97078983	42230.123193740845
483	-112.63713	-112.63713	4.16416	-48.88273	4.892598	24.632494	-71.45532	-48.883266	0.3	97279981	42318.19123029709
484	-109.752716	-109.752716	8.249019	-48.876232	4.919034	17.809263	-61.858665	-48.875843	0.3	97480982	42406.4270529747
485	-129.50789	-129.50789	7.552904	-48.856358	4.973675	18.111633	-69.32545	-48.8567	0.5	97681989	42493.692705631256
486	-98.28533	-98.28533	6.8490987	-48.888847	4.8836145	17.875565	-63.2704	-48.888996	0.3	97882986	42581.762588739395
487	-113.311325	-113.311325	5.868024	-48.88381	4.9065223	18.105028	-64.36225	-48.88357	0.2	98083982	42670.013464689255
488	-101.43293	-101.43293	9.669879	-48.888096	4.8961434	18.415096	-78.034256	-48.888447	0.3	98284988	42757.66520214081
489	-131.46207	-131.46207	3.231887	-48.87263	4.9380665	21.143839	-74.0419	-48.87244	0.4	98485987	42845.518456459045
490	-106.838524	-106.838524	8.975982	-48.861717	4.954851	16.740229	-67.26236	-48.86222	0.4	98686984	42932.21735167503
491	-117.21523	-117.21523	8.82665	-48.850876	5.0057244	38.593613	-63.775272	-48.851337	0.6	98887984	43020.61828041077
492	-111.81446	-111.81446	7.110328	-48.871185	4.9090037	18.098694	-65.039345	-48.870888	0.5	99088984	43108.370326280594
493	-118.85745	-118.85745	11.185723	-48.872307	4.907212	23.174225	-67.08631	-48.87339	0.2	99289983	43195.50552773476
494	-131.67769	-131.67769	7.976802	-48.886093	4.8823953	15.965759	-83.22838	-48.886467	0.5	99490983	43282.49018931389
495	-117.06606	-117.06606	-2.3785415	-48.865135	4.9386454	14.579257	-74.69614	-48.865986	0.2	99691983	43369.22446703911
496	-118.71133	-118.71133	9.557041	-48.87585	4.906347	18.138868	-75.2037	-48.87573	0.5	99892985	43454.975247859955
497	-124.35267	-124.35267	4.732039	-48.850754	4.989776	25.935995	-63.064465	-48.851006	0.2	100093983	43542.009442567825
498	-116.53495	-116.53495	8.331101	-48.85186	4.990723	23.964952	-65.301704	-48.851925	0.3	100294982	43629.827535390854
499	-113.479416	-113.479416	4.3872037	-48.86597	4.942569	16.671837	-63.262833	-48.86648	0.2	100495983	43716.995784282684
