Epoch	EpRet	EpRealRet	TestEpRet	AverageQ1	StdQ1	MaxQ1	MinQ1	Q2	TestSuccess	TotalEnvInteracts	TotalTime
0	-134.34578	-134.34578	-32.62576	-47.308933	7.4423	-0.08698787	-102.24859	-47.308933	0.0	196981	42.52822494506836
1	-196.40529	-196.40529	-52.138046	-49.675385	2.0535238	-23.770157	-61.248062	-49.675385	0.0	397982	81.16629457473755
2	-146.59447	-146.59447	-70.58514	-49.534523	2.7066715	-20.824303	-58.699966	-49.534523	0.0	598983	125.74544763565063
3	-155.64969	-155.64969	-101.535515	-49.660812	2.082187	-25.569454	-58.06619	-49.660812	0.0	799985	169.09855318069458
4	-160.2775	-160.2775	-60.922623	-49.736004	1.5730432	-33.7454	-55.679935	-49.736004	0.0	1000985	212.47116565704346
5	-155.50095	-155.50095	-84.4855	-49.539444	2.8901088	2.163117	-56.939247	-49.539444	0.0	1201981	259.7189075946808
6	-144.5024	-144.5024	-46.18094	-49.51394	3.0766642	2.6289797	-53.789177	-49.51394	0.0	1402983	305.5612099170685
7	-149.56763	-149.56763	-51.774734	-49.551674	2.8856714	2.5825613	-58.684216	-49.551674	0.0	1603985	353.295330286026
8	-141.83194	-141.83194	-52.62036	-49.582024	2.62582	3.8396647	-54.964397	-49.582024	0.0	1804981	401.3927710056305
9	-147.18228	-147.18228	-50.830322	-49.59942	2.5167782	3.8885653	-60.757244	-49.59942	0.0	2005986	451.81833004951477
10	-150.49937	-150.49937	-56.631668	-49.603874	2.4061785	3.2223573	-54.089268	-49.603874	0.0	2206988	501.1738178730011
11	-150.68228	-150.68228	-72.304634	-49.559555	2.4461203	2.395218	-54.452805	-49.559555	0.0	2407982	551.2971341609955
12	-164.53291	-164.53291	-85.1091	-49.561985	2.3509495	3.5682096	-56.68116	-49.561985	0.0	2608984	604.2484197616577
13	-150.63718	-150.63718	-106.41191	-49.569992	2.2439587	2.9657352	-55.512768	-49.569992	0.0	2809983	655.4965274333954
14	-158.66972	-158.66972	-66.895805	-49.56513	2.2316844	3.8440497	-55.293682	-49.56513	0.0	3010982	706.5813207626343
15	-162.68451	-162.68451	-68.07545	-49.51447	2.4996116	3.9707527	-55.70519	-49.51447	0.0	3211981	757.6533370018005
16	-150.39813	-150.39813	-112.992355	-49.498905	2.554932	4.5772963	-53.139324	-49.498905	0.0	3412981	808.6205570697784
17	-167.02307	-167.02307	-72.850426	-49.49725	2.515561	4.886022	-58.968536	-49.49725	0.0	3613982	860.3280084133148
18	-155.19547	-155.19547	-47.740795	-49.507805	2.464435	4.7382402	-55.41307	-49.507805	0.0	3814981	911.8733167648315
19	-165.20262	-165.20262	-60.61278	-49.51244	2.4574394	4.2460303	-56.312187	-49.51244	0.0	4015981	963.2127287387848
20	-161.14081	-161.14081	-84.605865	-49.507183	2.3496745	4.6272817	-53.230255	-49.507183	0.0	4216982	1015.8220825195312
21	-160.6164	-160.6164	-36.811058	-49.49571	2.3834338	5.205329	-53.02864	-49.49571	0.0	4417984	1067.7518265247345
22	-144.79388	-144.79388	-57.535446	-49.497982	2.2979448	6.642452	-53.925533	-49.497982	0.0	4618981	1120.2920780181885
23	-150.85704	-150.85704	-100.203415	-49.482937	2.3144295	3.4922194	-56.672367	-49.482937	0.0	4819981	1172.646832704544
24	-151.58937	-151.58937	-75.78317	-49.482388	2.3153434	3.643635	-52.96098	-49.482388	0.0	5020984	1224.625525712967
25	-154.46387	-154.46387	-51.257973	-49.48208	2.2938619	3.343886	-53.786606	-49.48208	0.0	5221982	1277.01251578331
26	-155.39561	-155.39561	-87.290436	-49.475452	2.294036	4.008237	-53.685844	-49.475452	0.0	5422983	1329.2088370323181
27	-161.78745	-161.78745	-35.220303	-49.480396	2.2757065	5.337159	-54.70457	-49.480396	0.0	5623985	1381.5111258029938
28	-152.11617	-152.11617	-53.25056	-49.4781	2.2565887	4.8020673	-56.253872	-49.4781	0.0	5824983	1436.5933821201324
29	-153.95406	-153.95406	-57.771347	-49.44522	2.3783863	9.502446	-54.094734	-49.44522	0.0	6025981	1489.6721584796906
30	-154.2735	-154.2735	-60.961487	-49.418594	2.6044793	7.560752	-55.797512	-49.418594	0.0	6226988	1542.5793170928955
31	-151.95229	-151.95229	-33.020958	-49.41044	2.6459553	6.922784	-56.844097	-49.41044	0.0	6427984	1596.7946712970734
32	-153.39023	-153.39023	-30.499914	-49.430157	2.5456858	6.946884	-55.006477	-49.430157	0.0	6628983	1649.9887313842773
33	-151.6824	-151.6824	-44.421703	-49.420868	2.5555131	7.5493565	-53.84792	-49.420868	0.0	6829985	1703.0973353385925
34	-146.4328	-146.4328	-66.5407	-49.423237	2.5268652	11.04779	-52.857452	-49.423237	0.0	7030983	1755.8661060333252
35	-147.48018	-147.48018	-85.72345	-49.427914	2.5114393	7.491241	-54.79715	-49.427914	0.0	7231987	1808.7424545288086
36	-160.8158	-160.8158	-28.496283	-49.4168	2.5458348	5.9798274	-53.796112	-49.4168	0.0	7432984	1861.9956109523773
37	-164.2461	-164.2461	-72.8142	-49.390675	2.5876744	6.716149	-55.009754	-49.390675	0.0	7633983	1917.7499248981476
38	-155.1163	-155.1163	-58.056934	-49.380013	2.6587856	10.219299	-54.035446	-49.380013	0.1	7834987	1971.0439791679382
39	-172.24095	-172.24095	-48.131958	-49.37002	2.721976	10.077917	-52.507423	-49.37002	0.0	8035981	2024.5315601825714
40	-146.46074	-146.46074	-52.46726	-49.340565	2.819165	9.633485	-55.086258	-49.340565	0.0	8236984	2079.9777841567993
41	-151.50159	-151.50159	-56.334835	-49.315857	2.9135745	9.979802	-53.2006	-49.315857	0.0	8437983	2135.799817800522
42	-169.19502	-169.19502	-53.438526	-49.30452	2.8988056	8.8657	-56.768356	-49.30452	0.0	8638986	2192.3678147792816
43	-153.9884	-153.9884	-70.91858	-49.314587	2.8289316	8.234476	-54.00451	-49.314587	0.0	8839984	2253.0409395694733
44	-155.2203	-155.2203	-49.864586	-49.31099	2.8048265	10.446272	-53.318733	-49.31099	0.0	9040984	2310.994356393814
45	-151.90659	-151.90659	-44.120853	-49.298237	2.8196962	7.2666726	-53.185825	-49.298237	0.0	9241986	2371.548675298691
46	-157.14542	-157.14542	-46.765255	-49.294518	2.8099735	8.918338	-53.901337	-49.294518	0.0	9442983	2439.2510147094727
47	-157.57607	-157.57607	-66.495735	-49.286915	2.7927413	9.316085	-54.450592	-49.286915	0.1	9643982	2496.5203647613525
48	-172.7783	-172.7783	-56.35093	-49.28484	2.8375514	7.6536756	-53.84539	-49.28484	0.0	9844981	2568.145161628723
49	-153.04799	-153.04799	-57.56654	-49.277134	2.8296688	7.039038	-53.215656	-49.277134	0.0	10045983	2642.690933227539
50	-152.47868	-152.47868	-66.23289	-49.26883	2.84633	7.7489896	-53.97804	-49.26883	0.0	10246982	2709.739775657654
51	-166.37729	-166.37729	-21.542889	-49.265095	2.8886666	8.545784	-54.43396	-49.265095	0.0	10447987	2773.3185267448425
52	-154.07922	-154.07922	-20.07733	-49.238953	2.973527	8.750854	-53.61578	-49.238953	0.0	10648984	2834.199625492096
53	-166.55074	-166.55074	-77.58803	-49.215385	3.0542111	9.1304865	-54.75684	-49.215385	0.0	10849982	2887.6739704608917
54	-164.32869	-164.32869	-77.21717	-49.20437	3.1395042	6.1743846	-52.990047	-49.20437	0.0	11050982	2974.119762659073
55	-173.47766	-173.47766	-78.73046	-49.20331	3.1816716	11.284282	-67.12176	-49.20331	0.0	11251984	3036.7432730197906
56	-173.38498	-173.38498	-81.85303	-49.20658	3.1257777	6.570098	-56.82388	-49.20658	0.0	11452984	3103.2820506095886
57	-143.11893	-143.11893	-95.796974	-49.177433	3.213995	7.68219	-55.007427	-49.177433	0.0	11653985	3160.747981786728
58	-150.56104	-150.56104	-50.14166	-49.032703	3.7177944	10.013541	-55.253437	-49.032703	0.0	11854982	3238.637640953064
59	-163.1459	-163.1459	-94.843185	-48.952206	3.9892178	10.098884	-55.02256	-48.952206	0.1	12055983	3337.503622531891
60	-169.80695	-169.80695	-34.625828	-49.05662	3.4917672	12.408764	-65.36013	-49.05662	0.1	12256991	3396.815687417984
61	-168.37236	-168.37236	-24.455519	-48.97608	3.682338	10.338517	-65.01696	-48.97608	0.2	12457981	3468.8398728370667
62	-174.71002	-174.71002	-95.18824	-48.85944	3.9711516	13.7024975	-57.805214	-48.85944	0.2	12658982	3557.431193590164
63	-182.14676	-182.14676	-108.73274	-48.665222	4.2545133	25.501036	-76.81807	-48.665222	0.0	12859982	3648.3443655967712
64	-194.81096	-194.81096	-78.43719	-48.71387	4.178191	10.387845	-67.003265	-48.71387	0.0	13060986	3742.0647547245026
65	-189.396	-189.396	-59.79619	-48.724453	4.194395	9.1846285	-65.90306	-48.724453	0.0	13261988	3835.00728058815
66	-188.81451	-188.81451	-146.78589	-48.66057	4.3678045	13.107434	-62.47996	-48.66057	0.1	13462985	3923.7344710826874
67	-168.19057	-168.19057	-117.73357	-48.905872	3.9862428	11.87816	-60.05913	-48.905872	0.0	13663984	4015.7663807868958
68	-154.87378	-154.87378	-90.41389	-48.97674	3.8688245	13.672783	-58.47849	-48.97674	0.0	13864983	4104.107934951782
69	-194.58043	-194.58043	-72.13493	-49.04522	3.652633	11.615397	-62.26912	-49.04522	0.4	14065984	4194.580744981766
70	-167.10147	-167.10147	-58.38219	-49.099834	3.5025403	9.729728	-61.72157	-49.099834	0.0	14266984	4286.001430273056
71	-167.3723	-167.3723	-144.9986	-49.113968	3.456453	9.492317	-56.83082	-49.113968	0.0	14467982	4374.034337520599
72	-169.5798	-169.5798	-81.48237	-49.157818	3.3403745	11.959332	-55.103706	-49.157818	0.1	14668985	4464.324410200119
73	-194.51982	-194.51982	-167.19873	-49.15646	3.32817	11.261513	-58.399086	-49.15646	0.1	14869985	4557.966122627258
74	-171.5325	-171.5325	-57.62246	-49.14306	3.3804886	7.698778	-54.243427	-49.14306	0.0	15070981	4653.580390453339
75	-200.90979	-200.90979	-76.14905	-49.157776	3.3534808	8.977468	-54.47882	-49.157776	0.2	15271983	4746.844415664673
76	-141.3879	-141.3879	-23.197563	-49.155468	3.3563628	10.959902	-53.808086	-49.155468	0.1	15472982	4839.190240859985
77	-158.84604	-158.84604	-105.77839	-49.168674	3.3150003	9.560287	-54.32197	-49.168674	0.0	15673983	4931.715092658997
78	-159.8819	-159.8819	-12.909024	-49.166786	3.2677217	14.773758	-55.94999	-49.166786	0.0	15874983	5018.169425725937
79	-174.53726	-174.53726	-43.319283	-49.157803	3.2882934	12.848249	-57.86949	-49.157803	0.2	16075982	5106.040587902069
80	-200.74687	-200.74687	-36.76121	-49.130135	3.3578618	12.367447	-54.89537	-49.130135	0.0	16276990	5200.271820306778
81	-162.4824	-162.4824	-34.235783	-49.131065	3.363911	11.324856	-56.03433	-49.131065	0.0	16477982	5291.950786113739
82	-164.73187	-164.73187	-80.42781	-49.071346	3.5386248	12.371066	-54.486767	-49.071346	0.0	16678982	5381.127821922302
83	-161.11899	-161.11899	-128.68837	-49.036633	3.6071846	8.434822	-56.55155	-49.036633	0.0	16879982	5470.7904143333435
84	-166.54445	-166.54445	-57.578617	-48.990185	3.7730317	10.209092	-57.733562	-48.990185	0.2	17080983	5562.103019952774
85	-168.37387	-168.37387	-71.19156	-48.93683	3.9178507	10.658761	-55.108257	-48.93683	0.1	17281982	5651.310042619705
86	-166.78326	-166.78326	-135.56398	-48.89662	4.0059404	12.777376	-57.119347	-48.89662	0.0	17482981	5741.177532672882
87	-181.86218	-181.86218	-62.23007	-48.916885	3.9585037	9.276091	-56.064125	-48.916885	0.3	17683985	5833.29079914093
88	-164.34077	-164.34077	-75.98384	-48.8919	3.985286	11.630112	-55.689526	-48.8919	0.0	17884983	5924.684550046921
