Epoch	EpRet	EpRealRet	TestEpRet	AverageQ1	StdQ1	MaxQ1	MinQ1	Q2	TestSuccess	TotalEnvInteracts	TotalTime
0	-7.8829207	-7.8829207	0.0	-27.358034	12.355042	4.586277	-60.52941	-27.364513	0.3	196981	43.398112058639526
1	-9.630871	-9.630871	0.0	-43.38137	13.316956	3.9416053	-61.365353	-43.380394	0.2	397981	95.51938104629517
2	-5.988654	-5.988654	0.0	-43.155426	14.282804	11.240999	-57.03647	-43.15915	0.3	598981	150.50874066352844
3	-5.6085143	-5.6085143	0.0	-40.280495	16.85834	5.652404	-62.154396	-40.28169	0.2	799981	206.4685459136963
4	-7.4659724	-7.4659724	0.0	-41.46781	16.6299	8.392342	-85.84073	-41.467987	0.0	1000981	261.39757776260376
5	-8.360557	-8.360557	0.0	-38.603195	17.16932	35.048023	-62.23069	-38.603344	0.1	1201981	317.5743932723999
6	-6.359593	-6.359593	0.0	-39.276833	17.291424	7.774681	-67.97567	-39.276455	0.2	1402981	371.37803292274475
7	-7.3243446	-7.3243446	0.0	-38.86568	17.412722	13.281271	-69.102394	-38.867046	0.4	1603981	427.0699017047882
8	-7.675997	-7.675997	0.0	-38.715813	17.450804	7.617653	-60.41397	-38.71489	0.2	1804981	481.9803795814514
9	-5.1773205	-5.1773205	0.0	-38.261948	17.429974	18.39203	-79.236626	-38.264034	0.1	2005981	540.7582995891571
10	-6.6193953	-6.6193953	0.0	-38.553047	17.155321	7.2869506	-59.62387	-38.55308	0.1	2206981	592.7153165340424
11	-8.138711	-8.138711	0.0	-38.429028	17.0792	8.090433	-78.64768	-38.43022	0.5	2407981	645.6787927150726
12	-15.263781	-15.263781	0.9547653	-37.668827	16.866682	46.914356	-71.36215	-37.67008	0.5	2608982	705.1646294593811
13	-16.092422	-16.092422	-3.618692	-37.48616	17.092146	10.737387	-75.77708	-37.48497	0.2	2809982	763.9320096969604
14	-17.129995	-17.129995	-5.9727473	-38.81524	16.80482	9.587481	-74.9146	-38.81747	0.1	3010982	825.0160961151123
15	-14.875333	-14.875333	-3.6450827	-40.116177	16.326668	7.9374814	-73.58865	-40.119747	0.2	3211982	885.1486947536469
16	-17.02302	-17.02302	-0.4075159	-40.675064	16.11361	12.7916155	-83.316895	-40.674747	0.4	3412981	945.2477769851685
17	-12.878366	-12.878366	-4.879972	-40.808105	16.11702	9.310095	-75.017334	-40.808342	0.1	3613981	1004.3062214851379
18	-15.216013	-15.216013	-3.5480192	-41.004177	16.151503	28.877548	-83.35551	-41.005276	0.3	3814982	1063.1751964092255
19	-17.04774	-17.04774	-0.71774703	-41.3948	15.988188	13.329114	-70.567024	-41.39516	0.4	4015981	1126.358612537384
20	-15.115104	-15.115104	-5.395361	-41.454575	15.95918	10.8215885	-71.046906	-41.456398	0.2	4216982	1187.1121411323547
21	-13.963536	-13.963536	-5.8100076	-41.56826	15.890604	12.941691	-84.31434	-41.568256	0.3	4417982	1246.178049325943
22	-14.523757	-14.523757	-3.8896203	-41.66253	15.8955765	10.242482	-67.78573	-41.664776	0.1	4618982	1304.6155588626862
23	-12.913426	-12.913426	-8.017264	-41.869102	15.833207	11.959658	-80.10868	-41.86989	0.1	4819982	1360.0791211128235
24	-16.272894	-16.272894	-4.800255	-41.752487	15.756184	11.020379	-64.06554	-41.75181	0.2	5020981	1418.8376519680023
25	-14.731074	-14.731074	-1.3936678	-41.672565	15.814108	12.769207	-72.92248	-41.671913	0.2	5221982	1475.8841178417206
26	-15.815784	-15.815784	-2.9232378	-41.67433	15.75387	13.827924	-72.525475	-41.673065	0.4	5422981	1533.1939883232117
27	-14.500514	-14.500514	-4.2432103	-41.543854	15.7632475	15.28223	-68.73586	-41.543552	0.3	5623982	1593.540415763855
28	-17.306396	-17.306396	-3.8092253	-41.514767	15.792023	11.189717	-66.98974	-41.51606	0.1	5824982	1650.6804766654968
29	-15.282679	-15.282679	-4.682023	-41.707184	15.735505	12.317285	-66.761566	-41.70904	0.1	6025982	1706.2110245227814
30	-15.464896	-15.464896	-5.477185	-41.892895	15.719048	11.9723625	-80.02534	-41.89257	0.3	6226981	1765.242392539978
31	-16.158325	-16.158325	2.6582298	-41.980633	15.642431	14.40999	-69.292915	-41.980522	0.4	6427982	1821.9041411876678
32	-11.896869	-11.896869	-8.08574	-41.816074	15.650228	14.390958	-71.15961	-41.817154	0.0	6628982	1882.2241628170013
33	-14.866128	-14.866128	-1.7125934	-41.87148	15.640084	12.950253	-76.734314	-41.874046	0.1	6829982	1939.589275598526
34	-17.056656	-17.056656	0.39592388	-41.84357	15.688299	13.474849	-71.618546	-41.845016	0.4	7030982	1999.6170172691345
35	-15.397584	-15.397584	-3.229045	-41.96165	15.600717	17.849953	-71.546555	-41.963055	0.2	7231982	2059.4873538017273
36	-15.712	-15.712	-3.7086813	-41.913708	15.544503	14.909456	-65.90159	-41.915886	0.3	7432982	2116.218424320221
37	-13.704066	-13.704066	-4.75512	-41.988747	15.526201	15.21349	-62.923332	-41.989548	0.2	7633981	2174.490166425705
38	-9.787861	-9.787861	-3.2389631	-41.889267	15.659295	12.883415	-69.7915	-41.88796	0.1	7834982	2234.5318870544434
39	-15.925385	-15.925385	-2.2034838	-41.886497	15.671991	25.329325	-68.423416	-41.889107	0.2	8035982	2291.7294692993164
40	-14.329724	-14.329724	-0.34573725	-41.997757	15.570587	26.862932	-65.434525	-42.00253	0.3	8236982	2352.5511181354523
41	-16.315823	-16.315823	0.23689547	-42.04676	15.5308695	19.48897	-62.7971	-42.0462	0.4	8437981	2408.00488448143
42	-15.681797	-15.681797	-1.2207106	-42.1692	15.494555	13.650957	-70.487045	-42.17104	0.4	8638981	2467.1486167907715
43	-15.629168	-15.629168	-3.4683297	-42.202606	15.3839035	14.249915	-74.90721	-42.203403	0.3	8839982	2524.3744447231293
44	-15.604514	-15.604514	-2.0164149	-42.160793	15.409533	14.591363	-71.501465	-42.15854	0.2	9040982	2583.76588511467
45	-14.219097	-14.219097	-3.1873178	-42.094437	15.418689	43.98584	-64.488525	-42.092983	0.2	9241982	2643.527893304825
46	-12.935356	-12.935356	-3.7608297	-41.969936	15.543071	22.586218	-61.429405	-41.96782	0.2	9442982	2700.736555337906
47	-15.394757	-15.394757	-0.3658799	-41.996117	15.5582075	67.69655	-62.30588	-41.995926	0.4	9643981	2757.046117544174
48	-14.424919	-14.424919	-5.319489	-42.116425	15.4936075	16.084389	-63.217655	-42.11602	0.4	9844982	2813.998512029648
49	-11.0884495	-11.0884495	-6.521736	-42.067474	15.524562	28.916859	-66.54237	-42.066994	0.1	10045982	2872.029401540756
50	-12.608576	-12.608576	-3.7744744	-41.94335	15.509141	31.62033	-66.83448	-41.94255	0.1	10246982	2927.8283863067627
51	-14.591791	-14.591791	-3.5120218	-41.824905	15.610362	16.823795	-66.31377	-41.8246	0.2	10447982	2988.042318344116
52	-15.70172	-15.70172	-6.321332	-41.909184	15.581129	27.832174	-62.914	-41.907394	0.1	10648982	3046.1162109375
53	-17.627367	-17.627367	-1.6747341	-41.955368	15.587845	19.4753	-70.1176	-41.955013	0.3	10849982	3102.9500811100006
54	-17.009739	-17.009739	-3.6731997	-41.954197	15.601862	26.910316	-67.87302	-41.95296	0.3	11050982	3162.018273830414
55	-14.301209	-14.301209	-4.540424	-41.941677	15.574729	15.66367	-65.914795	-41.938965	0.2	11251982	3219.862634420395
56	-15.742942	-15.742942	0.9395571	-41.935116	15.547886	16.417376	-67.62331	-41.93165	0.7	11452981	3278.7736814022064
57	-12.992928	-12.992928	2.3057745	-41.89613	15.554213	14.94094	-63.518085	-41.89514	0.4	11653982	3337.192402601242
58	-14.822051	-14.822051	-5.9632816	-41.88467	15.5684595	18.107565	-63.764126	-41.885513	0.3	11854981	3393.990747690201
59	-15.90183	-15.90183	-0.76614916	-41.890182	15.601334	23.331388	-64.64531	-41.888332	0.4	12055982	3452.174042224884
60	-10.027162	-10.027162	-2.6483736	-41.854393	15.621242	17.176748	-69.45374	-41.85173	0.2	12256982	3510.2029073238373
61	-14.166949	-14.166949	-3.3593132	-41.748646	15.662336	19.23895	-64.501656	-41.74516	0.2	12457982	3566.181599855423
62	-14.57682	-14.57682	-2.473768	-41.688248	15.671306	20.791338	-63.008633	-41.68502	0.3	12658982	3623.9424057006836
63	-16.9354	-16.9354	-0.3399559	-41.654118	15.641427	28.623755	-67.29364	-41.64963	0.6	12859982	3682.409829378128
64	-14.748528	-14.748528	-2.9285123	-41.610783	15.659816	17.246836	-71.281105	-41.606316	0.1	13060981	3739.4651448726654
65	-13.459419	-13.459419	-3.7558157	-41.59667	15.683513	56.304756	-67.88277	-41.59248	0.3	13261981	3797.8890154361725
66	-14.691859	-14.691859	-4.668344	-41.57939	15.631361	37.325844	-69.57996	-41.57232	0.4	13462981	3855.3755996227264
67	-13.590145	-13.590145	0.24387074	-41.49628	15.634222	29.322363	-66.747894	-41.492622	0.4	13663982	3912.923954963684
68	-10.003555	-10.003555	-2.1040313	-41.44623	15.693775	20.189592	-79.872185	-41.441124	0.2	13864982	3972.1556453704834
69	-14.905554	-14.905554	-2.0729487	-41.41358	15.6795	23.121313	-71.661224	-41.407215	0.2	14065982	4030.4023201465607
70	-15.307446	-15.307446	-1.1661919	-41.365696	15.686258	22.324736	-70.06588	-41.362267	0.4	14266982	4088.614470243454
71	-12.340762	-12.340762	-3.5688026	-41.368904	15.643047	21.24065	-67.98911	-41.362583	0.2	14467981	4142.776153802872
72	-15.207014	-15.207014	2.097414	-41.332092	15.679964	21.70826	-71.55674	-41.327652	0.7	14668981	4200.355232000351
73	-14.632671	-14.632671	-3.2088106	-41.36013	15.716283	21.68851	-66.46629	-41.35577	0.3	14869982	4259.591743707657
74	-9.636559	-9.636559	-1.428297	-41.33625	15.715369	22.050745	-71.37942	-41.32869	0.1	15070982	4315.891435623169
75	-14.500248	-14.500248	-0.35330173	-41.322166	15.727997	18.974136	-67.45681	-41.3138	0.3	15271982	4375.049035787582
76	-13.210314	-13.210314	-1.9773904	-41.304863	15.747159	21.545658	-64.78229	-41.299614	0.5	15472982	4431.135135650635
77	-15.404466	-15.404466	-2.2815342	-41.322636	15.781135	18.224289	-64.9592	-41.316475	0.3	15673982	4488.281602144241
78	-15.140224	-15.140224	-1.5153502	-41.36219	15.75532	21.278217	-63.40732	-41.355587	0.2	15874982	4544.991560220718
79	-13.157536	-13.157536	-1.7938933	-41.41563	15.699152	21.325506	-63.409904	-41.40975	0.3	16075982	4604.46216750145
80	-14.730661	-14.730661	-5.164491	-41.42417	15.765624	24.641481	-65.75377	-41.418716	0.2	16276982	4664.362213373184
81	-13.451561	-13.451561	-4.64912	-41.380154	15.809268	23.204016	-76.29355	-41.37227	0.2	16477981	4718.727874517441
82	-13.673284	-13.673284	-3.5086527	-41.377533	15.827108	25.159086	-71.894554	-41.367817	0.3	16678982	4777.4775314331055
83	-13.519425	-13.519425	0.43024284	-41.398907	15.814167	21.709503	-67.23274	-41.39017	0.4	16879982	4836.577224254608
84	-14.167261	-14.167261	-0.757721	-41.355236	15.873764	39.13434	-68.273575	-41.34857	0.4	17080982	4892.2637095451355
85	-14.859583	-14.859583	-4.0938787	-41.281326	15.915028	21.357433	-74.22897	-41.274014	0.1	17281981	4948.719579696655
86	-10.0406685	-10.0406685	-3.662133	-41.34884	15.877322	27.056553	-66.763916	-41.341824	0.1	17482982	5004.879384279251
87	-15.140015	-15.140015	-6.3752003	-41.32146	15.8720665	20.54988	-68.37682	-41.31356	0.0	17683982	5061.72270321846
88	-14.827588	-14.827588	-0.68964404	-41.35553	15.836312	22.436262	-71.7566	-41.34644	0.4	17884982	5118.555963516235
89	-16.681818	-16.681818	-1.9075439	-41.39957	15.790503	23.483252	-67.01674	-41.392597	0.4	18085982	5177.51687669754
90	-11.176835	-11.176835	0.48384574	-41.425533	15.8086815	20.124224	-66.345436	-41.41998	0.4	18286981	5237.576375961304
91	-13.791354	-13.791354	-1.2062722	-41.42448	15.823983	24.010334	-72.61988	-41.41469	0.2	18487981	5293.697543382645
92	-12.180756	-12.180756	-2.8378232	-41.411625	15.817713	25.853088	-64.78809	-41.40271	0.2	18688982	5348.906830072403
93	-14.818945	-14.818945	-0.21206401	-41.414803	15.808265	19.976944	-70.68657	-41.406628	0.5	18889982	5405.641495227814
94	-16.440222	-16.440222	-8.615357	-41.430676	15.805825	21.210178	-67.0387	-41.42035	0.1	19090982	5464.41895365715
95	-9.998212	-9.998212	-2.1539805	-41.466606	15.754321	26.506222	-75.34621	-41.459015	0.4	19291982	5522.719415664673
96	-11.438647	-11.438647	-0.44886258	-41.395355	15.794627	31.376856	-70.292305	-41.38593	0.2	19492981	5579.011230230331
97	-13.608843	-13.608843	-5.171677	-41.37634	15.7685795	35.926674	-79.00929	-41.36721	0.2	19693982	5637.324567317963
98	-10.540071	-10.540071	-1.5585854	-41.304077	15.847212	23.038445	-75.83179	-41.293385	0.2	19894982	5695.377687931061
99	-9.323109	-9.323109	-2.7253094	-41.316673	15.819348	19.997555	-75.24878	-41.30713	0.3	20095982	5752.41308927536
