Epoch	EpRet	EpRealRet	TestEpRet	AverageQ1	StdQ1	MaxQ1	MinQ1	Q2	TestSuccess	TotalEnvInteracts	TotalTime
0	-14.418073	-14.418073	0.0	-23.114197	15.8645735	4.3335276	-55.394672	-23.121723	0.0	196981	87.93158268928528
1	-10.758173	-10.758173	0.0	-10.015322	12.064395	9.937352	-53.26919	-10.014956	0.0	397981	175.36598014831543
2	-14.079209	-14.079209	0.0	-12.70132	11.405434	9.598559	-54.100857	-12.70124	0.0	598981	262.1999559402466
3	-16.020588	-16.020588	0.0	-22.837355	12.030485	4.01916	-61.294094	-22.836693	0.0	799981	349.4682478904724
4	-13.045393	-13.045393	0.0	-18.556824	13.4516535	36.831635	-55.302162	-18.557144	0.0	1000981	435.1691086292267
5	-12.063735	-12.063735	0.0	-26.635107	13.180927	1.6419094	-57.641056	-26.635202	0.0	1201981	522.5371530056
6	-10.885684	-10.885684	0.0	-16.284483	13.426775	7.785566	-54.5874	-16.284367	0.0	1402981	610.855397939682
7	-12.119436	-12.119436	0.0	-11.326204	12.971294	4.046974	-55.936428	-11.326027	0.0	1603981	697.4566118717194
8	-10.8494215	-10.8494215	0.0	-11.65567	11.570045	2.3866518	-52.786186	-11.655202	0.0	1804981	784.5412001609802
9	-13.845878	-13.845878	0.0	-13.259623	11.313511	3.8922055	-52.581284	-13.259102	0.0	2005981	871.6593477725983
10	-11.755167	-11.755167	0.0	-9.448354	11.010058	3.6662254	-52.88337	-9.448356	0.0	2206981	959.3438258171082
11	-13.539214	-13.539214	0.0	-12.493867	12.265039	3.590732	-54.96356	-12.494282	0.0	2407981	1047.4124376773834
12	-12.085125	-12.085125	0.0	-17.394388	12.014546	4.505309	-53.445683	-17.394869	0.0	2608981	1134.6966660022736
13	-14.664143	-14.664143	0.0	-29.85261	12.671923	28.450825	-57.27532	-29.853905	0.0	2809983	1221.7149283885956
14	-14.811614	-14.811614	0.0	-42.834694	7.533977	1.9240279	-57.007347	-42.835922	0.0	3010981	1309.46621632576
15	-13.590372	-13.590372	0.0	-42.122185	8.162035	2.2652526	-62.874477	-42.122486	0.0	3211981	1396.2676753997803
16	-15.060438	-15.060438	0.0	-35.82898	12.420784	19.925802	-56.141174	-35.825626	0.0	3412981	1484.219249010086
17	-13.139762	-13.139762	-4.566612	-34.319122	11.987163	10.857364	-67.861534	-34.319206	0.0	3613982	1571.7717204093933
18	-18.53123	-18.53123	-18.910479	-44.803005	6.907003	1.8869017	-112.994286	-44.801643	0.0	3814981	1659.9715013504028
19	-12.681729	-12.681729	-14.282971	-46.678833	5.500996	2.8459399	-66.2186	-46.67832	0.0	4015981	1747.939645767212
20	-11.453155	-11.453155	0.0	-47.041466	5.466883	2.1215792	-57.640335	-47.041294	0.0	4216981	1835.624433040619
21	-12.25539	-12.25539	0.0	-46.431133	6.0596204	2.5452468	-57.044407	-46.430767	0.0	4417981	1923.2423796653748
22	-11.792224	-11.792224	0.0	-47.659607	4.986151	2.015206	-60.510235	-47.6592	0.0	4618981	2010.176969051361
23	-14.246233	-14.246233	0.0	-47.860775	4.776553	1.8886913	-72.65817	-47.861282	0.0	4819981	2098.111792087555
24	-11.298229	-11.298229	0.0	-47.968033	4.592039	2.392171	-59.213657	-47.9684	0.0	5020981	2186.3630549907684
25	-12.682116	-12.682116	0.0	-47.80996	4.693413	2.6042542	-58.816784	-47.809834	0.0	5221981	2273.9308660030365
26	-15.513847	-15.513847	0.0	-48.07783	4.5526342	2.1366365	-71.83527	-48.07747	0.0	5422981	2361.7489347457886
27	-13.133881	-13.133881	0.0	-48.35725	4.3602376	2.3011765	-56.571636	-48.357483	0.0	5623981	2448.050123691559
28	-13.172224	-13.172224	0.0	-48.085045	4.500506	2.133388	-72.03604	-48.084988	0.0	5824981	2534.9022846221924
29	-13.612824	-13.612824	0.0	-47.52376	4.856792	2.372554	-59.295532	-47.52378	0.0	6025981	2623.103453874588
30	-11.119968	-11.119968	0.0	-47.30646	4.9910297	1.9747397	-57.123898	-47.3067	0.0	6226981	2711.154576778412
31	-13.545365	-13.545365	0.0	-47.90119	4.6071334	2.6971915	-60.74803	-47.900906	0.0	6427981	2798.4888954162598
32	-10.61042	-10.61042	0.0	-48.146664	4.415206	2.1550074	-54.294556	-48.14709	0.0	6628981	2886.873862504959
33	-14.150712	-14.150712	0.0	-47.967087	4.5590997	2.4968367	-67.00084	-47.968357	0.0	6829983	2974.958235502243
34	-11.428379	-11.428379	0.0	-47.955162	4.5804863	3.4397292	-56.63255	-47.95534	0.0	7030981	3061.9764075279236
35	-11.532335	-11.532335	0.0	-47.490665	4.987582	3.60547	-61.59762	-47.490982	0.0	7231981	3147.8800003528595
36	-14.809401	-14.809401	0.0	-47.193924	5.186963	3.7711759	-60.093376	-47.194088	0.0	7432981	3231.526667356491
37	-11.922865	-11.922865	0.0	-47.066868	5.2238684	3.5032184	-59.61947	-47.066994	0.0	7633981	3314.555774450302
38	-18.742765	-18.742765	0.0	-47.020947	5.2009854	4.62631	-77.06424	-47.021084	0.0	7834981	3398.117920398712
39	-12.811416	-12.811416	0.0	-47.08755	5.0198984	6.4009213	-58.79288	-47.087543	0.0	8035981	3480.9355874061584
40	-12.127578	-12.127578	0.0	-46.857018	5.1737776	4.7631507	-65.766815	-46.857006	0.0	8236981	3564.2175965309143
41	-12.208422	-12.208422	0.0	-46.801582	5.339334	6.9132433	-57.91147	-46.80196	0.0	8437981	3648.602611064911
42	-12.756473	-12.756473	0.0	-47.230053	5.0256076	6.0628057	-59.56397	-47.23016	0.0	8638981	3732.2368009090424
43	-13.148899	-13.148899	0.0	-47.13684	5.065431	6.6332407	-58.022842	-47.137257	0.0	8839981	3814.3048062324524
44	-10.621839	-10.621839	0.0	-46.713478	5.3640933	6.4270983	-56.845394	-46.713314	0.0	9040981	3893.372769832611
45	-11.283778	-11.283778	0.0	-45.936462	6.0409	3.2763486	-56.761456	-45.937145	0.0	9241981	3972.6736178398132
46	-12.218345	-12.218345	0.0	-45.454113	6.4088154	4.9021482	-61.074238	-45.45359	0.0	9442981	4052.291750907898
47	-12.565249	-12.565249	0.0	-45.55112	6.4000096	6.27308	-62.628788	-45.55121	0.0	9643981	4135.392779111862
48	-13.052635	-13.052635	0.0	-45.80093	5.9987464	3.7029855	-61.439316	-45.801544	0.0	9844981	4211.144299507141
49	-11.175229	-11.175229	0.0	-45.66755	5.946982	4.617535	-59.720135	-45.667885	0.0	10045981	4294.81193447113
50	-10.872693	-10.872693	0.0	-45.55674	5.829759	9.3916855	-59.32125	-45.556915	0.0	10246981	4374.663290023804
51	-12.317522	-12.317522	0.0	-45.166798	6.0263095	4.4315696	-78.28608	-45.167152	0.0	10447982	4457.181106090546
52	-12.646531	-12.646531	0.0	-44.57264	6.444918	6.558572	-60.49382	-44.572796	0.0	10648981	4538.415678501129
53	-15.791848	-15.791848	0.0	-43.909557	6.9335737	16.526632	-71.347855	-43.911163	0.0	10849981	4620.767081260681
54	-14.013999	-14.013999	0.0	-43.63101	7.3466134	6.1950555	-56.331715	-43.63124	0.0	11050981	4703.818115234375
55	-11.806803	-11.806803	0.0	-45.894985	5.945905	11.675903	-59.619026	-45.89654	0.0	11251981	4783.602877616882
56	-11.667266	-11.667266	0.0	-45.770336	5.802582	5.9734325	-60.622746	-45.771095	0.0	11452981	4866.104156732559
57	-13.05803	-13.05803	0.0	-43.640606	7.5222573	5.973158	-61.243607	-43.64113	0.0	11653981	4947.038600921631
58	-13.687784	-13.687784	0.0	-39.214478	9.387128	6.6137886	-58.351173	-39.213993	0.0	11854981	5027.489737033844
59	-15.024615	-15.024615	0.0	-41.99154	7.7629533	5.590883	-60.071304	-41.99232	0.0	12055981	5110.27462220192
60	-12.205545	-12.205545	0.0	-43.30946	6.7724185	5.7858696	-61.850117	-43.30784	0.0	12256981	5192.109277248383
61	-12.249004	-12.249004	0.0	-43.884773	6.9941583	6.9079776	-64.93965	-43.884007	0.0	12457982	5273.110584974289
62	-16.927557	-16.927557	0.0	-44.37725	7.1547904	5.522492	-80.07412	-44.377075	0.0	12658981	5352.678344488144
63	-10.484394	-10.484394	0.0	-45.715637	6.1157026	6.574499	-74.04924	-45.715145	0.0	12859981	5433.496246337891
64	-10.740426	-10.740426	0.0	-44.18355	7.5423365	4.839868	-58.998787	-44.183758	0.0	13060981	5513.330825090408
65	-10.380139	-10.380139	-3.5270438	-25.311459	18.296995	25.427635	-60.67935	-25.307943	0.1	13261981	5589.798357009888
66	-13.208139	-13.208139	0.0	-38.17906	11.124886	7.6266685	-69.54043	-38.178432	0.0	13462981	5668.983074903488
67	-13.180656	-13.180656	0.0	-44.432747	7.599418	7.790159	-66.26649	-44.430923	0.0	13663981	5751.167724370956
68	-14.006348	-14.006348	-3.6357539	-46.16092	6.534959	23.099346	-63.48522	-46.15855	0.0	13864981	5831.702099323273
69	-21.732603	-21.732603	-21.29748	-46.324352	6.210044	7.1680975	-61.831924	-46.32883	0.1	14065982	5912.772210597992
70	-12.834535	-12.834535	0.0	-47.777348	4.655226	4.4228344	-61.149204	-47.776913	0.0	14266981	5990.6378853321075
71	-11.167257	-11.167257	0.0	-46.889885	5.350955	7.1882954	-61.340794	-46.889923	0.0	14467981	6070.322411298752
72	-13.534089	-13.534089	0.0	-46.22411	6.2097964	9.595722	-58.468723	-46.22358	0.0	14668981	6149.473771572113
73	-10.034918	-10.034918	0.0	-45.383286	7.432742	12.518636	-59.102222	-45.38433	0.0	14869981	6232.241607666016
74	-11.707778	-11.707778	0.0	-44.00965	8.671393	17.268608	-61.33829	-44.01149	0.0	15070981	6313.676104545593
75	-10.501174	-10.501174	0.0	-45.388176	8.354149	10.804025	-60.72195	-45.387653	0.0	15271981	6394.4107139110565
76	-13.471289	-13.471289	0.0	-45.69975	8.558683	10.778684	-75.60183	-45.6998	0.0	15472981	6479.395564079285
77	-13.506936	-13.506936	0.0	-45.48613	8.686762	8.253102	-70.210045	-45.48651	0.0	15673981	6561.130079746246
78	-16.647444	-16.647444	0.0	-45.209877	8.823353	8.6299925	-58.56439	-45.20939	0.0	15874981	6644.181399106979
79	-13.589426	-13.589426	0.0	-44.594105	9.056834	11.14314	-86.94704	-44.59438	0.0	16075981	6727.299246311188
80	-12.499454	-12.499454	0.0	-44.49782	9.161643	10.470447	-56.47421	-44.499374	0.0	16276981	6811.400923490524
81	-12.439309	-12.439309	0.0	-44.253532	9.372523	9.163559	-59.206112	-44.253887	0.0	16477981	6892.052985429764
82	-14.3273735	-14.3273735	0.0	-44.40762	9.132498	6.9819245	-65.8993	-44.408222	0.0	16678981	6974.253598213196
83	-13.355539	-13.355539	0.0	-43.88282	9.721417	12.661469	-57.09353	-43.88417	0.0	16879981	7052.571010351181
84	-12.3788185	-12.3788185	0.0	-43.423103	9.918754	11.517515	-79.96798	-43.424034	0.0	17080981	7133.93922996521
85	-10.9761715	-10.9761715	0.0	-43.626595	9.667902	7.5381374	-59.707787	-43.626778	0.0	17281981	7216.558273792267
86	-11.4324045	-11.4324045	0.0	-44.16261	9.37887	9.246248	-65.87318	-44.162537	0.0	17482981	7295.558416128159
87	-12.529011	-12.529011	0.0	-43.973145	9.774824	9.866905	-56.26055	-43.97375	0.0	17683981	7376.4593007564545
88	-11.281756	-11.281756	0.0	-44.39358	8.801049	6.5805707	-62.362804	-44.394215	0.0	17884981	7456.077474355698
89	-15.220674	-15.220674	0.0	-45.110092	7.663125	13.238491	-60.79046	-45.10999	0.0	18085981	7537.797753334045
90	-13.609776	-13.609776	0.0	-44.607002	8.252447	13.646008	-57.703575	-44.60655	0.0	18286981	7619.213014364243
91	-10.907615	-10.907615	0.0	-44.41901	8.611657	11.473557	-62.291325	-44.419453	0.0	18487981	7699.597523212433
92	-12.38291	-12.38291	0.0	-44.79399	8.6097555	6.9340587	-59.655586	-44.795506	0.0	18688981	7783.048872709274
93	-12.063101	-12.063101	0.0	-44.66902	9.116561	8.172661	-58.41514	-44.669624	0.0	18889981	7865.883460521698
94	-13.712022	-13.712022	0.0	-45.15711	8.540164	6.1065793	-64.294426	-45.158653	0.0	19090981	7946.384778738022
95	-11.829511	-11.829511	0.0	-44.717186	8.906574	8.390963	-62.63673	-44.71742	0.0	19291981	8030.219527721405
96	-12.393283	-12.393283	0.0	-43.896713	9.53307	5.297062	-57.487774	-43.89567	0.0	19492981	8112.687288284302
97	-12.6481905	-12.6481905	0.0	-43.091156	10.126705	5.6908307	-65.94011	-43.090584	0.0	19693982	8192.804941654205
98	-11.458095	-11.458095	0.0	-42.83315	10.381643	8.150409	-65.26054	-42.83212	0.0	19894981	8275.389756917953
99	-11.447222	-11.447222	0.0	-42.16963	11.331064	7.6483264	-62.043552	-42.167988	0.0	20095981	8351.55756020546
100	-12.169412	-12.169412	0.0	-41.141285	12.065993	9.496693	-72.21377	-41.1399	0.0	20296981	8433.125441074371
101	-11.735094	-11.735094	0.0	-41.374493	11.43896	6.827676	-64.81769	-41.374783	0.0	20497981	8514.160426855087
102	-13.269897	-13.269897	0.0	-43.91528	8.811678	8.411041	-66.761826	-43.91465	0.0	20698981	8595.427901506424
103	-13.021784	-13.021784	0.0	-44.491367	7.4669538	4.8780947	-60.921535	-44.486053	0.0	20899981	8673.529163599014
104	-13.732156	-13.732156	0.0	-43.452053	8.4471855	9.16756	-60.694614	-43.447342	0.0	21100981	8752.030346393585
105	-12.062477	-12.062477	0.0	-43.425095	9.008815	9.0922575	-75.56726	-43.420822	0.0	21301981	8835.86498260498
106	-11.696636	-11.696636	0.0	-43.202606	9.539104	6.2584004	-60.264957	-43.19791	0.0	21502981	8915.465937614441
107	-13.303841	-13.303841	0.0	-43.584385	9.291543	10.842225	-62.201694	-43.581264	0.0	21703981	8996.684091806412
108	-12.721829	-12.721829	0.0	-42.937435	10.057129	7.2265906	-75.163315	-42.931995	0.0	21904981	9075.985210180283
109	-11.901684	-11.901684	0.0	-42.69836	10.697709	6.8929667	-60.443295	-42.69505	0.0	22105981	9158.569786071777
110	-14.963276	-14.963276	0.0	-42.08379	11.332603	7.0203485	-70.563515	-42.08179	0.0	22306984	9240.970890760422
111	-13.085651	-13.085651	0.0	-42.112427	11.322131	5.4329195	-66.027306	-42.113758	0.0	22507981	9319.88889169693
112	-12.8186	-12.8186	0.0	-42.339737	11.088424	8.949309	-64.87948	-42.336	0.0	22708981	9396.923554182053
113	-13.799917	-13.799917	0.0	-41.80675	11.819602	7.284778	-61.237846	-41.799915	0.0	22909981	9476.091172933578
114	-11.4217825	-11.4217825	0.0	-41.551712	11.980677	8.193975	-64.8947	-41.545235	0.0	23110981	9558.442254066467
115	-11.570557	-11.570557	0.0	-41.44039	12.093952	7.249313	-78.96906	-41.43493	0.0	23311981	9640.876886606216
116	-10.590346	-10.590346	0.0	-41.421223	12.339725	10.273298	-63.03489	-41.417274	0.0	23512981	9720.778126001358
117	-13.113696	-13.113696	0.0	-41.47652	13.073526	9.187552	-79.58837	-41.473022	0.0	23713981	9802.64597415924
118	-12.055791	-12.055791	0.0	-41.01368	13.883802	9.731242	-66.934	-41.003635	0.0	23914981	9885.280655145645
119	-12.447967	-12.447967	0.0	-40.447544	13.860582	8.086273	-69.06654	-40.44406	0.0	24115981	9967.198404312134
120	-11.963893	-11.963893	0.0	-41.054977	13.194719	6.955855	-60.811256	-41.060043	0.0	24316981	10052.383257627487
121	-13.210671	-13.210671	0.0	-41.282677	13.311378	6.543397	-68.38398	-41.287395	0.0	24517981	10135.667541265488
122	-12.213227	-12.213227	0.0	-41.269375	13.620649	6.613552	-70.99208	-41.266617	0.0	24718981	10216.319005966187
123	-12.440383	-12.440383	0.0	-41.148212	14.103982	6.492019	-64.64194	-41.146313	0.0	24919981	10298.320041894913
124	-14.312977	-14.312977	0.0	-41.479374	13.6428385	7.3252296	-91.74487	-41.479774	0.0	25120981	10380.5044734478
125	-11.490606	-11.490606	0.0	-41.444706	13.399661	10.738981	-57.437515	-41.442055	0.0	25321981	10462.85566663742
126	-14.035864	-14.035864	0.0	-41.391945	13.387386	7.3102274	-79.51359	-41.38877	0.0	25522981	10543.29057264328
127	-15.003834	-15.003834	0.0	-41.981163	12.3547735	6.7509103	-65.72827	-41.984726	0.0	25723981	10625.641341686249
128	-13.525463	-13.525463	0.0	-41.96195	12.375361	9.409397	-76.96631	-41.957424	0.0	25924981	10708.775842666626
129	-15.409681	-15.409681	0.0	-42.424915	12.052682	8.10883	-76.725975	-42.424683	0.0	26125981	10791.293814897537
130	-13.762179	-13.762179	0.0	-41.904037	12.883575	8.149787	-76.86237	-41.891155	0.0	26326981	10875.728371858597
131	-14.500577	-14.500577	0.0	-41.487503	13.545093	5.63877	-76.173096	-41.464718	0.0	26527981	10956.4629945755
132	-11.68284	-11.68284	0.0	-41.07349	14.01881	8.370754	-67.48451	-41.05343	0.0	26728981	11036.19738483429
133	-13.11534	-13.11534	0.0	-42.806866	12.089681	7.102029	-61.08476	-42.807396	0.0	26929981	11116.331980705261
134	-12.861431	-12.861431	0.0	-43.88987	11.225911	5.9648423	-65.28853	-43.889545	0.0	27130981	11197.849811792374
135	-11.653276	-11.653276	0.0	-44.180004	10.74466	6.096468	-64.636566	-44.18148	0.0	27331981	11277.450820207596
136	-11.736636	-11.736636	0.0	-43.242294	11.824313	7.313208	-68.46184	-43.238544	0.0	27532981	11357.319512367249
137	-12.242327	-12.242327	0.0	-42.461857	12.56528	7.696432	-69.42958	-42.452568	0.0	27733981	11436.953530788422
138	-11.252417	-11.252417	0.0	-41.861797	13.318688	8.991243	-63.731533	-41.854668	0.0	27934981	11518.487987995148
139	-12.678415	-12.678415	0.0	-41.71954	13.5204	9.426073	-79.07265	-41.71931	0.0	28135981	11600.689298152924
140	-11.397789	-11.397789	0.0	-42.653786	12.255309	7.6441274	-65.782684	-42.66082	0.0	28336981	11682.090385198593
141	-12.291651	-12.291651	0.0	-42.940216	10.604545	4.652419	-75.2121	-42.944523	0.0	28537981	11767.158410310745
142	-13.250105	-13.250105	0.0	-41.9674	11.98432	6.288774	-64.55622	-41.965485	0.0	28738981	11849.79280948639
143	-12.622983	-12.622983	0.0	-41.87954	12.125855	11.5048065	-66.89481	-41.8826	0.0	28939982	11932.543959617615
144	-12.537185	-12.537185	0.0	-42.851402	11.315138	6.822531	-68.82604	-42.85438	0.0	29140981	12014.27854514122
145	-13.210601	-13.210601	0.0	-42.82996	11.377292	8.302254	-65.30523	-42.82887	0.0	29341981	12094.213122844696
146	-13.259709	-13.259709	0.0	-43.212116	10.978216	6.69264	-77.736984	-43.21106	0.0	29542981	12178.831046581268
147	-12.227386	-12.227386	0.0	-42.542473	11.534227	16.674934	-61.433884	-42.540615	0.0	29743981	12263.382139444351
148	-11.415035	-11.415035	0.0	-41.634953	12.400695	10.241348	-64.12921	-41.632816	0.0	29944981	12347.317033052444
149	-11.783036	-11.783036	0.0	-40.33493	13.578283	6.978547	-104.08426	-40.334023	0.0	30145981	12431.451409578323
150	-14.952698	-14.952698	0.0	-40.93544	12.943825	7.3335924	-87.91831	-40.94149	0.0	30346981	12510.702366828918
151	-12.834487	-12.834487	0.0	-41.324898	12.434617	9.637538	-84.0441	-41.32813	0.0	30547981	12591.93712258339
152	-12.691153	-12.691153	0.0	-41.137276	12.398888	6.4780087	-67.68249	-41.141098	0.0	30748981	12672.154951810837
153	-11.042843	-11.042843	0.0	-42.225304	11.174573	11.211078	-62.392727	-42.22924	0.0	30949981	12753.356138706207
154	-10.345288	-10.345288	0.0	-42.710064	10.593269	13.021909	-76.72115	-42.710438	0.0	31150981	12835.640710830688
155	-14.269207	-14.269207	0.0	-42.438663	10.637597	10.563915	-66.79645	-42.43681	0.0	31351982	12914.992109060287
156	-12.241081	-12.241081	0.0	-42.3182	10.776301	6.8604336	-62.632263	-42.31643	0.0	31552981	12998.543606996536
157	-9.848393	-9.848393	0.0	-42.051804	11.3008	6.8475347	-66.64506	-42.046528	0.0	31753981	13080.344325780869
158	-11.39402	-11.39402	0.0	-42.482906	11.11607	11.884565	-66.67723	-42.480362	0.0	31954982	13162.862305164337
159	-11.121412	-11.121412	0.0	-42.706223	10.968939	6.473288	-62.372417	-42.706387	0.0	32155981	13243.39663863182
160	-12.951092	-12.951092	0.0	-42.736168	11.210842	6.8158865	-70.10458	-42.735874	0.0	32356981	13325.014681100845
161	-13.963653	-13.963653	0.0	-42.748096	11.238413	8.086225	-96.75206	-42.75013	0.0	32557981	13405.899172782898
162	-12.695089	-12.695089	0.0	-42.176186	11.534834	6.516275	-61.699745	-42.178898	0.0	32758981	13482.516957044601
163	-14.49867	-14.49867	0.0	-42.804703	10.648857	8.289069	-85.35366	-42.80586	0.0	32959981	13560.46806550026
164	-13.698811	-13.698811	0.0	-43.27803	10.243939	9.195835	-70.53196	-43.278183	0.0	33160981	13643.186366796494
165	-13.7349825	-13.7349825	0.0	-43.550392	9.96664	11.604168	-75.242935	-43.550686	0.0	33361981	13726.270523786545
166	-15.227793	-15.227793	0.0	-43.386543	10.020732	8.224258	-67.96951	-43.382347	0.0	33562981	13810.405048370361
167	-11.4301195	-11.4301195	0.0	-41.43994	11.408187	16.909246	-67.7783	-41.436028	0.0	33763981	13893.439806461334
168	-12.449582	-12.449582	0.0	-39.98179	12.305754	11.862817	-77.78472	-39.980885	0.0	33964981	13975.690972089767
169	-10.680385	-10.680385	0.0	-41.56516	11.050743	10.856703	-68.94153	-41.565742	0.0	34165981	14059.058817625046
170	-10.454978	-10.454978	0.0	-42.45015	10.255842	8.008593	-69.55796	-42.451515	0.0	34366981	14139.943326234818
171	-10.198233	-10.198233	0.0	-42.56278	10.172338	7.985638	-63.403675	-42.561092	0.0	34567981	14221.744520425797
172	-10.113423	-10.113423	0.0	-41.990013	10.858828	11.622701	-74.5588	-41.989704	0.0	34768981	14304.72922372818
173	-13.271916	-13.271916	0.0	-43.206753	9.746094	10.107403	-68.65154	-43.210545	0.0	34969981	14386.130291938782
174	-11.740758	-11.740758	0.0	-44.279846	8.678203	10.914778	-72.09284	-44.284294	0.0	35170981	14464.581579446793
175	-14.3769	-14.3769	0.0	-44.29312	8.615996	32.36236	-65.2617	-44.29669	0.0	35371982	14545.033244132996
176	-20.361814	-20.361814	0.0	-44.991573	8.106193	8.16808	-114.42217	-44.995186	0.0	35572981	14624.63399386406
177	-11.502072	-11.502072	0.0	-45.17231	7.8957195	16.076103	-72.02158	-45.176807	0.0	35773981	14707.285331726074
178	-12.501216	-12.501216	0.0	-45.43811	7.697911	10.534573	-65.943756	-45.43967	0.0	35974981	14788.703460216522
179	-16.457054	-16.457054	0.0	-45.756283	7.173032	5.940181	-69.11952	-45.758312	0.0	36175982	14868.237934112549
180	-18.763247	-18.763247	-14.311231	-45.97278	6.717267	6.8569975	-68.910065	-45.973484	0.0	36376983	14952.406955242157
181	-20.10955	-20.10955	0.0	-45.32859	7.173885	19.232035	-62.91616	-45.33184	0.0	36577981	15036.240565776825
182	-14.576552	-14.576552	0.0	-45.429646	7.068394	13.070817	-68.40398	-45.432667	0.0	36778981	15116.891817569733
183	-17.433456	-17.433456	-6.121684	-45.430847	6.947696	6.754209	-68.18609	-45.432148	0.1	36979981	15202.26032781601
184	-11.963694	-11.963694	0.0	-45.214066	6.9410715	6.5600657	-65.98424	-45.215206	0.0	37180981	15285.160695075989
185	-14.191775	-14.191775	0.0	-45.498966	6.951441	7.620535	-72.71418	-45.50114	0.0	37381984	15367.928669214249
186	-16.218674	-16.218674	0.0	-45.806854	6.980095	16.901636	-62.876377	-45.80915	0.0	37582981	15454.280403852463
187	-10.0	-10.0	0.0	-46.33057	6.736077	10.782657	-64.092094	-46.33383	0.0	37783981	15534.064421653748
188	-11.427038	-11.427038	0.0	-46.664845	6.514168	13.821844	-63.892788	-46.666004	0.0	37984981	15611.665919780731
189	-13.716499	-13.716499	0.0	-46.96802	6.3553143	16.322758	-60.67504	-46.97102	0.0	38185981	15692.600289344788
190	-12.770682	-12.770682	0.0	-46.728592	6.463054	7.9809065	-57.259796	-46.72983	0.0	38386981	15772.302032709122
191	-13.0214405	-13.0214405	0.0	-47.054085	6.4047136	15.908449	-61.779266	-47.05583	0.0	38587981	15854.002668619156
192	-10.584522	-10.584522	0.0	-47.376263	6.44851	10.717321	-57.67554	-47.376343	0.0	38788981	15938.370579957962
193	-14.349011	-14.349011	0.0	-47.23255	6.5920424	6.132111	-69.03702	-47.234055	0.0	38989981	16024.322220563889
194	-15.857538	-15.857538	0.0	-47.08643	6.7092886	20.265713	-66.0077	-47.08699	0.0	39190981	16104.623105287552
195	-12.008453	-12.008453	-1.6364722	-46.80854	6.8992095	11.964648	-57.139545	-46.809093	0.1	39391982	16183.82462477684
196	-15.284982	-15.284982	0.0	-46.637573	7.1000524	9.30886	-61.95924	-46.638115	0.0	39592981	16262.742192029953
197	-14.156181	-14.156181	-4.377787	-46.65501	7.1750727	12.142228	-64.555405	-46.656925	0.0	39793981	16343.91087603569
198	-16.500393	-16.500393	-7.012346	-47.14984	6.8977613	8.204441	-66.5909	-47.15382	0.0	39994981	16426.14457511902
199	-13.810277	-13.810277	0.0	-47.16678	7.2169237	10.414821	-64.3373	-47.169003	0.0	40195981	16508.779163599014
200	-12.509793	-12.509793	0.0	-46.92295	7.7233973	5.739212	-66.89925	-46.924484	0.0	40396981	16588.480316638947
201	-13.008934	-13.008934	0.0	-46.62451	7.9792676	14.15494	-60.545082	-46.623013	0.0	40597981	16669.281606435776
202	-10.0	-10.0	0.0	-46.63115	7.747352	5.704902	-62.858444	-46.631016	0.0	40798981	16752.76617193222
203	-12.025208	-12.025208	0.0	-46.28437	7.723554	6.234969	-60.45548	-46.2838	0.0	40999981	16833.83420944214
204	-11.988652	-11.988652	0.0	-46.467552	7.3064065	10.118256	-60.51156	-46.468266	0.0	41200981	16913.702220916748
205	-12.294448	-12.294448	0.0	-46.634155	6.8113456	11.190615	-73.40744	-46.635532	0.0	41401981	16998.353160619736
206	-13.318555	-13.318555	0.0	-47.149826	6.3870454	5.085064	-60.423237	-47.15177	0.0	41602981	17081.63795375824
207	-13.403298	-13.403298	0.0	-46.79929	7.240424	6.881138	-60.909187	-46.80016	0.0	41803981	17163.272359848022
208	-13.45858	-13.45858	0.0	-46.700027	7.4636965	5.7945833	-62.274483	-46.700516	0.0	42004981	17249.74033164978
209	-12.40943	-12.40943	0.0	-46.492447	7.697053	8.063534	-81.762794	-46.49358	0.0	42205981	17332.408489227295
210	-11.913494	-11.913494	0.0	-46.12174	8.181786	5.500415	-58.357525	-46.12283	0.0	42406981	17415.159355163574
211	-13.629395	-13.629395	0.0	-46.262447	8.199574	5.23349	-70.62161	-46.263794	0.0	42607986	17497.62745666504
212	-11.24368	-11.24368	0.0	-46.145557	8.291843	6.2107506	-65.13524	-46.146626	0.0	42808981	17578.511948108673
213	-13.605061	-13.605061	0.0	-46.108368	8.352825	8.771817	-60.059547	-46.108257	0.0	43009981	17659.479818820953
214	-12.183957	-12.183957	0.0	-45.67622	8.64536	7.839718	-60.307423	-45.67684	0.0	43210981	17742.564432144165
215	-12.854644	-12.854644	0.0	-45.35933	8.7501	6.749156	-73.02891	-45.36047	0.0	43411981	17826.348881959915
216	-13.176175	-13.176175	0.0	-45.09387	8.950621	8.088767	-70.95131	-45.095493	0.0	43612981	17910.366888046265
217	-10.967394	-10.967394	0.0	-44.882294	9.033909	5.8055387	-62.85984	-44.882942	0.0	43813981	17992.434986829758
218	-14.049404	-14.049404	0.0	-44.710342	9.082662	7.7339973	-62.382828	-44.71104	0.0	44014981	18072.119648694992
219	-14.438504	-14.438504	0.0	-45.187405	8.91258	5.8975935	-69.11468	-45.190765	0.0	44215981	18156.904510498047
220	-14.397736	-14.397736	0.0	-45.61468	8.206853	5.7198358	-63.762398	-45.61651	0.0	44416981	18241.18847131729
221	-11.743457	-11.743457	-1.6058017	-45.6046	7.9717946	8.622138	-60.93552	-45.606724	0.0	44617981	18320.439698696136
222	-12.454205	-12.454205	0.0	-45.405876	8.127085	5.3312454	-69.77055	-45.407093	0.0	44818981	18399.974334716797
223	-14.964914	-14.964914	-3.590492	-45.187786	8.461342	9.962889	-64.877335	-45.188465	0.0	45019981	18480.958693742752
224	-13.000976	-13.000976	-7.34971	-45.50596	8.049007	6.247044	-63.115475	-45.508495	0.1	45220982	18562.061512470245
225	-14.471827	-14.471827	-1.1608896	-46.07164	7.452632	5.1356316	-62.425323	-46.07441	0.0	45421981	18643.91108727455
226	-17.970299	-17.970299	0.0	-46.268803	7.026826	8.172274	-81.68323	-46.27245	0.0	45622981	18724.962544202805
227	-20.327631	-20.327631	-16.868507	-46.426926	7.0967355	7.3587565	-69.45367	-46.428616	0.1	45823981	18808.699084043503
228	-18.813288	-18.813288	-8.484545	-46.66723	6.982004	5.3830914	-62.038494	-46.66884	0.3	46024981	18889.265486240387
229	-17.083014	-17.083014	-0.73804057	-45.96776	7.487338	5.4195623	-65.34803	-45.96773	0.0	46225981	18973.83280491829
230	-18.029491	-18.029491	-2.282043	-46.167385	6.792346	13.334199	-66.884285	-46.17102	0.1	46426981	19053.467284202576
231	-17.918024	-17.918024	-7.5414824	-46.662426	6.248529	6.9899635	-62.99182	-46.665977	0.0	46627981	19136.585291147232
232	-17.93421	-17.93421	-11.573231	-46.955254	5.937135	21.523937	-79.98321	-46.95688	0.0	46828981	19219.521082878113
233	-13.87161	-13.87161	-21.26242	-47.20118	5.8455515	7.450496	-64.50843	-47.202633	0.1	47029982	19303.75533103943
234	-13.037712	-13.037712	0.0	-46.955177	5.9444394	6.0558424	-67.35951	-46.957363	0.0	47230981	19385.55621767044
235	-11.845415	-11.845415	0.0	-46.63099	6.20046	7.9683003	-72.27638	-46.633232	0.0	47431981	19469.307185649872
236	-13.31991	-13.31991	0.0	-46.546803	6.3907375	8.739926	-79.76424	-46.55049	0.0	47632982	19552.19152522087
237	-19.18305	-19.18305	-11.855712	-46.702785	6.341386	8.591003	-70.998184	-46.705936	0.0	47833982	19632.526926994324
238	-25.005959	-25.005959	-12.789331	-47.329796	6.020168	8.325053	-90.18838	-47.331837	0.0	48034981	19712.728895664215
239	-16.855537	-16.855537	-14.708434	-47.07921	6.1968102	11.452876	-106.50975	-47.080574	0.2	48235984	19792.564086675644
240	-18.813766	-18.813766	-4.1429024	-46.378006	6.6221457	8.343273	-80.62877	-46.376778	0.1	48436982	19874.447394371033
241	-16.890846	-16.890846	-0.65313464	-45.409233	7.389306	12.669813	-74.43141	-45.409878	0.2	48637981	19954.997752189636
242	-16.47199	-16.47199	-0.59256315	-45.3954	7.5082345	14.181956	-73.834	-45.393814	0.1	48838982	20036.832426548004
243	-15.678821	-15.678821	-10.281014	-46.008926	7.1945324	8.187139	-71.24736	-46.00884	0.2	49039985	20119.936158180237
244	-18.100628	-18.100628	-1.5795838	-46.20059	7.1329627	7.621422	-80.99749	-46.201656	0.2	49240984	20204.53593969345
245	-13.942692	-13.942692	-1.4259061	-46.58399	7.0875816	9.3634615	-74.1565	-46.58293	0.3	49441982	20287.953444242477
246	-15.338879	-15.338879	-6.43923	-46.96941	6.939352	9.536557	-99.54515	-46.96772	0.0	49642982	20367.93779349327
247	-13.395688	-13.395688	-4.715192	-46.957546	6.959319	10.905312	-79.84002	-46.95563	0.1	49843981	20448.505882263184
248	-16.072971	-16.072971	-5.046805	-46.981064	6.884638	9.398506	-71.50524	-46.98059	0.2	50044982	20531.973814964294
249	-16.73422	-16.73422	-5.512408	-46.962856	6.915109	9.726162	-79.58678	-46.96075	0.3	50245982	20615.158858776093
250	-17.568249	-17.568249	-14.675855	-46.989334	6.9203095	8.476232	-104.413315	-46.985428	0.5	50446984	20697.94206762314
251	-18.615753	-18.615753	-4.0922465	-47.08161	6.8956246	8.6133175	-74.69687	-47.080185	0.6	50647981	20777.395731687546
252	-17.49304	-17.49304	-2.9524832	-47.238712	6.9646893	7.732909	-69.97318	-47.23896	0.5	50848983	20858.629513978958
253	-17.384146	-17.384146	-11.778733	-47.31811	6.931089	9.32226	-92.89831	-47.317436	0.8	51049982	20939.70033812523
254	-22.102856	-22.102856	-2.6736896	-47.30422	7.0356894	8.864614	-95.23688	-47.303185	0.7	51250983	21018.965543985367
255	-16.294533	-16.294533	-6.37507	-47.26645	7.203671	15.481121	-81.55059	-47.2689	0.5	51451982	21099.75000691414
256	-17.43997	-17.43997	-20.110584	-47.285748	7.267173	11.426474	-94.96393	-47.286407	0.8	51652981	21180.666550159454
257	-19.634598	-19.634598	-13.306417	-47.268936	7.360805	12.351928	-86.97983	-47.26917	0.6	51853981	21265.86914753914
258	-18.988623	-18.988623	-2.1792307	-47.192913	7.4975886	11.841531	-71.24618	-47.194798	0.8	52054983	21345.337374210358
259	-21.81998	-21.81998	3.317936	-47.04997	7.6509333	14.888836	-90.30457	-47.05163	0.7	52255982	21424.837344169617
260	-20.882479	-20.882479	-12.99715	-46.709248	7.8367605	14.248186	-115.51324	-46.714054	0.6	52456983	21505.47277855873
261	-13.823742	-13.823742	-5.70409	-46.794914	7.8454094	18.33491	-90.469055	-46.802242	1.0	52657984	21587.507371902466
262	-16.163298	-16.163298	-3.0218644	-46.76617	8.051823	12.694536	-87.62544	-46.775333	0.6	52858983	21668.308121681213
263	-18.746624	-18.746624	-3.8076317	-46.520023	8.278367	15.888326	-77.91325	-46.52647	0.7	53059981	21752.159633636475
264	-15.414136	-15.414136	-4.1162987	-46.194984	8.580135	15.376624	-74.65742	-46.201714	0.9	53260983	21832.262553930283
265	-15.130063	-15.130063	-2.033869	-45.86053	8.939845	12.11443	-92.76406	-45.870106	0.6	53461983	21916.678519010544
266	-16.735073	-16.735073	-4.4338346	-45.55827	9.048938	15.074255	-82.8911	-45.563255	0.7	53662982	21998.16275191307
267	-16.845982	-16.845982	-0.040967025	-45.402924	9.165415	12.288645	-73.46025	-45.408585	0.5	53863981	22080.280539512634
268	-16.057945	-16.057945	-6.9683733	-45.54693	9.03772	11.62594	-78.61889	-45.549023	0.9	54064984	22161.517272233963
269	-16.104116	-16.104116	-6.019862	-45.562813	9.123977	20.430828	-75.59576	-45.567158	0.8	54265981	22241.40204334259
270	-17.56673	-17.56673	-8.229591	-45.631504	9.228325	19.895184	-91.29001	-45.638966	0.7	54466983	22324.068605661392
271	-21.563662	-21.563662	-15.635596	-45.443348	9.3479395	14.083787	-109.09015	-45.454082	0.7	54667984	22405.387260198593
272	-16.561104	-16.561104	0.56944597	-45.30469	9.4451885	15.096954	-94.2797	-45.31913	0.8	54868983	22489.037457466125
273	-18.683989	-18.683989	-5.474114	-45.434364	9.546326	14.664334	-88.18514	-45.447926	0.7	55069983	22572.739396572113
274	-17.187351	-17.187351	-3.3416321	-45.374226	9.824301	15.958754	-120.77949	-45.384975	0.7	55270984	22654.87370467186
275	-22.057287	-22.057287	-14.279387	-45.31809	9.934296	17.138655	-76.131454	-45.330048	0.8	55471984	22737.959841012955
276	-22.296474	-22.296474	-7.627121	-45.304585	9.953449	20.308016	-113.55776	-45.319805	0.9	55672981	22820.52690434456
277	-14.839899	-14.839899	-32.049038	-45.129677	10.093442	17.74948	-73.065834	-45.139233	1.0	55873986	22900.229691028595
278	-23.426111	-23.426111	-14.20037	-45.050434	10.265847	16.875435	-82.63657	-45.06166	0.8	56074984	22985.34740304947
279	-17.398802	-17.398802	-29.101587	-45.065273	10.28409	25.9755	-84.572685	-45.074306	1.0	56275982	23066.232657432556
280	-22.187956	-22.187956	-29.07929	-44.903324	10.3982115	22.485014	-102.55954	-44.91272	0.8	56476984	23151.300452709198
281	-20.922695	-20.922695	-16.723652	-44.777847	10.476007	21.734943	-93.55345	-44.790054	0.8	56677981	23233.26686143875
282	-16.413603	-16.413603	-12.400858	-44.74518	10.51894	17.444456	-197.0546	-44.75795	0.8	56878981	23312.518407344818
283	-16.171427	-16.171427	-10.737885	-44.63021	10.597981	15.397915	-129.58698	-44.64219	0.7	57079981	23395.569613933563
284	-22.503796	-22.503796	-30.21872	-44.47974	10.864346	15.064422	-83.243355	-44.49155	1.0	57280984	23476.455263137817
285	-17.075817	-17.075817	-12.858364	-44.39033	10.948098	14.758874	-74.99224	-44.402233	0.7	57481981	23560.620676755905
286	-20.311451	-20.311451	-21.37852	-44.169044	11.031185	27.722353	-86.982155	-44.18198	0.6	57682982	23640.34009718895
287	-15.01128	-15.01128	-8.935505	-44.048313	11.109821	14.150198	-94.47173	-44.05978	1.0	57883983	23723.35652565956
288	-18.949966	-18.949966	0.14027227	-43.907997	11.160603	15.031292	-80.92004	-43.922043	1.0	58084985	23807.27449274063
289	-16.374624	-16.374624	-3.1541243	-43.927887	11.249313	15.745966	-79.84794	-43.941753	0.8	58285984	23889.27605700493
290	-21.089033	-21.089033	-17.98252	-43.727077	11.425527	22.800438	-75.076096	-43.742973	0.8	58486982	23969.129066705704
291	-18.806992	-18.806992	-9.224357	-43.60179	11.403784	15.87176	-91.35193	-43.612072	0.9	58687982	24050.396052598953
292	-17.446655	-17.446655	-12.6533575	-43.59807	11.457089	16.8863	-98.218925	-43.613636	0.9	58888981	24134.11258840561
293	-16.263699	-16.263699	-9.282629	-43.619694	11.552348	30.218853	-85.489815	-43.632557	1.0	59089981	24218.564932107925
294	-15.562837	-15.562837	-8.541305	-43.63947	11.584402	16.307188	-79.73506	-43.6563	0.9	59290981	24302.8310546875
295	-18.915735	-18.915735	-10.579812	-43.59664	11.705105	16.226206	-94.761925	-43.611504	0.9	59491983	24381.900957345963
296	-15.868529	-15.868529	-11.274857	-43.69902	11.674053	15.831241	-88.59964	-43.7144	0.9	59692982	24465.40292954445
297	-26.31088	-26.31088	-4.615774	-43.689342	11.759542	14.390123	-83.72695	-43.7051	0.9	59893983	24548.885553836823
298	-19.91084	-19.91084	-10.208314	-43.633846	11.806309	19.951454	-83.87213	-43.64882	0.9	60094984	24630.88715195656
299	-15.691819	-15.691819	-9.361457	-43.56186	11.886	19.029394	-100.67908	-43.57453	0.7	60295984	24709.604892492294
300	-16.694714	-16.694714	-6.325139	-43.515152	11.880786	14.848042	-97.4287	-43.528336	1.0	60496981	24792.356514930725
301	-18.207994	-18.207994	-6.4475064	-43.322765	11.983641	14.18076	-85.32649	-43.332558	1.0	60697984	24876.023688554764
302	-13.941898	-13.941898	-6.485864	-43.388638	11.999425	15.370827	-73.64554	-43.400917	0.9	60898985	24958.843373775482
303	-17.464903	-17.464903	-1.6835835	-43.305103	12.08599	14.1797695	-78.069595	-43.318085	1.0	61099982	25038.827070713043
304	-16.854942	-16.854942	-5.374069	-43.143806	12.087752	16.333864	-81.685104	-43.160408	1.0	61300984	25122.21191573143
305	-16.461222	-16.461222	-6.8104496	-43.17209	12.122499	15.701996	-99.66034	-43.180504	1.0	61501982	25205.61234521866
306	-15.742629	-15.742629	-4.0070424	-43.006958	12.316478	22.02011	-103.860886	-43.02233	1.0	61702983	25286.162719011307
307	-19.943039	-19.943039	0.17881645	-43.033417	12.316084	20.405952	-77.192444	-43.052017	0.9	61903982	25367.548140525818
308	-19.662773	-19.662773	-10.24186	-43.096348	12.3355255	22.070295	-94.15711	-43.114586	1.0	62104985	25449.066076278687
309	-17.936714	-17.936714	-12.76821	-42.99644	12.386061	22.596392	-87.61188	-43.013462	0.6	62305981	25532.651151180267
310	-14.263689	-14.263689	-7.4652386	-42.93059	12.479107	21.48743	-78.082886	-42.941395	0.8	62506981	25616.451491117477
311	-17.631351	-17.631351	-4.8643575	-42.913715	12.538488	23.215633	-120.598076	-42.925713	1.0	62707982	25699.621001005173
312	-19.14272	-19.14272	-4.0095882	-42.71165	12.61222	24.018131	-134.04346	-42.718727	1.0	62908981	25783.086586475372
313	-16.770924	-16.770924	-7.4784927	-42.60158	12.671306	23.122318	-90.49671	-42.61571	0.8	63109982	25863.922149658203
314	-19.218359	-19.218359	-3.8293114	-42.472923	12.671972	33.210594	-93.95737	-42.48639	0.8	63310985	25946.307885169983
315	-16.761728	-16.761728	-1.8249168	-42.26373	12.694153	25.12491	-84.92867	-42.278187	0.9	63511984	26026.24237060547
316	-15.747903	-15.747903	-7.2127857	-42.14972	12.726873	23.20009	-79.53414	-42.168087	0.9	63712981	26107.493055582047
317	-16.624931	-16.624931	-4.3096848	-42.299503	12.842492	21.437246	-168.89412	-42.314964	1.0	63913985	26189.46174120903
318	-18.446356	-18.446356	-4.898025	-42.1888	13.048919	25.561872	-83.91044	-42.204006	0.9	64114982	26270.611444473267
319	-16.20299	-16.20299	-2.1945555	-42.047237	12.958958	27.43335	-105.68743	-42.057552	0.9	64315982	26352.0109231472
320	-20.981455	-20.981455	-10.0632105	-42.2893	12.666191	37.548107	-81.724724	-42.29584	0.5	64516981	26434.329769849777
321	-18.103138	-18.103138	-2.645201	-42.48072	12.36705	20.037235	-88.49499	-42.482136	0.7	64717981	26514.14763021469
322	-17.925589	-17.925589	-12.679199	-42.55952	12.45544	18.048649	-92.000084	-42.567802	0.8	64918981	26594.91655278206
323	-15.109841	-15.109841	-5.7622066	-42.256416	12.750001	49.527702	-87.810524	-42.27115	0.9	65119981	26677.718773841858
324	-18.035686	-18.035686	-6.8063817	-42.033905	13.025662	38.04593	-102.35812	-42.050453	0.9	65320983	26760.137600660324
325	-18.451357	-18.451357	-0.39712325	-41.731197	13.14297	32.74458	-110.97082	-41.74466	0.9	65521985	26841.76942896843
326	-18.522842	-18.522842	-10.684901	-41.415916	13.286622	23.963749	-80.55324	-41.427982	0.9	65722982	26923.806143522263
327	-15.575326	-15.575326	-7.710242	-41.40171	13.284077	21.520134	-89.855	-41.41353	1.0	65923982	27003.940201044083
328	-15.941792	-15.941792	-9.9029	-41.432377	13.317753	18.405813	-92.15098	-41.442287	0.9	66124981	27085.308178901672
329	-17.212349	-17.212349	-6.9761586	-41.420963	13.297935	19.556206	-81.85003	-41.43199	1.0	66325981	27167.510221719742
330	-19.027794	-19.027794	-4.314635	-41.470055	13.311775	19.067501	-96.313805	-41.47912	1.0	66526985	27249.694398880005
331	-18.064568	-18.064568	-5.8098083	-41.27227	13.3993845	45.902946	-111.88288	-41.284958	0.8	66727982	27330.278986930847
332	-17.758356	-17.758356	-1.9194161	-41.48292	13.399387	22.425608	-89.017426	-41.498013	1.0	66928985	27410.42875313759
333	-17.793787	-17.793787	-16.768206	-41.50132	13.469946	26.841747	-81.60822	-41.516766	1.0	67129985	27492.23301076889
334	-19.883965	-19.883965	-12.491049	-41.41809	13.473361	18.59662	-117.42979	-41.433495	1.0	67330982	27572.949511289597
335	-15.275699	-15.275699	-12.222505	-41.189465	13.526487	29.791584	-87.96213	-41.20049	1.0	67531983	27653.51967525482
336	-13.324885	-13.324885	-10.964431	-41.132515	13.564198	30.586288	-89.42491	-41.149303	1.0	67732981	27734.473019599915
337	-16.650448	-16.650448	-2.874981	-41.086517	13.615465	21.720669	-86.054436	-41.096504	0.9	67933983	27816.754148244858
338	-15.149871	-15.149871	-9.593173	-40.952	13.6759	31.290909	-108.79359	-40.967182	0.9	68134984	27896.086861371994
339	-18.091518	-18.091518	-17.01618	-40.890236	13.769395	20.879183	-108.33635	-40.90344	0.8	68335981	27979.08856654167
340	-12.579874	-12.579874	-7.3472033	-40.88364	13.82251	21.336155	-112.56874	-40.89916	0.8	68536982	28062.63956427574
341	-17.229874	-17.229874	-6.114441	-40.755993	13.813293	20.090374	-95.112434	-40.772	1.0	68737986	28143.62469792366
342	-16.499401	-16.499401	-6.195825	-40.847984	13.794669	20.42136	-74.489334	-40.86229	1.0	68938985	28224.408647298813
343	-17.002789	-17.002789	-16.53867	-40.789078	13.84104	18.276245	-100.97505	-40.804367	0.9	69139982	28304.977052927017
344	-18.442446	-18.442446	-13.465149	-40.86769	13.837318	22.369837	-96.093666	-40.881798	0.6	69340983	28381.411139965057
345	-15.812034	-15.812034	-5.731068	-40.907513	13.880275	20.281713	-105.27461	-40.92038	1.0	69541982	28463.195269584656
346	-16.772488	-16.772488	-14.925314	-40.806328	13.926151	17.309774	-91.49837	-40.826336	1.0	69742981	28544.313760995865
347	-15.2390995	-15.2390995	-16.258194	-40.77449	13.814875	20.790928	-104.37358	-40.784313	0.9	69943982	28625.731720924377
348	-17.070675	-17.070675	-7.6684785	-40.679413	13.864373	21.825253	-143.4667	-40.69181	1.0	70144981	28708.716675043106
349	-15.960971	-15.960971	-8.598527	-40.604115	13.887841	18.748873	-122.537544	-40.622562	0.9	70345981	28788.468455314636
350	-17.74961	-17.74961	-9.16941	-40.38352	14.058332	19.49479	-85.694786	-40.403282	0.8	70546981	28866.21819448471
351	-20.01779	-20.01779	-3.4920852	-40.31397	14.023233	65.22641	-124.85575	-40.335426	1.0	70747981	28950.370181798935
352	-18.064787	-18.064787	-7.045334	-40.244255	13.979905	49.778454	-85.72578	-40.258034	0.8	70948984	29034.65513253212
353	-18.023706	-18.023706	-20.38929	-40.269253	13.96824	29.939812	-133.99153	-40.27711	1.0	71149981	29116.604996919632
354	-15.655182	-15.655182	-8.322118	-40.122425	13.987176	24.240923	-87.22035	-40.128994	1.0	71350982	29199.306208610535
355	-17.850143	-17.850143	-8.73663	-39.998802	13.940309	24.160503	-84.61695	-40.004353	1.0	71551984	29281.291257858276
356	-18.657957	-18.657957	-5.829584	-40.214527	13.873225	22.477028	-102.87781	-40.221535	1.0	71752981	29361.97561430931
357	-15.533861	-15.533861	-6.8324404	-40.154064	13.993302	21.201374	-93.251	-40.16425	0.9	71953982	29443.660955429077
358	-15.249869	-15.249869	-3.2742033	-40.05744	14.051187	25.489744	-79.70336	-40.06105	1.0	72154984	29525.861965179443
359	-15.775738	-15.775738	-6.8804564	-40.142002	14.177688	23.099937	-79.85678	-40.153664	0.9	72355984	29605.89638900757
360	-19.393904	-19.393904	-9.616317	-40.046326	14.362373	21.520683	-98.283356	-40.059383	1.0	72556983	29687.331754922867
361	-13.31099	-13.31099	-6.1040955	-40.121197	14.344842	18.973808	-146.41545	-40.133068	0.9	72757981	29767.39831829071
362	-16.178232	-16.178232	-9.251372	-40.067898	14.494874	19.181446	-82.615395	-40.08392	1.0	72958983	29849.149725437164
363	-15.394225	-15.394225	-8.0056715	-40.16252	14.451492	20.466856	-87.45161	-40.178074	1.0	73159981	29929.96789741516
364	-17.210773	-17.210773	-1.6570258	-40.161823	14.408817	20.864998	-87.90633	-40.16606	0.9	73360982	30012.301819086075
365	-18.797117	-18.797117	-13.254714	-40.1072	14.492087	22.280088	-100.22	-40.119484	0.7	73561984	30096.719301700592
366	-17.189445	-17.189445	-10.09808	-40.327152	14.437693	46.14579	-114.894356	-40.334587	0.8	73762982	30182.005401611328
367	-13.8854885	-13.8854885	-2.959903	-40.358887	14.471121	19.392807	-94.23157	-40.36846	1.0	73963981	30265.891290426254
368	-16.360258	-16.360258	-5.2482924	-40.34272	14.484701	31.465538	-169.62743	-40.35619	0.8	74164987	30348.57417178154
369	-20.809036	-20.809036	-16.442667	-40.26673	14.527175	29.540842	-120.83266	-40.28465	0.8	74365984	30430.209421873093
370	-16.328262	-16.328262	-11.036057	-40.30814	14.5161	35.29542	-119.39216	-40.323746	1.0	74566982	30513.293021917343
371	-15.172459	-15.172459	-3.0096574	-40.388317	14.521817	34.84365	-85.72258	-40.400917	1.0	74767983	30595.746213436127
372	-18.383894	-18.383894	-8.403608	-40.0937	14.582672	62.31598	-82.65623	-40.1167	1.0	74968981	30678.54540681839
373	-17.554502	-17.554502	-12.966381	-40.112434	14.544022	25.446327	-145.03177	-40.13214	0.9	75169981	30759.312817811966
374	-16.176634	-16.176634	-10.963209	-40.04376	14.584544	23.509954	-123.11773	-40.063763	1.0	75370985	30844.66570520401
375	-21.188112	-21.188112	-4.649506	-40.10687	14.547024	21.172396	-110.59807	-40.125908	1.0	75571981	30928.682708740234
376	-16.679567	-16.679567	-4.383051	-39.97284	14.612854	20.988705	-102.659805	-39.99146	1.0	75772983	31010.433606147766
377	-19.455444	-19.455444	-2.024878	-39.913322	14.647299	22.940903	-86.5991	-39.928726	0.8	75973981	31089.002071857452
378	-20.139336	-20.139336	-7.0705934	-39.902485	14.671631	29.548956	-82.71297	-39.922863	1.0	76174981	31172.706248521805
379	-16.41165	-16.41165	-9.770199	-39.935085	14.690953	25.428331	-87.99377	-39.955536	1.0	76375984	31254.15459895134
380	-15.661954	-15.661954	-2.8172016	-39.954372	14.679678	22.165476	-117.718765	-39.967552	1.0	76576981	31335.506062984467
381	-16.271215	-16.271215	2.010937	-39.78635	14.732812	21.986437	-114.101555	-39.80864	1.0	76777983	31418.057125091553
382	-14.9971695	-14.9971695	-4.1465225	-39.811707	14.739233	20.570478	-130.75844	-39.828575	1.0	76978982	31500.523821115494
383	-18.503632	-18.503632	-5.9395757	-39.679676	14.73273	19.873539	-87.25992	-39.702152	1.0	77179984	31583.357526540756
384	-16.739176	-16.739176	-12.186041	-39.566025	14.702136	21.249226	-116.716	-39.582443	0.9	77380981	31666.076820135117
385	-18.03865	-18.03865	-2.7599483	-39.492325	14.768873	18.622185	-107.048225	-39.507126	1.0	77581982	31747.795281410217
386	-14.692898	-14.692898	-6.9074574	-39.34934	14.738479	20.220024	-90.300835	-39.36452	0.9	77782981	31830.679852724075
387	-14.638203	-14.638203	-7.34947	-39.204437	14.770675	18.740725	-91.263954	-39.22198	1.0	77983983	31914.61403441429
388	-14.473863	-14.473863	-4.1019077	-39.25766	14.75035	18.48869	-85.13218	-39.277378	1.0	78184981	32000.14930486679
389	-14.983341	-14.983341	-9.020263	-39.16403	14.783273	26.692013	-119.57535	-39.188255	0.9	78385983	32085.383584976196
390	-19.210924	-19.210924	-6.999312	-39.24493	14.707344	18.821924	-81.013374	-39.257133	0.9	78586983	32166.00053715706
391	-15.368824	-15.368824	-5.611652	-39.431915	14.696445	20.957502	-79.15843	-39.450687	1.0	78787982	32247.769613981247
392	-12.327553	-12.327553	0.50512147	-39.511944	14.6918955	19.830378	-103.82535	-39.53054	1.0	78988981	32328.718778133392
393	-18.49986	-18.49986	-11.164763	-39.46981	14.714447	19.583885	-99.07115	-39.48835	0.9	79189983	32411.022280216217
394	-14.992366	-14.992366	-1.9532756	-39.259796	14.83214	21.208534	-91.91194	-39.281338	1.0	79390981	32494.256095409393
395	-19.537392	-19.537392	-14.530303	-39.255333	14.800157	56.726353	-96.665	-39.274902	0.8	79591983	32574.15879225731
396	-20.643225	-20.643225	-10.283227	-39.065887	14.819549	20.443356	-130.08545	-39.08531	1.0	79792981	32658.608320236206
397	-15.990958	-15.990958	-11.57381	-39.17943	14.844549	40.602325	-102.39017	-39.20038	0.8	79993983	32740.36567044258
398	-17.819082	-17.819082	-8.378455	-39.22344	14.971198	37.268017	-95.54119	-39.24701	0.9	80194983	32822.54501867294
399	-16.121933	-16.121933	-6.077159	-39.109097	15.007938	33.175304	-105.545135	-39.129673	0.9	80395981	32904.88016676903
400	-19.744743	-19.744743	-14.469788	-39.221733	15.0539055	31.380259	-133.48886	-39.23815	1.0	80596981	32988.55065846443
401	-17.219568	-17.219568	-10.336928	-39.279423	15.033021	27.616262	-93.379745	-39.294376	1.0	80797982	33071.96599197388
402	-16.780132	-16.780132	-10.358398	-39.2763	15.041857	27.489038	-107.68901	-39.28834	1.0	80998981	33152.74988031387
403	-15.361819	-15.361819	-6.9759765	-39.144524	15.051858	22.173054	-103.279945	-39.157227	1.0	81199981	33234.03515005112
404	-17.438856	-17.438856	-9.784111	-39.123344	15.063843	24.003445	-99.00689	-39.130665	1.0	81400982	33315.68922138214
405	-19.190672	-19.190672	-0.87600493	-39.10175	15.128901	23.881409	-99.06762	-39.112785	1.0	81601984	33397.437427043915
406	-15.109525	-15.109525	-4.4719367	-39.06643	15.095265	25.17318	-110.509155	-39.076103	0.9	81802981	33477.470769405365
407	-20.025469	-20.025469	-2.172595	-39.127586	15.040632	22.856436	-90.44963	-39.138496	1.0	82003983	33560.421879053116
408	-19.618214	-19.618214	-5.1282306	-38.9953	15.117301	23.9679	-99.60311	-39.005886	0.8	82204982	33640.92452502251
409	-14.193347	-14.193347	-5.2114367	-38.981094	15.132334	44.824413	-139.26466	-38.989567	1.0	82405981	33722.140877485275
410	-17.425432	-17.425432	-0.4191469	-39.127274	15.137279	30.215782	-103.33757	-39.13759	1.0	82606985	33803.642094135284
411	-15.63917	-15.63917	-16.64194	-39.094093	15.17333	21.105883	-87.11635	-39.098053	1.0	82807981	33882.96345496178
412	-15.999679	-15.999679	-7.5699887	-39.00067	15.195879	19.120607	-87.455124	-39.007236	1.0	83008982	33966.72872829437
413	-14.083388	-14.083388	-3.4049454	-39.123447	15.220516	22.839504	-81.619514	-39.130833	1.0	83209985	34048.33056759834
414	-16.744116	-16.744116	-13.917583	-39.166603	15.199371	25.438128	-84.9996	-39.170307	1.0	83410983	34126.71500039101
415	-15.840778	-15.840778	-4.2302322	-38.979504	15.157835	29.567568	-84.07545	-38.980858	0.9	83611983	34208.515934467316
416	-17.113157	-17.113157	-10.07351	-39.19411	15.223093	23.884172	-83.89183	-39.197056	1.0	83812981	34292.71825671196
417	-18.406792	-18.406792	-16.961199	-39.247883	15.241128	21.19712	-82.15001	-39.256893	0.9	84013982	34372.97062945366
418	-17.926546	-17.926546	-8.116469	-39.201954	15.306779	19.51567	-95.529396	-39.203247	0.9	84214984	34455.01894712448
419	-17.27788	-17.27788	-14.166461	-39.244648	15.312503	31.296856	-97.40121	-39.242558	1.0	84415982	34535.8212416172
420	-15.025797	-15.025797	-9.653899	-39.16256	15.327734	29.852646	-106.367355	-39.16885	1.0	84616982	34617.17345070839
421	-16.01599	-16.01599	-6.9601045	-39.034184	15.312296	22.4128	-84.690155	-39.041054	1.0	84817982	34700.15605401993
422	-15.44878	-15.44878	-5.472334	-38.992985	15.298088	18.861422	-81.06756	-38.99647	1.0	85018982	34781.607152462006
423	-20.205069	-20.205069	-3.1671348	-39.114075	15.283126	20.009745	-96.67294	-39.11669	1.0	85219983	34863.47637987137
424	-16.506908	-16.506908	-13.167622	-39.04752	15.332092	23.688057	-186.32515	-39.05437	1.0	85420981	34942.76255321503
425	-17.945549	-17.945549	-21.857773	-39.02859	15.421269	18.450628	-87.955666	-39.033558	1.0	85621984	35022.87891411781
426	-17.554401	-17.554401	-3.8850815	-39.058517	15.45672	42.79108	-79.9912	-39.061157	0.9	85822983	35104.9635412693
427	-17.433622	-17.433622	-4.329563	-39.18385	15.419486	19.876043	-98.81331	-39.187862	1.0	86023983	35186.98235607147
428	-14.982798	-14.982798	-6.016893	-39.170708	15.43351	29.244776	-122.9544	-39.177902	1.0	86224981	35264.98277425766
429	-15.598394	-15.598394	-2.2240303	-39.152164	15.47185	18.732767	-84.292145	-39.156933	1.0	86425982	35348.434079408646
430	-19.202156	-19.202156	-3.7662063	-39.18468	15.443167	22.462904	-88.195755	-39.189075	1.0	86626981	35428.251875162125
431	-16.76696	-16.76696	-4.7673187	-39.201565	15.414146	30.638498	-81.73735	-39.209454	1.0	86827981	35510.903314352036
432	-19.071602	-19.071602	-11.326339	-39.153233	15.443977	28.589378	-91.64616	-39.160748	0.8	87028982	35589.002702236176
433	-14.599307	-14.599307	-5.115652	-39.27722	15.390761	26.076086	-105.403534	-39.283154	1.0	87229981	35672.20435500145
434	-15.74802	-15.74802	-6.0393724	-39.238426	15.49219	25.376505	-103.04254	-39.24332	0.9	87430984	35754.32191991806
435	-16.409403	-16.409403	-15.282226	-39.305622	15.442604	40.17931	-95.3354	-39.318027	0.9	87631981	35836.324450969696
436	-16.720587	-16.720587	-5.9809937	-39.23159	15.511805	29.419737	-85.124954	-39.241848	1.0	87832983	35917.425204753876
437	-19.374147	-19.374147	-18.593813	-39.188663	15.540331	35.787766	-94.41191	-39.200737	1.0	88033981	35999.55903863907
438	-14.597642	-14.597642	-2.8295271	-39.25212	15.490713	26.94402	-88.586914	-39.263336	1.0	88234982	36080.95979142189
439	-14.978407	-14.978407	-6.140245	-39.32913	15.465142	26.665018	-96.83601	-39.339252	1.0	88435981	36161.69615793228
440	-18.597128	-18.597128	-0.79275835	-39.15223	15.557103	27.776852	-105.92523	-39.16402	0.9	88636985	36243.74606323242
441	-17.894577	-17.894577	-11.043682	-39.16933	15.545063	22.1431	-92.984535	-39.179626	1.0	88837981	36325.83187913895
442	-15.663958	-15.663958	-9.212207	-39.156048	15.502093	25.24168	-91.078514	-39.16093	1.0	89038985	36411.216399908066
443	-19.787704	-19.787704	-3.9318292	-39.172382	15.524135	27.739838	-87.1438	-39.183563	1.0	89239982	36491.94909739494
444	-16.962618	-16.962618	-8.279818	-39.10905	15.535507	22.27033	-93.423965	-39.112156	1.0	89440984	36574.26867389679
445	-21.226292	-21.226292	-5.5082235	-39.098103	15.581591	19.637367	-80.61197	-39.097103	1.0	89641981	36655.35350847244
446	-16.354876	-16.354876	-1.4215846	-38.96547	15.562872	27.509165	-109.97878	-38.974457	1.0	89842982	36738.10318827629
447	-16.820173	-16.820173	-1.5114281	-38.896137	15.55537	27.010155	-104.73848	-38.90225	1.0	90043985	36818.68823480606
448	-17.038229	-17.038229	-19.125692	-38.83947	15.585363	24.82193	-100.75239	-38.847095	1.0	90244982	36901.094653367996
449	-17.907978	-17.907978	0.3907205	-38.757954	15.605575	21.008617	-85.99506	-38.766197	1.0	90445985	36981.15724349022
450	-14.1050415	-14.1050415	-4.0422945	-38.766495	15.609531	20.773483	-93.20916	-38.76965	1.0	90646981	37062.56031417847
451	-15.38496	-15.38496	-19.278551	-38.846684	15.565485	23.6644	-78.887726	-38.859245	1.0	90847986	37141.97767329216
452	-17.568327	-17.568327	-3.2255676	-38.74508	15.673776	36.47078	-164.18237	-38.748672	1.0	91048981	37222.61222243309
453	-14.286974	-14.286974	-9.548751	-38.665848	15.600142	22.893238	-98.7836	-38.672832	1.0	91249981	37301.5479593277
454	-17.13113	-17.13113	-13.509049	-38.59121	15.662943	19.68276	-82.16145	-38.59423	1.0	91450981	37383.08083844185
455	-12.114991	-12.114991	-6.48615	-38.650578	15.604875	20.074324	-78.55172	-38.657784	0.9	91651981	37465.13085889816
456	-18.742853	-18.742853	-13.059482	-38.63022	15.604106	20.256989	-80.46792	-38.635624	1.0	91852985	37548.6344974041
457	-18.994366	-18.994366	-4.430428	-38.633472	15.673982	23.638762	-84.5989	-38.633835	1.0	92053986	37632.49926877022
458	-19.130737	-19.130737	-9.067525	-38.512707	15.640773	23.282785	-92.13295	-38.516354	0.9	92254981	37715.45130968094
459	-17.334679	-17.334679	3.1333756	-38.84916	15.31715	24.56336	-104.68702	-38.84495	0.8	92455981	37798.6713347435
460	-16.124851	-16.124851	-0.8130508	-39.316837	15.053119	19.560093	-172.38385	-39.310177	1.0	92656983	37883.02205467224
461	-14.663464	-14.663464	-9.167692	-39.284218	15.148506	36.661533	-148.68654	-39.284203	0.9	92857982	37966.238704919815
462	-15.444664	-15.444664	-9.498339	-39.111416	15.297352	20.609797	-123.547844	-39.119953	0.9	93058982	38047.43970012665
463	-14.221061	-14.221061	-4.455063	-38.98165	15.318142	31.510601	-111.162056	-38.993248	1.0	93259982	38129.22558760643
464	-17.142849	-17.142849	-10.38291	-38.888027	15.378964	24.789093	-93.33518	-38.89642	0.9	93460985	38212.32770371437
465	-17.493168	-17.493168	-0.55309063	-38.903446	15.400794	24.098608	-99.02873	-38.917023	1.0	93661987	38294.278834581375
466	-16.893553	-16.893553	-9.556345	-38.852215	15.399114	20.28053	-102.016075	-38.865334	0.9	93862985	38375.661566734314
467	-17.652672	-17.652672	-21.164822	-38.5774	15.566465	23.155073	-111.26044	-38.588566	1.0	94063984	38456.08095574379
468	-15.815393	-15.815393	-6.7499676	-38.29611	15.709408	22.512232	-94.33202	-38.30815	1.0	94264982	38538.265040397644
469	-22.20766	-22.20766	-10.416091	-38.20291	15.779757	20.967144	-82.67699	-38.213444	1.0	94465985	38619.54897356033
470	-18.024918	-18.024918	-24.097832	-38.207825	15.735677	23.336214	-113.46357	-38.21622	1.0	94666981	38699.88552856445
471	-16.55501	-16.55501	-20.11513	-38.15729	15.679769	21.20489	-82.02333	-38.16718	1.0	94867982	38779.90510582924
472	-16.483604	-16.483604	-0.49357688	-38.11308	15.659591	21.325138	-100.48753	-38.120575	1.0	95068982	38861.08834409714
473	-16.721603	-16.721603	-11.610493	-38.0911	15.744098	20.3254	-86.52676	-38.09825	1.0	95269982	38943.93832755089
474	-18.034971	-18.034971	-0.99906045	-38.076225	15.701547	62.533833	-85.035095	-38.083035	1.0	95470981	39028.672498226166
475	-15.045048	-15.045048	-14.3716135	-38.116844	15.764334	21.468664	-82.63326	-38.124226	0.8	95671981	39109.606172561646
476	-15.668722	-15.668722	-19.158747	-37.992123	15.83674	29.154863	-81.56516	-37.998074	1.0	95872982	39193.8105597496
477	-18.298805	-18.298805	-19.619503	-38.070023	15.787138	28.92892	-96.22822	-38.07856	1.0	96073982	39273.5604159832
478	-14.95613	-14.95613	-4.1703525	-38.054344	15.823	38.85979	-143.12268	-38.05533	0.9	96274984	39356.76093149185
479	-16.029797	-16.029797	-10.903064	-37.9848	15.797462	23.382265	-100.73946	-37.99077	1.0	96475982	39439.37847471237
480	-16.042072	-16.042072	-21.887672	-37.960808	15.863645	24.241722	-102.52538	-37.96837	1.0	96676985	39519.16386985779
481	-15.999978	-15.999978	-6.899004	-38.068417	15.782157	22.682528	-94.04056	-38.07635	1.0	96877986	39600.331325531006
482	-17.751135	-17.751135	0.37393016	-38.035538	15.826446	21.873577	-111.07213	-38.038433	1.0	97078984	39680.21666097641
483	-17.583263	-17.583263	-5.5611105	-38.00582	15.88092	30.087334	-129.86517	-38.015133	1.0	97279981	39763.75026154518
484	-15.998904	-15.998904	-15.4219885	-38.001335	15.852692	28.581446	-82.920586	-38.00723	1.0	97480981	39845.01845288277
485	-14.81577	-14.81577	-2.447847	-37.81491	15.903904	27.368927	-91.587364	-37.82513	1.0	97681983	39926.88693547249
486	-20.635492	-20.635492	-2.7995403	-37.761944	15.823526	57.336235	-110.88665	-37.769756	1.0	97882981	40012.13745856285
487	-17.084625	-17.084625	-16.274946	-37.660152	15.888025	37.928497	-107.824425	-37.664783	1.0	98083983	40096.48981118202
488	-17.692167	-17.692167	-3.3618264	-37.6206	15.824381	25.198223	-101.25111	-37.630527	1.0	98284981	40177.423991918564
489	-13.64624	-13.64624	-4.672407	-37.59982	15.890151	23.400982	-97.5286	-37.606636	1.0	98485981	40258.242007255554
490	-14.961708	-14.961708	-6.1787944	-37.65937	15.850619	39.366447	-130.27	-37.66754	1.0	98686982	40336.22748875618
491	-15.320717	-15.320717	-0.9236319	-37.61727	15.879574	61.005276	-93.61688	-37.63187	1.0	98887983	40418.06021928787
492	-17.462135	-17.462135	-6.1997066	-37.564095	15.843937	30.199757	-112.26612	-37.570225	1.0	99088981	40500.828243494034
493	-16.89334	-16.89334	-18.619648	-37.553787	15.875921	23.209347	-100.33088	-37.562225	1.0	99289984	40580.163368463516
494	-17.711718	-17.711718	-5.257494	-37.538445	15.89575	25.847162	-87.36844	-37.548985	1.0	99490984	40661.41313242912
495	-14.11384	-14.11384	-6.141614	-37.50115	15.907644	25.417057	-108.22483	-37.507668	1.0	99691982	40742.96588397026
496	-16.772266	-16.772266	-9.429793	-37.41592	15.840727	23.170769	-95.11196	-37.42953	1.0	99892981	40823.69907999039
497	-15.542469	-15.542469	-5.8533473	-37.22597	15.8711	24.430443	-98.319855	-37.234142	1.0	100093986	40903.76891040802
498	-13.773898	-13.773898	-5.1586194	-37.31797	15.841133	24.198326	-93.25628	-37.329643	1.0	100294982	40984.76962208748
499	-19.805378	-19.805378	-13.512781	-37.197258	15.858076	52.02834	-187.22585	-37.203728	0.9	100495985	41066.90188074112
