Epoch	EpRet	EpRealRet	TestEpRet	AverageQ1	StdQ1	MaxQ1	MinQ1	Q2	TestSuccess	TotalEnvInteracts	TotalTime
0	-131.19487	-131.19487	0.0	-48.783993	6.2838025	-0.097740866	-71.08915	-48.805946	0.0	196981	105.2118182182312
1	-140.59973	-140.59973	-1.9284133	-49.8003	1.7573804	-23.135984	-54.13844	-49.800346	0.0	397982	212.69767332077026
2	-142.25589	-142.25589	-67.259834	-49.73096	1.7472425	-22.931494	-57.009132	-49.73088	0.0	598983	320.4619143009186
3	-144.73344	-144.73344	-47.926964	-49.77973	1.6686054	-20.408003	-60.803207	-49.779766	0.0	799984	428.63552951812744
4	-164.6163	-164.6163	-77.02497	-49.736576	1.9919761	-13.70517	-71.84708	-49.736504	0.0	1000984	537.1334900856018
5	-170.54979	-170.54979	-46.83378	-49.795216	1.45993	-21.667078	-63.093033	-49.79503	0.0	1201982	648.0883927345276
6	-161.11935	-161.11935	-37.14003	-49.80242	1.4231327	-28.070885	-56.602573	-49.802444	0.0	1402983	759.4482619762421
7	-167.45215	-167.45215	-70.85342	-49.81894	1.2940296	-31.840448	-57.532593	-49.81885	0.0	1603983	872.2036831378937
8	-169.53934	-169.53934	-59.968456	-49.82244	1.2146152	-31.60231	-55.222263	-49.82254	0.0	1804982	984.6053941249847
9	-157.94936	-157.94936	-102.256615	-49.839005	1.1201942	-33.574795	-65.45402	-49.839024	0.0	2005981	1098.1304359436035
10	-156.34511	-156.34511	-61.902023	-49.848392	1.0428327	-34.75117	-55.9627	-49.84843	0.0	2206984	1213.8086154460907
11	-157.71684	-157.71684	-52.04921	-49.855022	1.005652	-37.599472	-54.005802	-49.85503	0.0	2407981	1310.4137043952942
12	-167.14342	-167.14342	-117.4303	-49.86425	0.95571965	-37.254757	-56.027084	-49.864254	0.0	2608985	1397.5724625587463
13	-144.68837	-144.68837	-86.61799	-49.866413	0.9361104	-37.558704	-53.982243	-49.86646	0.0	2809984	1481.2071492671967
14	-145.49321	-145.49321	-97.882195	-49.86688	0.91164124	-38.468166	-53.091747	-49.866802	0.0	3010983	1571.2945652008057
15	-152.02994	-152.02994	-37.89787	-49.864193	0.89562243	-37.185207	-53.296154	-49.864113	0.0	3211984	1658.524626493454
16	-173.83568	-173.83568	-72.914894	-49.86804	0.87564147	-37.700214	-58.347553	-49.867973	0.0	3412982	1746.8217492103577
17	-158.55083	-158.55083	-110.30698	-49.86069	0.90244794	-37.661884	-55.905674	-49.86046	0.0	3613982	1834.3492140769958
18	-157.66417	-157.66417	-97.54348	-49.84615	0.9605859	-37.41811	-60.217346	-49.845955	0.0	3814982	1930.614260673523
19	-158.51848	-158.51848	-65.28505	-49.841015	1.0028602	-35.584805	-53.036495	-49.840923	0.0	4015982	2017.5087351799011
20	-173.71262	-173.71262	-47.221786	-49.844902	1.0032358	-34.80229	-56.895332	-49.844883	0.0	4216984	2103.957592487335
21	-139.00722	-139.00722	-31.1539	-49.844982	1.0045451	-34.586773	-53.590378	-49.84501	0.0	4417982	2190.330593585968
22	-150.36398	-150.36398	-112.98632	-49.842434	0.9846395	-36.742565	-53.388317	-49.842377	0.0	4618986	2276.9071393013
23	-145.46025	-145.46025	-61.00166	-49.85421	0.94215083	-36.923042	-53.04007	-49.854244	0.0	4819982	2364.9427032470703
24	-150.2607	-150.2607	-70.872955	-49.85089	0.95368636	-37.66289	-55.895046	-49.850895	0.0	5020983	2452.9530408382416
25	-151.77376	-151.77376	-48.968857	-49.8477	0.96153975	-36.977104	-57.06015	-49.847675	0.0	5221983	2537.9397354125977
26	-144.10092	-144.10092	-58.719315	-49.843693	0.9675585	-37.452118	-57.591343	-49.84368	0.0	5422983	2620.582966566086
27	-156.52335	-156.52335	-50.328064	-49.832813	1.0050011	-36.01601	-59.512028	-49.832973	0.0	5623984	2703.5162856578827
28	-150.10439	-150.10439	-33.83037	-49.82618	1.0117195	-36.331234	-55.626602	-49.826225	0.0	5824983	2788.1092817783356
29	-155.50444	-155.50444	-37.511806	-49.81007	1.052715	-36.111485	-56.02726	-49.810177	0.0	6025982	2875.5873794555664
30	-143.64972	-143.64972	-32.167973	-49.80555	1.0527169	-35.497925	-57.83462	-49.805622	0.0	6226982	2962.046357870102
31	-146.86261	-146.86261	-51.706528	-49.802376	1.0596514	-37.55948	-61.71144	-49.802372	0.0	6427982	3050.758628845215
32	-143.76962	-143.76962	-73.24347	-49.790493	1.0783374	-37.726345	-54.791046	-49.790478	0.0	6628983	3140.501877307892
33	-155.5763	-155.5763	-46.282135	-49.789	1.0783074	-38.22363	-56.30558	-49.78894	0.0	6829988	3226.897161245346
34	-152.6455	-152.6455	-29.092537	-49.78303	1.0846894	-37.216167	-56.98817	-49.78303	0.0	7030982	3312.3270375728607
35	-158.23682	-158.23682	-22.03219	-49.78163	1.0891337	-37.649834	-56.098385	-49.781746	0.0	7231982	3398.0705285072327
36	-147.2767	-147.2767	-33.275196	-49.78016	1.0959884	-36.966774	-54.001965	-49.780254	0.0	7432983	3490.4515511989594
37	-148.74374	-148.74374	-36.69236	-49.771595	1.1273608	-36.884514	-53.596863	-49.77162	0.0	7633985	3583.9314444065094
38	-145.69296	-145.69296	-62.210026	-49.758896	1.1724247	-35.71999	-54.33162	-49.75864	0.0	7834984	3688.176143169403
39	-155.83577	-155.83577	-47.052353	-49.751995	1.1942577	-35.753597	-58.331253	-49.75204	0.0	8035981	3789.234248638153
40	-151.40242	-151.40242	-38.893883	-49.7481	1.2111906	-36.739124	-53.93909	-49.748108	0.0	8236983	3883.2169456481934
41	-175.23889	-175.23889	-50.378834	-49.74807	1.2207751	-36.805016	-54.422333	-49.74806	0.0	8437987	3984.518306016922
42	-135.81232	-135.81232	-50.35588	-49.741	1.2394737	-35.929874	-53.67996	-49.741062	0.0	8638981	4077.500922679901
43	-171.66663	-171.66663	-71.08542	-49.73518	1.2551312	-37.05487	-57.261017	-49.735275	0.0	8839984	4169.121756315231
44	-163.15852	-163.15852	-53.257504	-49.732838	1.261631	-37.01669	-54.650124	-49.73278	0.0	9040982	4258.778320074081
45	-145.56245	-145.56245	-40.747173	-49.731842	1.2529923	-35.492657	-57.898254	-49.73198	0.0	9241983	4351.999476909637
46	-163.07681	-163.07681	-63.36705	-49.725597	1.2620364	-36.70439	-57.026054	-49.725533	0.0	9442983	4443.407068014145
47	-183.77795	-183.77795	-63.090084	-49.72102	1.2746493	-33.528793	-56.51492	-49.721012	0.0	9643982	4533.68855214119
48	-147.43958	-147.43958	-49.061478	-49.71728	1.2806952	-36.2318	-53.29188	-49.71733	0.0	9844982	4626.07653927803
49	-167.14551	-167.14551	-46.49103	-49.717236	1.2799258	-36.735565	-56.312614	-49.717236	0.0	10045981	4725.045676469803
50	-147.18916	-147.18916	-57.45277	-49.70832	1.2967076	-37.223415	-54.570427	-49.708374	0.0	10246982	4827.058489084244
51	-139.7958	-139.7958	-32.150944	-49.70307	1.2995315	-36.617867	-54.331894	-49.703186	0.0	10447981	4940.776134252548
52	-166.8714	-166.8714	-78.65792	-49.69503	1.3183434	-36.230534	-51.82815	-49.69502	0.0	10648981	5034.057854413986
53	-167.02818	-167.02818	-80.2799	-49.69591	1.3254334	-37.402763	-52.05812	-49.695934	0.0	10849984	5126.238885879517
54	-173.21898	-173.21898	-126.89714	-49.692226	1.3382584	-35.684963	-52.418465	-49.692196	0.0	11050985	5215.5140125751495
55	-152.40504	-152.40504	-81.30115	-49.685795	1.3528277	-36.59943	-53.978992	-49.68571	0.0	11251981	5309.6610679626465
56	-148.08128	-148.08128	-43.623108	-49.677074	1.3753235	-35.708958	-53.645226	-49.67694	0.0	11452982	5435.628161907196
57	-165.95459	-165.95459	-13.298031	-49.6743	1.3879936	-33.828186	-54.956234	-49.674393	0.0	11653984	5560.85461139679
58	-153.03714	-153.03714	-29.861387	-49.672127	1.4037249	-36.589745	-55.639954	-49.67213	0.0	11854981	5685.6098256111145
59	-160.81992	-160.81992	-41.89425	-49.66818	1.4045777	-35.809322	-53.883026	-49.668327	0.0	12055985	5801.720310926437
60	-163.50922	-163.50922	-26.563843	-49.664875	1.4285283	-32.719032	-53.937126	-49.66493	0.0	12256983	5919.651737213135
61	-166.65135	-166.65135	-34.44942	-49.6672	1.4293549	-34.226063	-55.95491	-49.66735	0.0	12457981	6038.042110443115
62	-161.54878	-161.54878	-49.85903	-49.667313	1.4262582	-34.58974	-53.990417	-49.66746	0.0	12658981	6127.819732666016
63	-172.29715	-172.29715	-70.148384	-49.665237	1.431942	-33.97308	-52.780037	-49.66528	0.0	12859984	6241.517994403839
64	-165.63988	-165.63988	-137.40028	-49.66335	1.4349008	-32.383835	-52.45197	-49.663395	0.0	13060984	6355.041162014008
65	-159.04842	-159.04842	-102.76487	-49.646885	1.464306	-34.24963	-53.425106	-49.646854	0.0	13261983	6468.045928001404
66	-171.11334	-171.11334	-112.43979	-49.64272	1.4847683	-30.901379	-53.68373	-49.642776	0.0	13462985	6584.61478972435
67	-160.29904	-160.29904	-30.736809	-49.640255	1.4960953	-30.337957	-54.191933	-49.640343	0.0	13663982	6699.030595541
68	-164.69278	-164.69278	-93.403435	-49.63368	1.5497328	-14.626685	-56.384586	-49.633904	0.0	13864983	6816.728390455246
69	-154.14447	-154.14447	-40.266968	-49.629025	1.5723227	-8.387403	-53.364178	-49.628902	0.0	14065983	6923.373906135559
70	-172.3157	-172.3157	-57.504147	-49.62433	1.598535	-1.2079408	-53.814648	-49.624416	0.0	14266984	7033.24005150795
71	-174.63925	-174.63925	-86.80849	-49.61829	1.6074204	-0.024157763	-53.1302	-49.618332	0.0	14467982	7125.175792694092
72	-154.68106	-154.68106	-17.587542	-49.610126	1.664753	1.3137321	-53.31785	-49.610176	0.1	14668981	7215.858585596085
73	-191.63907	-191.63907	-73.05513	-49.611137	1.658339	1.4505963	-52.995827	-49.611378	0.0	14869985	7324.833642959595
74	-171.8106	-171.8106	-48.485073	-49.61281	1.659468	1.4808674	-52.49095	-49.612724	0.0	15070988	7439.606750249863
75	-162.24629	-162.24629	-137.38109	-49.609367	1.7031882	2.0334408	-52.54307	-49.609463	0.0	15271986	7538.951153755188
76	-173.59947	-173.59947	-29.153242	-49.58399	1.733307	4.9876738	-55.07914	-49.583996	0.0	15472982	7626.782831430435
77	-176.78105	-176.78105	-51.91798	-49.570595	1.847205	3.731856	-52.848072	-49.57051	0.0	15673982	7713.767317533493
78	-177.22969	-177.22969	-84.89195	-49.547073	1.9299355	3.9487076	-52.45665	-49.54704	0.0	15874983	7803.038808345795
79	-177.74722	-177.74722	-82.8342	-49.544334	1.9788358	8.747151	-52.814907	-49.544323	0.1	16075981	7890.268967628479
80	-171.80733	-171.80733	-61.382324	-49.546154	1.9704416	7.6703825	-52.962048	-49.546257	0.1	16276983	7977.785532712936
81	-154.91289	-154.91289	-77.05994	-49.552624	1.9783725	6.255116	-53.89078	-49.552563	0.0	16477985	8065.2718114852905
82	-186.14153	-186.14153	-44.13715	-49.558907	1.9714725	8.544366	-52.874424	-49.558884	0.1	16678981	8151.611972093582
83	-167.90877	-167.90877	-85.26297	-49.560818	1.9947652	7.306137	-51.92028	-49.56074	0.0	16879984	8239.514615535736
84	-177.24725	-177.24725	-66.88551	-49.559822	1.9798747	4.805974	-52.130917	-49.559933	0.1	17080981	8326.03143787384
85	-203.24448	-203.24448	-140.37874	-49.56056	1.972933	8.506041	-52.494137	-49.56058	0.0	17281982	8412.45532631874
86	-171.36508	-171.36508	-79.893776	-49.55359	1.9539672	5.4373083	-52.51076	-49.5536	0.0	17482984	8498.172732114792
87	-166.60347	-166.60347	-7.2358246	-49.54887	2.0068197	6.933946	-52.279377	-49.54875	0.0	17683981	8584.112689733505
88	-186.75568	-186.75568	-32.46801	-49.549244	1.9689547	6.1714516	-53.27176	-49.54928	0.0	17884982	8669.338230848312
89	-159.43387	-159.43387	-54.913662	-49.552273	1.9481616	10.080706	-51.751194	-49.552364	0.1	18085981	8754.339177846909
90	-172.5729	-172.5729	-93.88618	-49.547718	1.9619119	6.9330096	-56.60379	-49.54763	0.0	18286984	8838.631852149963
91	-181.06534	-181.06534	-118.95708	-49.54523	1.9442699	9.156405	-52.42223	-49.545174	0.0	18487987	8923.074216127396
92	-195.2864	-195.2864	-203.35272	-49.546314	1.9393504	5.055443	-52.706707	-49.54638	0.0	18688986	9006.31714463234
93	-177.2933	-177.2933	-111.501785	-49.54807	1.9349198	5.933558	-52.253815	-49.548035	0.0	18889983	9089.617295742035
94	-173.03963	-173.03963	-126.48916	-49.554386	1.8793771	5.5781016	-51.644802	-49.554375	0.0	19090986	9173.83853673935
95	-169.14879	-169.14879	-121.463715	-49.54728	1.9277605	7.1366243	-51.754192	-49.547234	0.1	19291988	9257.351815462112
96	-185.51982	-185.51982	-109.40969	-49.55049	1.9061545	7.002784	-54.697483	-49.550568	0.0	19492983	9340.967737674713
97	-181.14093	-181.14093	-134.7444	-49.552578	1.8805665	3.9077199	-54.320988	-49.55238	0.0	19693986	9424.810683250427
98	-195.46123	-195.46123	-113.00745	-49.54397	1.911555	3.7309067	-51.580544	-49.54403	0.0	19894983	9508.94245004654
99	-181.21193	-181.21193	-195.13446	-49.53872	1.9297142	6.2855344	-56.325954	-49.53868	0.0	20095981	9593.305499792099
100	-178.22131	-178.22131	-145.65547	-49.54581	1.9192187	7.475973	-51.852295	-49.54586	0.0	20296984	9676.935361623764
101	-222.49583	-222.49583	-70.151924	-49.544933	1.9080044	5.868597	-53.14519	-49.544804	0.0	20497988	9760.71361732483
102	-158.48721	-158.48721	-124.06072	-49.542675	1.9152135	3.824036	-52.231476	-49.542713	0.0	20698985	9844.486105442047
103	-198.95863	-198.95863	-75.1866	-49.537422	1.8840598	4.978478	-52.110004	-49.537315	0.0	20899988	9928.221809148788
104	-177.37766	-177.37766	-98.642654	-49.537632	1.8924619	4.2304244	-53.03214	-49.537636	0.0	21100981	10012.041085243225
105	-152.56207	-152.56207	-43.917847	-49.53437	1.9024538	5.6126904	-51.860947	-49.53437	0.0	21301982	10095.834818601608
106	-190.28906	-190.28906	-64.254326	-49.532368	1.9051471	5.4408994	-52.80463	-49.53228	0.0	21502981	10179.215855360031
107	-205.5608	-205.5608	-60.199814	-49.533016	1.8962569	4.6406126	-52.69827	-49.533028	0.0	21703985	10262.193524837494
108	-179.70827	-179.70827	-35.320904	-49.53573	1.8701836	4.018329	-52.843884	-49.535633	0.0	21904985	10345.590250015259
109	-195.16733	-195.16733	-87.45562	-49.527157	1.8952079	4.3240833	-54.357365	-49.527233	0.0	22105988	10428.705669403076
110	-181.59512	-181.59512	-83.716736	-49.528633	1.8950489	4.8228335	-52.049156	-49.52855	0.0	22306982	10512.004534482956
111	-180.7441	-180.7441	-121.41212	-49.52468	1.9034956	6.459335	-54.074276	-49.52456	0.1	22507985	10595.789185762405
112	-188.49908	-188.49908	-121.37043	-49.5229	1.8959439	6.306721	-53.09685	-49.522854	0.0	22708984	10679.67057967186
113	-173.99847	-173.99847	-102.003204	-49.527626	1.8763775	5.212882	-52.23169	-49.52761	0.1	22909984	10763.240230560303
114	-197.92703	-197.92703	-50.05294	-49.524403	1.8885684	4.1258597	-54.469654	-49.524357	0.1	23110987	10846.605345249176
115	-176.76053	-176.76053	-81.27431	-49.522087	1.9057838	4.703911	-52.226677	-49.521927	0.0	23311982	10929.866838693619
116	-175.64635	-175.64635	-90.724724	-49.526714	1.8775958	4.7704153	-55.256012	-49.526566	0.0	23512983	11013.396435260773
117	-179.01794	-179.01794	-56.324276	-49.524586	1.9028506	6.573758	-52.164276	-49.52455	0.0	23713981	11096.820388793945
118	-177.03609	-177.03609	-52.5536	-49.52144	1.9279548	4.9363265	-52.319466	-49.5213	0.0	23914982	11180.564509153366
119	-176.9091	-176.9091	-73.88615	-49.520576	1.9009826	5.4828672	-52.777054	-49.520466	0.2	24115983	11264.258118629456
120	-168.21846	-168.21846	-74.51168	-49.51062	1.9509523	5.9836473	-53.0536	-49.51044	0.1	24316991	11349.003596067429
121	-201.63406	-201.63406	-44.689655	-49.499805	1.9900666	4.4498873	-54.69171	-49.49947	0.0	24517982	11432.694295406342
122	-154.86777	-154.86777	-54.788963	-49.501026	2.0131006	6.0602765	-52.23145	-49.500893	0.0	24718981	11515.986392974854
123	-163.83139	-163.83139	-42.363243	-49.48688	2.0418806	5.417578	-53.530354	-49.486645	0.0	24919984	11598.219776630402
124	-167.70311	-167.70311	-19.951866	-49.478813	2.134248	5.639859	-53.202305	-49.478676	0.2	25120990	11681.200158834457
125	-171.78947	-171.78947	-53.681583	-49.47897	2.1379962	6.5221996	-57.235615	-49.478836	0.2	25321982	11764.408274888992
126	-164.94875	-164.94875	-13.029349	-49.467003	2.2006116	7.057193	-53.081245	-49.46689	0.1	25522986	11847.722995758057
127	-155.51251	-155.51251	-7.6797805	-49.469975	2.2093997	5.6934156	-52.69822	-49.469776	0.0	25723981	11931.297718763351
128	-164.15993	-164.15993	-121.355255	-49.460396	2.2778807	9.46284	-54.788383	-49.46043	0.0	25924984	12014.732711791992
129	-163.9573	-163.9573	-29.405947	-49.45488	2.2961385	10.044824	-53.941097	-49.454823	0.0	26125982	12098.224660396576
130	-142.91049	-142.91049	-84.82448	-49.469826	2.2102866	9.112241	-52.5422	-49.469685	0.0	26326982	12181.185802698135
131	-167.56137	-167.56137	-67.02045	-49.470024	2.2322276	5.7888913	-52.93301	-49.470013	0.1	26527983	12264.648282527924
132	-151.2816	-151.2816	-106.98926	-49.462677	2.2778604	9.741001	-52.887505	-49.46245	0.1	26728982	12348.409904718399
133	-177.89067	-177.89067	-56.626682	-49.458344	2.2698376	7.321848	-52.59637	-49.458385	0.0	26929982	12431.773620128632
134	-177.59746	-177.59746	-42.516056	-49.461063	2.2295854	8.5679865	-53.851532	-49.460873	0.1	27130984	12515.075473546982
135	-179.56691	-179.56691	-56.414722	-49.457222	2.2894075	11.12596	-53.70149	-49.457096	0.0	27331984	12598.100207090378
136	-185.93184	-185.93184	-37.771835	-49.453262	2.302983	9.650095	-53.139305	-49.453346	0.0	27532981	12681.674093961716
137	-142.91629	-142.91629	-14.126895	-49.461956	2.2629995	7.46037	-53.211056	-49.461807	0.2	27733982	12764.96235370636
138	-157.42677	-157.42677	-27.958935	-49.459373	2.2777925	7.3717422	-53.15038	-49.45941	0.1	27934983	12848.098474025726
139	-159.9979	-159.9979	-43.010105	-49.454155	2.2859476	11.460603	-53.250423	-49.454113	0.0	28135981	12931.734543800354
140	-169.05804	-169.05804	-3.0795982	-49.460556	2.2214353	7.8295007	-54.43453	-49.460346	0.1	28336985	13015.471658468246
141	-199.0894	-199.0894	-39.783527	-49.456432	2.2490404	8.834231	-53.488407	-49.456562	0.0	28537984	13099.128427505493
142	-166.84363	-166.84363	-36.206154	-49.45601	2.2608132	10.313297	-55.806835	-49.455772	0.1	28738984	13182.847910642624
143	-176.64674	-176.64674	-82.70221	-49.454044	2.2634919	15.043711	-52.71795	-49.454144	0.0	28939982	13267.006543397903
144	-138.1751	-138.1751	-189.43504	-49.451134	2.2467566	11.273101	-52.88563	-49.451077	0.0	29140983	13351.14706492424
145	-178.88472	-178.88472	-16.1799	-49.441994	2.3064082	6.563745	-52.5943	-49.44199	0.1	29341987	13434.863887548447
146	-171.42165	-171.42165	-81.72564	-49.443985	2.2950478	6.987728	-53.096844	-49.44398	0.1	29542987	13518.40083527565
147	-166.6773	-166.6773	-117.094894	-49.442913	2.2936442	11.1670885	-53.250404	-49.442783	0.0	29743991	13602.205526351929
148	-183.01114	-183.01114	-47.87537	-49.44231	2.234414	7.8128777	-52.73601	-49.442287	0.0	29944981	13686.33390545845
149	-164.61246	-164.61246	-42.144352	-49.4473	2.2239923	14.332889	-55.253506	-49.44721	0.2	30145981	13770.570142745972
150	-173.16127	-173.16127	-80.14735	-49.440315	2.2734907	13.760393	-52.877697	-49.440346	0.1	30346984	13854.59270644188
151	-190.89539	-190.89539	-113.239716	-49.43604	2.2565756	9.037834	-60.092068	-49.43595	0.0	30547988	13938.497373580933
152	-189.40404	-189.40404	-24.221766	-49.436634	2.302409	14.389589	-55.93809	-49.436672	0.0	30748981	14024.479201078415
153	-167.49489	-167.49489	-90.8413	-49.44039	2.2936723	11.000815	-54.061127	-49.44041	0.1	30949981	14109.75220298767
154	-163.35915	-163.35915	-46.064014	-49.434994	2.3029282	8.534291	-53.89318	-49.43484	0.0	31150983	14193.839191675186
155	-150.6349	-150.6349	-57.624233	-49.424183	2.3237095	10.838576	-53.421444	-49.423973	0.1	31351982	14278.064331769943
156	-171.27428	-171.27428	-34.59573	-49.438423	2.2619612	10.074253	-53.574333	-49.438545	0.0	31552982	14362.267139911652
157	-175.68155	-175.68155	-36.406864	-49.430172	2.3095105	8.00847	-53.153107	-49.430122	0.0	31753983	14446.855511426926
158	-176.94543	-176.94543	-10.350089	-49.428097	2.2899125	12.758933	-55.634735	-49.427925	0.1	31954986	14531.752222061157
159	-167.34962	-167.34962	-41.613903	-49.432148	2.2819154	9.43038	-53.830036	-49.43224	0.0	32155982	14615.932931423187
160	-158.83623	-158.83623	-94.295906	-49.43352	2.2677844	10.833195	-54.196888	-49.433372	0.2	32356983	14700.988410711288
161	-166.92789	-166.92789	-19.227459	-49.41752	2.3185544	14.715592	-53.90543	-49.417305	0.2	32557982	14785.792383432388
162	-154.72794	-154.72794	0.86092097	-49.42149	2.3016462	9.659905	-53.38481	-49.421337	0.1	32758986	14870.223991394043
163	-173.42914	-173.42914	-109.463615	-49.413357	2.3307533	8.752769	-53.521164	-49.41331	0.1	32959982	14954.482173919678
164	-160.39117	-160.39117	-142.88194	-49.416004	2.3109603	14.679676	-56.28336	-49.41566	0.1	33160983	15039.096734285355
165	-161.10507	-161.10507	-33.40427	-49.419247	2.3264372	8.928375	-54.699326	-49.41917	0.3	33361982	15123.668313741684
166	-166.1123	-166.1123	-25.16107	-49.419975	2.3313591	7.987006	-53.312607	-49.41985	0.1	33562981	15207.624502897263
167	-175.66669	-175.66669	-73.079445	-49.416878	2.3021553	14.654579	-53.521847	-49.416798	0.1	33763982	15292.278941392899
168	-166.68373	-166.68373	-85.97708	-49.416187	2.3378475	9.275833	-54.1721	-49.416004	0.0	33964981	15376.861951589584
169	-175.02252	-175.02252	-69.458984	-49.407375	2.3550854	8.50959	-54.389046	-49.407303	0.0	34165985	15460.81936264038
170	-177.63573	-177.63573	-94.51518	-49.405586	2.365477	9.038825	-54.04802	-49.405403	0.0	34366991	15545.45093011856
171	-163.23233	-163.23233	-33.151516	-49.413322	2.3507073	11.655918	-57.70852	-49.413292	0.1	34567987	15629.158856868744
172	-183.53873	-183.53873	-36.743896	-49.402813	2.3907132	10.370274	-54.049927	-49.402958	0.1	34768982	15713.152003288269
173	-159.16902	-159.16902	-13.047771	-49.400017	2.420359	9.691149	-56.817898	-49.399803	0.3	34969981	15797.375867128372
174	-126.808105	-126.808105	-10.501715	-49.389683	2.464099	12.299556	-53.837605	-49.389427	0.1	35170984	15880.988240480423
175	-179.97699	-179.97699	-41.900784	-49.383083	2.4724157	13.487638	-54.615303	-49.383205	0.1	35371982	15965.47567152977
176	-144.92842	-144.92842	-3.2923324	-49.368507	2.5144126	10.048786	-54.873806	-49.368057	0.1	35572984	16049.234251260757
177	-192.49303	-192.49303	-77.33919	-49.378216	2.4764001	11.650443	-56.87512	-49.378033	0.1	35773981	16133.443434238434
178	-182.18428	-182.18428	-17.27396	-49.387997	2.4349678	9.997834	-56.537373	-49.387955	0.3	35974985	16217.032748222351
179	-154.42355	-154.42355	-40.967564	-49.38624	2.4846756	9.766373	-58.0994	-49.38594	0.0	36175984	16300.611339569092
180	-166.86261	-166.86261	-82.416595	-49.388134	2.4846509	10.300708	-57.807083	-49.38793	0.2	36376982	16384.402513980865
181	-165.6785	-165.6785	-23.797363	-49.385406	2.460072	10.066898	-58.1828	-49.38522	0.2	36577983	16468.767155885696
182	-179.3247	-179.3247	-46.114048	-49.38009	2.508726	11.1094055	-58.281487	-49.379795	0.2	36778983	16552.84692311287
183	-186.83406	-186.83406	-24.845118	-49.382378	2.4946933	11.078624	-58.666935	-49.382366	0.2	36979983	16637.19167327881
184	-151.73468	-151.73468	-43.420914	-49.386734	2.4874392	15.80737	-56.304504	-49.386406	0.1	37180984	16721.454580545425
185	-163.80652	-163.80652	2.3978071	-49.3793	2.5144856	11.912954	-55.31771	-49.379177	0.0	37381983	16806.37670826912
186	-149.85986	-149.85986	-11.299095	-49.378513	2.516836	10.225109	-57.03615	-49.37824	0.2	37582984	16890.736043214798
187	-170.34235	-170.34235	-10.025158	-49.37192	2.5702238	10.000127	-54.84862	-49.371716	0.3	37783982	16975.096668720245
188	-149.31659	-149.31659	-22.514301	-49.378292	2.5190158	11.866333	-54.99685	-49.37831	0.1	37984983	17059.70020699501
189	-140.85016	-140.85016	-73.450195	-49.37992	2.4956064	13.222782	-56.24675	-49.379646	0.1	38185982	17144.055037021637
190	-156.80806	-156.80806	-6.0124116	-49.374035	2.5511854	11.664675	-55.411186	-49.3738	0.2	38386982	17228.646456956863
191	-163.96193	-163.96193	-6.639847	-49.373688	2.5077093	12.433602	-56.731255	-49.373486	0.1	38587981	17312.839215278625
192	-156.33624	-156.33624	3.182715	-49.35372	2.6283607	9.7511635	-58.72469	-49.35325	0.3	38788988	17399.065212011337
193	-171.90096	-171.90096	0.4203186	-49.349186	2.6467805	11.8850155	-56.665768	-49.349052	0.2	38989981	17483.830440044403
194	-176.83745	-176.83745	-19.887297	-49.360912	2.5535471	8.852294	-56.163418	-49.360367	0.0	39190984	17568.984310150146
195	-134.64351	-134.64351	-39.0357	-49.354202	2.5912387	9.730816	-56.89698	-49.35397	0.1	39391983	17654.375450134277
196	-177.85295	-177.85295	0.3392979	-49.353035	2.6003141	10.912056	-57.376385	-49.35253	0.2	39592983	17739.693775177002
197	-164.95175	-164.95175	-21.942999	-49.35131	2.6318016	11.242243	-58.989132	-49.351357	0.1	39793982	17824.86624121666
198	-171.14099	-171.14099	-12.343324	-49.350185	2.6351182	12.916792	-57.419346	-49.349342	0.2	39994982	17910.06948542595
199	-171.49797	-171.49797	-31.705303	-49.345833	2.6382504	9.813217	-70.61672	-49.345627	0.3	40195981	17994.68252134323
200	-151.45767	-151.45767	-31.757133	-49.341766	2.6681008	13.023844	-55.382866	-49.34136	0.3	40396984	18078.87304377556
201	-155.50665	-155.50665	1.308981	-49.332268	2.6491883	10.937118	-65.008415	-49.331802	0.2	40597983	18163.00915122032
202	-165.12492	-165.12492	8.182814	-49.341194	2.6218007	11.255904	-57.952847	-49.34032	0.2	40798982	18247.896326065063
203	-161.73726	-161.73726	-3.500215	-49.32729	2.6906786	9.3881855	-64.11121	-49.326725	0.1	40999981	18337.955410003662
204	-176.52182	-176.52182	-24.3599	-49.334824	2.66221	10.246352	-61.54742	-49.334435	0.1	41200982	18426.779844284058
205	-149.41028	-149.41028	-35.618877	-49.328735	2.6939406	13.212634	-57.784134	-49.328037	0.0	41401983	18513.94681739807
206	-154.2665	-154.2665	-0.026905261	-49.32681	2.708063	14.319636	-59.25741	-49.326237	0.1	41602983	18603.521085977554
207	-148.99179	-148.99179	2.6433277	-49.320568	2.730076	10.636015	-57.906296	-49.319817	0.1	41803983	18693.72023653984
208	-177.11682	-177.11682	-24.837196	-49.32739	2.7070692	13.343912	-59.93072	-49.326736	0.0	42004982	18779.023193120956
209	-164.9525	-164.9525	-2.15019	-49.31706	2.7058303	12.791029	-82.534195	-49.316532	0.0	42205983	18868.597351312637
210	-154.41017	-154.41017	-13.221009	-49.31356	2.7255902	11.569513	-58.89941	-49.312996	0.2	42406982	18955.656255483627
211	-151.8799	-151.8799	-14.747836	-49.308422	2.7415638	15.052686	-58.581234	-49.30755	0.1	42607983	19048.11694431305
212	-149.0379	-149.0379	-10.475434	-49.309875	2.7290442	12.463679	-59.167732	-49.3096	0.4	42808982	19145.228712797165
213	-161.1096	-161.1096	-11.31152	-49.300697	2.7601995	14.506554	-59.667503	-49.300198	0.1	43009982	19236.605760335922
214	-154.31808	-154.31808	-7.4248233	-49.287582	2.8165376	10.669186	-58.374474	-49.286953	0.2	43210983	19326.99022078514
215	-143.58438	-143.58438	4.31605	-49.28502	2.83799	11.711998	-56.82512	-49.28425	0.1	43411983	19420.151710748672
216	-159.09073	-159.09073	-1.817799	-49.278484	2.848184	9.353327	-56.704987	-49.27776	0.1	43612983	19511.332820653915
217	-174.59488	-174.59488	-3.8161623	-49.27293	2.8732913	11.526532	-57.755264	-49.27229	0.4	43813987	19604.20042204857
218	-184.50832	-184.50832	-23.277098	-49.28871	2.8031137	9.334128	-58.361336	-49.28823	0.2	44014986	19694.63940525055
219	-146.71631	-146.71631	-9.696434	-49.278347	2.8402267	10.426387	-61.11152	-49.277767	0.1	44215983	19782.785935640335
220	-170.90073	-170.90073	-1.5522133	-49.267666	2.8886967	15.330307	-56.03339	-49.2669	0.3	44416983	19881.54807305336
221	-162.72337	-162.72337	-4.8561516	-49.26911	2.8885965	14.408897	-59.042747	-49.268593	0.4	44617983	19970.517834424973
222	-161.59097	-161.59097	-5.056519	-49.255096	2.9289498	10.328514	-57.293358	-49.25457	0.0	44818983	20058.971652269363
223	-151.57404	-151.57404	-11.689317	-49.25584	2.9302323	15.834756	-59.30463	-49.2552	0.1	45019983	20149.43654537201
224	-141.94363	-141.94363	4.770555	-49.25017	2.9515586	11.098818	-59.21395	-49.249615	0.4	45220981	20236.51853442192
225	-164.9402	-164.9402	-28.581348	-49.23788	2.984724	12.334086	-60.328465	-49.23686	0.0	45421983	20326.6359064579
226	-172.10168	-172.10168	5.748158	-49.251778	2.9625576	16.398914	-60.54088	-49.251297	0.3	45622981	20426.279910087585
227	-159.14404	-159.14404	5.8384066	-49.257248	2.9244533	12.593654	-61.946495	-49.256863	0.4	45823981	20516.114238023758
228	-167.1776	-167.1776	1.1243893	-49.24747	2.952248	11.261644	-60.827995	-49.246815	0.4	46024983	20604.536722660065
229	-154.28978	-154.28978	-8.443848	-49.25082	2.9737957	14.3944845	-60.388515	-49.250175	0.1	46225989	20692.76948904991
230	-159.12108	-159.12108	-23.148794	-49.2291	3.023149	12.694571	-58.73072	-49.22851	0.1	46426981	20781.706067085266
231	-174.02461	-174.02461	4.3641605	-49.236534	3.010372	9.475605	-58.037754	-49.235966	0.2	46627982	20889.705133914948
232	-141.40456	-141.40456	-40.71976	-49.238827	2.9842339	10.201112	-59.18446	-49.23787	0.0	46828983	21004.993891716003
233	-163.66844	-163.66844	4.817664	-49.239246	2.995403	12.908029	-57.219112	-49.23882	0.3	47029986	21122.751304626465
234	-154.77748	-154.77748	-100.24861	-49.225094	3.059862	11.877203	-62.712585	-49.22429	0.1	47230981	21243.370611667633
235	-138.71925	-138.71925	-27.497692	-49.23655	2.9980192	10.530762	-56.71604	-49.235935	0.3	47431982	21371.3132481575
236	-161.92166	-161.92166	1.0687993	-49.230217	2.983774	9.509777	-58.062305	-49.229465	0.1	47632982	21491.206490516663
237	-182.14886	-182.14886	-0.39128304	-49.222298	3.0608284	13.803816	-58.739323	-49.221684	0.1	47833984	21590.177649497986
238	-148.00069	-148.00069	-11.374096	-49.225567	3.0556135	11.521487	-57.61605	-49.224968	0.2	48034983	21687.68489074707
239	-155.33548	-155.33548	-9.701904	-49.232723	3.003357	13.18084	-56.034748	-49.232082	0.4	48235981	21780.232184410095
240	-148.65865	-148.65865	3.3381438	-49.23822	3.0205123	12.068702	-57.862793	-49.237556	0.2	48436981	21874.797456026077
241	-144.0455	-144.0455	-4.6067157	-49.221897	3.0356352	11.399258	-59.81246	-49.22153	0.3	48637982	21972.0354783535
242	-191.15436	-191.15436	-6.6262927	-49.22908	3.058197	15.024616	-58.608856	-49.22833	0.3	48838982	22092.02671146393
243	-164.39915	-164.39915	-5.5120907	-49.237488	3.012581	9.161366	-62.802475	-49.237087	0.3	49039983	22214.77626299858
244	-160.69164	-160.69164	5.5743465	-49.23726	2.9767282	13.310592	-59.317318	-49.236813	0.2	49240982	22338.128834724426
245	-153.20308	-153.20308	8.688012	-49.226982	3.0059774	11.055459	-56.608078	-49.22626	0.2	49441982	22455.78241300583
246	-148.49992	-148.49992	0.83251834	-49.220264	3.04865	13.06759	-58.038437	-49.21962	0.2	49642982	22551.0253970623
247	-165.81436	-165.81436	3.039129	-49.220104	3.052237	11.279981	-56.729794	-49.21964	0.3	49843983	22644.931587934494
248	-180.82895	-180.82895	-2.5825822	-49.223797	3.0482109	11.351874	-59.977528	-49.22296	0.2	50044982	22737.923969745636
249	-141.07039	-141.07039	-4.9533434	-49.20909	3.0824556	12.560055	-59.617752	-49.208427	0.2	50245982	22831.377132177353
250	-158.63852	-158.63852	-5.0514107	-49.219982	3.0300899	9.558867	-60.6305	-49.219418	0.2	50446981	22923.587426185608
251	-150.11818	-150.11818	-5.9698687	-49.216587	3.0971324	12.20384	-57.327248	-49.216125	0.2	50647982	23019.78764486313
252	-127.70927	-127.70927	8.581741	-49.21924	3.0310829	17.220163	-56.888412	-49.21868	0.2	50848981	23121.84833931923
253	-181.23863	-181.23863	-1.3738365	-49.214973	3.0688972	11.737381	-59.68007	-49.214386	0.2	51049983	23220.206309080124
254	-155.04128	-155.04128	2.4118736	-49.21373	3.0695555	13.694176	-56.332066	-49.213017	0.2	51250985	23315.866428136826
255	-149.37436	-149.37436	0.5786813	-49.2044	3.0943787	13.154366	-59.723606	-49.20414	0.3	51451983	23409.510516643524
256	-198.96214	-198.96214	7.7568192	-49.212822	3.0667386	13.863393	-59.350876	-49.212196	0.1	51652982	23505.585773468018
257	-156.57307	-156.57307	3.0030036	-49.203407	3.0749333	12.540303	-57.12752	-49.20259	0.3	51853981	23605.650492191315
258	-148.92123	-148.92123	-31.366924	-49.20839	3.0147889	12.206258	-58.63455	-49.207787	0.3	52054983	23702.116873264313
259	-153.7337	-153.7337	6.4023204	-49.212933	3.0449862	13.922971	-56.29582	-49.212406	0.4	52255983	23798.71850013733
260	-175.57332	-175.57332	0.14077117	-49.202023	3.1066782	12.6874895	-61.291676	-49.20129	0.3	52456981	23900.68813061714
261	-169.76222	-169.76222	-15.718908	-49.193443	3.1158092	15.712973	-59.864655	-49.192646	0.1	52657983	24033.766452550888
262	-151.18149	-151.18149	-38.924595	-49.187714	3.1452632	13.97669	-57.622425	-49.18769	0.1	52858988	24168.872960090637
263	-160.01721	-160.01721	-0.17493916	-49.177658	3.1781857	21.231937	-57.80183	-49.176727	0.1	53059981	24306.860959768295
264	-129.93301	-129.93301	-24.502106	-49.16917	3.156654	12.384469	-57.98732	-49.16881	0.4	53260981	24431.105485916138
265	-172.69643	-172.69643	-40.057526	-49.165047	3.1783166	12.663728	-57.93307	-49.164173	0.3	53461984	24525.686737060547
266	-150.4575	-150.4575	-51.897533	-49.164368	3.1475608	14.127905	-62.839573	-49.163853	0.4	53662984	24622.801424980164
267	-180.33803	-180.33803	5.8245363	-49.167454	3.1463091	15.043618	-59.77087	-49.16681	0.1	53863988	24720.463186502457
268	-152.02682	-152.02682	-6.377671	-49.171833	3.1484416	11.026149	-60.304115	-49.1713	0.1	54064983	24818.047144174576
269	-164.08693	-164.08693	-22.050514	-49.159325	3.2434046	12.687965	-58.541435	-49.15863	0.3	54265983	24918.261401176453
270	-169.00351	-169.00351	-2.7520723	-49.162453	3.179308	15.970126	-58.87998	-49.16214	0.1	54466982	25023.34729075432
271	-151.28094	-151.28094	2.258596	-49.157562	3.2073245	15.016078	-57.577015	-49.157036	0.2	54667982	25123.385160923004
272	-164.17703	-164.17703	-21.795202	-49.167522	3.1876833	14.308753	-59.313995	-49.16691	0.3	54868984	25218.66669869423
273	-144.49255	-144.49255	6.691206	-49.147945	3.2318864	13.688081	-58.80366	-49.146656	0.2	55069983	25316.31682896614
274	-140.33655	-140.33655	-23.033794	-49.155834	3.2614028	13.685609	-58.335316	-49.15564	0.2	55270981	25414.218908786774
275	-142.51201	-142.51201	-24.621479	-49.150036	3.2632864	13.935679	-60.9769	-49.149364	0.2	55471982	25516.052424907684
276	-165.81328	-165.81328	-18.604685	-49.156563	3.2426698	12.845276	-57.63306	-49.156044	0.2	55672982	25625.445691347122
277	-149.08064	-149.08064	-69.60706	-49.16062	3.2306879	13.028714	-60.799145	-49.159885	0.2	55873982	25748.428718805313
278	-163.97511	-163.97511	-33.178234	-49.154568	3.2133548	11.212524	-56.939907	-49.154068	0.3	56074986	25873.089094877243
279	-169.39627	-169.39627	-16.113655	-49.158875	3.20714	13.333727	-61.13051	-49.158463	0.1	56275986	25998.354586839676
280	-151.69028	-151.69028	-31.185545	-49.162605	3.2003248	16.730635	-58.815395	-49.162086	0.2	56476985	26126.731660842896
281	-164.35321	-164.35321	-82.36926	-49.167088	3.1611142	10.895058	-58.95561	-49.166447	0.2	56677984	26259.281755924225
282	-167.38512	-167.38512	-24.56162	-49.164654	3.2006562	13.379552	-56.862106	-49.164017	0.4	56878984	26379.35555768013
283	-152.09175	-152.09175	-8.52081	-49.159657	3.1560621	12.346927	-59.003574	-49.159016	0.3	57079986	26483.41849374771
284	-132.17834	-132.17834	-6.2809796	-49.156673	3.1851022	10.254401	-57.905827	-49.156025	0.3	57280984	26580.76171064377
285	-138.63087	-138.63087	-12.082742	-49.148933	3.2249365	11.145451	-57.49524	-49.14846	0.0	57481983	26681.765388965607
286	-141.33076	-141.33076	7.3841157	-49.13347	3.2730575	11.199484	-59.817806	-49.132572	0.3	57682984	26779.164366960526
287	-180.45207	-180.45207	-3.1589408	-49.145626	3.186717	14.2362175	-59.60134	-49.145008	0.5	57883986	26880.005619764328
288	-175.84355	-175.84355	9.287091	-49.14175	3.223126	14.540271	-57.445847	-49.1412	0.0	58084982	26981.396716356277
289	-130.81723	-130.81723	6.1757154	-49.14297	3.185848	14.062306	-57.1156	-49.14267	0.2	58285983	27077.15563559532
290	-151.7496	-151.7496	5.775938	-49.123825	3.2509909	16.888025	-59.341515	-49.122948	0.3	58486982	27178.78827023506
291	-157.17336	-157.17336	-0.39489177	-49.1277	3.2573955	14.3081455	-59.717724	-49.126877	0.2	58687983	27282.515773057938
292	-144.11327	-144.11327	7.7761765	-49.120758	3.26614	11.179848	-60.598717	-49.119926	0.4	58888984	27376.67823457718
293	-141.55017	-141.55017	6.080498	-49.123337	3.2527966	17.941494	-59.116882	-49.122982	0.4	59089983	27471.47953915596
294	-152.3134	-152.3134	-6.994031	-49.121765	3.2824106	17.00079	-60.670124	-49.120827	0.3	59290981	27606.20627617836
295	-160.00879	-160.00879	-4.620188	-49.10425	3.3489335	14.423501	-58.55422	-49.103676	0.3	59491984	27734.596993923187
296	-141.57672	-141.57672	-9.024791	-49.120556	3.2838292	16.274626	-59.781284	-49.119953	0.2	59692986	27863.526787042618
297	-145.6946	-145.6946	-14.796149	-49.119526	3.2418964	14.136757	-59.068966	-49.119015	0.1	59893982	27980.66679573059
298	-174.89287	-174.89287	-2.4703455	-49.10612	3.3512504	12.816672	-59.502075	-49.10561	0.3	60094985	28105.311400413513
299	-153.3422	-153.3422	5.2986937	-49.103428	3.3154857	14.015572	-58.70829	-49.102737	0.4	60295981	28206.402378082275
300	-160.90489	-160.90489	-40.55993	-49.098907	3.3206246	12.01409	-60.26311	-49.09845	0.4	60496981	28307.186790704727
301	-151.94565	-151.94565	6.0123935	-49.10155	3.312171	14.515689	-58.900726	-49.100834	0.3	60697983	28405.270763635635
302	-161.99043	-161.99043	-36.404655	-49.110504	3.3203166	12.213817	-61.83769	-49.1101	0.1	60898981	28500.305107355118
303	-164.80855	-164.80855	-20.021837	-49.09569	3.3593338	13.911992	-59.16085	-49.095104	0.1	61099981	28592.703332662582
304	-160.57672	-160.57672	-2.4815073	-49.111	3.32145	18.167099	-60.503117	-49.110374	0.3	61300986	28684.2174680233
305	-152.2217	-152.2217	-8.162866	-49.11431	3.3063061	12.24142	-60.80186	-49.113586	0.2	61501986	28776.39241194725
306	-135.66724	-135.66724	-30.095299	-49.10816	3.328557	16.485016	-63.037506	-49.10761	0.2	61702981	28866.98411822319
307	-168.54466	-168.54466	-24.85232	-49.10868	3.2990425	11.9879	-58.52699	-49.108032	0.1	61903982	28957.21324777603
308	-134.31049	-134.31049	-16.667114	-49.091843	3.3871188	15.346481	-60.532658	-49.091206	0.1	62104981	29048.125281572342
309	-153.36885	-153.36885	-59.26796	-49.097794	3.3495815	11.188984	-60.280785	-49.0971	0.4	62305984	29138.18446445465
310	-139.739	-139.739	-53.10731	-49.093307	3.3414924	16.603914	-61.265312	-49.092587	0.4	62506983	29228.61579656601
311	-139.17767	-139.17767	9.025244	-49.088585	3.3639596	12.715547	-59.684162	-49.08806	0.3	62707982	29318.057273626328
312	-165.08456	-165.08456	2.3237116	-49.08966	3.3716927	14.722723	-59.009212	-49.08883	0.1	62908981	29406.851036548615
313	-138.83862	-138.83862	-1.7111858	-49.093147	3.367193	12.172328	-62.61124	-49.09265	0.3	63109983	29495.325417757034
314	-149.6852	-149.6852	-9.507337	-49.083805	3.3649852	12.122098	-66.38174	-49.083195	0.1	63310982	29583.143021821976
315	-144.24667	-144.24667	3.6590497	-49.085873	3.3895028	15.141626	-60.232224	-49.085125	0.4	63511981	29670.779711723328
316	-136.2558	-136.2558	-76.35161	-49.074974	3.4527295	16.670496	-59.399952	-49.074352	0.3	63712984	29758.140669822693
317	-150.71974	-150.71974	-10.923364	-49.05873	3.4626374	12.012066	-60.777023	-49.05769	0.4	63913988	29845.432510137558
318	-159.63004	-159.63004	4.3025947	-49.08106	3.3714907	12.380852	-62.40786	-49.080933	0.2	64114983	29932.929264307022
319	-143.2555	-143.2555	4.610424	-49.06038	3.4592962	11.587936	-65.02056	-49.05969	0.3	64315982	30019.667919397354
320	-168.64375	-168.64375	-8.763518	-49.072296	3.4089646	11.697851	-61.080387	-49.072174	0.1	64516990	30105.912484645844
321	-146.8112	-146.8112	-17.608006	-49.05613	3.440714	17.402958	-61.748013	-49.055416	0.1	64717985	30192.73145031929
322	-167.16936	-167.16936	-38.243015	-49.060047	3.4357975	12.375086	-60.820065	-49.059284	0.3	64918985	30279.17653942108
323	-189.96803	-189.96803	-22.937883	-49.03883	3.507264	16.511946	-60.260674	-49.03821	0.1	65119983	30365.06229519844
324	-159.7085	-159.7085	7.3533506	-49.062035	3.4627461	15.123175	-60.440384	-49.06099	0.2	65320986	30450.4943959713
325	-134.7459	-134.7459	-45.293556	-49.0559	3.5197172	11.045479	-59.111256	-49.05566	0.3	65521981	30536.391411304474
326	-139.10638	-139.10638	7.5679646	-49.061913	3.4552114	14.971302	-59.320538	-49.06167	0.2	65722983	30621.833721399307
327	-153.18817	-153.18817	-2.9177444	-49.049618	3.47822	17.520432	-59.90381	-49.048912	0.2	65923981	30707.350264787674
328	-171.20355	-171.20355	-15.641267	-49.053585	3.4800625	10.471716	-60.13265	-49.052795	0.4	66124985	30792.259355783463
329	-133.42245	-133.42245	-22.540863	-49.045506	3.5211341	12.872891	-67.65781	-49.045425	0.5	66325985	30877.189940214157
330	-146.02484	-146.02484	-0.44907865	-49.04497	3.4900951	18.493734	-59.31448	-49.044384	0.4	66526985	30961.93334555626
331	-151.51477	-151.51477	-25.390863	-49.040302	3.513888	16.194069	-62.50003	-49.03974	0.4	66727982	31046.539432287216
332	-148.69794	-148.69794	11.561113	-49.051666	3.4781625	12.55626	-62.703125	-49.051212	0.3	66928982	31130.985637664795
333	-156.33633	-156.33633	-16.597359	-49.04617	3.4703968	31.268644	-62.07605	-49.045975	0.2	67129985	31215.618664503098
334	-171.19746	-171.19746	-21.022814	-49.04388	3.492862	16.084742	-60.607742	-49.042755	0.2	67330988	31300.852500915527
335	-150.62659	-150.62659	0.77146125	-49.03139	3.5509088	12.86673	-61.55399	-49.031086	0.2	67531988	31384.95841407776
336	-121.30921	-121.30921	-33.033176	-49.035267	3.464631	15.806342	-61.680553	-49.0344	0.2	67732983	31469.957765340805
337	-147.49765	-147.49765	1.4879514	-49.03776	3.5155587	17.5105	-60.86656	-49.037018	0.3	67933985	31555.161864042282
338	-157.46304	-157.46304	-16.19661	-49.024124	3.5666575	13.31857	-61.069675	-49.023487	0.3	68134984	31640.276091575623
339	-153.73083	-153.73083	5.9735484	-49.034443	3.5101197	17.826145	-59.09851	-49.0339	0.3	68335982	31725.457677602768
340	-156.03119	-156.03119	7.0015926	-49.023926	3.550724	13.6264925	-59.10913	-49.022957	0.3	68536983	31810.601844072342
341	-124.14419	-124.14419	6.324283	-49.016014	3.534051	15.137156	-61.255806	-49.015316	0.2	68737982	31895.581448078156
342	-165.47592	-165.47592	-21.947798	-49.033127	3.4837248	20.723963	-59.99746	-49.032593	0.5	68938984	31981.159569740295
343	-151.29027	-151.29027	3.0799398	-49.02528	3.5688872	14.05824	-64.488785	-49.024277	0.4	69139987	32066.29722714424
344	-144.27061	-144.27061	-2.961551	-49.035748	3.5031078	17.030964	-62.88187	-49.035	0.0	69340983	32151.923899173737
345	-131.5343	-131.5343	-13.725476	-49.0206	3.5464892	13.376533	-58.96118	-49.019527	0.7	69541981	32237.271547555923
346	-159.93141	-159.93141	1.1153936	-49.01698	3.5553546	14.4788	-61.218765	-49.016705	0.2	69742982	32324.9089243412
347	-141.42737	-141.42737	-4.0201445	-49.028942	3.5588417	17.048187	-61.3891	-49.02783	0.3	69943984	32411.188334703445
348	-156.88658	-156.88658	5.788214	-49.014374	3.5952656	15.771194	-60.86178	-49.01378	0.2	70144982	32498.06290245056
349	-153.955	-153.955	6.8870473	-49.013203	3.5793405	17.13159	-59.01725	-49.012672	0.4	70345983	32584.87987947464
350	-142.69394	-142.69394	-35.823483	-49.01549	3.5460389	14.085892	-62.391922	-49.014484	0.1	70546986	32671.406240940094
351	-138.66689	-138.66689	10.43067	-49.01557	3.5484452	31.397541	-62.355846	-49.014618	0.2	70747986	32758.445726633072
352	-138.41603	-138.41603	-0.045762025	-49.012417	3.5690556	12.821554	-60.88965	-49.01168	0.3	70948987	32844.80284309387
353	-155.62779	-155.62779	10.598309	-49.005463	3.6142867	19.539282	-60.980488	-49.004948	0.5	71149982	32930.92766904831
354	-147.99242	-147.99242	6.5990357	-49.015293	3.5620027	18.582159	-66.24728	-49.014435	0.4	71350982	33017.17569923401
355	-151.79353	-151.79353	-2.4412668	-49.01107	3.5709825	15.443035	-58.95129	-49.0101	0.4	71551982	33103.7689769268
356	-176.20181	-176.20181	6.213423	-48.997684	3.6547892	17.426556	-64.21265	-48.997467	0.3	71752982	33190.25787091255
357	-127.40157	-127.40157	7.918703	-49.012447	3.5929072	15.372649	-65.12111	-49.01176	0.3	71953983	33277.398527145386
358	-153.5269	-153.5269	5.7799444	-48.997284	3.6241336	14.991722	-64.35161	-48.996727	0.4	72154981	33363.80304145813
359	-141.53365	-141.53365	10.867407	-48.99792	3.6378944	14.289704	-60.35168	-48.99704	0.3	72355984	33450.5633764267
360	-143.83418	-143.83418	8.473715	-48.997223	3.6245685	19.099533	-62.209007	-48.996147	0.4	72556983	33536.97162246704
361	-146.90334	-146.90334	5.6203504	-48.986794	3.6875553	16.87341	-61.644596	-48.986027	0.5	72757982	33622.877856492996
362	-134.6775	-134.6775	8.177422	-48.991573	3.6497962	12.202051	-60.138367	-48.99099	0.0	72958987	33708.89545869827
363	-149.37039	-149.37039	5.853108	-48.99167	3.6620016	16.99829	-59.754307	-48.990772	0.1	73159982	33795.45523095131
364	-167.38228	-167.38228	7.433243	-48.981255	3.6880066	15.656614	-61.379814	-48.98028	0.3	73360991	33881.61903524399
365	-155.76884	-155.76884	-10.826965	-48.991528	3.6535861	17.834044	-61.11461	-48.99099	0.2	73561981	33972.50742340088
366	-136.58223	-136.58223	-0.4095105	-48.981865	3.6790338	16.499384	-60.990097	-48.98144	0.3	73762981	34077.39085674286
367	-140.05104	-140.05104	-2.911196	-48.98028	3.6899974	17.244984	-59.33126	-48.979424	0.4	73963982	34170.16852903366
368	-149.93675	-149.93675	3.6279907	-48.970024	3.7313938	14.591799	-59.050747	-48.96938	0.3	74164984	34261.18907737732
369	-138.46317	-138.46317	-8.561608	-48.97646	3.7260754	19.461689	-58.821606	-48.97574	0.3	74365987	34347.56917619705
370	-132.80666	-132.80666	-4.891572	-48.96431	3.751822	26.183733	-61.54087	-48.96313	0.2	74566981	34441.15227532387
371	-140.62024	-140.62024	5.7109947	-48.971672	3.7065747	17.806301	-62.158207	-48.97119	0.4	74767983	34532.36323809624
372	-133.45981	-133.45981	3.4919205	-48.969215	3.7390995	22.123823	-61.634113	-48.968697	0.3	74968983	34623.36993813515
373	-159.23895	-159.23895	9.42946	-48.951653	3.7853656	16.113024	-61.29467	-48.951225	0.3	75169983	34713.951843976974
374	-135.98987	-135.98987	-3.4954772	-48.957565	3.749236	14.224327	-61.16385	-48.956577	0.0	75370982	34809.05385494232
375	-138.66673	-138.66673	0.533068	-48.952026	3.7926419	25.287674	-59.931984	-48.951668	0.5	75571986	34899.68644499779
376	-113.716576	-113.716576	8.486802	-48.9475	3.8239915	19.021683	-61.425972	-48.947376	0.5	75772983	34987.518182992935
377	-140.91336	-140.91336	11.540406	-48.94888	3.803767	20.612728	-59.050972	-48.947723	0.1	75973981	35080.6987695694
378	-138.59947	-138.59947	13.30958	-48.9377	3.8383565	20.39337	-60.525864	-48.93722	0.5	76174985	35178.54346251488
379	-127.33063	-127.33063	8.24702	-48.9502	3.7518146	15.204319	-61.89593	-48.94981	0.6	76375982	35269.751324892044
380	-143.35992	-143.35992	11.331559	-48.94237	3.8058681	19.449986	-61.665066	-48.941788	0.2	76576982	35365.73126363754
381	-142.41217	-142.41217	-6.072351	-48.93053	3.8356466	15.42994	-62.078415	-48.929684	0.3	76777982	35459.54656100273
382	-143.11469	-143.11469	7.5428896	-48.925423	3.8535345	16.992203	-61.660576	-48.924217	0.2	76978983	35555.086350917816
383	-143.68306	-143.68306	0.057804164	-48.92899	3.8311546	13.579374	-63.97436	-48.928116	0.3	77179981	35649.50079083443
384	-129.49838	-129.49838	6.598856	-48.933598	3.8498108	16.532108	-64.77913	-48.93299	0.5	77380984	35745.399480342865
385	-126.4038	-126.4038	3.3612192	-48.929813	3.8448327	17.516495	-62.172142	-48.92872	0.7	77581982	35838.27417445183
386	-170.38858	-170.38858	6.033849	-48.909927	3.90742	14.945257	-61.721615	-48.90917	0.3	77782985	35929.49412345886
387	-149.06435	-149.06435	8.105111	-48.91792	3.8891988	19.798182	-63.533176	-48.917133	0.2	77983981	36023.6688849926
388	-146.98215	-146.98215	9.294572	-48.912037	3.9227064	17.953632	-62.197445	-48.911255	0.2	78184983	36117.80965542793
389	-148.78757	-148.78757	1.8186028	-48.91803	3.8898325	15.420933	-63.061737	-48.91715	0.2	78385984	36213.17893362045
390	-135.15741	-135.15741	5.1939383	-48.917324	3.8891573	12.849835	-61.595528	-48.915947	0.3	78586982	36306.52822446823
391	-165.81621	-165.81621	6.4933887	-48.922592	3.8708305	20.442703	-62.15592	-48.92191	0.6	78787982	36398.02354621887
392	-165.13419	-165.13419	11.582673	-48.904026	3.923667	14.813523	-61.344887	-48.90297	0.4	78988981	36489.753183841705
393	-157.28369	-157.28369	8.225528	-48.90147	3.9539065	16.958517	-62.437428	-48.900745	0.3	79189983	36579.494980573654
394	-144.88385	-144.88385	-18.91628	-48.90878	3.9295516	17.171856	-63.465393	-48.90811	0.3	79390982	36667.99513745308
395	-150.46605	-150.46605	0.7756061	-48.908875	3.8996298	17.957235	-66.269424	-48.90777	0.2	79591981	36756.99011063576
396	-141.02048	-141.02048	2.3745203	-48.907734	3.9420066	13.62444	-62.070076	-48.90653	0.1	79792986	36845.698232889175
397	-136.01987	-136.01987	-29.371338	-48.914833	3.9063072	21.084063	-64.10239	-48.91451	0.3	79993981	36934.06242823601
398	-153.97401	-153.97401	8.43601	-48.906384	3.944675	17.939987	-60.81776	-48.90481	0.3	80194984	37022.96222066879
399	-137.6164	-137.6164	8.990813	-48.910202	3.9348958	15.119489	-68.831314	-48.909195	0.3	80395984	37111.89900612831
400	-148.89413	-148.89413	7.120001	-48.909794	3.9252434	19.187222	-62.55373	-48.908585	0.2	80596983	37200.38525700569
401	-141.57968	-141.57968	2.7495604	-48.90447	3.937856	14.355057	-62.085106	-48.90368	0.4	80797982	37288.86891245842
402	-137.41896	-137.41896	9.3050375	-48.904564	3.93262	15.544382	-64.2968	-48.903973	0.2	80998982	37377.83901500702
403	-147.8317	-147.8317	7.094862	-48.914974	3.9026828	16.780718	-68.594025	-48.914204	0.5	81199982	37466.7092499733
404	-157.19858	-157.19858	3.593693	-48.91897	3.8942983	15.610248	-66.11975	-48.917908	0.2	81400982	37555.23595166206
405	-152.49377	-152.49377	10.462127	-48.90245	3.9475296	18.097172	-62.215397	-48.902042	0.2	81601984	37643.3467361927
406	-136.45708	-136.45708	6.0852056	-48.898743	3.9617097	18.984686	-61.597046	-48.89786	0.3	81802983	37731.13544821739
407	-125.40963	-125.40963	8.951019	-48.893654	3.9739547	21.847164	-64.15897	-48.892563	0.4	82003982	37819.04334497452
408	-136.74391	-136.74391	2.857385	-48.91101	3.9024343	18.211073	-62.217457	-48.910767	0.5	82204981	37907.34540820122
409	-144.85208	-144.85208	-6.840779	-48.901833	3.9572992	15.810996	-59.633686	-48.900177	0.5	82405984	37995.570408821106
410	-145.83655	-145.83655	1.6778519	-48.883877	4.017145	14.642705	-62.315903	-48.883186	0.2	82606983	38085.15256476402
411	-158.0788	-158.0788	9.725595	-48.898006	3.9676445	16.269093	-69.57542	-48.897057	0.5	82807983	38176.78363776207
412	-152.72041	-152.72041	-29.66437	-48.8956	3.9502892	16.316275	-61.737724	-48.894672	0.4	83008983	38273.507509708405
413	-155.09137	-155.09137	9.348932	-48.891552	3.9602764	23.025995	-62.77705	-48.891342	0.4	83209986	38361.60140419006
414	-148.7276	-148.7276	-3.4885306	-48.88623	3.9852202	17.89155	-65.22006	-48.885765	0.6	83410990	38449.332012176514
415	-130.73642	-130.73642	5.3142757	-48.877335	4.039354	13.992945	-64.290474	-48.876114	0.2	83611985	38537.07796692848
416	-129.66217	-129.66217	-2.2414696	-48.879898	3.992953	16.249664	-66.020905	-48.878693	0.3	83812983	38625.53232836723
417	-139.1142	-139.1142	5.1895685	-48.873463	4.009896	24.937225	-61.637505	-48.872677	0.3	84013982	38718.95829129219
418	-156.37401	-156.37401	5.1373186	-48.868702	3.9993284	16.205757	-74.8112	-48.867874	0.4	84214982	38815.83109998703
419	-149.94174	-149.94174	6.4652095	-48.86856	4.0293384	17.538193	-60.545784	-48.867664	0.5	84415984	38912.60391163826
420	-140.20992	-140.20992	9.798529	-48.887146	3.9399846	18.78985	-60.45165	-48.88646	0.3	84616981	39004.594863414764
421	-153.56508	-153.56508	11.33925	-48.88595	3.9511847	15.952968	-60.246315	-48.885166	0.5	84817984	39097.7407438755
422	-162.3211	-162.3211	4.453564	-48.892296	3.974033	15.729144	-59.622726	-48.89163	0.2	85018982	39190.35606598854
423	-139.25818	-139.25818	13.356787	-48.875156	4.0161047	15.143755	-63.656876	-48.87483	0.4	85219983	39282.9826631546
424	-130.56296	-130.56296	7.765167	-48.874958	4.015233	15.790045	-61.32114	-48.87403	0.4	85420985	39375.9389872551
425	-134.23344	-134.23344	10.557508	-48.853264	4.0455523	14.385834	-63.33871	-48.852226	0.6	85621983	39473.038903951645
426	-131.30034	-131.30034	10.111653	-48.864513	4.018479	24.207876	-63.89111	-48.862877	0.6	85822982	39569.38256812096
427	-136.89769	-136.89769	3.112055	-48.86636	4.0368147	19.734055	-72.57703	-48.866043	0.2	86023982	39667.600410461426
428	-153.26382	-153.26382	8.265077	-48.87451	4.026088	18.456259	-64.14236	-48.87375	0.4	86224983	39763.089876413345
429	-150.23383	-150.23383	1.9042014	-48.865723	4.015865	24.026756	-67.47583	-48.86492	0.5	86425983	39853.36677765846
430	-140.50731	-140.50731	3.8624008	-48.853626	4.071571	20.757778	-59.862198	-48.852345	0.4	86626982	39948.78925871849
431	-140.3283	-140.3283	8.975722	-48.85391	4.0775137	17.097027	-68.769936	-48.85299	0.4	86827983	40041.763588666916
432	-151.2737	-151.2737	8.769263	-48.858574	4.059204	20.502775	-65.9737	-48.857494	0.6	87028985	40134.08157372475
433	-155.32132	-155.32132	8.343962	-48.857174	4.0699205	16.82376	-74.493065	-48.856377	0.3	87229983	40227.43900322914
434	-147.74413	-147.74413	9.404401	-48.859165	4.0726576	14.839992	-60.18498	-48.85826	0.3	87430988	40326.86088895798
435	-144.66641	-144.66641	10.442071	-48.85984	4.0455837	15.421648	-66.46943	-48.858444	0.4	87631983	40429.70480632782
436	-139.8641	-139.8641	11.156769	-48.85706	4.06579	15.057998	-61.59403	-48.85701	0.2	87832985	40529.22709131241
437	-155.65166	-155.65166	10.130119	-48.866856	4.024654	17.668127	-65.81561	-48.866203	0.4	88033989	40625.947253227234
438	-147.77882	-147.77882	11.2672	-48.85362	4.038779	15.76707	-72.01642	-48.852493	0.5	88234987	40722.269726753235
439	-139.6807	-139.6807	-1.6611949	-48.85571	4.0677695	18.648197	-64.165054	-48.854916	0.3	88435983	40817.85287952423
440	-156.67958	-156.67958	-26.433704	-48.863686	4.045218	19.015165	-62.60272	-48.862633	0.3	88636982	40913.67587161064
441	-135.16432	-135.16432	8.034364	-48.851982	4.076582	21.805769	-66.42751	-48.851494	0.4	88837984	41010.70497751236
442	-125.985504	-125.985504	7.7097993	-48.832542	4.126641	15.765762	-62.80111	-48.831676	0.6	89038982	41116.20038199425
443	-143.16524	-143.16524	4.7691994	-48.850716	4.0869	23.317343	-69.30868	-48.850002	0.1	89239982	41214.15442991257
444	-130.75883	-130.75883	5.8420863	-48.842537	4.097287	19.280396	-63.95653	-48.841286	0.2	89440982	41313.333589076996
445	-154.54716	-154.54716	-7.9083843	-48.843884	4.069915	17.448645	-64.526726	-48.842907	0.3	89641985	41409.81293654442
446	-127.56057	-127.56057	0.9683872	-48.844727	4.0898857	15.957087	-70.42986	-48.844162	0.3	89842982	41509.776467084885
447	-157.1375	-157.1375	4.55637	-48.843536	4.0897493	15.295652	-62.048496	-48.842644	0.3	90043982	41616.49265623093
448	-131.12714	-131.12714	8.296914	-48.840393	4.1105022	20.051311	-61.884056	-48.839775	0.2	90244982	41725.7924592495
449	-140.88367	-140.88367	9.299908	-48.815575	4.15487	18.38875	-64.10722	-48.815144	0.4	90445984	41831.85215806961
450	-161.79161	-161.79161	-1.8931228	-48.83634	4.1223474	16.010557	-67.33513	-48.83525	0.6	90646982	41936.44297790527
451	-156.87439	-156.87439	5.7705865	-48.850002	4.0621767	18.261763	-64.56219	-48.849537	0.4	90847990	42038.53770947456
452	-153.33105	-153.33105	5.2189865	-48.843693	4.1098533	20.884678	-62.05935	-48.84298	0.3	91048983	42137.00622344017
453	-131.07616	-131.07616	9.105437	-48.841442	4.105674	19.057796	-64.29979	-48.840466	0.2	91249983	42235.81970119476
