Epoch	EpRet	EpRealRet	TestEpRet	AverageQ1	StdQ1	MaxQ1	MinQ1	Q2	TestSuccess	TotalEnvInteracts	TotalTime
0	-20.53021	-20.53021	0.0	-18.658514	9.234722	21.95208	-51.044926	-18.654612	0.0	196981	82.06427693367004
1	-14.213052	-14.213052	-30.126165	-35.63196	12.610775	2.501488	-60.097607	-35.632076	0.0	397983	162.59520292282104
2	-21.35896	-21.35896	-1.1652348	-45.300396	5.684612	-10.588596	-55.9155	-45.300556	0.0	598982	245.87829756736755
3	-19.518747	-19.518747	-9.31609	-46.557213	4.774413	-22.80131	-59.11293	-46.5577	0.0	799984	330.08054423332214
4	-19.27622	-19.27622	-15.469778	-42.66525	8.024768	-1.4164754	-58.999237	-42.66534	0.0	1000982	411.18153285980225
5	-19.022232	-19.022232	-19.038252	-41.920307	9.042546	-9.261743	-58.022892	-41.920185	0.0	1201985	493.1489236354828
6	-19.896461	-19.896461	-9.099412	-47.911	3.3056593	-24.383316	-57.251347	-47.911774	0.0	1402983	573.8339195251465
7	-24.826654	-24.826654	0.0	-49.125477	2.3310647	-25.922766	-60.642517	-49.125698	0.0	1603981	653.6181304454803
8	-26.541828	-26.541828	-28.269531	-49.39547	2.04673	-19.897858	-60.767937	-49.395535	0.0	1804985	738.7193706035614
9	-24.811253	-24.811253	-28.592316	-49.458233	1.887716	-17.52911	-58.66338	-49.458466	0.0	2005985	822.854080915451
10	-28.321802	-28.321802	-33.74364	-49.529713	1.7742934	-15.825839	-63.214375	-49.529686	0.0	2206983	906.0231976509094
11	-25.863699	-25.863699	-19.01594	-49.55658	1.7013689	-17.44275	-59.442593	-49.55647	0.0	2407984	988.0560283660889
12	-25.329628	-25.329628	-29.164366	-49.54398	1.5972058	-24.917707	-58.96483	-49.543976	0.1	2608983	1070.6784205436707
13	-27.223162	-27.223162	-23.099855	-49.53204	1.5971725	-28.007135	-63.528473	-49.532215	0.0	2809983	1151.4598252773285
14	-24.178368	-24.178368	-35.18187	-49.520115	1.6867459	-19.244005	-57.238865	-49.520206	0.0	3010988	1232.4304785728455
15	-32.741756	-32.741756	-25.444445	-49.48942	1.9427031	-1.1288431	-59.356438	-49.48951	0.0	3211987	1313.5110774040222
16	-22.705297	-22.705297	-11.408662	-49.474724	2.0892973	1.8294288	-55.33377	-49.47498	0.1	3412981	1395.428632736206
17	-25.539692	-25.539692	-37.872116	-49.490864	2.3464782	2.563649	-61.944134	-49.490707	0.0	3613983	1475.0640497207642
18	-21.553505	-21.553505	-17.15867	-49.453743	2.73947	4.6287293	-59.397034	-49.454006	0.0	3814982	1558.5310337543488
19	-32.111294	-32.111294	-6.4418964	-49.447098	2.7619138	6.2717285	-61.607292	-49.447212	0.0	4015983	1639.334502696991
20	-22.963413	-22.963413	-22.56806	-49.43235	2.8887713	9.93466	-57.370552	-49.43203	0.1	4216985	1720.900072336197
21	-27.829754	-27.829754	-26.128351	-49.419613	3.003765	9.085046	-57.62579	-49.41936	0.0	4417981	1804.836905002594
22	-22.739063	-22.739063	-15.611983	-49.420803	2.982376	8.281953	-55.335953	-49.420856	0.1	4618984	1888.7719113826752
23	-19.813776	-19.813776	-22.286654	-49.401302	3.0728056	12.526089	-57.08057	-49.401924	0.0	4819981	1970.9717540740967
24	-22.924183	-22.924183	-10.729873	-49.40046	3.1663141	11.534384	-55.578323	-49.400707	0.1	5020982	2053.5403509140015
25	-24.99511	-24.99511	-27.315369	-49.404873	3.1315362	14.411933	-56.238735	-49.404827	0.0	5221985	2135.7418026924133
26	-26.90677	-26.90677	-24.397886	-49.385246	3.2464979	14.855346	-55.758972	-49.385365	0.0	5422981	2214.1423947811127
27	-27.763203	-27.763203	-29.66812	-49.371418	3.2362523	16.721283	-58.89652	-49.371193	0.0	5623982	2294.6278219223022
28	-21.865974	-21.865974	-20.37599	-49.357903	3.2426689	20.352278	-57.633373	-49.357365	0.0	5824983	2376.7622079849243
29	-25.400208	-25.400208	-32.468838	-49.336258	3.290168	11.365558	-58.74503	-49.335293	0.0	6025985	2458.0154316425323
30	-23.060688	-23.060688	-17.49701	-49.320053	3.3389728	12.809278	-60.086395	-49.319084	0.0	6226982	2539.266996383667
31	-22.643217	-22.643217	-21.392534	-49.323727	3.323651	14.1116085	-58.190117	-49.322636	0.1	6427983	2614.6829631328583
32	-26.27064	-26.27064	-7.2478423	-49.323185	3.4160833	14.666912	-57.487686	-49.321896	0.0	6628985	2697.731756925583
33	-27.285	-27.285	-10.03531	-49.32783	3.3831668	15.773522	-57.383335	-49.326706	0.0	6829983	2779.6996500492096
34	-26.521303	-26.521303	-21.52317	-49.309624	3.3637025	16.632519	-61.8073	-49.30818	0.0	7030988	2860.6686627864838
35	-26.960922	-26.960922	-24.89751	-49.26578	3.4727516	22.988863	-59.14856	-49.264645	0.0	7231982	2945.2218918800354
36	-21.875906	-21.875906	-15.437353	-49.209274	3.5938065	12.489934	-56.656506	-49.208675	0.0	7432981	3024.4869060516357
37	-22.752102	-22.752102	-21.87342	-49.190075	3.6075633	20.160864	-59.77571	-49.189556	0.1	7633981	3105.262639760971
38	-29.644285	-29.644285	-9.320703	-49.178112	3.5955667	11.670168	-61.359886	-49.17781	0.1	7834984	3187.4895651340485
39	-28.898077	-28.898077	-10.2474	-49.172886	3.6457891	12.451521	-58.34574	-49.17226	0.1	8035983	3270.840638399124
40	-20.606987	-20.606987	-24.237793	-49.16152	3.710738	10.209721	-58.409668	-49.16113	0.0	8236981	3354.4947924613953
41	-17.10197	-17.10197	-31.371916	-49.161964	3.6911688	12.446844	-62.43582	-49.161648	0.0	8437984	3435.343892097473
42	-31.91334	-31.91334	-8.545166	-49.15268	3.7826846	13.554051	-57.821255	-49.152546	0.0	8638982	3516.1451964378357
43	-21.82396	-21.82396	-2.7337077	-49.11259	3.8769348	18.535564	-57.46417	-49.112423	0.1	8839982	3597.2293524742126
44	-26.231216	-26.231216	-13.271949	-49.11631	3.871196	12.161402	-59.38325	-49.11631	0.0	9040986	3681.0302221775055
45	-15.9899845	-15.9899845	-12.44194	-49.124744	3.8431938	12.06518	-59.038643	-49.12512	0.1	9241982	3763.1310575008392
46	-19.174606	-19.174606	-22.161669	-49.124676	3.8779874	14.387234	-59.64353	-49.12479	0.0	9442989	3843.3694496154785
47	-29.833307	-29.833307	-14.277402	-49.126648	3.873088	11.970526	-62.14774	-49.12648	0.1	9643986	3927.2868609428406
48	-28.182129	-28.182129	-14.220413	-49.126446	3.8719852	13.176431	-63.888428	-49.126743	0.1	9844982	4009.219913959503
49	-18.267632	-18.267632	-21.292223	-49.138107	3.7972536	13.291791	-58.69239	-49.137985	0.1	10045984	4090.770581960678
50	-19.061466	-19.061466	-29.359838	-49.11757	3.849198	15.760758	-59.922806	-49.118004	0.2	10246981	4173.204430580139
51	-25.721643	-25.721643	-20.122423	-49.08168	3.9773495	11.445667	-60.320534	-49.08227	0.0	10447985	4256.106727361679
52	-15.064884	-15.064884	-44.764034	-49.047123	4.027767	15.335967	-56.99493	-49.04733	0.0	10648983	4336.397556066513
53	-20.21688	-20.21688	-14.114674	-49.01666	4.108693	16.347477	-62.281265	-49.016853	0.1	10849981	4417.426964998245
54	-17.410368	-17.410368	-16.846605	-49.002655	4.183947	17.44414	-62.18674	-49.00264	0.1	11050981	4499.1105144023895
55	-23.775513	-23.775513	-8.136936	-48.98631	4.2156715	19.26955	-65.62282	-48.986923	0.1	11251984	4580.5272805690765
56	-24.925974	-24.925974	-20.43967	-48.955692	4.306537	20.068998	-65.77308	-48.95517	0.0	11452981	4662.727977514267
57	-19.830303	-19.830303	-17.027174	-48.96277	4.2424817	17.215803	-61.51948	-48.962868	0.0	11653983	4744.581418514252
58	-17.075125	-17.075125	-19.328499	-48.94595	4.3592777	14.889655	-61.340343	-48.945267	0.3	11854981	4826.446763038635
59	-14.757218	-14.757218	-6.1726046	-48.927334	4.401202	13.785453	-62.60626	-48.92681	0.1	12055983	4909.199869155884
60	-21.980675	-21.980675	-10.375849	-48.89189	4.55265	15.878551	-58.06634	-48.891903	0.0	12256985	4990.617727518082
61	-23.548738	-23.548738	-17.48503	-48.85955	4.5658674	16.037998	-64.673515	-48.859234	0.0	12457983	5072.040552377701
62	-18.782873	-18.782873	-13.198559	-48.82612	4.6561847	15.391353	-59.774097	-48.825447	0.3	12658981	5151.352365016937
63	-18.886696	-18.886696	-14.882446	-48.78191	4.747198	15.286294	-58.372265	-48.78136	0.0	12859983	5234.223508119583
64	-26.894987	-26.894987	-10.154957	-48.76927	4.7962165	19.077438	-79.62274	-48.768543	0.1	13060981	5317.605598449707
65	-20.4764	-20.4764	-17.774368	-48.79108	4.767264	13.903828	-61.016953	-48.790764	0.0	13261982	5400.227554321289
66	-29.649546	-29.649546	-15.294445	-48.809048	4.6974216	15.715053	-70.961464	-48.808678	0.0	13462984	5482.675649642944
67	-24.142149	-24.142149	-15.915436	-48.821095	4.649807	23.4514	-63.11023	-48.82083	0.0	13663981	5562.044192314148
68	-20.06635	-20.06635	-11.923751	-48.80572	4.7524633	23.546852	-59.996315	-48.805332	0.1	13864981	5642.44452214241
69	-20.395702	-20.395702	-25.635017	-48.809	4.686429	12.861837	-65.64048	-48.80938	0.1	14065982	5722.9939930438995
70	-22.790247	-22.790247	-16.882109	-48.80997	4.677109	10.7335	-67.945206	-48.810116	0.1	14266984	5803.502484083176
71	-19.84138	-19.84138	-22.563091	-48.784546	4.7545276	15.851549	-62.290142	-48.784428	0.4	14467981	5882.8971400260925
72	-20.044947	-20.044947	-14.149459	-48.769413	4.800789	11.418602	-67.36112	-48.769913	0.0	14668982	5963.847580194473
73	-20.37283	-20.37283	-5.514379	-48.76899	4.751704	15.372078	-63.625473	-48.769535	0.3	14869981	6045.26446557045
74	-22.612883	-22.612883	-19.069212	-48.737217	4.8197885	12.552611	-58.415077	-48.737743	0.0	15070982	6126.152480840683
75	-15.407775	-15.407775	-14.302532	-48.73397	4.8449717	17.534891	-63.39649	-48.73427	0.0	15271983	6208.3526837825775
76	-17.502335	-17.502335	-23.215733	-48.69219	4.9958687	18.599752	-61.564	-48.692696	0.0	15472981	6291.252863645554
77	-18.238558	-18.238558	-5.0475597	-48.724014	4.904253	12.380062	-61.95478	-48.724834	0.2	15673983	6373.97053194046
78	-25.18866	-25.18866	-12.659464	-48.688843	5.0175376	12.098846	-70.7739	-48.689472	0.1	15874983	6457.4572212696075
79	-22.004204	-22.004204	-13.373478	-48.707138	4.970472	15.832586	-64.04408	-48.708317	0.1	16075985	6540.090247631073
80	-23.526001	-23.526001	-22.662127	-48.708138	4.9841266	11.850463	-63.795532	-48.708733	0.1	16276981	6623.890746355057
81	-19.256254	-19.256254	-15.455581	-48.714375	5.012027	13.726637	-58.41496	-48.71484	0.0	16477984	6703.9769768714905
82	-21.446333	-21.446333	-33.179474	-48.73731	4.97364	18.44328	-60.947266	-48.73698	0.1	16678982	6788.992387056351
83	-22.715675	-22.715675	-10.906947	-48.730717	4.954909	17.804443	-64.95323	-48.730667	0.0	16879989	6870.930388212204
84	-17.042048	-17.042048	-19.289967	-48.73564	4.983719	10.883629	-64.06158	-48.735317	0.0	17080982	6951.282056808472
85	-19.11986	-19.11986	-13.2515135	-48.7151	5.0158405	18.358192	-68.48185	-48.714897	0.0	17281982	7032.130811929703
86	-25.114904	-25.114904	-13.856711	-48.7134	5.0317826	12.75976	-64.73734	-48.712837	0.0	17482982	7113.446842670441
87	-17.967537	-17.967537	-15.958985	-48.725624	5.051488	15.858914	-64.121666	-48.725338	0.1	17683984	7195.517060756683
88	-20.19431	-20.19431	-15.650504	-48.725967	5.050546	17.5533	-61.30695	-48.726128	0.2	17884985	7274.902043581009
89	-19.514412	-19.514412	-25.555658	-48.729527	5.077284	13.339459	-82.736694	-48.72935	0.1	18085982	7357.067955970764
90	-17.46077	-17.46077	-9.0483465	-48.710644	5.119293	13.116498	-72.59773	-48.710358	0.1	18286981	7437.018839597702
91	-6.514426	-6.514426	-23.921446	-48.70699	5.1154532	13.308334	-58.706264	-48.706863	0.1	18487983	7517.38836979866
92	-18.636143	-18.636143	-12.746398	-48.70024	5.1269083	12.855523	-61.7838	-48.700027	0.1	18688984	7599.689688205719
93	-22.288565	-22.288565	-6.1221385	-48.69031	5.169419	18.958714	-58.999	-48.69011	0.1	18889986	7679.788328170776
94	-23.898874	-23.898874	-18.716124	-48.707413	5.1077437	22.869055	-67.87539	-48.70693	0.1	19090981	7760.257626771927
95	-18.748085	-18.748085	-21.440016	-48.679134	5.164322	13.97939	-62.38018	-48.678734	0.1	19291984	7841.2603459358215
96	-18.613768	-18.613768	-18.757174	-48.647373	5.2458687	10.794217	-61.090336	-48.647675	0.2	19492982	7924.808407783508
97	-14.679505	-14.679505	-21.127724	-48.639053	5.249427	19.519009	-63.560326	-48.639107	0.0	19693983	8005.0274176597595
98	-15.6163845	-15.6163845	-11.980918	-48.627384	5.297451	17.121634	-63.810806	-48.62716	0.1	19894986	8085.328672409058
99	-14.298223	-14.298223	-25.338848	-48.639805	5.2999253	11.956673	-63.04357	-48.64053	0.1	20095981	8167.646553993225
100	-23.482153	-23.482153	-10.365895	-48.63167	5.3468413	23.260174	-71.52094	-48.631855	0.1	20296984	8250.480729341507
101	-19.072126	-19.072126	-12.752221	-48.620968	5.363808	15.543767	-61.63669	-48.62112	0.2	20497983	8333.76534485817
102	-14.882257	-14.882257	-12.805408	-48.626053	5.358607	30.908453	-60.768494	-48.62563	0.0	20698982	8415.168152809143
103	-15.540991	-15.540991	-9.396627	-48.61799	5.4201064	20.22055	-64.082275	-48.617966	0.1	20899981	8496.800927877426
104	-20.699	-20.699	-35.591007	-48.59328	5.4428186	15.997996	-62.996536	-48.59306	0.0	21100981	8578.836749315262
105	-19.760345	-19.760345	-18.14987	-48.599224	5.4313245	21.156612	-61.10946	-48.599583	0.1	21301983	8662.956358671188
106	-20.082294	-20.082294	-29.213041	-48.575256	5.5220184	12.691111	-61.831673	-48.575405	0.1	21502983	8746.037518262863
107	-22.547792	-22.547792	-9.353056	-48.595352	5.4510403	17.944063	-69.263565	-48.594986	0.1	21703983	8829.889598608017
108	-17.843464	-17.843464	-20.122728	-48.593044	5.4564166	16.887192	-60.05334	-48.593052	0.0	21904982	8908.857538461685
109	-18.230106	-18.230106	-8.25773	-48.593437	5.4380665	13.603818	-63.384586	-48.593166	0.1	22105982	8990.309366464615
110	-19.468403	-19.468403	-11.9711485	-48.58297	5.497286	19.147383	-69.29397	-48.582253	0.2	22306985	9073.211102485657
111	-20.575855	-20.575855	-34.527035	-48.575794	5.5006733	16.73654	-60.490948	-48.575207	0.1	22507982	9154.031508922577
112	-22.150963	-22.150963	-8.629706	-48.589344	5.525529	13.424161	-61.079758	-48.58886	0.2	22708982	9236.078927755356
113	-19.334349	-19.334349	-10.354784	-48.603542	5.4789915	17.493547	-59.685757	-48.60317	0.2	22909982	9316.87945485115
114	-13.783351	-13.783351	-9.164387	-48.599815	5.4759197	13.731923	-61.98596	-48.599354	0.1	23110981	9396.896726846695
115	-20.55032	-20.55032	-14.0621195	-48.604836	5.4743657	16.004906	-60.576096	-48.603985	0.1	23311981	9481.033540964127
116	-19.750402	-19.750402	-10.883988	-48.57768	5.5651317	15.413	-66.31897	-48.57774	0.1	23512981	9566.232819318771
117	-13.552559	-13.552559	-4.7446275	-48.58186	5.530589	16.512678	-71.30982	-48.58194	0.2	23713983	9646.634053945541
118	-16.511757	-16.511757	-10.590934	-48.5588	5.5381393	17.904959	-77.37855	-48.559055	0.2	23914983	9728.020899534225
119	-17.061554	-17.061554	-20.28166	-48.536533	5.600941	17.548523	-66.65598	-48.53623	0.0	24115981	9808.31948518753
120	-12.522412	-12.522412	-14.054525	-48.52061	5.637516	17.119947	-66.540695	-48.51975	0.0	24316981	9892.455332994461
121	-18.279745	-18.279745	-5.5258584	-48.529655	5.569186	15.040532	-62.47348	-48.529	0.1	24517982	9975.02286863327
122	-15.140704	-15.140704	-26.6156	-48.517647	5.652294	17.2346	-66.73593	-48.51681	0.1	24718985	10058.323243141174
123	-21.314241	-21.314241	-10.760513	-48.531544	5.6122346	15.312656	-66.1431	-48.531628	0.1	24919982	10139.26040482521
124	-20.081543	-20.081543	-9.82539	-48.517487	5.631107	14.947641	-60.643543	-48.51688	0.0	25120986	10217.360665082932
125	-25.369207	-25.369207	-23.587189	-48.503883	5.704521	14.922839	-67.51236	-48.502712	0.1	25321981	10300.427155733109
126	-27.56354	-27.56354	-13.567226	-48.53093	5.648652	17.71928	-63.766937	-48.53069	0.1	25522988	10380.045091867447
127	-21.809755	-21.809755	-16.10237	-48.523857	5.656551	18.57746	-62.378685	-48.523376	0.1	25723983	10460.63173532486
128	-11.512343	-11.512343	-4.643368	-48.524204	5.6110706	16.402863	-62.02671	-48.52389	0.0	25924982	10542.581256866455
129	-24.300922	-24.300922	-26.484749	-48.524254	5.5955286	29.473085	-68.11913	-48.52382	0.0	26125985	10625.403742790222
130	-19.931063	-19.931063	-6.3753633	-48.519657	5.649981	26.228775	-59.894184	-48.51935	0.1	26326989	10708.350281238556
131	-16.262444	-16.262444	-14.066242	-48.52687	5.6497593	17.496243	-61.05048	-48.526386	0.2	26527982	10787.866904258728
132	-13.686169	-13.686169	-19.626234	-48.52427	5.6416965	22.666294	-64.286514	-48.52349	0.0	26728982	10868.28700208664
133	-10.831386	-10.831386	-10.828416	-48.49835	5.676077	15.371682	-66.68621	-48.49766	0.1	26929984	10949.869949579239
134	-17.074999	-17.074999	-5.9333787	-48.478035	5.704525	16.973553	-62.40801	-48.47675	0.1	27130984	11027.956201553345
135	-16.74904	-16.74904	-12.875681	-48.465126	5.781413	18.418516	-61.27075	-48.46414	0.0	27331981	11109.256229400635
136	-18.63352	-18.63352	-11.386622	-48.47789	5.727797	26.397491	-59.0899	-48.477406	0.3	27532984	11191.29233121872
137	-17.878595	-17.878595	-12.571463	-48.453487	5.7553234	22.384989	-64.04265	-48.452267	0.0	27733981	11275.72469997406
138	-15.847745	-15.847745	-22.083765	-48.44327	5.7805595	16.479643	-60.986694	-48.442307	0.1	27934985	11359.994639635086
139	-22.90787	-22.90787	-8.8372345	-48.42956	5.8189974	14.704304	-68.794395	-48.428986	0.2	28135981	11442.19307923317
140	-24.274433	-24.274433	-18.247559	-48.432743	5.7810984	13.612991	-64.702896	-48.431946	0.2	28336984	11524.544152259827
141	-15.053695	-15.053695	-8.633953	-48.437996	5.770257	17.638231	-65.56696	-48.437347	0.0	28537983	11606.115977048874
142	-15.53948	-15.53948	-9.972347	-48.426056	5.7893786	11.833515	-64.002815	-48.42568	0.0	28738985	11686.21670126915
143	-15.05233	-15.05233	-5.387575	-48.40924	5.881319	14.037159	-63.083263	-48.40918	0.1	28939984	11765.200283527374
144	-21.684128	-21.684128	-10.054521	-48.41317	5.869776	16.327732	-68.88124	-48.41268	0.0	29140981	11849.481947898865
145	-3.879534	-3.879534	-6.6295414	-48.426968	5.8421535	17.596043	-64.26108	-48.426632	0.1	29341981	11932.551170825958
146	-9.945424	-9.945424	-3.55189	-48.38476	5.9204893	13.847439	-65.86572	-48.385098	0.2	29542981	12012.667965173721
147	-11.227884	-11.227884	-3.696569	-48.372578	5.956102	21.781147	-66.345665	-48.371857	0.2	29743983	12094.98573923111
148	-18.610672	-18.610672	-12.640216	-48.35339	6.012681	15.842925	-63.181576	-48.35244	0.4	29944987	12177.221207857132
149	-18.653736	-18.653736	-10.265551	-48.34524	5.996161	21.278513	-65.001724	-48.345356	0.0	30145981	12258.772110939026
150	-26.71894	-26.71894	-8.0106945	-48.34724	6.0042324	18.588789	-70.98331	-48.34669	0.1	30346984	12340.255897760391
151	-16.784922	-16.784922	-14.251634	-48.34474	6.0495777	16.578848	-65.46609	-48.343815	0.1	30547981	12424.992753744125
152	-12.176919	-12.176919	-35.848953	-48.36028	6.0084996	17.89118	-60.235256	-48.36042	0.0	30748981	12507.99691772461
153	-14.331461	-14.331461	-20.500645	-48.33133	6.0747857	15.9795265	-60.653088	-48.33095	0.0	30949982	12588.94900560379
154	-27.462164	-27.462164	-5.372516	-48.36001	6.0139766	21.46186	-61.272766	-48.359833	0.0	31150986	12670.013426542282
155	-20.7577	-20.7577	-21.279314	-48.353542	6.054916	36.24398	-68.97453	-48.35295	0.0	31351988	12751.645359754562
156	-17.494644	-17.494644	-2.0008485	-48.362946	6.0072184	16.335445	-62.76096	-48.362663	0.3	31552982	12828.01289820671
157	-14.901345	-14.901345	0.49278033	-48.342083	6.0689654	20.302958	-66.48916	-48.341557	0.2	31753981	12909.263539075851
158	-20.237246	-20.237246	-24.475618	-48.325695	6.1147523	17.596785	-63.69671	-48.32553	0.2	31954983	12988.736445188522
159	-13.558148	-13.558148	-7.7452803	-48.335415	6.1011286	16.01449	-62.7869	-48.335808	0.1	32155985	13069.983695983887
160	-25.20635	-25.20635	-14.095843	-48.336357	6.093722	19.573475	-65.02049	-48.336292	0.2	32356981	13149.620710372925
161	-19.055605	-19.055605	-23.391272	-48.35074	6.103952	17.308844	-66.11282	-48.350044	0.2	32557985	13228.48851275444
162	-18.489136	-18.489136	-7.416005	-48.32989	6.1125603	14.745356	-68.053085	-48.329754	0.4	32758981	13309.235806703568
163	-21.653896	-21.653896	-10.072767	-48.33416	6.1090245	18.968323	-64.73306	-48.333176	0.2	32959981	13389.705063581467
164	-22.210878	-22.210878	-8.580598	-48.344692	6.1062264	23.108835	-72.31502	-48.34441	0.0	33160983	13469.440803050995
165	-19.741959	-19.741959	-18.736084	-48.351555	6.0912504	17.10244	-65.41808	-48.35087	0.0	33361982	13552.440715789795
166	-15.575357	-15.575357	-11.646915	-48.35204	6.084953	30.138477	-65.086586	-48.3514	0.2	33562982	13634.091429948807
167	-17.011488	-17.011488	-18.295809	-48.327904	6.160874	17.571424	-64.01308	-48.326965	0.0	33763982	13716.792842626572
168	-13.8251095	-13.8251095	-21.523233	-48.32493	6.1689343	17.359682	-67.40175	-48.324425	0.2	33964981	13800.696213245392
169	-12.061379	-12.061379	-11.302987	-48.32475	6.13527	15.538932	-69.472046	-48.323746	0.3	34165984	13883.765815019608
170	-24.351894	-24.351894	-5.4312663	-48.297234	6.2311068	17.602152	-64.58981	-48.29636	0.2	34366981	13966.497384309769
171	-12.064196	-12.064196	-14.818612	-48.323227	6.1685395	16.106388	-63.150734	-48.32278	0.0	34567985	14048.281509399414
172	-24.882034	-24.882034	-8.746535	-48.339687	6.1281414	17.713987	-66.52673	-48.33882	0.2	34768988	14132.184561729431
173	-22.23524	-22.23524	-11.402242	-48.351425	6.126905	16.78218	-64.96389	-48.349575	0.2	34969981	14212.700712680817
174	-23.404081	-23.404081	-9.498503	-48.339565	6.159758	27.924358	-62.069183	-48.338474	0.4	35170983	14294.450555086136
175	-17.481968	-17.481968	-27.153864	-48.345028	6.1099415	27.090366	-61.429905	-48.343983	0.1	35371981	14377.06912446022
176	-17.123772	-17.123772	-15.037525	-48.337955	6.1563387	21.604057	-62.413033	-48.336792	0.1	35572982	14460.020358800888
177	-9.045694	-9.045694	-5.437815	-48.357346	6.0944643	17.636225	-66.08235	-48.3561	0.2	35773981	14540.587682008743
178	-20.4577	-20.4577	-22.731153	-48.335426	6.159505	19.039345	-63.020008	-48.33476	0.2	35974985	14621.741951227188
179	-12.075683	-12.075683	-8.962813	-48.325726	6.193547	21.798199	-64.37498	-48.324615	0.0	36175981	14704.240899562836
180	-14.767248	-14.767248	-3.401285	-48.31449	6.1828628	16.87943	-72.07715	-48.313633	0.5	36376985	14786.291486501694
181	-9.010026	-9.010026	-4.175575	-48.325146	6.1312265	15.707579	-68.27918	-48.323627	0.1	36577984	14868.576498031616
182	-19.06692	-19.06692	-2.679194	-48.304955	6.1748667	21.98753	-65.139824	-48.304413	0.3	36778982	14949.161285161972
183	-23.484943	-23.484943	-6.457636	-48.30054	6.227672	23.952974	-63.437283	-48.29944	0.0	36979984	15030.794923305511
184	-9.763078	-9.763078	-11.811479	-48.295704	6.1825223	15.743546	-70.61383	-48.29398	0.1	37180985	15111.648904800415
185	-14.9377	-14.9377	-2.4860744	-48.304073	6.1700773	15.321675	-66.589935	-48.302853	0.4	37381981	15194.06509065628
186	-27.84442	-27.84442	-8.1094675	-48.284306	6.210486	16.691662	-67.61028	-48.28251	0.2	37582981	15276.031665802002
187	-14.024298	-14.024298	-13.040957	-48.25484	6.29836	21.154167	-63.3625	-48.253716	0.0	37783981	15359.70381474495
188	-13.524103	-13.524103	-3.786223	-48.261612	6.2710295	17.867218	-67.51063	-48.260265	0.1	37984985	15442.83538532257
189	-27.560097	-27.560097	-4.1617513	-48.258434	6.248479	19.228142	-65.48016	-48.25728	0.3	38185981	15524.834654569626
190	-15.189164	-15.189164	-17.322966	-48.253876	6.288519	13.009327	-65.52048	-48.25304	0.2	38386981	15607.336375713348
191	-15.773539	-15.773539	-6.9599056	-48.25363	6.263265	15.57962	-63.452736	-48.252426	0.4	38587987	15689.504564762115
192	-16.541681	-16.541681	-17.376663	-48.241814	6.296789	22.143284	-67.5643	-48.2407	0.1	38788982	15772.008070707321
193	-17.92656	-17.92656	-13.227242	-48.222004	6.3519864	16.684847	-83.11845	-48.221424	0.1	38989982	15853.277257919312
194	-12.140694	-12.140694	-13.988898	-48.21764	6.3383493	17.097794	-73.68589	-48.216267	0.1	39190982	15935.940716028214
195	-29.614456	-29.614456	-2.4590662	-48.23822	6.31903	15.054442	-63.727524	-48.237614	0.1	39391988	16019.342670679092
196	-19.07695	-19.07695	-20.180418	-48.244427	6.318435	25.672544	-67.26152	-48.243637	0.3	39592983	16104.711647510529
197	-13.088515	-13.088515	-16.467634	-48.250156	6.28307	19.692259	-63.137383	-48.24928	0.0	39793981	16188.812056064606
198	-16.085606	-16.085606	-2.0253878	-48.233387	6.303965	16.317516	-67.95539	-48.232243	0.1	39994982	16270.21617102623
199	-21.42366	-21.42366	-6.457022	-48.216545	6.361181	17.355139	-67.893364	-48.21595	0.4	40195985	16351.951115131378
200	-13.086317	-13.086317	-18.976149	-48.224556	6.3638997	18.202555	-82.709404	-48.223022	0.0	40396981	16433.787388801575
201	-20.217548	-20.217548	-5.8004575	-48.21133	6.412771	24.628782	-71.58843	-48.210114	0.0	40597983	16515.21785759926
202	-17.944212	-17.944212	-39.576786	-48.216747	6.4094753	19.778013	-66.78093	-48.216328	0.0	40798984	16596.651175022125
203	-16.691908	-16.691908	-11.9254055	-48.210415	6.4264383	16.504932	-63.939323	-48.209164	0.1	40999982	16677.28631711006
204	-22.23109	-22.23109	-12.257477	-48.227627	6.3770194	17.094301	-67.74333	-48.227055	0.2	41200985	16760.124388694763
205	-22.151295	-22.151295	-9.887187	-48.226593	6.388721	25.92223	-65.731964	-48.225246	0.4	41401981	16842.239243984222
206	-15.715787	-15.715787	-10.493203	-48.23041	6.3731494	18.947395	-70.928085	-48.229176	0.3	41602981	16925.706229686737
207	-22.306524	-22.306524	-5.538255	-48.225426	6.355328	25.391258	-64.34024	-48.224808	0.3	41803981	17008.274013996124
208	2.240363	2.240363	-22.853067	-48.214108	6.3908625	19.794779	-67.41145	-48.21301	0.1	42004982	17091.364480257034
209	-8.066826	-8.066826	-4.584488	-48.194878	6.4386487	31.416044	-82.55977	-48.193382	0.2	42205982	17172.21194767952
210	-15.329761	-15.329761	-7.446062	-48.202908	6.4072647	19.941446	-62.28024	-48.20248	0.2	42406982	17253.77768278122
211	-20.463346	-20.463346	-15.226764	-48.185135	6.483559	16.84345	-62.821873	-48.18348	0.1	42607983	17337.061805725098
212	-23.003355	-23.003355	-13.687405	-48.207985	6.440662	19.193394	-67.45446	-48.20674	0.1	42808983	17418.01384615898
213	-19.763369	-19.763369	0.020773826	-48.19219	6.478366	17.408077	-68.80017	-48.190784	0.1	43009981	17500.501109838486
214	-15.408862	-15.408862	-11.5625305	-48.190346	6.4878316	23.00204	-74.87012	-48.188763	0.1	43210981	17584.316098690033
215	-19.548378	-19.548378	-1.8096985	-48.17177	6.532712	17.940338	-68.68138	-48.170883	0.2	43411984	17665.35007405281
216	-22.612835	-22.612835	-12.325695	-48.17602	6.5097256	36.68955	-70.55253	-48.17522	0.0	43612983	17744.80130314827
217	-15.836355	-15.836355	-16.650265	-48.171913	6.546772	22.93304	-70.846176	-48.170353	0.2	43813981	17829.486787080765
218	-12.028033	-12.028033	-6.0832243	-48.191463	6.4536314	24.349401	-73.28776	-48.190155	0.2	44014981	17912.137018680573
219	-27.89011	-27.89011	-10.980714	-48.177578	6.5125875	15.851982	-70.37619	-48.176323	0.2	44215985	17992.290056467056
220	-16.025497	-16.025497	-9.588006	-48.177856	6.501225	17.169239	-76.758965	-48.176826	0.1	44416984	18072.555868387222
221	-19.931358	-19.931358	-20.991589	-48.161343	6.537811	19.594461	-71.021706	-48.15934	0.0	44617988	18153.36020898819
222	-14.943054	-14.943054	-6.1263947	-48.13939	6.5616307	18.446743	-68.101776	-48.137947	0.2	44818982	18237.80806684494
223	-14.996655	-14.996655	-1.9919857	-48.1369	6.5970607	17.315392	-69.57455	-48.134876	0.3	45019984	18318.826811552048
224	-26.685469	-26.685469	-8.981648	-48.124954	6.6004143	17.797352	-67.50209	-48.12327	0.1	45220982	18403.21166229248
225	-17.161644	-17.161644	-12.74585	-48.130276	6.6090064	27.98931	-66.49162	-48.128605	0.2	45421984	18485.19670200348
226	-20.686304	-20.686304	-28.758545	-48.14245	6.542231	17.184607	-64.61028	-48.141014	0.3	45622983	18563.35344839096
227	-19.793533	-19.793533	-7.6256886	-48.1273	6.5850353	22.119179	-64.50934	-48.125565	0.2	45823983	18642.89820456505
228	-19.054714	-19.054714	-15.699386	-48.118217	6.598339	17.561108	-69.87189	-48.11646	0.1	46024991	18723.766689538956
229	-13.656733	-13.656733	-0.92212754	-48.100563	6.634266	17.204885	-67.2708	-48.09853	0.2	46225982	18809.569994211197
230	-13.647218	-13.647218	-0.40434256	-48.119804	6.610671	17.99257	-66.47945	-48.11908	0.3	46426983	18893.468804121017
231	-27.435415	-27.435415	-6.2440968	-48.131348	6.5734444	16.548182	-67.65687	-48.12988	0.4	46627983	18972.969842672348
232	-20.369902	-20.369902	-5.365115	-48.115887	6.6276197	21.953121	-75.77485	-48.114445	0.2	46828981	19054.037801265717
233	-15.488914	-15.488914	-1.4265798	-48.120235	6.5836177	30.990881	-67.38435	-48.11925	0.0	47029982	19133.690554857254
234	-7.590228	-7.590228	-7.2677565	-48.100945	6.6196632	14.879707	-69.57491	-48.09919	0.2	47230981	19216.90678882599
235	-17.651163	-17.651163	-14.130289	-48.093708	6.6273155	16.584595	-70.20024	-48.092384	0.2	47431981	19298.307151556015
236	-1.54659	-1.54659	-7.0902343	-48.08283	6.6428246	16.54769	-71.15205	-48.081326	0.3	47632981	19380.442677021027
237	-22.886372	-22.886372	-21.893682	-48.08543	6.658162	20.63078	-66.65907	-48.08464	0.2	47833981	19460.911682367325
238	-12.433735	-12.433735	-10.302222	-48.054634	6.694327	17.435566	-65.675354	-48.052788	0.3	48034982	19541.827368974686
239	-11.754078	-11.754078	-5.835428	-48.07899	6.6696377	19.085608	-65.35513	-48.0779	0.3	48235982	19626.962894678116
240	-17.91242	-17.91242	-14.969953	-48.05885	6.720816	16.345482	-63.387707	-48.056736	0.1	48436982	19708.18063378334
241	-26.061935	-26.061935	-6.359581	-48.047974	6.7659116	17.550259	-65.51041	-48.047287	0.1	48637985	19790.632986068726
242	-15.8844795	-15.8844795	-5.6447644	-48.066055	6.701089	15.817627	-66.41116	-48.063843	0.2	48838982	19874.14884352684
243	-12.62995	-12.62995	-11.483389	-48.060326	6.703565	20.903593	-62.44535	-48.059498	0.3	49039983	19953.79980826378
244	-20.770275	-20.770275	-3.6163168	-48.06126	6.6983404	16.507542	-66.700165	-48.058384	0.0	49240982	20035.219207525253
245	-16.841764	-16.841764	-11.597873	-48.06497	6.6956625	22.012888	-66.16519	-48.06308	0.2	49441987	20119.136446475983
246	-12.907985	-12.907985	-2.647624	-48.04961	6.7487845	21.799778	-64.07005	-48.0474	0.3	49642989	20200.97166824341
247	-21.25243	-21.25243	-12.260784	-48.037464	6.71633	20.995167	-66.67844	-48.034767	0.2	49843984	20283.926005125046
248	-7.388644	-7.388644	-7.877068	-48.037094	6.763097	21.229362	-63.753975	-48.03476	0.0	50044984	20365.10601210594
249	-14.005484	-14.005484	-14.637845	-48.022972	6.7965617	35.326717	-71.341675	-48.020493	0.2	50245981	20445.89180779457
250	-5.493144	-5.493144	-9.615179	-48.025112	6.793942	26.384384	-64.73191	-48.022724	0.2	50446981	20529.73317503929
251	-19.355888	-19.355888	-14.785697	-48.02192	6.7975626	25.229261	-66.6373	-48.01905	0.1	50647985	20612.812111854553
252	-17.697977	-17.697977	-4.776529	-48.03042	6.776699	25.290222	-67.94445	-48.028538	0.2	50848982	20694.596482276917
253	-20.415102	-20.415102	-2.1550047	-48.017372	6.7996135	19.971699	-62.743725	-48.014603	0.3	51049981	20775.646369695663
254	-22.195564	-22.195564	-11.766919	-48.00316	6.8308992	21.394693	-68.283714	-48.00045	0.1	51250981	20858.447761774063
255	-14.560129	-14.560129	-4.7230453	-48.00627	6.818551	29.371172	-68.49512	-48.00364	0.2	51451981	20939.082849025726
256	-16.82124	-16.82124	-3.256687	-48.020126	6.7963614	25.674465	-66.71682	-48.017185	0.2	51652985	21019.633546352386
257	-16.321285	-16.321285	-10.163997	-48.024418	6.788212	21.747442	-65.75066	-48.02222	0.3	51853984	21100.785158395767
258	-2.3512485	-2.3512485	-8.049619	-48.002754	6.8413787	27.065485	-66.495705	-48.000515	0.4	52054983	21180.26927804947
259	-8.865721	-8.865721	-28.157476	-47.9937	6.837236	19.195173	-70.93237	-47.990772	0.3	52255984	21260.98670077324
260	-17.43309	-17.43309	-7.1188064	-48.01244	6.798137	21.76459	-71.80048	-48.01081	0.0	52456986	21342.603786230087
261	-17.19215	-17.19215	-5.9916396	-47.987553	6.857706	29.9538	-69.21984	-47.98492	0.2	52657981	21422.205930948257
262	-22.070583	-22.070583	-10.809392	-47.99525	6.8683314	21.134554	-68.62927	-47.992374	0.2	52858983	21501.039167881012
263	-19.754938	-19.754938	-6.5435486	-47.99636	6.846077	38.372204	-68.45277	-47.99351	0.3	53059985	21581.67613887787
264	-16.622156	-16.622156	-16.16582	-48.002625	6.812523	18.75029	-69.78307	-48.000526	0.1	53260982	21659.41431736946
265	-15.139848	-15.139848	-13.860679	-48.005123	6.843519	19.67874	-68.385284	-48.003765	0.0	53461991	21743.2162194252
266	-17.997204	-17.997204	-4.1840205	-47.97496	6.86638	17.180674	-69.32054	-47.972054	0.3	53662991	21823.89484858513
267	-22.795265	-22.795265	0.5776227	-47.991356	6.8515363	19.09405	-79.454796	-47.989006	0.3	53863982	21907.26211309433
268	-20.635283	-20.635283	-6.0435076	-48.008556	6.8224726	23.645609	-73.28434	-48.005756	0.0	54064981	21991.134843349457
269	-12.935375	-12.935375	-13.266391	-48.018307	6.7986712	15.074099	-65.998886	-48.015205	0.2	54265983	22070.930812835693
270	-6.0182805	-6.0182805	-12.791082	-47.967865	6.8986545	17.967003	-66.91161	-47.96563	0.3	54466982	22153.03565144539
271	-10.242939	-10.242939	-12.042715	-47.981613	6.854283	24.357737	-67.267075	-47.979813	0.2	54667981	22235.667603731155
272	-5.4407277	-5.4407277	-4.76574	-47.954956	6.902427	20.733086	-72.385414	-47.952225	0.2	54868984	22320.60161948204
273	-17.542374	-17.542374	-4.2685184	-47.948406	6.9128246	29.380466	-65.1844	-47.94655	0.2	55069984	22403.618962049484
274	-22.44171	-22.44171	-3.0529687	-47.968483	6.8707213	18.242281	-65.31108	-47.96656	0.2	55270983	22483.50470638275
275	-16.985819	-16.985819	-9.635821	-47.963894	6.8556504	22.038818	-69.81352	-47.961334	0.2	55471981	22567.121232032776
276	-14.019026	-14.019026	-3.3841379	-47.977608	6.815696	29.523405	-64.65768	-47.97511	0.4	55672982	22651.572315454483
277	-22.792963	-22.792963	-9.157632	-47.95025	6.9193754	16.579124	-70.28323	-47.947815	0.2	55873981	22734.37606692314
278	-9.171377	-9.171377	-2.7143369	-47.949406	6.898471	18.874556	-65.04171	-47.947033	0.5	56074985	22817.908256053925
279	-18.19446	-18.19446	-10.018223	-47.932335	6.951637	27.04703	-70.052216	-47.930565	0.2	56275983	22902.16025686264
280	-12.9226675	-12.9226675	-3.6615484	-47.927517	6.9353466	26.862877	-68.76395	-47.926388	0.2	56476981	22985.968884706497
281	-12.085026	-12.085026	-5.3678775	-47.929073	6.924423	20.97451	-71.677895	-47.926563	0.2	56677981	23066.945953845978
282	-4.7434754	-4.7434754	-11.245337	-47.929478	6.9097385	25.078741	-76.51457	-47.926945	0.2	56878985	23149.482981681824
283	-14.391327	-14.391327	-0.2507496	-47.909115	6.9731774	21.417583	-76.190544	-47.90725	0.6	57079989	23230.78240585327
284	-10.492511	-10.492511	-14.582429	-47.91371	6.9607906	22.623243	-75.61332	-47.911575	0.3	57280982	23311.18204307556
285	-24.871536	-24.871536	-2.2233973	-47.898	6.974905	37.709293	-92.347404	-47.896282	0.2	57481981	23391.486471414566
286	-12.298423	-12.298423	-13.463913	-47.898933	7.018002	17.07844	-75.20046	-47.896866	0.2	57682985	23474.66288471222
287	-12.4508705	-12.4508705	-11.592633	-47.925007	6.939798	30.867928	-71.28687	-47.922886	0.6	57883985	23554.518634796143
288	-16.30603	-16.30603	-0.20964347	-47.91103	6.978447	18.348919	-64.97323	-47.909683	0.3	58084983	23638.119788885117
289	-13.997806	-13.997806	-1.0598023	-47.91712	6.9542575	22.936586	-64.766884	-47.914177	0.0	58285981	23720.544598817825
290	-21.33973	-21.33973	-2.0695956	-47.92114	6.950973	20.817589	-89.11874	-47.919456	0.2	58486982	23803.256074905396
291	-11.84008	-11.84008	-4.2060914	-47.913578	6.965791	24.307245	-74.41656	-47.911343	0.3	58687981	23887.541385889053
292	-16.123898	-16.123898	-20.205996	-47.896385	7.017683	20.58012	-65.75451	-47.894688	0.4	58888989	23971.424671649933
293	-18.16848	-18.16848	-9.989083	-47.902515	6.989812	23.710978	-69.205826	-47.90093	0.4	59089982	24054.19343996048
294	-9.19659	-9.19659	-7.5815644	-47.896877	7.008117	27.561607	-68.55938	-47.895187	0.1	59290982	24138.543798208237
295	-11.220076	-11.220076	-3.0618448	-47.90423	6.954136	22.079784	-65.574425	-47.90178	0.0	59491982	24220.982393026352
296	-5.9117045	-5.9117045	-4.2648206	-47.888	7.003646	17.812836	-77.60679	-47.88503	0.3	59692983	24302.386975049973
297	-19.411703	-19.411703	-6.644867	-47.874092	7.0640135	22.931347	-67.87642	-47.872093	0.0	59893983	24384.368109703064
298	-5.1774993	-5.1774993	-4.3685207	-47.88007	7.031446	20.266632	-69.734024	-47.877453	0.2	60094984	24463.315103292465
299	-24.36896	-24.36896	-3.1962218	-47.866314	7.023926	17.614773	-63.856163	-47.863857	0.4	60295990	24545.38428759575
300	-11.739546	-11.739546	-2.2069018	-47.88486	6.9635744	24.851875	-64.03773	-47.881207	0.1	60496982	24628.00075483322
301	-17.058294	-17.058294	-4.591473	-47.883747	6.9909873	21.684137	-88.86928	-47.88177	0.2	60697981	24707.88475370407
302	0.27766648	0.27766648	-7.7310405	-47.85534	7.031723	26.512505	-73.49535	-47.853004	0.1	60898983	24790.654093265533
303	-14.180085	-14.180085	-2.0521624	-47.83375	7.073611	21.07455	-67.86103	-47.83103	0.0	61099981	24873.421302080154
304	-10.303284	-10.303284	-4.7502875	-47.80649	7.1108007	18.321114	-77.14582	-47.80287	0.3	61300981	24957.906368255615
305	-13.000768	-13.000768	-5.9450927	-47.82353	7.0851045	24.04071	-64.36571	-47.821205	0.2	61501982	25040.690112113953
306	-18.65716	-18.65716	-10.493824	-47.828217	7.070006	20.235537	-65.373604	-47.825043	0.5	61702983	25123.725643634796
307	-19.5201	-19.5201	-3.3758135	-47.811718	7.092925	18.11911	-65.57363	-47.809433	0.3	61903981	25207.461597442627
308	-14.119896	-14.119896	-7.3281083	-47.821297	7.0628004	19.724262	-64.98679	-47.818726	0.2	62104985	25287.732354164124
309	-11.285923	-11.285923	-8.854768	-47.830627	7.038159	18.486658	-66.29564	-47.827663	0.1	62305981	25370.34448671341
310	-16.062372	-16.062372	-13.113796	-47.794964	7.0693045	16.72747	-68.41103	-47.791313	0.2	62506981	25456.97979092598
311	-20.283741	-20.283741	-3.3443131	-47.778854	7.1193633	18.32379	-69.80079	-47.776093	0.4	62707983	25540.598480701447
312	-14.886763	-14.886763	-0.22277652	-47.79883	7.065172	17.05952	-68.13581	-47.795403	0.2	62908982	25622.43186855316
313	-4.6601796	-4.6601796	-14.886935	-47.77168	7.1647263	18.181664	-66.15	-47.768944	0.2	63109981	25703.081991434097
314	-13.204781	-13.204781	-22.39357	-47.78024	7.1384006	19.785353	-79.16827	-47.777172	0.1	63310982	25784.800012350082
315	-11.627517	-11.627517	-7.6624727	-47.78363	7.12448	22.37865	-66.2413	-47.78017	0.4	63511983	25867.686326026917
316	-4.140943	-4.140943	-0.7729519	-47.749454	7.187922	23.435352	-68.141785	-47.74588	0.2	63712982	25950.5027384758
317	-11.9803	-11.9803	-3.5618706	-47.72712	7.1950927	21.411524	-75.22145	-47.72368	0.3	63913982	26034.42002916336
318	-12.045266	-12.045266	-8.563939	-47.740044	7.182758	24.209476	-72.99303	-47.737186	0.0	64114982	26116.64081311226
319	-20.926392	-20.926392	-3.902839	-47.7335	7.153877	18.09141	-68.03682	-47.730503	0.3	64315983	26198.55694937706
320	-25.079361	-25.079361	-3.208274	-47.723244	7.1935973	20.195843	-64.086235	-47.72021	0.5	64516982	26281.059412956238
321	-9.284385	-9.284385	-11.194285	-47.723747	7.1699324	18.709515	-71.01446	-47.720356	0.4	64717981	26363.992218255997
322	-14.006417	-14.006417	-1.9248883	-47.714306	7.2265015	49.140545	-69.27968	-47.71189	0.3	64918982	26445.7925491333
323	-8.320766	-8.320766	-6.3538136	-47.71427	7.195098	21.48326	-71.56139	-47.71046	0.1	65119981	26527.513358831406
324	-20.891027	-20.891027	0.70106405	-47.71148	7.1951714	17.660059	-77.44943	-47.70899	0.6	65320981	26607.745493650436
325	-18.197674	-18.197674	-1.3805346	-47.6946	7.235187	17.646908	-68.42378	-47.691113	0.2	65521985	26688.214751958847
326	-4.5991945	-4.5991945	-2.3646185	-47.68922	7.2298017	23.697819	-71.305115	-47.686337	0.3	65722986	26773.648000478745
327	-12.863871	-12.863871	-9.505032	-47.719864	7.1560926	19.129889	-66.20514	-47.716965	0.6	65923981	26856.115678548813
328	-12.491388	-12.491388	-26.659554	-47.722855	7.165355	19.740103	-66.18766	-47.719376	0.2	66124981	26937.56881380081
329	-1.8656747	-1.8656747	-21.044785	-47.66953	7.265873	18.41605	-68.76328	-47.66636	0.2	66325989	27020.65296149254
330	-5.8325267	-5.8325267	-2.2433994	-47.670845	7.25713	18.759285	-70.22489	-47.666298	0.4	66526982	27103.703058481216
331	-14.887125	-14.887125	-10.628823	-47.669388	7.263894	23.886545	-74.4399	-47.665764	0.6	66727982	27185.209094524384
332	-10.822349	-10.822349	-4.7141786	-47.650726	7.287513	18.782892	-64.96531	-47.647533	0.3	66928982	27268.43832564354
333	-10.437989	-10.437989	-2.0768204	-47.640068	7.30309	27.992176	-64.09847	-47.636005	0.5	67129989	27352.57212781906
334	-15.383576	-15.383576	-15.348191	-47.632687	7.32766	23.745287	-64.19994	-47.628387	0.2	67330981	27437.157341957092
335	-13.221355	-13.221355	-12.287101	-47.63271	7.3268013	18.18966	-64.959785	-47.628113	0.4	67531982	27521.75785636902
336	-20.482311	-20.482311	-6.32377	-47.62854	7.334204	26.749372	-65.21984	-47.62523	0.5	67732988	27607.597220659256
337	-11.426397	-11.426397	-1.5297505	-47.638424	7.3022585	19.349573	-70.56097	-47.63372	0.3	67933988	27690.099522829056
338	-3.6362317	-3.6362317	-3.497451	-47.656292	7.305054	23.606237	-65.439514	-47.653496	0.2	68134981	27770.763013124466
339	-1.8802817	-1.8802817	-10.185015	-47.64105	7.3273916	17.501692	-66.5787	-47.63712	0.1	68335982	27852.862960100174
340	-24.454924	-24.454924	-2.1556761	-47.623165	7.3387895	19.570473	-66.59707	-47.618942	0.1	68536991	27936.149055719376
341	-9.20753	-9.20753	-5.6848087	-47.628677	7.354896	23.41345	-65.76316	-47.625725	0.1	68737982	28017.25258207321
342	-7.0887284	-7.0887284	-4.9343514	-47.625446	7.344036	20.86086	-72.316795	-47.621273	0.4	68938982	28099.017301797867
343	-14.472409	-14.472409	-3.846734	-47.64329	7.282506	22.633698	-80.36892	-47.639465	0.3	69139981	28180.23487663269
344	-11.28708	-11.28708	-7.14874	-47.634712	7.3036857	19.329401	-65.5134	-47.6299	0.3	69340986	28265.186944246292
345	-16.608885	-16.608885	-11.424741	-47.609695	7.3572288	19.582113	-73.15375	-47.606113	0.2	69541989	28349.00993871689
346	-18.600302	-18.600302	-2.6889	-47.62116	7.343196	20.201933	-68.423416	-47.61781	0.3	69742983	28430.27280139923
347	-3.0682554	-3.0682554	-2.127434	-47.59466	7.3753834	17.557594	-67.138	-47.591084	0.3	69943983	28512.59061551094
348	-10.064261	-10.064261	-2.7604158	-47.586292	7.4291964	18.420527	-65.2552	-47.582165	0.1	70144981	28596.540926218033
349	-9.290735	-9.290735	-3.8933053	-47.596596	7.3634834	23.387623	-65.351555	-47.593266	0.4	70345982	28679.342911720276
350	-11.26077	-11.26077	-6.820827	-47.576344	7.402645	21.626318	-74.54161	-47.571346	0.4	70546985	28764.309996843338
351	-6.928842	-6.928842	-7.0397234	-47.57864	7.417788	24.511555	-80.472404	-47.57528	0.2	70747986	28846.100290060043
352	-13.806483	-13.806483	-6.5106735	-47.57904	7.376413	23.084597	-73.5665	-47.574825	0.2	70948982	28928.362491846085
353	-11.637826	-11.637826	-1.0053076	-47.5476	7.416076	19.639849	-66.31186	-47.54233	0.3	71149981	29011.92934179306
354	-16.774408	-16.774408	-18.559618	-47.558575	7.4119434	25.815786	-65.07691	-47.554535	0.4	71350990	29094.815189361572
355	-13.667651	-13.667651	-4.1069636	-47.55727	7.3906465	24.633213	-72.992584	-47.552067	0.2	71551982	29177.184718370438
356	-6.573735	-6.573735	-3.575434	-47.523426	7.4706383	27.353327	-83.68659	-47.518044	0.5	71752985	29259.616981506348
357	-21.97802	-21.97802	-1.4162225	-47.540592	7.431049	36.594048	-78.22257	-47.53604	0.4	71953991	29342.101497411728
358	-3.8818173	-3.8818173	-8.245841	-47.529175	7.469356	24.805124	-69.77135	-47.52468	0.2	72154982	29426.80292201042
359	1.4538802	1.4538802	-9.761572	-47.540737	7.404985	23.238892	-69.84157	-47.5358	0.3	72355984	29510.087231874466
360	-13.851049	-13.851049	-18.500557	-47.519115	7.4747496	23.253702	-71.35183	-47.51416	0.2	72556981	29593.954331874847
361	-16.000721	-16.000721	-6.4988766	-47.47911	7.5539613	23.298382	-68.02484	-47.475883	0.3	72757982	29677.723627090454
362	-8.900998	-8.900998	-2.3166003	-47.493763	7.5112906	26.19503	-70.22837	-47.489277	0.2	72958981	29759.525750637054
363	-14.68324	-14.68324	-16.176828	-47.476658	7.5264473	25.122477	-70.47487	-47.469227	0.2	73159984	29841.907957077026
364	-11.94362	-11.94362	-4.9445844	-47.475582	7.5461946	20.391262	-66.13747	-47.470932	0.7	73360985	29923.426656007767
365	-13.534946	-13.534946	0.07248861	-47.459965	7.5467105	21.759283	-72.99533	-47.456112	0.6	73561981	30006.195600748062
366	-6.188672	-6.188672	-13.383642	-47.45472	7.5697303	20.73393	-64.09449	-47.449005	0.1	73762982	30087.9799349308
367	-11.380777	-11.380777	-13.020631	-47.447536	7.5676966	25.925962	-68.283714	-47.443645	0.2	73963988	30169.279982566833
368	-15.324383	-15.324383	-22.127913	-47.470184	7.5333023	23.948751	-70.505005	-47.4657	0.1	74164981	30252.303413629532
369	-12.089252	-12.089252	-1.2499458	-47.45059	7.5659046	23.35344	-84.181	-47.44633	0.5	74365986	30335.88240289688
370	-20.203066	-20.203066	-2.3775594	-47.427776	7.6129475	29.13631	-77.74378	-47.42268	0.2	74566981	30419.93337035179
371	-8.691707	-8.691707	-1.3939651	-47.430603	7.587617	22.109943	-70.8321	-47.42567	0.2	74767983	30499.53534436226
372	-16.037054	-16.037054	-1.6875687	-47.450912	7.5505958	19.830719	-68.292046	-47.446297	0.4	74968982	30581.969525575638
373	-13.505213	-13.505213	-2.550835	-47.437298	7.5837197	27.602379	-75.58815	-47.43283	0.3	75169985	30666.769665956497
374	-9.37444	-9.37444	-2.8548095	-47.430534	7.597041	22.378843	-68.68366	-47.427094	0.5	75370982	30749.154868364334
375	-13.22725	-13.22725	-7.641095	-47.43186	7.603186	23.931662	-67.29881	-47.42725	0.2	75571983	30829.98956179619
376	-1.7518182	-1.7518182	-21.262243	-47.411034	7.60923	29.66273	-71.19613	-47.405857	0.2	75772982	30912.908667325974
377	-13.99847	-13.99847	-1.9144299	-47.415028	7.5918493	19.497072	-78.15156	-47.410553	0.2	75973982	30998.075593948364
378	-5.174844	-5.174844	-1.3727716	-47.417114	7.6000285	21.399214	-76.51613	-47.412643	0.3	76174981	31078.46056318283
379	-9.402424	-9.402424	-0.63866305	-47.40355	7.6262846	22.096308	-70.34072	-47.399864	0.4	76375982	31161.261783123016
380	-15.807138	-15.807138	-3.3891609	-47.40978	7.6023808	22.815155	-69.15473	-47.40426	0.1	76576982	31244.001750469208
381	-11.011745	-11.011745	-9.523485	-47.377625	7.671642	22.618332	-69.16269	-47.37386	0.3	76777986	31327.930401802063
382	-9.840139	-9.840139	-12.281591	-47.356323	7.709388	22.941397	-84.08018	-47.351986	0.3	76978982	31408.36770439148
383	-11.144547	-11.144547	-4.99849	-47.360657	7.7054877	21.025864	-76.827866	-47.356205	0.5	77179982	31489.51709651947
384	-13.85812	-13.85812	0.0871172	-47.344334	7.705218	23.51939	-69.65794	-47.340538	0.3	77380982	31572.333488941193
385	-15.905974	-15.905974	-15.455694	-47.37381	7.63337	18.791021	-66.77976	-47.369568	0.6	77581983	31654.75129175186
386	-8.242849	-8.242849	-7.125005	-47.362392	7.6464877	22.590467	-68.73334	-47.358902	0.2	77782984	31735.770535469055
387	-9.944681	-9.944681	0.7125526	-47.348335	7.6795707	21.32451	-69.80845	-47.34442	0.4	77983982	31819.95375442505
388	-9.186795	-9.186795	-1.8558558	-47.359577	7.6643534	25.232971	-66.05082	-47.355206	0.4	78184991	31899.772156238556
389	-1.4724519	-1.4724519	-7.499024	-47.319077	7.693809	23.926037	-78.64658	-47.31442	0.3	78385981	31979.757753133774
390	-10.701322	-10.701322	-7.15068	-47.33733	7.687801	22.092922	-73.52458	-47.333286	0.5	78586983	32062.76498222351
391	-9.207205	-9.207205	-10.870658	-47.31007	7.7176943	20.914293	-73.743004	-47.305984	0.2	78787985	32142.710252285004
392	1.7438016	1.7438016	-8.13597	-47.314648	7.6827183	24.049131	-78.48068	-47.311226	0.2	78988982	32224.94333076477
393	-4.974297	-4.974297	0.0602109	-47.311867	7.6804786	28.714197	-67.78048	-47.30729	0.4	79189982	32310.11292743683
394	-9.26245	-9.26245	-6.2201204	-47.287	7.722008	22.486958	-67.87693	-47.282925	0.5	79390982	32395.030519485474
395	-14.462106	-14.462106	-7.2572155	-47.256195	7.761148	23.498886	-68.54577	-47.250957	0.2	79591984	32478.564618587494
396	-14.53292	-14.53292	-2.7861469	-47.26746	7.7267666	22.17705	-68.66735	-47.262276	0.2	79792981	32559.082705259323
397	-5.493179	-5.493179	-7.438989	-47.24684	7.7589602	28.494577	-68.25853	-47.24387	0.3	79993982	32641.066935300827
398	-4.664426	-4.664426	-7.245217	-47.235558	7.800267	17.187366	-79.58794	-47.230663	0.3	80194986	32723.588864803314
399	-9.811365	-9.811365	-2.2942593	-47.22936	7.762341	26.423082	-66.2789	-47.22615	0.2	80395982	32804.31949424744
400	-6.565467	-6.565467	-6.4455814	-47.200527	7.7946086	21.934027	-74.28627	-47.196682	0.6	80596983	32886.837331056595
401	-7.9839478	-7.9839478	-7.631718	-47.21079	7.806684	29.193275	-66.35168	-47.206295	0.3	80797982	32969.30532455444
402	-13.4496155	-13.4496155	-1.0592614	-47.18883	7.8309402	31.710604	-72.03366	-47.184284	0.4	80998982	33052.37366747856
403	-8.120769	-8.120769	-1.0850831	-47.146225	7.9058003	30.145761	-68.87649	-47.142014	0.3	81199984	33133.62435865402
404	-14.750265	-14.750265	0.11618719	-47.17758	7.82314	20.629208	-66.055954	-47.17373	0.6	81400981	33213.64225649834
405	-11.793271	-11.793271	-3.0427413	-47.171013	7.854123	25.457203	-66.44401	-47.166237	0.3	81601982	33294.526409864426
406	-10.224895	-10.224895	-0.31827816	-47.170837	7.8512993	35.833233	-71.74682	-47.167942	0.3	81802982	33376.04473185539
407	-1.0754489	-1.0754489	-1.1058277	-47.180332	7.806986	30.24053	-91.111496	-47.176655	0.3	82003982	33458.196388959885
408	-6.240154	-6.240154	-3.9455366	-47.164616	7.861162	21.016161	-77.21021	-47.160145	0.5	82204982	33543.19657921791
409	-6.1204357	-6.1204357	-3.1062841	-47.15326	7.856809	25.529818	-72.43074	-47.14991	0.6	82405981	33625.049070596695
410	3.1940238	3.1940238	-4.5935073	-47.11637	7.8717513	25.069853	-74.34515	-47.11222	0.4	82606985	33707.970886945724
411	2.760747	2.760747	-7.280771	-47.086967	7.9085317	20.420946	-70.04499	-47.08167	0.4	82807982	33792.674406290054
412	0.23633026	0.23633026	0.019405745	-47.066704	7.9340096	22.10901	-72.99433	-47.062164	0.5	83008981	33878.1357550621
413	-13.328133	-13.328133	-2.7816527	-47.05069	7.990729	22.535656	-68.935524	-47.04681	0.2	83209982	33962.2047765255
414	-3.6067877	-3.6067877	-1.4145402	-47.04583	8.003101	26.59587	-70.24311	-47.042385	0.2	83410984	34041.9059650898
415	1.2374034	1.2374034	-1.8311161	-47.054996	7.979263	24.479235	-69.238075	-47.05131	0.2	83611981	34124.85688614845
416	-6.3659034	-6.3659034	-10.159615	-47.018448	8.00845	26.565569	-71.92112	-47.013405	0.2	83812986	34206.492483854294
417	-9.624082	-9.624082	0.36788952	-47.012905	8.010844	22.671406	-84.590675	-47.00837	0.2	84013986	34286.625749349594
418	-14.259911	-14.259911	-26.524834	-46.999374	7.9940333	30.873045	-76.226006	-46.99408	0.3	84214982	34368.93428039551
419	-4.284189	-4.284189	-6.7137775	-46.937073	8.143839	24.570427	-84.355255	-46.93229	0.4	84415984	34451.893928050995
420	-10.03836	-10.03836	-5.2470202	-46.959248	8.056414	19.603117	-71.801414	-46.954304	0.5	84616984	34536.31206011772
421	-5.9901257	-5.9901257	-2.7261372	-46.96468	8.000869	27.211962	-71.66176	-46.960335	0.6	84817985	34620.19780802727
422	-1.9632814	-1.9632814	-3.3139222	-46.930542	8.075153	21.341696	-67.02838	-46.926918	0.3	85018985	34701.864299058914
423	-8.143862	-8.143862	-9.784776	-46.944645	8.020668	28.339064	-70.14982	-46.94031	0.3	85219981	34784.53668427467
424	-9.956568	-9.956568	-14.468323	-46.880882	8.096878	63.214607	-69.868065	-46.875206	0.5	85420982	34864.34968519211
425	-10.242268	-10.242268	-5.3510756	-46.904354	8.06152	24.79758	-68.23113	-46.899754	0.2	85621981	34947.967609643936
426	-17.427908	-17.427908	-7.0675654	-46.849316	8.134467	25.598864	-86.55191	-46.843716	0.3	85822983	35028.85246992111
427	-12.541869	-12.541869	-8.368949	-46.88157	8.0957155	20.715502	-77.07672	-46.877594	0.3	86023982	35113.038034677505
428	-12.026914	-12.026914	-6.4088745	-46.842655	8.132312	24.329475	-69.58519	-46.83715	0.5	86224987	35194.75534057617
429	2.1196444	2.1196444	-7.561608	-46.826973	8.188599	27.067942	-65.42454	-46.821716	0.3	86425982	35276.6897149086
430	-8.254607	-8.254607	-1.7978203	-46.79203	8.198005	28.630228	-77.73492	-46.785625	0.4	86626983	35359.27564573288
431	-3.8040154	-3.8040154	-11.94498	-46.818607	8.114756	24.356752	-68.728134	-46.812374	0.5	86827981	35443.60879397392
432	7.3195186	7.3195186	-8.077818	-46.824818	8.1418705	20.651876	-75.2487	-46.819725	0.1	87028981	35527.11255002022
433	-0.6933021	-0.6933021	-3.391494	-46.80778	8.145307	27.533869	-70.48912	-46.80311	0.6	87229982	35608.28016662598
434	-13.724378	-13.724378	-18.40016	-46.763184	8.204667	24.196692	-69.946976	-46.75786	0.2	87430985	35688.362891197205
435	3.1439981	3.1439981	-16.306364	-46.74196	8.252379	31.004597	-70.073586	-46.73663	0.4	87631983	35770.13012552261
436	6.2810187	6.2810187	-6.127918	-46.746185	8.208926	22.394909	-69.39219	-46.741096	0.1	87832981	35852.20378756523
437	3.7596407	3.7596407	-5.4936786	-46.74054	8.204321	38.37832	-67.7853	-46.73514	0.2	88033982	35936.44957232475
438	-4.4102035	-4.4102035	-3.6008253	-46.73507	8.188389	21.905064	-71.41257	-46.729145	0.1	88234989	36020.251148700714
439	14.94322	14.94322	-2.0965102	-46.679	8.285874	23.621305	-83.60487	-46.67406	0.3	88435982	36102.41836977005
440	5.8854017	5.8854017	-15.179032	-46.680733	8.259365	20.524113	-69.03986	-46.67562	0.1	88636981	36183.28650045395
441	-2.9315875	-2.9315875	-11.732655	-46.63287	8.324914	22.844593	-70.31201	-46.625137	0.3	88837981	36267.32035470009
442	-12.659626	-12.659626	-4.8947754	-46.61965	8.343432	38.102768	-71.70054	-46.61494	0.8	89038982	36352.555720090866
443	1.8852156	1.8852156	-11.327217	-46.567497	8.380674	26.32339	-68.742195	-46.561794	0.4	89239981	36438.01192522049
444	-0.69405806	-0.69405806	-3.4246073	-46.550747	8.3881235	26.401543	-68.010025	-46.544746	0.1	89440981	36521.80799484253
445	-5.6702666	-5.6702666	-5.9432025	-46.524254	8.410534	33.048	-65.8044	-46.5187	0.6	89641982	36604.77602791786
446	-5.1928215	-5.1928215	-14.702663	-46.513172	8.426361	24.66254	-66.67002	-46.505764	0.4	89842986	36686.46092772484
447	-7.229004	-7.229004	1.4664989	-46.507698	8.440853	26.291782	-69.40294	-46.502453	0.7	90043981	36769.52877616882
448	-9.360275	-9.360275	-4.1626325	-46.499958	8.460775	26.33101	-66.69771	-46.49212	0.4	90244991	36853.3800971508
449	-2.415907	-2.415907	-2.8745756	-46.496437	8.448315	21.254185	-67.6917	-46.490784	0.6	90445981	36933.848168849945
450	-12.727045	-12.727045	-10.187353	-46.497734	8.474114	18.829353	-77.20419	-46.49229	0.6	90646981	37016.58847808838
451	-18.026335	-18.026335	-7.255945	-46.510365	8.449658	23.789753	-68.69699	-46.505333	0.3	90847984	37099.15006303787
452	-0.20866174	-0.20866174	-2.9768908	-46.50176	8.472612	25.411064	-70.50171	-46.496815	0.5	91048982	37180.40218830109
453	-2.3516614	-2.3516614	-2.6589646	-46.519413	8.40226	22.819466	-67.094475	-46.514896	0.5	91249981	37263.25254583359
454	-7.9738274	-7.9738274	-13.8929405	-46.436546	8.5046215	22.294231	-66.26599	-46.431667	0.4	91450984	37344.47079896927
455	4.476371	4.476371	-3.1850812	-46.49676	8.44296	29.01978	-76.19889	-46.490208	0.2	91651982	37426.654971838
456	-11.126905	-11.126905	-2.7413185	-46.496864	8.432417	31.253452	-77.65865	-46.4917	0.5	91852982	37508.80586481094
457	-5.5597053	-5.5597053	-6.1128674	-46.453587	8.45204	36.31663	-82.62212	-46.44852	0.4	92053982	37592.39191651344
458	-12.677565	-12.677565	-5.57954	-46.43827	8.492324	28.811773	-71.9216	-46.431858	0.3	92254982	37675.67574739456
459	8.337347	8.337347	-8.060487	-46.47042	8.474184	30.445393	-70.758965	-46.464565	0.3	92455983	37758.39250278473
460	-5.5721917	-5.5721917	-2.6952977	-46.44127	8.507182	29.166256	-68.236534	-46.43554	0.4	92656983	37840.26100611687
461	-4.8532157	-4.8532157	-0.31632158	-46.41786	8.521603	23.730808	-66.907715	-46.411205	0.4	92857982	37922.330824136734
462	3.7556696	3.7556696	-1.37915	-46.446846	8.494117	45.218872	-68.87183	-46.440002	0.3	93058981	38003.59822702408
463	-8.3593025	-8.3593025	-2.8254068	-46.380096	8.596459	42.951744	-73.95701	-46.37376	0.8	93259981	38086.39935517311
464	-3.2984736	-3.2984736	-4.755363	-46.389168	8.542276	30.114939	-69.115524	-46.384342	0.1	93460981	38169.86660194397
465	0.45916015	0.45916015	-3.5858574	-46.337097	8.620647	32.646275	-69.98991	-46.329918	0.4	93661983	38252.684698820114
466	4.9560204	4.9560204	-17.097242	-46.346344	8.575934	23.684536	-68.41324	-46.34077	0.2	93862981	38336.25191307068
467	-4.998273	-4.998273	-3.576387	-46.313717	8.657912	27.010857	-66.285385	-46.310024	0.3	94063983	38420.18683934212
468	-2.7516544	-2.7516544	-2.1950128	-46.31298	8.617481	21.365152	-69.52499	-46.306946	0.5	94264981	38502.52289247513
469	-6.7737193	-6.7737193	-3.1086311	-46.33011	8.597503	23.905365	-67.190636	-46.323902	0.5	94465983	38582.75709152222
470	2.2445812	2.2445812	-2.6565409	-46.32536	8.5969715	21.87411	-65.94258	-46.321228	0.6	94666981	38664.824068546295
471	-11.831408	-11.831408	-2.318397	-46.315628	8.572596	23.851051	-68.59243	-46.309242	0.5	94867984	38746.394295692444
472	-5.7763677	-5.7763677	-3.3542235	-46.267895	8.635265	27.775452	-75.3733	-46.262264	0.6	95068982	38828.39221692085
473	8.283627	8.283627	-4.680359	-46.25067	8.61935	35.234035	-69.58039	-46.245613	0.5	95269982	38908.49311590195
474	1.7167511	1.7167511	-19.918268	-46.252083	8.660337	21.294899	-81.266846	-46.245907	0.4	95470983	38991.44649362564
475	-1.167404	-1.167404	-5.7330985	-46.241947	8.626737	24.877083	-72.94566	-46.235703	0.2	95671982	39072.59967446327
476	-2.1240656	-2.1240656	-4.8061323	-46.239346	8.673835	23.640892	-71.84942	-46.234917	0.4	95872981	39157.21389722824
477	-15.984262	-15.984262	1.7480446	-46.220932	8.712579	57.255695	-76.93362	-46.214634	0.6	96073984	39241.247982263565
478	-2.7499938	-2.7499938	-1.5341088	-46.234093	8.625609	50.55965	-70.12938	-46.229305	0.4	96274981	39322.41736078262
479	4.4199824	4.4199824	-5.4429073	-46.22512	8.654983	37.239216	-90.22886	-46.219112	0.4	96475985	39404.75103545189
480	-18.149714	-18.149714	-7.382863	-46.207397	8.676933	23.068888	-85.36518	-46.20194	0.3	96676984	39486.203142642975
481	-12.995057	-12.995057	-2.5294635	-46.18538	8.683688	21.479378	-76.95162	-46.180305	0.3	96877981	39569.006673812866
482	-21.827038	-21.827038	-8.022168	-46.23971	8.63776	23.587233	-85.424324	-46.235813	0.6	97078982	39652.67642521858
483	-18.510054	-18.510054	-1.1908149	-46.231163	8.635435	24.397503	-77.485374	-46.227184	0.5	97279982	39734.44055342674
484	-5.075918	-5.075918	-2.2399042	-46.21672	8.659703	24.738209	-76.17183	-46.210922	0.4	97480981	39816.49040389061
485	3.8746107	3.8746107	-20.062794	-46.208134	8.674052	25.32226	-74.49703	-46.203747	0.3	97681982	39901.10820865631
486	-3.885398	-3.885398	-1.4938717	-46.20108	8.67258	27.135601	-72.13608	-46.19471	0.2	97882981	39983.493015527725
487	-5.7657833	-5.7657833	-2.9641242	-46.182095	8.703568	19.131655	-73.35328	-46.178757	0.7	98083981	40064.22955727577
488	-5.938961	-5.938961	-2.5098937	-46.190952	8.702989	25.966835	-72.93224	-46.185684	0.3	98284987	40142.545798540115
489	-7.641708	-7.641708	0.7455342	-46.149826	8.727056	23.967556	-68.76541	-46.144924	0.4	98485982	40223.99683523178
490	5.551636	5.551636	-7.4183726	-46.17079	8.676838	20.255829	-69.5644	-46.163815	0.4	98686984	40306.98118138313
491	-4.942404	-4.942404	-0.54564613	-46.144505	8.721873	19.888306	-69.848976	-46.139626	0.6	98887984	40391.45093846321
492	-4.7109528	-4.7109528	-1.8603374	-46.160213	8.656893	24.642218	-66.89398	-46.154964	0.4	99088985	40473.50095105171
493	-12.0403	-12.0403	-4.9274907	-46.12475	8.735027	23.53378	-73.60892	-46.120163	0.4	99289982	40554.65109705925
494	0.8726779	0.8726779	-3.664882	-46.12688	8.6932745	24.896982	-68.66649	-46.121586	0.3	99490987	40636.75206422806
495	1.8617691	1.8617691	-0.83229965	-46.08894	8.766793	30.74631	-94.69296	-46.08301	0.3	99691985	40716.58861684799
496	-8.640355	-8.640355	-0.41173086	-46.109867	8.754144	21.046488	-81.46196	-46.104824	0.3	99892981	40797.10581660271
497	-0.8615483	-0.8615483	-6.7078567	-46.105118	8.743195	34.623955	-70.17254	-46.09961	0.7	100093981	40880.840321063995
498	-9.6003	-9.6003	2.839619	-46.08247	8.739194	22.48554	-73.13234	-46.078323	0.2	100294986	40962.14258527756
499	7.8069153	7.8069153	-10.040713	-46.092556	8.748677	27.282185	-73.944016	-46.087803	0.5	100495982	41040.242717027664
