Epoch	EpRet	EpRealRet	TestEpRet	AverageQ1	StdQ1	MaxQ1	MinQ1	Q2	TestSuccess	TotalEnvInteracts	TotalTime
0	-22.302326	-22.302326	-18.468185	-19.973063	10.034431	4.8049197	-52.497215	-19.974037	0.0	196983	100.4486300945282
1	-27.79479	-27.79479	-2.3780844	-36.524048	12.666812	1.0319098	-65.37669	-36.52388	0.0	397982	197.56127786636353
2	-20.31153	-20.31153	-12.790707	-45.49487	8.580667	3.3062115	-61.866016	-45.494137	0.1	598981	294.96311807632446
3	-25.814034	-25.814034	0.0	-42.204292	11.275388	9.116527	-66.43377	-42.20278	0.0	799981	394.54812383651733
4	-16.814064	-16.814064	-8.979285	-32.136326	13.960067	13.174611	-59.225407	-32.140224	0.0	1000981	494.54990553855896
5	-25.15651	-25.15651	-30.234297	-47.372654	5.4731035	2.3329208	-64.41829	-47.37324	0.0	1201982	595.7666096687317
6	-17.335564	-17.335564	-27.847221	-48.39687	4.641551	3.4097006	-60.174694	-48.39609	0.0	1402986	697.0202596187592
7	-20.709497	-20.709497	-15.075147	-48.373146	5.124975	11.844139	-66.88844	-48.37368	0.0	1603986	796.17112159729
8	-20.20665	-20.20665	-21.115814	-48.458946	5.191516	7.556295	-62.02217	-48.45903	0.0	1804982	895.3395221233368
9	-22.373062	-22.373062	-25.425787	-47.986797	5.9482183	8.990576	-64.54182	-47.986343	0.1	2005983	994.4061441421509
10	-21.291636	-21.291636	-26.229033	-48.090115	5.529048	12.266005	-60.178234	-48.089592	0.2	2206982	1095.295479297638
11	-20.305231	-20.305231	-7.436394	-47.890026	6.062571	11.923551	-80.68632	-47.889057	0.2	2407987	1194.593505859375
12	-19.37215	-19.37215	-12.531651	-47.737396	6.159452	12.06455	-58.53447	-47.73805	0.0	2608984	1293.6969182491302
13	-10.002981	-10.002981	-2.416674	-47.692795	6.2406893	12.725169	-58.411507	-47.693237	0.0	2809981	1389.416984796524
14	-19.478933	-19.478933	-29.133942	-47.56134	6.814879	11.248073	-74.46829	-47.559803	0.0	3010983	1487.3664810657501
15	-23.213972	-23.213972	-17.388544	-47.63821	6.8072295	16.52116	-60.3206	-47.63825	0.1	3211982	1586.7487967014313
16	-23.396849	-23.396849	-15.545775	-47.793045	6.5844464	14.798107	-63.75398	-47.79302	0.2	3412984	1685.904495716095
17	-21.778198	-21.778198	-17.518566	-47.90849	6.405004	16.689558	-59.811623	-47.907185	0.1	3613982	1786.7193298339844
18	-26.735987	-26.735987	-8.72531	-47.927574	6.443767	14.826486	-58.84666	-47.92717	0.0	3814985	1888.4061143398285
19	-23.953884	-23.953884	-11.551815	-47.943695	6.469807	16.265028	-58.178272	-47.943142	0.1	4015981	1986.43883061409
20	-18.413088	-18.413088	-1.8655522	-47.97145	6.4674835	16.447168	-60.411335	-47.972443	0.3	4216983	2084.8399052619934
21	-16.831606	-16.831606	-11.919267	-47.961765	6.5042257	16.650604	-60.575424	-47.96263	0.2	4417981	2183.5277342796326
22	-23.539135	-23.539135	-10.051537	-48.05909	6.3426986	15.937694	-59.962765	-48.059566	0.1	4618983	2281.9440162181854
23	-15.2936	-15.2936	-3.964599	-48.086212	6.310708	20.606533	-61.062355	-48.087437	0.2	4819982	2378.896115541458
24	-12.511531	-12.511531	-24.128548	-48.0057	6.4578185	20.890932	-60.13043	-48.006737	0.0	5020982	2478.898870944977
25	-22.930632	-22.930632	-10.887359	-47.864326	6.692329	22.402925	-65.35351	-47.864296	0.1	5221981	2579.6133897304535
26	-15.492131	-15.492131	-12.33162	-47.803513	6.7610455	20.631544	-59.52902	-47.802406	0.0	5422981	2677.9972865581512
27	-30.785486	-30.785486	-26.840889	-47.83269	6.6930704	17.08306	-62.54613	-47.832577	0.0	5623985	2779.550971508026
28	-28.737486	-28.737486	-12.792407	-47.87435	6.6165576	22.78096	-61.357655	-47.87392	0.4	5824981	2879.551682472229
29	-15.150088	-15.150088	-14.808419	-47.86898	6.569906	17.048948	-63.754974	-47.868973	0.1	6025983	2977.2266080379486
30	-24.417461	-24.417461	-7.540182	-47.80263	6.698477	24.275085	-65.56672	-47.802746	0.1	6226981	3077.759813308716
31	-22.998716	-22.998716	-14.740749	-47.879074	6.604333	17.101387	-58.69314	-47.878803	0.0	6427989	3177.2559020519257
32	-20.679756	-20.679756	-6.9004593	-47.845222	6.7185235	19.319635	-61.30934	-47.845463	0.2	6628984	3273.1740186214447
33	-14.413517	-14.413517	-13.985251	-47.81632	6.7120485	24.092087	-58.790028	-47.816517	0.1	6829981	3369.644152879715
34	-22.04249	-22.04249	-22.626297	-47.760357	6.767088	20.857834	-62.765965	-47.760384	0.1	7030985	3465.814197063446
35	-20.573359	-20.573359	-28.093498	-47.701412	6.9264464	20.631615	-60.165882	-47.7004	0.1	7231982	3564.2607655525208
36	-19.512758	-19.512758	-18.077864	-47.718605	6.87621	40.576027	-59.389267	-47.71782	0.0	7432982	3661.729706764221
37	-22.728777	-22.728777	-17.217539	-47.70962	6.9223046	21.129927	-60.72662	-47.70956	0.0	7633981	3760.9518444538116
38	-16.375887	-16.375887	-18.284868	-47.696518	6.8896394	24.769644	-66.82168	-47.695805	0.0	7834983	3860.466185569763
39	-16.252108	-16.252108	-12.226675	-47.639374	6.9232473	18.968481	-60.66939	-47.638176	0.1	8035985	3954.2179477214813
40	-12.403313	-12.403313	-11.262652	-47.58076	6.92997	17.058268	-62.730145	-47.57845	0.1	8236981	4053.252888441086
41	-25.5105	-25.5105	-16.885448	-47.554707	6.917751	23.256886	-61.760498	-47.553574	0.1	8437984	4151.486300706863
42	-21.246662	-21.246662	-3.935993	-47.56582	6.9111614	16.754923	-60.594193	-47.564102	0.2	8638981	4249.220436096191
43	-18.478792	-18.478792	-6.6922765	-47.57176	6.9100766	24.521248	-63.77323	-47.571297	0.2	8839985	4348.955308914185
44	-29.168823	-29.168823	-10.154677	-47.608673	6.8858666	20.043747	-62.996666	-47.60767	0.1	9040984	4448.540466070175
45	-22.23073	-22.23073	-15.17656	-47.621128	6.8557796	22.795013	-64.40076	-47.6204	0.0	9241987	4548.1098392009735
46	-17.041874	-17.041874	-14.053278	-47.58606	6.950033	22.837955	-65.89227	-47.58531	0.0	9442986	4644.429026603699
47	-22.04991	-22.04991	-5.371581	-47.570114	6.997574	15.255502	-65.67969	-47.56994	0.1	9643982	4741.797725200653
48	-18.207287	-18.207287	-24.447395	-47.579227	6.94346	20.332851	-69.84431	-47.57811	0.2	9844985	4839.615072727203
49	-27.323364	-27.323364	-16.580786	-47.54422	6.9777813	17.493061	-68.52105	-47.543163	0.1	10045986	4939.519536972046
50	-24.64366	-24.64366	-18.078611	-47.505707	7.057116	21.163626	-73.73728	-47.50499	0.0	10246984	5037.700771331787
51	-22.047035	-22.047035	-18.023613	-47.477715	7.023864	20.42054	-70.172844	-47.47678	0.5	10447982	5136.502023696899
52	-23.064228	-23.064228	-16.870409	-47.470383	7.075739	16.404984	-65.37755	-47.469337	0.1	10648986	5233.504510402679
53	-24.776047	-24.776047	-17.206766	-47.485023	7.051104	20.005236	-66.604095	-47.484737	0.0	10849982	5332.405923366547
54	-24.396912	-24.396912	-15.805761	-47.48762	7.049838	23.016556	-60.563858	-47.48738	0.4	11050982	5430.971803665161
55	-19.810127	-19.810127	-16.900496	-47.49052	7.068666	34.67331	-61.496178	-47.49008	0.1	11251981	5526.924722194672
56	-25.724094	-25.724094	-14.585836	-47.5423	7.048785	19.344715	-97.857834	-47.542763	0.1	11452982	5624.945154428482
57	-15.397428	-15.397428	-13.569182	-47.60373	6.9913263	21.878424	-65.67531	-47.60298	0.0	11653981	5724.009649753571
58	-16.03703	-16.03703	-4.510744	-47.5601	7.043772	18.08904	-63.201427	-47.559525	0.2	11854984	5824.012437820435
59	-22.420565	-22.420565	-16.030155	-47.53961	7.0151205	16.392529	-69.287834	-47.538788	0.1	12055982	5923.214079141617
60	-13.7623205	-13.7623205	-2.9078846	-47.54897	7.0052896	22.81028	-58.88664	-47.548534	0.2	12256982	6023.481703519821
61	-16.439373	-16.439373	-25.976225	-47.504307	7.0843306	18.227299	-67.79836	-47.503517	0.0	12457981	6121.66818857193
62	-23.154278	-23.154278	-7.001465	-47.497417	7.08375	23.622156	-64.264694	-47.49762	0.0	12658985	6220.404098272324
63	-20.004671	-20.004671	-32.973392	-47.528507	7.019725	18.821411	-62.64523	-47.528393	0.1	12859982	6318.222982168198
64	-16.280977	-16.280977	-7.08618	-47.440685	7.1113396	16.98942	-65.506485	-47.440697	0.1	13060983	6419.455136537552
65	-14.278478	-14.278478	-10.6435	-47.3974	7.143879	16.595745	-63.65388	-47.398125	0.1	13261985	6515.526082038879
66	-13.710072	-13.710072	-19.362736	-47.37828	7.187885	18.129671	-63.052956	-47.378162	0.1	13462982	6616.224565505981
67	-17.81515	-17.81515	-17.662394	-47.281265	7.295922	20.928837	-65.90561	-47.28074	0.1	13663982	6714.126753807068
68	-20.30411	-20.30411	-21.427362	-47.27936	7.2732663	18.803896	-60.00082	-47.27932	0.1	13864987	6810.409881591797
69	-13.075188	-13.075188	-12.433712	-47.259037	7.339048	19.906952	-64.0774	-47.258114	0.2	14065983	6911.917265415192
70	-19.824812	-19.824812	-4.9169245	-47.21359	7.3604984	21.241888	-61.821274	-47.213394	0.3	14266986	7012.997688293457
71	-25.640474	-25.640474	-28.508873	-47.200657	7.3729906	24.943214	-60.524364	-47.19991	0.2	14467982	7111.865759134293
72	-11.615727	-11.615727	-3.344428	-47.20793	7.3585043	20.59747	-60.294987	-47.208324	0.3	14668984	7211.968201875687
73	-21.579336	-21.579336	-10.323035	-47.25192	7.296249	20.024946	-78.642006	-47.25184	0.3	14869988	7312.504926681519
74	-17.689402	-17.689402	-18.150229	-47.256577	7.323163	20.997053	-74.66473	-47.257046	0.0	15070984	7411.425879955292
75	-16.276741	-16.276741	-10.269199	-47.258614	7.345821	23.670645	-61.52044	-47.258713	0.1	15271981	7511.5564959049225
76	-25.098055	-25.098055	-6.277809	-47.26909	7.3408666	22.281176	-64.133865	-47.26886	0.3	15472985	7610.673424482346
77	-13.050699	-13.050699	-27.023989	-47.285892	7.311461	21.779858	-68.75753	-47.285328	0.0	15673981	7709.292450904846
78	-18.815983	-18.815983	-5.6963377	-47.28101	7.344453	24.847809	-76.491516	-47.280537	0.2	15874982	7808.245084285736
79	-19.447193	-19.447193	-7.3002367	-47.27887	7.362873	17.436268	-62.580395	-47.27854	0.0	16075981	7909.311092376709
80	-24.226189	-24.226189	-21.503113	-47.307343	7.3476434	17.967651	-69.238655	-47.307213	0.1	16276989	8005.81613612175
81	-19.949186	-19.949186	-9.7983465	-47.309593	7.3550897	16.666258	-83.07909	-47.309517	0.2	16477983	8104.796115636826
82	-24.805683	-24.805683	-9.552934	-47.3109	7.3435616	26.323412	-68.01979	-47.311672	0.3	16678981	8201.35003709793
83	-13.073073	-13.073073	-5.0517983	-47.32193	7.3558946	26.466429	-59.97483	-47.3225	0.4	16879981	8302.465557098389
84	-20.503025	-20.503025	-4.305339	-47.27429	7.4088407	20.983824	-63.612823	-47.274647	0.2	17080983	8401.084811925888
85	-10.845564	-10.845564	-10.592429	-47.289513	7.394521	19.76502	-61.356743	-47.290016	0.3	17281981	8499.83700966835
86	-23.562107	-23.562107	-14.112738	-47.2976	7.4270864	24.171045	-68.3907	-47.29766	0.3	17482984	8600.820918798447
87	-18.269053	-18.269053	1.1402045	-47.322086	7.369294	19.788813	-68.1675	-47.322495	0.0	17683982	8701.406581163406
88	-26.842688	-26.842688	-8.261544	-47.338684	7.387421	24.426783	-68.10202	-47.339005	0.2	17884984	8800.107647657394
89	-9.307034	-9.307034	-9.500999	-47.34907	7.3600583	28.704296	-69.55395	-47.34943	0.1	18085981	8899.677876234055
90	-16.745977	-16.745977	-12.388736	-47.365467	7.362479	21.466621	-61.014076	-47.365807	0.1	18286982	8996.610800266266
91	-19.108477	-19.108477	-36.949726	-47.36496	7.3709507	22.305363	-67.97383	-47.36504	0.2	18487981	9096.646934747696
92	-25.463213	-25.463213	-13.988186	-47.360043	7.4007106	22.164122	-67.57491	-47.360283	0.1	18688989	9195.728812217712
93	-21.579119	-21.579119	-1.2312019	-47.39952	7.3621507	19.104982	-68.139885	-47.399933	0.2	18889981	9293.581693410873
94	-21.34934	-21.34934	-10.636086	-47.418716	7.3662024	19.053698	-67.97156	-47.41844	0.0	19090981	9393.78611588478
95	-16.480614	-16.480614	-4.958443	-47.428802	7.370138	19.804173	-64.91878	-47.42911	0.3	19291987	9490.417261362076
96	-22.079079	-22.079079	-16.808199	-47.448982	7.3498254	22.374908	-66.65076	-47.44918	0.2	19492986	9588.219690322876
97	-20.838238	-20.838238	-11.0274725	-47.45393	7.350862	27.271502	-61.213627	-47.45443	0.1	19693989	9689.420281887054
98	-13.956008	-13.956008	-16.180601	-47.485073	7.307471	30.40567	-68.8505	-47.484726	0.2	19894982	9789.697828769684
99	-14.20039	-14.20039	-13.457233	-47.470062	7.3344436	17.564821	-65.84716	-47.470566	0.0	20095982	9889.775001525879
100	-19.94227	-19.94227	-0.3243548	-47.458668	7.367104	17.897276	-60.761627	-47.458847	0.0	20296981	9990.241715669632
101	-2.035649	-2.035649	3.7191737	-47.46513	7.337755	26.085297	-62.27686	-47.46539	0.2	20497982	10087.376247882843
102	-10.13234	-10.13234	1.1408645	-47.473717	7.286408	17.66665	-60.510284	-47.474762	0.0	20698981	10185.945246458054
103	-14.9396715	-14.9396715	-4.038256	-47.461617	7.344757	22.468494	-62.50905	-47.46145	0.2	20899984	10287.747678041458
104	-15.010617	-15.010617	-14.045322	-47.489063	7.307305	17.620926	-75.86966	-47.48938	0.1	21100982	10387.537256479263
105	-8.487837	-8.487837	-5.6982455	-47.456085	7.345997	25.503145	-62.23091	-47.455883	0.2	21301986	10487.667171478271
106	-21.716345	-21.716345	-28.198418	-47.413876	7.3949246	19.783484	-69.48999	-47.413887	0.2	21502984	10587.25655221939
107	-23.14373	-23.14373	-14.493714	-47.400116	7.4244094	19.010906	-67.319824	-47.400517	0.1	21703984	10687.518450498581
108	-15.341691	-15.341691	-19.17083	-47.384335	7.4561477	20.068254	-63.058365	-47.384064	0.0	21904982	10784.990932703018
109	-21.823555	-21.823555	-3.898527	-47.35789	7.4676247	20.200829	-64.657425	-47.357872	0.2	22105982	10884.539762973785
110	-18.519417	-18.519417	-16.878319	-47.35788	7.4504867	16.510166	-67.55574	-47.35859	0.1	22306981	10982.60687494278
111	-10.588043	-10.588043	-23.696474	-47.371647	7.443917	28.468464	-68.68345	-47.371918	0.2	22507983	11083.145441293716
112	-20.785618	-20.785618	-8.456352	-47.327667	7.508337	20.066393	-64.91515	-47.328156	0.0	22708983	11182.292517185211
113	-29.254318	-29.254318	-13.710062	-47.331417	7.484864	16.42434	-67.868935	-47.33181	0.1	22909983	11281.413100004196
114	-19.344046	-19.344046	-11.743479	-47.326965	7.498316	19.390284	-63.43753	-47.32695	0.2	23110983	11379.72946548462
115	-15.008385	-15.008385	-15.118687	-47.312225	7.5191207	20.792242	-71.98355	-47.3134	0.3	23311981	11476.79675912857
116	-24.533772	-24.533772	-2.7865882	-47.341797	7.472756	25.02128	-69.274376	-47.342045	0.3	23512982	11578.167352676392
117	-24.959162	-24.959162	-16.362103	-47.356785	7.4771614	19.577803	-67.058	-47.35709	0.4	23713981	11677.151049852371
118	-21.22812	-21.22812	-24.274181	-47.363686	7.4606795	16.640581	-68.543785	-47.36445	0.1	23914987	11776.405049324036
119	-11.068562	-11.068562	-4.300658	-47.3575	7.440296	27.485216	-64.971504	-47.357815	0.2	24115982	11875.455706119537
120	-23.180687	-23.180687	-9.529777	-47.309227	7.496651	19.937597	-74.82262	-47.309685	0.4	24316987	11975.254643678665
121	-18.522932	-18.522932	-1.8091495	-47.30892	7.497795	28.050869	-70.31222	-47.309334	0.4	24517981	12075.938539266586
122	-28.735657	-28.735657	-10.881091	-47.288147	7.532421	21.58617	-69.67037	-47.288662	0.2	24718986	12177.692824840546
123	-24.336494	-24.336494	-22.004787	-47.315617	7.4915104	26.107372	-68.14254	-47.315624	0.1	24919983	12276.080599546432
124	-21.767273	-21.767273	-14.426236	-47.33109	7.46202	19.639433	-63.93313	-47.331863	0.1	25120982	12373.33045053482
125	-23.446804	-23.446804	-15.019845	-47.3371	7.4058247	21.432608	-66.81285	-47.337486	0.2	25321986	12472.361699819565
126	-15.885555	-15.885555	-9.132415	-47.319614	7.4683976	21.036457	-67.050804	-47.32075	0.4	25522981	12571.013988733292
127	-26.538164	-26.538164	0.9537813	-47.33783	7.433855	17.993269	-64.44837	-47.338627	0.1	25723984	12670.315844774246
128	-15.250927	-15.250927	-1.5298035	-47.31123	7.4702945	18.362318	-68.842026	-47.31214	0.3	25924982	12766.704862594604
129	-16.16115	-16.16115	-14.938696	-47.306683	7.4528966	23.42691	-63.320915	-47.30733	0.3	26125981	12865.670602083206
130	-20.35067	-20.35067	-13.918948	-47.306606	7.4336886	23.799974	-68.45341	-47.307816	0.2	26326983	12966.886636972427
131	-18.827726	-18.827726	-0.7766611	-47.29253	7.473175	20.703798	-66.57391	-47.293583	0.2	26527981	13067.090583324432
132	-18.280924	-18.280924	-6.2633686	-47.269817	7.475755	19.612429	-61.560665	-47.270412	0.4	26728981	13166.238253116608
133	-20.584091	-20.584091	-14.805157	-47.27081	7.4609876	24.14455	-59.55661	-47.272038	0.2	26929981	13267.744679689407
134	-7.7453184	-7.7453184	-0.31243837	-47.25361	7.5120625	18.20161	-62.435898	-47.253937	0.3	27130981	13365.727035045624
135	-12.613281	-12.613281	-3.3650253	-47.252106	7.51125	21.907923	-61.985416	-47.252872	0.4	27331983	13463.944293737411
136	-14.455881	-14.455881	-13.891604	-47.269184	7.472337	18.312037	-76.8784	-47.270023	0.2	27532981	13564.410444021225
137	-17.993656	-17.993656	-2.2718225	-47.24313	7.496714	15.277131	-64.81421	-47.243862	0.4	27733981	13663.097352743149
138	-18.713646	-18.713646	-16.654251	-47.25637	7.48784	19.886719	-67.90182	-47.25668	0.1	27934983	13760.617049217224
139	-9.24713	-9.24713	-2.6292932	-47.225952	7.5008807	18.651453	-69.244026	-47.226177	0.2	28135981	13858.81817984581
140	-22.233042	-22.233042	-0.73278177	-47.241173	7.4786825	24.96462	-67.01278	-47.24201	0.1	28336981	13960.037593364716
141	-7.1693463	-7.1693463	-3.2847946	-47.233845	7.5088806	22.827995	-76.48837	-47.23441	0.0	28537982	14059.003242492676
142	-19.734467	-19.734467	-3.4975984	-47.213352	7.5411873	19.073597	-73.265656	-47.21448	0.1	28738984	14157.736044883728
143	-12.498735	-12.498735	-2.540235	-47.193314	7.54882	25.503782	-65.95304	-47.194237	0.5	28939981	14255.138437271118
144	-11.042872	-11.042872	4.1547594	-47.152924	7.580038	19.097012	-69.16888	-47.153763	0.2	29140981	14353.2273042202
145	-22.204617	-22.204617	-14.823643	-47.147144	7.6036496	19.835306	-68.00804	-47.146717	0.3	29341986	14450.491013526917
146	-18.038961	-18.038961	-5.1372495	-47.079712	7.7110834	21.499666	-61.931377	-47.080524	0.3	29542982	14549.809871673584
147	-11.342959	-11.342959	2.2569282	-47.054325	7.690846	18.151903	-60.281395	-47.054974	0.5	29743986	14648.295956134796
148	-20.991127	-20.991127	-0.9375276	-47.08029	7.665509	22.098576	-68.15605	-47.080723	0.3	29944982	14746.995895147324
149	-9.154629	-9.154629	-1.7134606	-47.07493	7.6439595	19.05882	-64.055855	-47.07533	0.1	30145983	14845.080458641052
150	-12.258524	-12.258524	-3.5028892	-47.082832	7.64333	20.036402	-64.301025	-47.083702	0.1	30346981	14945.56451869011
151	-23.320026	-23.320026	-0.5910156	-47.106007	7.61704	19.062304	-69.19537	-47.106506	0.3	30547982	15044.215750932693
152	-2.7451835	-2.7451835	-1.5547267	-47.06821	7.6748357	19.568342	-68.841354	-47.069096	0.2	30748982	15143.18574810028
153	-12.052202	-12.052202	-3.961999	-47.075886	7.6764903	20.718735	-66.76026	-47.076942	0.4	30949981	15242.252268791199
154	-14.153625	-14.153625	-5.478023	-47.032616	7.747212	22.600279	-81.31186	-47.03367	0.3	31150985	15343.324923038483
155	-19.684246	-19.684246	-4.9690347	-47.00549	7.759027	22.469017	-64.38871	-47.00679	0.2	31351981	15440.659722566605
156	-16.186878	-16.186878	0.6600063	-47.01635	7.73434	16.587961	-66.75374	-47.01731	0.6	31552981	15540.406175374985
157	-10.97723	-10.97723	-5.1652117	-47.032326	7.6969223	21.198868	-79.37986	-47.032993	0.2	31753982	15638.723900318146
158	-29.78037	-29.78037	-20.582788	-47.012875	7.681484	23.030249	-65.79389	-47.01385	0.4	31954982	15738.399080753326
159	-20.683199	-20.683199	-4.0813866	-46.991577	7.746531	29.856293	-67.653984	-46.992516	0.3	32155981	15836.451337099075
160	-15.704484	-15.704484	-0.6545694	-46.981018	7.762977	24.334057	-63.557644	-46.981503	0.3	32356981	15936.529983758926
161	-18.484764	-18.484764	-3.39562	-46.987736	7.7594023	19.203995	-62.893387	-46.988308	0.1	32557983	16036.214326620102
162	-10.3840685	-10.3840685	-5.4113617	-46.99367	7.7191925	21.38187	-67.27456	-46.994244	0.3	32758982	16136.850498914719
163	-12.813872	-12.813872	0.15570407	-46.97612	7.7446647	19.381956	-62.71304	-46.977077	0.5	32959985	16235.551971435547
164	-15.560177	-15.560177	-3.699575	-46.951683	7.7330008	21.505827	-73.256134	-46.952225	0.1	33160984	16334.269434452057
165	-16.935074	-16.935074	-1.4322149	-46.96432	7.6991477	17.959206	-69.70011	-46.96495	0.3	33361983	16432.569836378098
166	-12.476871	-12.476871	2.7454398	-46.905178	7.8109174	23.070194	-68.2565	-46.905663	0.2	33562984	16529.991869926453
167	-10.243966	-10.243966	3.6037765	-46.87016	7.8493314	22.66406	-67.71277	-46.870842	0.3	33763984	16629.307425260544
168	-6.132374	-6.132374	6.628221	-46.84304	7.887959	20.965761	-74.708405	-46.843716	0.3	33964983	16727.75834274292
169	-8.1271515	-8.1271515	5.0481396	-46.836315	7.900959	20.32061	-64.47196	-46.83673	0.5	34165984	16826.343144893646
170	-9.6682625	-9.6682625	-0.36024103	-46.822105	7.9071627	16.517561	-65.85845	-46.823013	0.3	34366985	16923.07700943947
171	-11.65274	-11.65274	-5.55111	-46.774384	7.9535804	24.071545	-90.02388	-46.774956	0.2	34567990	17020.87962961197
172	0.41103753	0.41103753	-8.78646	-46.751972	7.9714227	18.124897	-61.080257	-46.752544	0.3	34768982	17120.579795837402
173	-18.348911	-18.348911	-8.387059	-46.730717	7.969889	25.810036	-64.88482	-46.731453	0.5	34969984	17220.315796136856
174	-14.418146	-14.418146	-2.7483578	-46.686123	8.031447	18.540617	-63.547466	-46.686085	0.1	35170985	17320.799723625183
175	-23.783676	-23.783676	-1.4019933	-46.65129	8.055461	20.053772	-66.23858	-46.651737	0.1	35371983	17418.437330007553
176	-11.244453	-11.244453	2.8911073	-46.65742	8.062225	19.620972	-70.62219	-46.657692	0.3	35572982	17518.0711581707
177	-8.568726	-8.568726	1.4413289	-46.616985	8.101753	21.125824	-67.6517	-46.617527	0.3	35773981	17617.221042394638
178	-14.784491	-14.784491	-9.128137	-46.621742	8.0951185	23.690939	-71.91473	-46.62201	0.1	35974982	17717.522468328476
179	-16.687777	-16.687777	5.4254994	-46.646954	8.063179	28.630484	-63.499706	-46.647972	0.5	36175984	17815.358792066574
180	-13.7601595	-13.7601595	-3.721031	-46.59965	8.12265	16.227808	-63.11709	-46.600796	0.3	36376981	17913.00811958313
181	-18.333742	-18.333742	-10.750275	-46.621025	8.077446	18.991524	-67.71404	-46.620483	0.2	36577981	18012.64542722702
182	-12.422833	-12.422833	1.9164207	-46.587894	8.110265	19.196762	-64.85206	-46.587875	0.7	36778986	18111.54523587227
183	-11.5206175	-11.5206175	3.462269	-46.569733	8.133078	24.683014	-67.736046	-46.57077	0.4	36979981	18212.104848384857
184	-15.073828	-15.073828	-1.2360361	-46.558334	8.139043	18.653988	-75.92269	-46.55912	0.3	37180988	18312.182207107544
185	-19.84954	-19.84954	1.4377568	-46.545486	8.143105	24.137743	-67.98687	-46.54574	0.5	37381982	18410.102806329727
186	-12.931179	-12.931179	3.8448217	-46.574818	8.105664	18.693752	-83.369255	-46.57567	0.4	37582990	18511.016394138336
187	-22.845766	-22.845766	6.908362	-46.5557	8.130901	18.258087	-68.33588	-46.555798	0.3	37783982	18609.269374608994
188	-8.456472	-8.456472	-0.56474096	-46.52087	8.174067	26.695812	-67.93573	-46.52096	0.3	37984981	18710.587547779083
189	-18.728386	-18.728386	4.4154854	-46.529312	8.159075	18.216282	-64.03655	-46.528923	0.6	38185987	18809.939124584198
190	-10.198265	-10.198265	2.6209223	-46.538918	8.184688	21.317636	-65.3271	-46.53976	0.6	38386981	18908.706598758698
191	-18.04009	-18.04009	0.7677235	-46.53274	8.171527	19.566116	-65.17847	-46.53347	0.2	38587981	19006.425175189972
192	-16.071535	-16.071535	-3.0483513	-46.533344	8.202881	34.841515	-65.232864	-46.534073	0.2	38788984	19105.027433395386
193	-12.059942	-12.059942	-2.4805148	-46.54345	8.174214	19.591614	-63.926517	-46.54468	0.3	38989981	19203.144057273865
194	-9.958121	-9.958121	-2.3755176	-46.52913	8.177081	20.00964	-68.71539	-46.52911	0.1	39190983	19301.46558189392
195	-11.886723	-11.886723	-1.6175305	-46.46566	8.233914	22.941528	-61.856308	-46.466457	0.0	39391982	19399.663051366806
196	-11.251179	-11.251179	3.9630592	-46.45011	8.250358	20.795267	-66.94019	-46.44994	0.3	39592983	19499.70112299919
197	-12.769911	-12.769911	-1.1940383	-46.402122	8.316312	31.747047	-67.11802	-46.40248	0.3	39793983	19600.38465476036
198	-11.528945	-11.528945	-6.416113	-46.403152	8.278044	18.418648	-68.06144	-46.402744	0.1	39994985	19700.285408496857
199	-11.118383	-11.118383	-1.5228883	-46.388992	8.30182	22.501368	-71.62789	-46.389027	0.2	40195983	19797.140830993652
200	-14.083661	-14.083661	-0.11620998	-46.371613	8.336043	18.361887	-74.43823	-46.371975	0.5	40396981	19897.172788143158
201	-14.4611	-14.4611	1.9905457	-46.38405	8.308899	19.775944	-65.452644	-46.383743	0.5	40597983	19995.288306951523
202	-13.4611845	-13.4611845	1.738207	-46.394608	8.299111	17.84884	-66.45302	-46.394447	0.5	40798987	20094.3082177639
203	-12.758786	-12.758786	3.3110704	-46.356995	8.3533535	18.63713	-64.2126	-46.3569	0.5	40999981	20194.858768939972
204	-18.326754	-18.326754	-2.424771	-46.35187	8.337661	21.164707	-63.577785	-46.351933	0.4	41200983	20293.19540143013
205	-4.654646	-4.654646	2.6315825	-46.318233	8.349768	20.296303	-64.17215	-46.318573	0.5	41401985	20391.61317229271
206	-13.905325	-13.905325	3.7509882	-46.315174	8.353609	20.573288	-68.12685	-46.31515	0.4	41602981	20490.34563755989
207	-13.094927	-13.094927	-4.709509	-46.299908	8.384313	20.997627	-65.46566	-46.30019	0.2	41803983	20588.799058675766
208	-9.499624	-9.499624	3.9498627	-46.28765	8.39153	18.96397	-63.81895	-46.288254	0.1	42004984	20688.416376829147
209	-11.337231	-11.337231	4.8368306	-46.241333	8.4636135	20.888514	-70.12062	-46.241035	0.5	42205982	20786.85104084015
210	-19.888199	-19.888199	2.5591242	-46.243977	8.4500475	24.405636	-67.60618	-46.243923	0.3	42406984	20884.819260120392
211	-4.2023387	-4.2023387	1.8169621	-46.20736	8.467319	27.892351	-80.48327	-46.207767	0.4	42607984	20986.33721804619
212	-9.30931	-9.30931	8.850765	-46.21776	8.457633	17.08092	-73.114456	-46.21752	0.4	42808981	21086.573141098022
213	-9.181426	-9.181426	1.8639847	-46.212456	8.448519	18.72213	-71.000374	-46.21255	0.2	43009989	21186.723633766174
214	-8.125805	-8.125805	2.831584	-46.116478	8.576853	25.459452	-65.9296	-46.11721	0.4	43210981	21285.2575237751
215	-18.378317	-18.378317	-0.24338113	-46.13873	8.532167	18.608229	-67.30479	-46.138454	0.2	43411983	21385.747226715088
216	-10.727203	-10.727203	1.7940788	-46.086586	8.54969	22.203093	-70.21245	-46.08662	0.3	43612981	21486.327740192413
217	-9.881728	-9.881728	5.0530047	-46.080757	8.591666	24.97646	-66.22208	-46.081482	0.5	43813984	21588.196856975555
218	-13.794494	-13.794494	2.2129252	-46.078278	8.595892	19.73647	-73.85224	-46.07843	0.3	44014982	21687.765301942825
219	-19.452871	-19.452871	4.9948316	-46.055237	8.614699	18.014376	-68.437256	-46.05601	0.5	44215981	21788.69908094406
220	-14.399057	-14.399057	5.046272	-46.07762	8.563167	18.154884	-67.58927	-46.078278	0.3	44416983	21887.31918334961
221	-13.320682	-13.320682	-1.934538	-46.030922	8.65272	20.779484	-74.26664	-46.031326	0.5	44617990	21985.620564460754
222	-6.673624	-6.673624	7.110632	-46.02055	8.6549	22.130627	-72.67422	-46.020306	0.3	44818982	22084.422929286957
223	-14.3305235	-14.3305235	-3.5859778	-46.016254	8.64605	24.07859	-69.08879	-46.01627	0.4	45019982	22186.088749408722
224	-14.389425	-14.389425	8.969558	-45.995747	8.682405	39.37901	-64.09832	-45.994984	0.4	45220986	22284.990478754044
225	-17.377163	-17.377163	4.96098	-45.99916	8.637323	18.755585	-79.27259	-45.999176	0.2	45421982	22383.57541871071
226	-4.3315706	-4.3315706	-4.8837934	-45.9963	8.672315	21.981123	-65.791046	-45.99614	0.1	45622984	22484.625235557556
227	-12.297993	-12.297993	5.152977	-45.97526	8.703299	20.450031	-69.60066	-45.97551	0.3	45823981	22584.02770972252
228	-8.963214	-8.963214	-2.7993848	-45.920925	8.750447	18.571884	-68.86275	-45.92097	0.2	46024986	22681.980383872986
229	-12.881128	-12.881128	-15.405344	-45.943382	8.733873	23.462996	-71.233696	-45.94203	0.3	46225984	22782.26526117325
230	-12.593197	-12.593197	2.2317357	-45.890793	8.807786	26.425318	-71.5374	-45.891205	0.3	46426981	22882.452808380127
231	-2.4918587	-2.4918587	0.9761364	-45.915333	8.743854	19.8526	-69.04834	-45.915173	0.3	46627981	22982.800527334213
232	-7.237281	-7.237281	-1.1309805	-45.865635	8.808699	19.225502	-65.68564	-45.86572	0.3	46828983	23080.969341754913
233	-12.4735985	-12.4735985	4.2439494	-45.86979	8.800873	23.567585	-64.82628	-45.870487	0.5	47029983	23180.720467329025
234	-15.766238	-15.766238	5.799573	-45.882236	8.777961	18.481422	-68.81547	-45.882282	0.5	47230983	23279.3539686203
235	-9.445785	-9.445785	2.5060775	-45.90918	8.753141	25.71773	-67.0522	-45.90927	0.4	47431981	23379.27547264099
236	-22.736916	-22.736916	-7.588136	-45.87319	8.799477	23.148855	-65.43711	-45.87328	0.7	47632981	23478.640109539032
237	0.8216255	0.8216255	7.5479016	-45.911507	8.76378	22.003908	-75.520454	-45.9121	0.5	47833983	23577.142318725586
238	-17.92172	-17.92172	6.4027877	-45.880703	8.783133	29.46653	-64.09857	-45.88154	0.5	48034981	23678.951573610306
239	-24.858957	-24.858957	12.107131	-45.875412	8.774541	26.996761	-67.836006	-45.8758	0.3	48235981	23778.21583223343
240	-9.3944845	-9.3944845	-1.0037942	-45.878906	8.804647	22.20879	-64.65219	-45.879074	0.3	48436985	23878.714422941208
241	-13.3528	-13.3528	6.878447	-45.864197	8.829912	21.499773	-71.43406	-45.864044	0.5	48637987	23978.215896606445
242	-6.6084013	-6.6084013	5.819216	-45.89627	8.745128	30.372442	-74.128654	-45.89702	0.4	48838981	24079.5185174942
243	-15.282034	-15.282034	-3.5459588	-45.88485	8.772135	20.14333	-64.19724	-45.88557	0.3	49039987	24181.32018852234
244	-10.961279	-10.961279	-2.9739783	-45.84911	8.787169	31.598078	-67.25645	-45.849895	0.5	49240985	24282.137655973434
245	-2.8888443	-2.8888443	-0.51241106	-45.884758	8.752569	21.865473	-64.43387	-45.88497	0.3	49441981	24380.420532226562
246	-11.4272585	-11.4272585	6.3867955	-45.83026	8.818078	23.110287	-82.364136	-45.83077	0.7	49642983	24480.39172267914
247	-14.445642	-14.445642	3.4028418	-45.832153	8.808417	22.321672	-79.7253	-45.831882	0.3	49843982	24582.374765396118
248	-12.384146	-12.384146	7.543669	-45.854168	8.78898	18.80804	-71.441605	-45.85441	0.2	50044987	24683.90821480751
249	-11.913571	-11.913571	8.57591	-45.847317	8.798539	38.71908	-69.96591	-45.847717	0.5	50245982	24783.794479370117
250	-2.0035944	-2.0035944	0.22252393	-45.85754	8.740964	23.39366	-70.182076	-45.857796	0.6	50446981	24882.311514139175
251	-22.466637	-22.466637	3.1613936	-45.836132	8.805955	18.014296	-81.098236	-45.83572	0.3	50647988	24983.48731637001
252	-11.8969555	-11.8969555	4.102827	-45.83612	8.783861	23.140617	-64.45732	-45.836777	0.4	50848985	25084.18150949478
253	-5.4887724	-5.4887724	-0.079708844	-45.84115	8.770937	30.973158	-66.45221	-45.84082	0.5	51049988	25182.867742061615
254	-5.348369	-5.348369	-3.5630271	-45.89385	8.712138	18.549078	-64.39315	-45.89517	0.3	51250981	25281.002677440643
255	-16.602695	-16.602695	4.1145725	-45.8317	8.795356	29.65406	-75.36871	-45.832	0.4	51451982	25379.386689901352
256	-0.36965674	-0.36965674	-0.8994179	-45.850094	8.753648	22.915997	-71.86552	-45.85078	0.2	51652982	25481.303995370865
257	-12.054579	-12.054579	4.7148275	-45.7921	8.817269	20.05933	-73.74225	-45.792515	0.2	51853982	25580.02203798294
258	-5.193429	-5.193429	2.0405607	-45.764046	8.830765	17.37729	-68.57516	-45.764088	0.3	52054988	25680.090658426285
259	-3.2942934	-3.2942934	9.227534	-45.733063	8.865719	25.313883	-64.38242	-45.733192	0.4	52255988	25778.61014699936
260	-8.535749	-8.535749	5.602939	-45.760605	8.849189	38.214195	-69.688515	-45.76098	0.6	52456981	25876.260727405548
261	-0.4478671	-0.4478671	4.530438	-45.73008	8.859881	18.38488	-67.617805	-45.729755	0.4	52657982	25978.261638879776
262	-12.855114	-12.855114	1.666082	-45.78064	8.829342	22.699772	-64.62198	-45.780853	0.3	52858983	26077.846291303635
263	-9.307438	-9.307438	1.6313792	-45.71697	8.91471	27.067009	-65.2007	-45.716362	0.4	53059981	26176.954419374466
264	-9.836034	-9.836034	2.1250484	-45.742718	8.882172	19.824606	-65.089226	-45.742344	0.5	53260981	26274.531755685806
265	-10.270377	-10.270377	4.887842	-45.726475	8.883178	22.734173	-65.58191	-45.726383	0.7	53461982	26375.083894968033
266	-14.904571	-14.904571	0.82754534	-45.77474	8.813734	22.336637	-77.701096	-45.774605	0.7	53662982	26475.552100658417
267	-5.67737	-5.67737	1.5228645	-45.738285	8.859366	27.80727	-67.22322	-45.737694	0.3	53863989	26573.270421504974
268	-7.4862614	-7.4862614	0.42802542	-45.723797	8.873476	21.039505	-65.52875	-45.723366	0.2	54064981	26673.121683835983
269	-13.83807	-13.83807	7.4776077	-45.700798	8.900349	26.066526	-65.157974	-45.69996	0.2	54265983	26773.340149879456
270	-3.7972655	-3.7972655	0.5503931	-45.70683	8.887463	22.904697	-71.32906	-45.706345	0.5	54466986	26873.130764961243
271	0.073439635	0.073439635	1.9338207	-45.693462	8.895588	32.09571	-72.518486	-45.694225	0.2	54667984	26973.65925502777
272	-7.521485	-7.521485	0.24808736	-45.69818	8.880619	29.027386	-77.39762	-45.697285	0.6	54868983	27070.44339442253
273	-3.8035336	-3.8035336	9.57224	-45.61676	8.98737	21.967157	-70.63267	-45.617085	0.4	55069982	27168.2157394886
274	-1.8145148	-1.8145148	-6.742061	-45.643593	8.946437	42.0901	-66.72127	-45.64287	0.4	55270981	27267.775883436203
275	4.792522	4.792522	7.052333	-45.605057	8.982166	34.545082	-70.99677	-45.605263	0.3	55471981	27368.15288710594
276	-6.309718	-6.309718	4.602911	-45.640205	8.977658	22.776512	-72.97409	-45.63945	0.7	55672984	27466.167762756348
277	-5.318846	-5.318846	1.272727	-45.606606	9.014821	25.864868	-75.510925	-45.606922	0.4	55873982	27566.418433904648
278	-7.6577654	-7.6577654	6.013219	-45.586002	9.02087	23.227852	-70.59773	-45.586693	0.2	56074986	27665.986535549164
279	-10.990351	-10.990351	4.53009	-45.612003	8.971701	26.981133	-74.86718	-45.610855	0.3	56275983	27763.887101888657
280	-4.0543118	-4.0543118	3.1589286	-45.64391	8.940144	34.42225	-67.00361	-45.64383	0.6	56476981	27861.606322288513
281	-2.953976	-2.953976	2.4552794	-45.63388	8.98979	34.5737	-67.02512	-45.634117	0.4	56677982	27959.976256608963
282	-7.3862343	-7.3862343	3.8542757	-45.561375	9.052845	23.905138	-65.35631	-45.562008	0.4	56878983	28057.042388916016
283	-11.725921	-11.725921	3.8780594	-45.537262	9.091363	22.23889	-64.81104	-45.53613	0.3	57079987	28155.427393198013
284	-7.966965	-7.966965	1.0599247	-45.563534	9.051525	23.85749	-68.373245	-45.562984	0.5	57280983	28251.928396701813
285	1.9120716	1.9120716	2.7512276	-45.537914	9.077249	24.960411	-74.336784	-45.537647	0.5	57481982	28349.547565698624
286	-10.260747	-10.260747	-1.213031	-45.547997	9.059202	27.511185	-87.06977	-45.54771	0.5	57682981	28448.098930597305
287	-6.3394275	-6.3394275	2.802769	-45.525867	9.097059	23.009016	-67.868126	-45.52636	0.3	57883982	28547.03415441513
288	-10.486389	-10.486389	-2.7628107	-45.539436	9.079524	25.77808	-67.4968	-45.539707	0.5	58084985	28647.369475603104
289	5.8464684	5.8464684	3.808837	-45.547848	9.091962	24.115004	-70.03053	-45.547203	0.4	58285981	28746.40243124962
290	-6.369131	-6.369131	8.286329	-45.514442	9.099344	26.797018	-67.76134	-45.513523	0.4	58486983	28845.30651664734
291	-6.397591	-6.397591	5.5140834	-45.501686	9.140565	28.758314	-90.05666	-45.501896	0.3	58687981	28946.439336776733
292	-10.609174	-10.609174	3.7934668	-45.48562	9.132755	26.881817	-85.7961	-45.484997	0.3	58888982	29046.239538908005
293	-11.935633	-11.935633	6.6809664	-45.510735	9.100583	26.241943	-76.38162	-45.51084	0.6	59089984	29145.159276008606
294	-4.3491125	-4.3491125	1.7707995	-45.506607	9.140759	21.895586	-71.33018	-45.505756	0.3	59290981	29242.99331498146
295	-6.7361536	-6.7361536	4.422804	-45.453217	9.1800995	26.574348	-84.18178	-45.452545	0.6	59491982	29342.578116178513
296	-16.406713	-16.406713	4.5323024	-45.437477	9.172818	19.373634	-68.95146	-45.437702	0.4	59692982	29440.51236152649
297	-5.016374	-5.016374	5.668457	-45.4368	9.161177	22.463017	-69.33045	-45.43534	0.3	59893983	29538.48036837578
298	-8.949436	-8.949436	1.5695577	-45.43115	9.165532	20.856215	-66.52522	-45.43114	0.6	60094985	29638.289409399033
299	1.5842719	1.5842719	-2.069374	-45.404087	9.195612	31.468576	-67.13068	-45.40447	0.2	60295981	29737.25112938881
300	-6.414599	-6.414599	0.8192434	-45.390076	9.209242	20.564419	-69.61219	-45.389053	0.3	60496988	29839.01949238777
301	-9.084038	-9.084038	-5.223438	-45.381966	9.19693	22.106186	-78.00909	-45.38157	0.4	60697981	29938.771052360535
302	-7.432911	-7.432911	4.3521895	-45.378304	9.200263	24.73025	-82.65986	-45.378242	0.4	60898983	30038.689821481705
303	-11.918853	-11.918853	3.1645446	-45.346844	9.239118	23.405693	-64.47702	-45.347603	0.3	61099989	30136.590747356415
304	-10.43426	-10.43426	3.6026359	-45.36788	9.170886	20.131954	-66.85895	-45.366848	0.5	61300983	30235.242230653763
305	-8.73421	-8.73421	3.0171702	-45.346954	9.211322	27.639946	-73.58689	-45.347054	0.5	61501981	30333.01318335533
306	1.3525932	1.3525932	3.7049706	-45.375935	9.152995	20.510067	-67.98115	-45.374683	0.2	61702982	30431.84438419342
307	-3.7069669	-3.7069669	3.6862862	-45.3029	9.236032	23.360044	-66.39563	-45.302517	0.7	61903982	30531.01414322853
308	-9.400163	-9.400163	-1.833027	-45.26878	9.304139	20.21451	-69.73446	-45.268276	0.2	62104982	30631.48200893402
309	-7.018583	-7.018583	4.7086883	-45.302483	9.275649	19.303085	-68.56197	-45.30213	0.2	62305985	30732.484984874725
310	-2.610406	-2.610406	3.5330696	-45.27355	9.273721	20.541252	-72.64725	-45.272556	0.4	62506989	30831.650852441788
311	-9.929679	-9.929679	-0.91747093	-45.24107	9.293697	25.276548	-65.42322	-45.24041	0.5	62707981	30934.019456863403
312	-3.3323078	-3.3323078	7.0375657	-45.204494	9.335518	26.149544	-67.03653	-45.20357	0.5	62908981	31036.23758649826
313	-11.946207	-11.946207	3.9680648	-45.21902	9.303903	19.588234	-67.56008	-45.21869	0.3	63109982	31138.438505649567
314	2.9114585	2.9114585	9.644123	-45.199768	9.329789	28.535465	-65.91399	-45.20023	0.4	63310983	31235.17475748062
315	-6.172184	-6.172184	2.4608834	-45.164536	9.373417	24.214787	-67.18043	-45.163853	0.3	63511988	31334.242286920547
316	-6.221322	-6.221322	3.3029356	-45.19435	9.345345	20.248093	-66.08571	-45.194183	0.1	63712987	31435.028046369553
317	0.232649	0.232649	0.44418582	-45.144848	9.395717	23.657803	-67.07984	-45.144928	0.4	63913984	31534.165355682373
318	2.315006	2.315006	2.6814783	-45.12386	9.425025	24.11555	-65.914566	-45.12411	0.4	64114982	31632.74547934532
319	-13.289106	-13.289106	4.5338426	-45.174583	9.333845	24.717602	-71.90807	-45.174587	0.4	64315983	31733.4304625988
320	-19.639137	-19.639137	5.5970507	-45.181316	9.335748	23.547108	-67.51432	-45.180435	0.5	64516988	31830.71559381485
321	-12.086435	-12.086435	-0.11208724	-45.18234	9.380226	24.19886	-68.608	-45.182007	0.5	64717981	31932.517661571503
322	-5.936951	-5.936951	-9.343922	-45.17345	9.382484	18.764147	-64.46415	-45.172966	0.3	64918981	32034.084777593613
323	-11.512594	-11.512594	-2.8092158	-45.183094	9.352871	26.5068	-65.43161	-45.183147	0.5	65119982	32134.403262615204
324	-10.521472	-10.521472	4.295221	-45.173866	9.37452	24.318258	-64.59596	-45.1734	0.3	65320982	32235.405337572098
325	-8.304111	-8.304111	2.426761	-45.225388	9.286493	37.34962	-73.10046	-45.22514	0.3	65521983	32335.0051510334
326	-8.252872	-8.252872	3.556505	-45.170944	9.352973	26.75487	-68.10359	-45.170704	0.6	65722987	32432.37521457672
327	-2.0697699	-2.0697699	2.9941905	-45.208874	9.367202	26.259132	-71.548195	-45.209293	0.6	65923982	32530.559690713882
328	-4.6779923	-4.6779923	4.8769717	-45.21344	9.328674	28.537775	-67.40471	-45.21415	0.7	66124986	32627.010361671448
329	-13.717416	-13.717416	2.9994867	-45.141384	9.399137	24.690556	-64.22289	-45.14174	0.6	66325983	32726.463757276535
330	-5.1372094	-5.1372094	0.24765897	-45.15163	9.385763	25.080446	-67.06019	-45.151226	0.7	66526981	32825.99735760689
331	-4.980837	-4.980837	6.4226484	-45.173615	9.357016	23.672615	-67.096344	-45.17328	0.3	66727983	32923.46539068222
332	-13.195352	-13.195352	6.1828213	-45.1831	9.349936	32.07136	-83.85374	-45.183346	0.5	66928987	33022.19950532913
333	4.8443713	4.8443713	3.0965083	-45.16001	9.372281	25.328272	-77.11052	-45.159847	0.4	67129981	33121.03696393967
334	-10.497087	-10.497087	6.707716	-45.1233	9.375334	39.45987	-91.64195	-45.123356	0.8	67330982	33222.16848707199
335	-3.6350982	-3.6350982	6.426196	-45.176735	9.361568	43.764343	-76.59769	-45.17687	0.4	67531982	33320.60678386688
336	-9.119011	-9.119011	1.7183398	-45.16304	9.394167	35.80279	-77.613174	-45.162697	0.4	67732982	33419.37249541283
337	-5.926712	-5.926712	6.1094713	-45.1331	9.378994	23.38794	-71.98061	-45.132935	0.2	67933987	33520.44241690636
338	-1.2166393	-1.2166393	7.30343	-45.16268	9.386703	28.399635	-78.74698	-45.16167	0.6	68134982	33617.87765645981
339	-5.3180904	-5.3180904	3.4401214	-45.170307	9.344562	22.032536	-71.38769	-45.16996	0.4	68335985	33716.29371762276
340	-2.9321144	-2.9321144	2.9023373	-45.15112	9.363121	27.414013	-70.24819	-45.15086	0.6	68536982	33814.695268154144
341	-6.815087	-6.815087	4.571774	-45.122303	9.383195	24.093609	-79.992615	-45.12069	0.5	68737981	33913.78022146225
342	-3.4224377	-3.4224377	5.494821	-45.082413	9.456835	24.248892	-74.506	-45.082283	0.0	68938982	34013.61403775215
343	-0.5843974	-0.5843974	3.0494819	-45.10702	9.402327	25.605232	-67.87866	-45.107224	0.3	69139985	34115.266167640686
344	3.240082	3.240082	2.7942357	-45.07141	9.435153	29.768442	-67.83034	-45.06961	0.4	69340984	34215.46829199791
345	-8.63493	-8.63493	4.427828	-45.041996	9.465834	28.68592	-77.29588	-45.0418	0.3	69541983	34312.6036696434
346	-5.6090837	-5.6090837	3.8954363	-45.042282	9.477895	29.039272	-71.83588	-45.040524	0.4	69742982	34410.170270204544
347	-4.007635	-4.007635	2.342247	-45.014805	9.5102825	31.340126	-69.41665	-45.014114	0.5	69943982	34507.054456710815
348	-2.0805914	-2.0805914	6.749558	-45.005596	9.533011	23.561308	-66.29991	-45.0041	0.6	70144982	34607.6062977314
349	-0.68621415	-0.68621415	4.555203	-44.987076	9.542766	23.859348	-67.92867	-44.987057	0.6	70345989	34707.49214553833
350	-3.9847348	-3.9847348	-0.5190473	-44.986095	9.534286	23.687103	-67.518135	-44.985104	0.3	70546982	34808.02623796463
351	-9.687157	-9.687157	6.6061177	-44.99726	9.524434	23.360674	-67.65925	-44.996483	0.5	70747983	34909.02832818031
352	4.3136153	4.3136153	5.055633	-44.966713	9.560345	30.353859	-66.61046	-44.96618	0.4	70948982	35007.41376543045
353	2.9599879	2.9599879	-0.1958399	-44.936813	9.635282	23.32329	-66.050095	-44.935837	0.4	71149983	35106.98042726517
354	9.3526535	9.3526535	1.1476126	-44.941307	9.584922	21.48633	-74.545525	-44.94151	0.2	71350983	35206.166541576385
355	-4.6567492	-4.6567492	-0.4205738	-44.88005	9.648985	26.905714	-77.42199	-44.87905	0.6	71551982	35303.86884665489
356	-7.2093534	-7.2093534	3.187794	-44.90042	9.626687	23.467424	-75.20157	-44.89857	0.5	71752986	35403.40196609497
357	16.534798	16.534798	-0.5839713	-44.8616	9.653382	20.37062	-71.91128	-44.860653	0.4	71953986	35503.02069354057
358	2.7491803	2.7491803	3.1778321	-44.88575	9.63234	25.94025	-65.889206	-44.884953	0.8	72154989	35602.12199306488
359	-1.0115116	-1.0115116	2.3157938	-44.80761	9.676016	29.247711	-65.666405	-44.806515	0.7	72355981	35701.105283498764
360	-5.344353	-5.344353	-3.1488397	-44.83239	9.684721	23.36118	-76.972206	-44.830788	0.6	72556991	35801.14289307594
361	-0.82027864	-0.82027864	5.943965	-44.832565	9.65466	32.126396	-74.9966	-44.83148	0.4	72757982	35901.61020278931
362	-1.4816277	-1.4816277	1.5333403	-44.771976	9.69816	37.282215	-66.80033	-44.77186	0.5	72958983	36001.98222923279
363	-4.983108	-4.983108	1.0173205	-44.7563	9.737772	25.70513	-77.40261	-44.754917	0.7	73159982	36100.31492638588
364	3.126223	3.126223	4.5752187	-44.689857	9.805706	24.721298	-112.572044	-44.689423	0.3	73360984	36201.03106379509
365	-5.6637726	-5.6637726	0.31956962	-44.68199	9.77549	21.891617	-79.44678	-44.68061	0.4	73561982	36301.982358932495
366	-13.8796215	-13.8796215	-2.1760902	-44.673195	9.76014	21.61996	-78.94158	-44.672035	0.3	73762981	36399.38397836685
367	7.544821	7.544821	4.3296237	-44.70837	9.755425	35.600407	-75.09148	-44.70701	0.7	73963981	36497.7028067112
368	4.4759974	4.4759974	2.2746701	-44.658092	9.832138	24.137642	-69.17012	-44.656967	0.6	74164982	36595.020894765854
369	-2.7560325	-2.7560325	-0.21565923	-44.70844	9.806458	27.905212	-69.92456	-44.707947	0.5	74365987	36696.70413732529
370	-5.070467	-5.070467	4.112827	-44.676033	9.798517	28.320133	-65.61248	-44.675533	0.4	74566981	36796.42164063454
371	-2.1857083	-2.1857083	-2.7019453	-44.67622	9.8147745	26.39204	-68.44109	-44.674816	0.7	74767981	36896.60701608658
372	-12.755244	-12.755244	4.9330993	-44.6721	9.8123045	29.455523	-68.15431	-44.670547	0.5	74968982	36997.59242725372
373	1.6146512	1.6146512	-1.6746675	-44.656704	9.808714	24.05564	-68.041954	-44.655975	0.5	75169981	37099.24338173866
374	-7.018263	-7.018263	0.14684783	-44.633224	9.815135	25.38298	-70.09874	-44.632267	0.4	75370983	37201.228862047195
375	-0.95112056	-0.95112056	-7.0829015	-44.611168	9.850822	25.179844	-66.69721	-44.609745	0.5	75571985	37302.08621263504
376	-4.6153803	-4.6153803	-7.111989	-44.57988	9.875352	25.069063	-66.352036	-44.578842	0.2	75772986	37399.998003959656
377	12.871094	12.871094	-4.5744452	-44.607204	9.825147	30.949661	-67.57207	-44.606018	0.2	75973990	37498.66615796089
378	-8.659691	-8.659691	2.0944574	-44.591713	9.871623	26.60989	-69.35213	-44.590233	0.7	76174982	37599.10192680359
379	-8.52882	-8.52882	3.3263361	-44.557976	9.885101	18.991304	-81.53313	-44.555805	0.3	76375983	37696.83707213402
380	-0.79486567	-0.79486567	4.5118527	-44.555305	9.892243	27.175917	-74.483635	-44.553802	0.3	76576982	37795.32058262825
381	2.5252414	2.5252414	4.05982	-44.558678	9.896183	29.078392	-90.50834	-44.55792	0.5	76777981	37891.67189645767
382	-1.7260928	-1.7260928	0.9917477	-44.526653	9.926949	26.200567	-75.44379	-44.52515	0.4	76978982	37991.4065952301
383	0.58180666	0.58180666	1.2997566	-44.517105	9.89648	29.46751	-78.624886	-44.515923	0.6	77179981	38092.10825920105
384	-4.1164036	-4.1164036	5.2575455	-44.42746	9.99761	36.076027	-71.64525	-44.424515	0.2	77380981	38189.82723355293
385	-2.971721	-2.971721	-0.08873158	-44.468834	9.940863	25.922455	-72.609665	-44.467056	0.4	77581983	38289.39617562294
386	4.537414	4.537414	1.91228	-44.418976	10.009006	24.620068	-67.60703	-44.417606	0.5	77782982	38388.44641017914
387	-9.845835	-9.845835	2.6320705	-44.389297	10.011723	75.49631	-76.02254	-44.387047	0.7	77983981	38485.49881982803
388	6.870978	6.870978	4.0493145	-44.417854	9.974818	25.07809	-70.55611	-44.416462	0.9	78184982	38585.53401136398
389	5.0298285	5.0298285	-7.7846937	-44.392845	9.979025	33.05149	-79.75152	-44.39101	0.4	78385982	38682.86959075928
390	0.08442627	0.08442627	1.5576512	-44.354576	9.995859	30.653694	-68.67794	-44.353012	0.6	78586983	38783.95249962807
391	3.7573383	3.7573383	3.2675445	-44.369125	9.982992	25.14563	-70.34584	-44.36715	0.7	78787981	38882.869143009186
392	-2.73816	-2.73816	0.5579975	-44.316936	10.025944	64.24284	-70.932465	-44.31453	0.5	78988984	38980.40474820137
393	5.382799	5.382799	-0.21905674	-44.244995	10.087845	27.143879	-76.935814	-44.244503	0.6	79189983	39081.172800540924
394	-3.7183301	-3.7183301	4.4215465	-44.25494	10.088211	24.01685	-67.187386	-44.252575	0.6	79390991	39180.624460697174
395	7.6754827	7.6754827	5.5915303	-44.26021	10.058682	23.4691	-67.82402	-44.25763	0.5	79591982	39275.676687955856
396	-7.7636237	-7.7636237	4.248717	-44.160812	10.134731	33.508995	-66.39529	-44.159958	0.5	79792989	39373.97801566124
397	-11.748108	-11.748108	6.578551	-44.122524	10.176402	23.103645	-70.018524	-44.12025	0.5	79993982	39470.42938566208
398	1.6442671	1.6442671	4.063332	-44.171337	10.128335	21.53989	-68.13641	-44.169155	0.6	80194982	39568.92942523956
399	-3.3822916	-3.3822916	-0.3525828	-44.156517	10.119835	25.265324	-68.04907	-44.152973	0.5	80395986	39668.047454833984
400	-6.677561	-6.677561	-5.82	-44.184822	10.0731325	23.105589	-65.73897	-44.18368	0.5	80596982	39767.26684498787
401	-3.2605262	-3.2605262	2.2928512	-44.1479	10.108356	30.179092	-72.82415	-44.14603	0.6	80797984	39865.51894259453
402	-0.02063736	-0.02063736	-1.2807199	-44.05854	10.180542	27.279364	-71.92297	-44.056316	0.7	80998984	39961.80988788605
403	-6.0050645	-6.0050645	1.2185186	-44.064312	10.177416	21.001993	-71.37535	-44.062244	0.6	81199987	40062.43758010864
404	3.1730149	3.1730149	4.9425626	-44.046494	10.180364	28.6151	-69.64571	-44.044544	0.5	81400983	40162.672446489334
405	-2.6841145	-2.6841145	0.03893585	-44.07397	10.146913	23.961246	-68.86626	-44.073112	0.2	81601982	40262.41339492798
406	-11.471754	-11.471754	3.2757003	-44.011852	10.195807	21.977314	-85.3888	-44.010303	0.6	81802982	40362.326036930084
407	2.4970648	2.4970648	-3.7079155	-44.006775	10.217248	24.235537	-77.21759	-44.004578	0.7	82003981	40460.096958875656
408	0.0353273	0.0353273	4.5613785	-43.930374	10.244333	21.849915	-72.58039	-43.92882	0.8	82204991	40557.48038482666
409	5.853055	5.853055	0.6610492	-43.908333	10.248256	23.960722	-69.81976	-43.906853	0.5	82405981	40658.33568716049
410	-10.98518	-10.98518	2.737403	-43.926247	10.222509	33.404255	-79.59715	-43.924812	0.6	82606983	40759.16426348686
411	3.1596918	3.1596918	-0.19998115	-43.89301	10.260087	31.179434	-77.78463	-43.89198	0.6	82807981	40859.30050802231
412	0.533463	0.533463	1.9204811	-43.847015	10.320655	26.95831	-96.2601	-43.84436	0.6	83008981	40958.785395383835
413	10.940687	10.940687	-2.7529068	-43.890236	10.313366	25.642023	-88.56967	-43.888004	0.4	83209982	41057.736347436905
414	-3.5775542	-3.5775542	5.959467	-43.87846	10.267785	32.389988	-72.49571	-43.8765	0.3	83410983	41157.553391456604
415	-2.838049	-2.838049	-4.728483	-43.798145	10.336622	52.921238	-71.77936	-43.796047	0.5	83611984	41256.072343587875
416	-6.9746413	-6.9746413	2.7940443	-43.7257	10.389555	21.160034	-70.52239	-43.722874	0.5	83812983	41355.358348846436
417	2.7654426	2.7654426	1.3033195	-43.741173	10.3712	25.059418	-74.906845	-43.738228	0.3	84013982	41454.57645702362
418	-2.966509	-2.966509	0.031119157	-43.754204	10.378752	20.991892	-70.55667	-43.753113	0.5	84214991	41551.61130928993
419	2.755893	2.755893	-1.4212117	-43.792706	10.313892	22.307526	-70.54291	-43.790123	0.8	84415981	41650.511716365814
420	2.4510145	2.4510145	0.1418938	-43.779823	10.336653	19.953974	-67.19153	-43.77713	0.1	84616982	41750.76484656334
421	2.1084185	2.1084185	3.9372056	-43.701015	10.40043	28.943752	-68.97034	-43.699066	0.4	84817984	41849.39914274216
422	6.472883	6.472883	4.3344274	-43.635056	10.430504	34.335964	-69.6714	-43.633095	0.9	85018981	41952.282210588455
423	5.1136265	5.1136265	5.496096	-43.600166	10.466751	37.630978	-71.34745	-43.598087	0.5	85219982	42049.551075696945
424	-1.7900438	-1.7900438	3.3020144	-43.640713	10.455849	24.385263	-68.55871	-43.639107	0.5	85420986	42150.6047308445
425	2.3989048	2.3989048	1.9639462	-43.646305	10.436334	26.835617	-66.41544	-43.643753	0.4	85621982	42249.738107681274
426	-6.694044	-6.694044	7.497391	-43.67354	10.396616	23.62717	-65.788994	-43.672237	0.6	85822983	42348.890159368515
427	-4.4531713	-4.4531713	-0.28784147	-43.616764	10.433645	23.307993	-66.82306	-43.614376	0.7	86023982	42447.357786893845
428	-1.2568364	-1.2568364	9.363915	-43.548363	10.5112095	23.438354	-70.58118	-43.54659	0.5	86224982	42546.244720220566
429	5.707146	5.707146	7.226831	-43.59022	10.466622	19.942081	-67.301094	-43.588608	0.4	86425982	42647.42631840706
430	-9.83585	-9.83585	3.6027257	-43.508114	10.559323	50.592606	-70.604454	-43.50515	0.8	86626982	42748.028414964676
431	-0.9769958	-0.9769958	4.9770207	-43.543514	10.530968	23.110577	-77.08426	-43.541355	0.3	86827986	42848.31418657303
432	-9.523454	-9.523454	2.9863136	-43.575966	10.495761	23.106989	-73.124016	-43.57397	0.7	87028981	42948.86541700363
433	0.009597016	0.009597016	-3.360832	-43.516098	10.542009	25.796562	-70.83321	-43.51374	0.6	87229982	43049.13242125511
434	-12.158169	-12.158169	-1.2198106	-43.61658	10.454112	23.70157	-75.19215	-43.615345	0.7	87430983	43150.41775250435
435	12.73321	12.73321	-2.4276905	-43.557644	10.470495	23.143364	-72.10518	-43.55563	0.8	87631983	43247.61995983124
436	9.827309	9.827309	0.8413133	-43.5291	10.521147	26.428461	-70.442055	-43.525883	0.6	87832984	43347.320900440216
437	-6.5037923	-6.5037923	-1.5685135	-43.57408	10.449009	22.061584	-69.70307	-43.57152	0.8	88033982	43447.99045538902
438	6.7206354	6.7206354	0.00475059	-43.515182	10.522459	24.653316	-80.51398	-43.514454	0.7	88234983	43548.057207107544
439	-11.856781	-11.856781	-3.9508283	-43.510056	10.497939	24.187468	-85.67838	-43.507713	0.4	88435982	43648.11559128761
440	-0.8512622	-0.8512622	1.0157794	-43.505093	10.525484	23.739296	-72.201996	-43.502556	0.6	88636981	43745.5783469677
441	-1.4998511	-1.4998511	8.509555	-43.48797	10.5281	27.227304	-76.731094	-43.48577	0.7	88837983	43842.21262764931
442	0.4443714	0.4443714	3.1257315	-43.455585	10.542499	25.387999	-73.56077	-43.452667	0.9	89038987	43939.696511507034
443	-4.5358033	-4.5358033	0.62606114	-43.412403	10.553566	20.72861	-70.52927	-43.408882	0.4	89239985	44040.664167404175
444	-12.615573	-12.615573	-0.0034971302	-43.478897	10.533135	22.949923	-76.03663	-43.477272	0.5	89440982	44141.13649010658
445	3.5349212	3.5349212	4.9178305	-43.53744	10.44269	26.56507	-73.373856	-43.536625	0.6	89641982	44239.58731174469
446	-7.927724	-7.927724	2.3343127	-43.412727	10.562017	26.977964	-70.91783	-43.409462	0.5	89842981	44337.18526172638
447	-3.8508613	-3.8508613	4.6723685	-43.45965	10.5525875	25.802662	-92.17341	-43.45954	0.7	90043981	44435.57183766365
448	0.7969006	0.7969006	2.842807	-43.49357	10.510894	26.899849	-75.88911	-43.4914	0.7	90244983	44535.93919682503
449	0.30217248	0.30217248	3.2017095	-43.51737	10.493338	20.408035	-71.17741	-43.514133	0.4	90445983	44636.907690525055
450	-0.3227292	-0.3227292	6.8067822	-43.514103	10.473599	29.864391	-73.06118	-43.513123	0.6	90646983	44735.75988268852
451	-2.7807925	-2.7807925	0.33414853	-43.501274	10.5087185	21.166447	-67.10361	-43.49956	0.3	90847986	44834.793771505356
452	-8.908503	-8.908503	-0.6274404	-43.398277	10.569411	24.725567	-69.37622	-43.39589	0.7	91048981	44934.129225969315
453	-3.1410522	-3.1410522	2.0299892	-43.444786	10.525993	21.38841	-68.572815	-43.44291	0.4	91249982	45033.952481508255
454	1.0051395	1.0051395	1.4290615	-43.452415	10.512024	25.718359	-80.657585	-43.449852	0.6	91450986	45135.21517062187
455	6.7805414	6.7805414	5.64883	-43.43412	10.554184	29.665773	-76.20706	-43.435055	0.7	91651985	45234.86668109894
456	-0.4790895	-0.4790895	7.7388096	-43.387924	10.584994	20.642561	-69.69717	-43.38485	0.7	91852982	45335.13404107094
457	-4.718733	-4.718733	6.9703965	-43.42069	10.5438595	34.7712	-68.39682	-43.418274	0.3	92053981	45435.36954140663
458	-1.1883829	-1.1883829	1.9035329	-43.404655	10.532103	84.957855	-72.42959	-43.403397	0.4	92254981	45535.90456223488
459	-1.5677063	-1.5677063	4.480231	-43.41689	10.539713	25.086273	-71.49368	-43.417496	0.5	92455981	45636.42290735245
460	-9.719641	-9.719641	-0.5409717	-43.3674	10.557133	24.435871	-67.73225	-43.366222	0.5	92656981	45736.0913772583
461	0.8379173	0.8379173	2.0664084	-43.4261	10.531609	35.007626	-66.84331	-43.423492	0.6	92857987	45832.975847005844
462	-0.19383588	-0.19383588	2.4979422	-43.422337	10.507696	25.631712	-69.14697	-43.42072	0.7	93058982	45932.26013302803
463	0.21067925	0.21067925	2.2910416	-43.43902	10.532035	22.515774	-84.04378	-43.439384	0.6	93259982	46030.39755773544
464	4.747569	4.747569	3.594172	-43.410217	10.578885	27.773424	-69.68214	-43.407772	0.5	93460982	46129.73120713234
465	-0.11474129	-0.11474129	1.750407	-43.36184	10.612926	25.59923	-67.99602	-43.36098	0.4	93661982	46229.23144221306
466	-2.715715	-2.715715	4.628589	-43.32685	10.609195	26.04781	-77.6169	-43.32492	0.5	93862984	46326.234076976776
467	4.09109	4.09109	2.2581098	-43.362453	10.608139	23.09629	-75.30884	-43.35976	0.8	94063984	46424.33561015129
468	4.139812	4.139812	1.2192689	-43.327007	10.600521	32.235874	-74.12888	-43.326374	0.5	94264985	46522.654005527496
469	5.057827	5.057827	1.3337232	-43.32353	10.631673	34.294674	-130.46436	-43.319683	0.8	94465984	46622.68737268448
470	-0.3425888	-0.3425888	1.8787895	-43.269276	10.6595545	28.415432	-69.59934	-43.26716	0.9	94666985	46720.08932375908
471	-2.4255013	-2.4255013	3.9932046	-43.272114	10.670919	25.149477	-72.42146	-43.271645	0.7	94867984	46818.39112448692
472	-4.3480725	-4.3480725	3.0035484	-43.20659	10.682723	22.094074	-70.09101	-43.204372	0.7	95068982	46917.34379863739
473	-4.4249644	-4.4249644	1.0058441	-43.323452	10.582674	27.170937	-69.891235	-43.322906	0.8	95269983	47018.84432530403
474	-14.309556	-14.309556	0.8635025	-43.276375	10.658599	22.060852	-75.33273	-43.27567	0.7	95470981	47117.3289475441
475	7.574413	7.574413	5.199122	-43.24333	10.693471	28.89796	-71.74905	-43.24272	0.9	95671983	47216.53128480911
476	14.83186	14.83186	-4.2886157	-43.250828	10.641417	34.548164	-71.52049	-43.247787	0.4	95872983	47314.68374156952
477	13.081147	13.081147	-0.1250306	-43.25434	10.639065	28.651222	-68.77015	-43.252716	0.6	96073981	47415.01596927643
478	-9.5509	-9.5509	-1.1179074	-43.27315	10.648198	21.85846	-87.87334	-43.27071	0.5	96274981	47514.235515356064
479	-3.9554474	-3.9554474	0.09249804	-43.281105	10.6129875	28.752216	-77.21788	-43.28021	0.9	96475982	47612.743329524994
480	12.220846	12.220846	-4.4315996	-43.20887	10.691508	22.735403	-76.17969	-43.20775	0.6	96676982	47712.23877120018
481	8.560083	8.560083	3.5501578	-43.206535	10.672301	25.084715	-88.72756	-43.205013	0.5	96877984	47811.489294052124
482	-8.646797	-8.646797	3.3919837	-43.227627	10.676188	24.548298	-70.98313	-43.226864	0.2	97078982	47911.17529964447
483	-1.6608466	-1.6608466	5.28266	-43.17438	10.70818	26.340755	-104.73914	-43.17235	0.4	97279981	48010.5437066555
484	-1.5584506	-1.5584506	-0.94663614	-43.21547	10.677451	22.974567	-91.704346	-43.21378	0.4	97480987	48110.011666059494
485	3.644442	3.644442	3.1583903	-43.252766	10.6788225	24.901754	-76.83024	-43.251728	0.8	97681983	48212.69608736038
486	-3.6032977	-3.6032977	-5.229573	-43.302826	10.621939	56.193287	-75.3207	-43.301533	0.6	97882982	48312.74860525131
487	3.858769	3.858769	2.306801	-43.212624	10.677505	40.744007	-74.825134	-43.211887	0.6	98083981	48410.99912858009
488	-4.558592	-4.558592	-6.12959	-43.192078	10.731839	34.556534	-72.98273	-43.189213	0.5	98284982	48508.96836209297
489	-11.639438	-11.639438	3.3699126	-43.244648	10.677027	25.409203	-73.48559	-43.243946	0.5	98485981	48606.06846880913
490	-11.045061	-11.045061	-0.7843039	-43.228348	10.682806	33.259106	-75.37582	-43.226418	0.6	98686982	48704.62040567398
491	4.099448	4.099448	1.3802619	-43.23984	10.67064	30.806644	-67.71949	-43.239193	0.5	98887981	48804.238052368164
492	2.4049978	2.4049978	2.56097	-43.207565	10.683032	25.408298	-73.21701	-43.20479	0.5	99088986	48903.207146167755
493	16.052841	16.052841	5.714133	-43.166348	10.707533	29.15717	-75.12947	-43.16415	0.6	99289983	49004.25846242905
494	7.211195	7.211195	0.7324627	-43.177727	10.732663	32.452934	-93.80077	-43.174202	0.6	99490981	49102.95918226242
495	-2.6957603	-2.6957603	3.7265966	-43.15722	10.743332	21.969324	-80.04482	-43.154533	0.5	99691986	49202.14540433884
496	-4.1088624	-4.1088624	4.839866	-43.11744	10.782738	26.236633	-82.28514	-43.1152	0.7	99892982	49300.57996797562
497	-2.3713014	-2.3713014	1.2120839	-43.086544	10.742251	28.085815	-75.63675	-43.08384	0.4	100093985	49399.74738764763
498	2.4816003	2.4816003	1.5095863	-43.043118	10.798779	28.646347	-75.55532	-43.041004	0.5	100294981	49499.748373270035
499	-3.492898	-3.492898	-1.3996406	-43.10269	10.750962	29.07268	-68.544586	-43.099686	0.4	100495981	49600.72046041489
