Epoch	EpRet	EpRealRet	TestEpRet	AverageQ1	StdQ1	MaxQ1	MinQ1	Q2	TestSuccess	TotalEnvInteracts	TotalTime
0	-986.274	-986.274	-1589.3324	-47.91061	7.5078077	-0.1299039	-149.25548	-47.939316	0.0	197001	49.612820625305176
1	-1062.6858	-1062.6858	-780.70135	-49.83201	1.0305767	-35.003582	-54.55355	-49.831875	0.0	397984	106.2468991279602
2	-1115.0906	-1115.0906	-727.6847	-49.846935	1.0191007	-32.559414	-55.800793	-49.846996	0.0	598995	164.78259897232056
3	-897.69305	-897.69305	-907.0451	-49.85248	0.9661921	-32.183178	-55.651726	-49.852386	0.0	799986	225.1911334991455
4	-877.0165	-877.0165	-660.1085	-49.84694	1.0141182	-30.918522	-54.764687	-49.847218	0.0	1000986	282.3951807022095
5	-1023.0747	-1023.0747	-751.1891	-49.870552	0.8886495	-31.193394	-55.147434	-49.870865	0.0	1201981	343.59138226509094
6	-935.28986	-935.28986	-662.81635	-49.870216	0.868196	-28.234781	-60.447308	-49.87018	0.0	1402992	407.64387249946594
7	-781.24225	-781.24225	-725.27246	-49.86433	0.9258527	-14.661434	-54.946365	-49.864277	0.0	1603983	466.06625175476074
8	-913.4165	-913.4165	-758.91266	-49.85553	0.98850393	-10.505776	-55.844418	-49.855618	0.0	1804994	533.4697856903076
9	-834.8272	-834.8272	-952.8513	-49.857662	0.94538087	-15.559315	-56.84197	-49.857784	0.0	2006000	596.7345385551453
10	-1093.2833	-1093.2833	-1006.6944	-49.86007	0.9395289	-13.93682	-54.845936	-49.860054	0.0	2207001	663.3663201332092
11	-1018.39044	-1018.39044	-960.65533	-49.857258	0.969802	3.6136627	-55.13249	-49.85729	0.0	2407993	726.6504898071289
12	-765.63135	-765.63135	-1159.3048	-49.85882	1.0095335	2.3357468	-56.572445	-49.85905	0.0	2608986	789.24422955513
13	-856.7882	-856.7882	-750.497	-49.854584	0.9742747	5.0563884	-60.28869	-49.854465	0.0	2809996	854.3356041908264
14	-877.2473	-877.2473	-712.5972	-49.851284	0.98768747	3.1402597	-56.386013	-49.85136	0.0	3010988	916.8630201816559
15	-648.3817	-648.3817	-1005.4589	-49.853966	1.0064158	7.419665	-56.256973	-49.854145	0.0	3211997	979.6706125736237
16	-619.8821	-619.8821	-661.3219	-49.85621	0.961959	5.8923	-53.866604	-49.856342	0.0	3412992	1041.4826076030731
17	-739.80225	-739.80225	-511.72186	-49.85307	0.99426335	8.1869335	-55.607384	-49.852962	0.0	3613983	1106.4423801898956
18	-799.47125	-799.47125	-719.523	-49.857574	0.95418006	15.731892	-54.409756	-49.85789	0.0	3815001	1177.720718383789
19	-776.8514	-776.8514	-702.3282	-49.857426	0.94542015	4.341567	-53.87977	-49.857388	0.0	4015987	1249.1389002799988
20	-652.0045	-652.0045	-485.66214	-49.858597	0.939388	14.932203	-55.548634	-49.85866	0.0	4217001	1320.5801620483398
21	-706.6627	-706.6627	-594.71246	-49.854183	0.95579094	17.496674	-56.544163	-49.85437	0.0	4417984	1384.0282316207886
22	-761.9649	-761.9649	-583.36725	-49.85653	0.92501944	11.301142	-55.816643	-49.856567	0.0	4618985	1445.6281371116638
23	-624.2662	-624.2662	-140.85265	-49.8538	0.93594193	9.745221	-55.226074	-49.853928	0.0	4820001	1505.3450226783752
24	-584.60864	-584.60864	-68.44787	-49.849712	0.9423261	10.818513	-55.023407	-49.849716	0.0	5020981	1565.765016078949
25	-499.68454	-499.68454	-245.92657	-49.850437	0.92730737	11.589906	-54.195927	-49.850567	0.0	5221982	1626.6646976470947
26	-542.12305	-542.12305	-87.69567	-49.842014	0.9758799	14.05711	-58.49321	-49.842216	0.0	5422981	1696.0870304107666
27	-469.18024	-469.18024	-9.605488	-49.83837	0.9508404	3.5709522	-54.482586	-49.838264	0.0	5623982	1765.6105918884277
28	-534.88275	-534.88275	-408.27753	-49.83659	0.9418352	4.0559144	-54.572987	-49.836647	0.0	5824997	1836.0502939224243
29	-639.2075	-639.2075	-493.45676	-49.834824	0.9457487	11.306147	-55.248547	-49.834938	0.0	6025982	1909.8240294456482
30	-571.924	-571.924	-210.82529	-49.83472	0.93319726	-7.906367	-55.158047	-49.834568	0.0	6226981	1972.828854560852
31	-422.17657	-422.17657	-175.47783	-49.836487	0.92620283	-15.006593	-52.93284	-49.83643	0.0	6427997	2034.277131319046
32	-580.1078	-580.1078	-268.09317	-49.83092	0.9459072	-12.377613	-54.039246	-49.830708	0.1	6629001	2095.664590358734
33	-571.4677	-571.4677	-399.39395	-49.830463	0.9304004	-9.883998	-53.546074	-49.830437	0.0	6829981	2156.6643562316895
34	-631.7719	-631.7719	-490.9874	-49.823277	0.9441756	-20.696217	-54.10257	-49.823032	0.0	7030982	2220.568064928055
35	-562.13995	-562.13995	-240.96869	-49.82002	0.9653401	-19.336103	-55.88605	-49.81973	0.0	7231982	2284.211327791214
36	-501.357	-501.357	-111.85342	-49.821194	0.9673897	-15.189737	-53.337383	-49.821087	0.0	7432985	2349.069385766983
37	-523.864	-523.864	-604.74506	-49.818745	0.99505055	-9.256932	-53.65428	-49.818455	0.0	7634001	2414.6024124622345
38	-619.8551	-619.8551	-373.19904	-49.815914	1.0071223	-6.158829	-53.660675	-49.815636	0.0	7835001	2477.083384037018
39	-543.6848	-543.6848	-129.86288	-49.81514	1.0082092	-3.173983	-52.374577	-49.814884	0.0	8035997	2541.048206806183
40	-571.7142	-571.7142	-200.33498	-49.81598	1.0043627	-5.900225	-54.52327	-49.815933	0.0	8236983	2605.3675315380096
41	-501.78204	-501.78204	-383.20987	-49.81878	1.0005342	-10.517315	-52.628494	-49.818485	0.0	8437994	2673.2565908432007
42	-716.3917	-716.3917	-350.47406	-49.813156	1.0215251	-6.7866125	-54.628857	-49.812912	0.0	8639001	2735.2446451187134
43	-606.86804	-606.86804	-208.95113	-49.815105	0.9935973	-6.6554976	-52.99222	-49.814922	0.0	8839991	2805.3146052360535
44	-588.7608	-588.7608	-177.74185	-49.815334	0.9874382	-4.9115224	-52.01761	-49.815144	0.1	9041001	2877.3840243816376
45	-666.49615	-666.49615	-353.89944	-49.81312	0.9979166	-4.9582243	-52.706696	-49.813084	0.0	9241998	2948.656010866165
46	-669.3597	-669.3597	-105.848335	-49.812534	1.0213395	2.389132	-54.80984	-49.812492	0.0	9442988	3014.481241941452
47	-594.49677	-594.49677	-10.700598	-49.80909	1.0528433	7.237075	-52.920994	-49.80899	0.0	9644001	3079.2421174049377
48	-566.8942	-566.8942	-266.57663	-49.810707	1.0178488	4.3687034	-52.257923	-49.810524	0.0	9845001	3142.2288012504578
49	-603.9749	-603.9749	-115.80078	-49.80568	1.0294926	8.8537655	-52.339104	-49.805725	0.0	10045986	3203.2843613624573
50	-518.35706	-518.35706	-156.3147	-49.80611	1.0302889	11.432407	-52.486298	-49.806065	0.0	10246995	3264.475771665573
51	-550.8708	-550.8708	-332.00565	-49.80572	1.0359433	6.904104	-52.62942	-49.805504	0.0	10448001	3325.8682079315186
52	-446.69852	-446.69852	-323.40125	-49.805294	1.0528529	10.023307	-53.57453	-49.805294	0.0	10648981	3389.743786096573
53	-546.36505	-546.36505	-140.36082	-49.80052	1.0848222	8.682864	-52.44857	-49.800385	0.0	10849983	3454.6447818279266
54	-537.3511	-537.3511	-103.5712	-49.80166	1.053805	11.14551	-52.992146	-49.801605	0.0	11050981	3517.291821718216
55	-500.02722	-500.02722	-107.483475	-49.80232	1.0545865	8.898029	-52.96675	-49.802227	0.0	11252001	3587.0254793167114
56	-543.60315	-543.60315	-67.33684	-49.79637	1.0728233	5.152994	-52.509975	-49.79637	0.0	11453001	3650.687819480896
57	-519.47345	-519.47345	-22.72449	-49.799316	1.0559918	8.825364	-52.444878	-49.799297	0.0	11653988	3715.3584241867065
58	-514.1626	-514.1626	-357.95874	-49.792904	1.0913085	6.3987265	-53.468815	-49.79286	0.0	11854981	3779.5155448913574
59	-510.86926	-510.86926	-91.848114	-49.79415	1.0457373	6.716296	-54.31943	-49.794132	0.0	12055982	3841.517273902893
60	-442.92175	-442.92175	-4.7595134	-49.792076	1.0626466	2.0884824	-52.897778	-49.79199	0.0	12256982	3905.3017642498016
61	-537.14545	-537.14545	-168.67169	-49.793095	1.0527581	1.6637195	-52.500088	-49.79296	0.0	12457982	3968.246083021164
62	-498.45462	-498.45462	-155.11555	-49.78479	1.0673796	4.101033	-55.619152	-49.784775	0.0	12658982	4030.1191437244415
63	-534.6566	-534.6566	-129.31042	-49.78672	1.072303	2.4622145	-52.787407	-49.786667	0.0	12859983	4094.18360042572
64	-468.4321	-468.4321	-90.78302	-49.782814	1.06149	-9.917372	-53.26722	-49.78283	0.0	13060984	4158.51394033432
65	-446.6489	-446.6489	-180.08368	-49.78648	1.0622035	-7.177988	-53.378395	-49.786404	0.0	13261985	4223.982184648514
66	-500.53763	-500.53763	-274.6739	-49.7832	1.0935911	0.8707565	-52.79988	-49.783253	0.0	13462986	4288.529247760773
67	-638.96014	-638.96014	-102.617645	-49.780933	1.1069916	4.683958	-53.320305	-49.780888	0.1	13663986	4353.149482727051
68	-495.00534	-495.00534	-20.573925	-49.78149	1.1123227	11.508221	-53.76096	-49.781364	0.0	13864981	4416.322916507721
69	-464.9462	-464.9462	-177.71178	-49.78045	1.0910431	11.477527	-53.191093	-49.780483	0.0	14065996	4481.6544597148895
70	-706.3589	-706.3589	5.6341414	-49.781105	1.0932268	11.484809	-53.255367	-49.781017	0.0	14266982	4546.913519382477
71	-594.9883	-594.9883	-232.7625	-49.779366	1.0887764	5.9595714	-53.033703	-49.779263	0.0	14467982	4612.32120013237
72	-416.01755	-416.01755	-34.111557	-49.772858	1.1153647	9.698815	-52.918194	-49.77274	0.0	14668986	4674.878541707993
73	-605.8606	-605.8606	-56.0692	-49.77253	1.114638	5.157148	-53.187866	-49.77259	0.0	14869993	4736.925068855286
74	-519.4447	-519.4447	1.384164	-49.7711	1.121074	14.154126	-54.151432	-49.771053	0.0	15070982	4798.586768388748
75	-410.85605	-410.85605	-127.635	-49.765587	1.1372534	6.8201466	-54.37885	-49.76544	0.0	15271998	4861.940110445023
76	-627.57635	-627.57635	-193.9349	-49.763763	1.1263826	14.003216	-53.512695	-49.763844	0.0	15473001	4924.460237026215
77	-661.9294	-661.9294	-43.757565	-49.766464	1.1230824	5.948579	-53.646072	-49.766396	0.1	15673981	4987.140247821808
78	-594.65106	-594.65106	-122.397194	-49.758842	1.14335	12.661234	-54.57873	-49.758633	0.0	15875001	5050.161581993103
79	-533.0702	-533.0702	-103.61416	-49.764793	1.1486163	13.93454	-53.694904	-49.764915	0.0	16075992	5113.075434684753
80	-505.7072	-505.7072	-11.50415	-49.754257	1.1685156	4.481764	-53.74304	-49.75425	0.0	16276998	5179.46613073349
81	-604.0968	-604.0968	-2.5095499	-49.753788	1.1709582	15.547902	-54.10012	-49.753635	0.0	16478000	5248.362053155899
82	-397.6412	-397.6412	-114.39365	-49.759277	1.147102	9.587196	-54.02825	-49.759132	0.0	16678982	5318.3991668224335
83	-551.35974	-551.35974	-20.973274	-49.754845	1.1746347	3.5401487	-53.53913	-49.754925	0.0	16879982	5382.9639892578125
84	-535.87604	-535.87604	-137.06029	-49.7561	1.1770755	12.359581	-56.208485	-49.756054	0.0	17081001	5449.8771431446075
85	-566.6661	-566.6661	2.992457	-49.754436	1.1646892	7.2457056	-54.629192	-49.754395	0.0	17281990	5520.33136844635
86	-549.5178	-549.5178	-187.14085	-49.751694	1.1579475	3.8741183	-54.22182	-49.751648	0.0	17482992	5593.177905797958
87	-564.9981	-564.9981	-50.765873	-49.75258	1.1672938	3.9412494	-55.510323	-49.75261	0.0	17683981	5660.539318323135
88	-669.04944	-669.04944	-75.825806	-49.750744	1.1889071	8.54683	-56.562428	-49.750744	0.0	17884989	5725.989684104919
89	-736.6216	-736.6216	-88.72515	-49.754173	1.1643201	7.968089	-55.358078	-49.75419	0.0	18085994	5794.933111667633
90	-649.0298	-649.0298	-80.389885	-49.754402	1.161914	1.2723817	-55.56304	-49.754353	0.0	18286994	5862.737642288208
91	-436.92636	-436.92636	-166.86374	-49.751617	1.1781367	10.9180975	-53.42615	-49.751694	0.0	18487991	5930.527063846588
92	-616.82983	-616.82983	-203.86896	-49.75243	1.1858573	1.6638896	-54.75673	-49.752514	0.0	18689001	5998.5204112529755
93	-679.6389	-679.6389	-23.985075	-49.755516	1.1685109	-0.00040876865	-54.04644	-49.75552	0.1	18889982	6066.25536608696
94	-550.54193	-550.54193	-52.619267	-49.748314	1.1877612	3.9654264	-53.267033	-49.748333	0.0	19090982	6133.616578102112
95	-614.3891	-614.3891	-100.97297	-49.75145	1.2071903	3.3565598	-53.88666	-49.751442	0.0	19291982	6202.766601085663
96	-588.9617	-588.9617	-193.74376	-49.748493	1.1992297	23.88832	-53.807953	-49.748436	0.0	19492992	6269.387111902237
97	-553.5212	-553.5212	-100.114006	-49.744854	1.2107643	5.101825	-53.351864	-49.744957	0.0	19693981	6337.830215930939
98	-559.49414	-559.49414	-103.23764	-49.745155	1.20502	6.986151	-53.769653	-49.74525	0.0	19894985	6408.397376775742
99	-489.89456	-489.89456	-71.60194	-49.746544	1.194368	10.811278	-53.587727	-49.74637	0.0	20095984	6483.396095275879
100	-806.66095	-806.66095	-38.771084	-49.74528	1.1970651	8.432932	-54.161957	-49.74531	0.1	20297000	6552.331849575043
101	-488.90714	-488.90714	-159.56001	-49.73813	1.251647	15.689104	-54.098938	-49.738235	0.0	20498001	6619.353930950165
102	-545.32104	-545.32104	-18.30449	-49.737804	1.2349823	5.291647	-53.28053	-49.737732	0.2	20699001	6685.332499742508
103	-624.143	-624.143	-0.008329003	-49.736774	1.2642101	9.102507	-53.54746	-49.736862	0.0	20900001	6752.199573516846
104	-505.70108	-505.70108	-80.35984	-49.734325	1.2640922	10.182201	-53.248844	-49.734386	0.0	21100986	6819.9542927742
105	-675.9218	-675.9218	-87.10233	-49.72818	1.2970225	11.683824	-53.523586	-49.728245	0.0	21302001	6889.528455734253
106	-562.4029	-562.4029	-170.67418	-49.72915	1.2727637	8.355242	-54.458126	-49.729187	0.0	21502982	6957.234254360199
107	-639.5789	-639.5789	-39.24531	-49.723305	1.3096223	8.58747	-54.213783	-49.723305	0.1	21703995	7025.199719429016
108	-427.4558	-427.4558	-3.9362106	-49.722446	1.3277035	18.012915	-54.990456	-49.72246	0.0	21904983	7091.86328125
109	-586.89526	-586.89526	-121.75394	-49.72038	1.3454647	9.030376	-56.405586	-49.720413	0.0	22105991	7157.529286623001
110	-469.39746	-469.39746	-0.81933135	-49.726406	1.3068806	8.273219	-57.651443	-49.726467	0.1	22306983	7222.131420373917
111	-434.442	-434.442	-33.975864	-49.720093	1.3339298	9.179635	-56.26807	-49.720078	0.1	22507990	7288.318675994873
112	-485.63058	-485.63058	-117.246	-49.72072	1.3243139	9.832965	-57.421577	-49.72078	0.0	22708986	7354.377962112427
113	-500.93173	-500.93173	-220.06097	-49.718475	1.3346502	9.992892	-55.372284	-49.718353	0.0	22909982	7426.538454055786
114	-475.02725	-475.02725	-228.37778	-49.71349	1.3612796	9.561816	-56.223606	-49.713505	0.1	23110990	7494.5406992435455
115	-600.51715	-600.51715	-2.3177185	-49.70843	1.3861682	8.028561	-57.139744	-49.70848	0.0	23312001	7565.2705619335175
116	-475.66324	-475.66324	-5.9097514	-49.712963	1.3589196	10.073532	-56.189472	-49.71303	0.0	23512986	7636.292801856995
117	-570.89215	-570.89215	-99.74912	-49.712337	1.3819938	11.218582	-57.857704	-49.712177	0.0	23713983	7703.8506734371185
118	-481.32257	-481.32257	-4.407609	-49.70404	1.3990496	13.850054	-57.1434	-49.704117	0.0	23914990	7771.7529838085175
119	-605.75287	-605.75287	-112.5386	-49.70465	1.4024845	11.657793	-55.607094	-49.704647	0.1	24115982	7842.072105169296
120	-607.21545	-607.21545	-197.77277	-49.695934	1.4427522	24.843842	-54.9464	-49.695827	0.3	24316981	7915.13535618782
121	-467.0132	-467.0132	-148.26057	-49.69918	1.45492	15.060412	-54.312847	-49.699245	0.0	24517999	7986.156497001648
122	-584.3389	-584.3389	-75.82146	-49.696205	1.4674493	15.434488	-54.82929	-49.696144	0.0	24718995	8049.336978673935
123	-552.4394	-552.4394	-132.01161	-49.698997	1.4423579	18.07634	-56.51901	-49.69898	0.1	24920000	8111.7082641124725
124	-509.7286	-509.7286	-34.988407	-49.70115	1.4050406	17.087923	-56.904602	-49.701015	0.1	25120992	8174.27956533432
125	-559.0668	-559.0668	-211.54721	-49.696823	1.4377587	14.826531	-54.72922	-49.69689	0.1	25321983	8238.406178474426
126	-556.2452	-556.2452	-16.533722	-49.699112	1.4259263	13.425114	-55.32713	-49.698963	0.0	25522982	8303.504095554352
127	-612.3055	-612.3055	-93.60977	-49.696503	1.4437472	13.872395	-55.93524	-49.69665	0.0	25723983	8366.051852941513
128	-613.3134	-613.3134	-261.54382	-49.704144	1.3983738	8.630831	-55.617893	-49.704163	0.0	25924987	8428.566584825516
129	-504.2958	-504.2958	5.1051097	-49.702755	1.3953788	16.811356	-58.811935	-49.70252	0.1	26125986	8491.450680494308
130	-720.25354	-720.25354	-12.89357	-49.70284	1.3988646	16.13908	-57.661983	-49.70283	0.1	26326985	8554.07372045517
131	-498.6995	-498.6995	-5.104102	-49.700634	1.394944	22.189745	-57.363018	-49.70066	0.3	26527990	8616.140794038773
132	-489.90466	-489.90466	1.379838	-49.707462	1.4031549	14.616639	-56.110558	-49.70762	0.1	26728982	8678.385213375092
133	-589.401	-589.401	-238.91968	-49.709343	1.3370771	14.099223	-58.117664	-49.709305	0.1	26929984	8742.124778747559
134	-460.41296	-460.41296	-21.7622	-49.70145	1.418899	24.589163	-58.004185	-49.70148	0.2	27130982	8804.22703409195
135	-517.18756	-517.18756	-177.39212	-49.701675	1.3873883	18.946962	-57.926437	-49.70161	0.0	27332001	8866.161251068115
136	-474.43362	-474.43362	-102.96044	-49.705833	1.3650188	10.516297	-58.008614	-49.7058	0.1	27532987	8927.115204572678
137	-390.04633	-390.04633	3.1286302	-49.70173	1.3780558	15.22839	-56.680283	-49.70175	0.1	27733984	8987.472400188446
138	-401.29413	-401.29413	-12.921588	-49.698307	1.4122419	16.373384	-57.62654	-49.698303	0.0	27934983	9047.907601356506
139	-478.01105	-478.01105	-30.200098	-49.69195	1.4449998	24.609072	-56.89512	-49.691925	0.4	28135983	9108.904533147812
140	-498.61563	-498.61563	-15.112377	-49.691006	1.4618711	21.7923	-58.590027	-49.69098	0.1	28336983	9169.384175539017
141	-468.05298	-468.05298	0.6982176	-49.69192	1.4309245	27.986996	-57.46777	-49.69192	0.0	28537988	9229.539417743683
142	-413.5487	-413.5487	-5.104111	-49.688576	1.4703635	18.557463	-56.99499	-49.68838	0.3	28738981	9289.47280716896
143	-416.61478	-416.61478	-41.17789	-49.68732	1.4727956	18.33986	-58.30855	-49.68735	0.1	28940001	9349.564458847046
144	-432.0243	-432.0243	6.3779097	-49.682465	1.5122828	28.178364	-57.239494	-49.68255	0.0	29140983	9409.828097820282
145	-530.4396	-530.4396	2.4236205	-49.676365	1.4937346	21.828152	-58.515343	-49.676186	0.1	29341989	9470.4236536026
146	-351.09067	-351.09067	-15.477848	-49.672092	1.551776	18.301676	-58.461506	-49.672085	0.1	29542982	9530.924383878708
147	-491.61414	-491.61414	-22.809597	-49.678432	1.5071615	18.791252	-62.017067	-49.67825	0.0	29743981	9591.399391174316
148	-534.51624	-534.51624	-32.873627	-49.682793	1.4997472	16.852888	-60.518295	-49.68276	0.0	29945001	9652.007035017014
149	-542.5962	-542.5962	-83.214165	-49.669014	1.574853	17.518307	-61.896656	-49.669003	0.2	30146000	9712.496718645096
150	-475.19614	-475.19614	-73.16752	-49.674385	1.5412959	23.51948	-60.327522	-49.674374	0.0	30346981	9772.85282611847
151	-469.03275	-469.03275	3.9066565	-49.670547	1.5602192	31.907326	-60.31815	-49.670605	0.0	30547982	9832.800892591476
152	-416.20746	-416.20746	-99.87903	-49.67065	1.5503525	18.961859	-57.513332	-49.67046	0.0	30748982	9892.813504457474
153	-517.58685	-517.58685	-107.976166	-49.6729	1.5481437	22.313677	-62.751602	-49.672802	0.0	30949992	9952.833171606064
154	-545.8071	-545.8071	-28.014229	-49.670704	1.5501367	21.034904	-57.81164	-49.670635	0.1	31150983	10012.58967757225
155	-492.25726	-492.25726	-129.17728	-49.680424	1.5077474	36.672077	-61.629322	-49.680412	0.2	31351981	10072.877835035324
156	-492.4226	-492.4226	-28.180212	-49.672424	1.5222597	18.006496	-60.043427	-49.672436	0.1	31553001	10133.48538851738
157	-398.47293	-398.47293	-61.121338	-49.671024	1.5284795	21.070026	-61.319237	-49.67087	0.0	31753998	10193.340258836746
158	-391.70935	-391.70935	-164.07149	-49.669697	1.5654246	31.180693	-59.79126	-49.669605	0.0	31954983	10253.600724697113
159	-625.04224	-625.04224	-173.22432	-49.673576	1.5218202	19.368656	-60.94864	-49.673424	0.0	32155984	10314.437242031097
160	-569.1228	-569.1228	-19.564121	-49.666744	1.5564156	22.450245	-60.722218	-49.666553	0.0	32357001	10375.141044855118
161	-459.7973	-459.7973	-16.658272	-49.671776	1.5269529	23.10341	-59.43664	-49.671772	0.2	32557981	10435.501717090607
162	-456.19116	-456.19116	-35.769115	-49.667213	1.5569364	19.369911	-60.308495	-49.667126	0.1	32758981	10496.415753364563
163	-490.8093	-490.8093	-27.221184	-49.660526	1.609066	22.33379	-57.673363	-49.660324	0.1	32959982	10557.656683921814
164	-519.9025	-519.9025	-153.054	-49.65794	1.5855529	20.744778	-59.347744	-49.657978	0.0	33161001	10618.167043447495
165	-494.69757	-494.69757	6.1766934	-49.662205	1.619007	17.893517	-58.746998	-49.662163	0.1	33361982	10678.468797206879
166	-559.7336	-559.7336	6.31974	-49.653553	1.6496087	16.170782	-61.131596	-49.653416	0.0	33563001	10739.103801250458
167	-523.3235	-523.3235	-371.89383	-49.657536	1.6374995	26.043146	-58.42212	-49.657455	0.1	33763991	10799.853167057037
168	-510.25986	-510.25986	-0.40525132	-49.65706	1.6448776	21.397497	-60.497925	-49.657024	0.0	33964981	10860.199365854263
169	-478.39212	-478.39212	-32.322147	-49.65567	1.604638	31.174463	-65.56436	-49.65553	0.0	34165983	10920.232914447784
170	-565.31433	-565.31433	4.133179	-49.658108	1.6362672	19.063316	-60.093105	-49.658234	0.2	34366981	10980.77914428711
171	-480.92047	-480.92047	-66.8477	-49.663532	1.572745	18.20961	-57.87084	-49.663273	0.1	34567986	11040.297835350037
172	-435.17657	-435.17657	-2.1231287	-49.657345	1.6250159	24.404692	-60.968964	-49.657326	0.0	34768983	11101.085839509964
173	-455.135	-455.135	2.253956	-49.64805	1.6723063	26.20069	-61.540314	-49.647873	0.0	34969989	11160.426662445068
174	-381.40375	-381.40375	7.1125107	-49.649048	1.648049	34.47831	-59.007668	-49.649055	0.0	35171001	11220.325791358948
175	-420.09216	-420.09216	-2.2345693	-49.64929	1.6377499	19.065445	-61.617455	-49.649246	0.1	35371984	11280.243052005768
176	-523.0809	-523.0809	-53.80825	-49.646877	1.6509024	25.134834	-60.1111	-49.646847	0.0	35572996	11340.199505329132
177	-484.53812	-484.53812	-21.552233	-49.642654	1.6668056	30.983173	-62.138546	-49.64265	0.0	35773993	11400.760603189468
178	-472.69754	-472.69754	-120.176506	-49.64907	1.6415716	21.040611	-61.415302	-49.649124	0.1	35974986	11461.344023704529
179	-381.8573	-381.8573	-0.12526084	-49.641453	1.7080363	22.345373	-62.402103	-49.64117	0.2	36175982	11521.822231054306
180	-536.68915	-536.68915	-98.21199	-49.642178	1.7174047	53.619408	-63.792416	-49.642155	0.1	36376990	11581.891473293304
181	-437.07574	-437.07574	-107.75192	-49.639263	1.6695302	27.946497	-61.52379	-49.639286	0.1	36577988	11642.12355351448
182	-440.65137	-440.65137	-51.86298	-49.642044	1.663302	19.787077	-63.38672	-49.642338	0.3	36779001	11703.068653345108
183	-502.13077	-502.13077	-301.98593	-49.64781	1.6602304	14.329735	-65.336525	-49.647552	0.0	36980001	11763.92224931717
184	-404.1413	-404.1413	-34.425667	-49.646523	1.6651865	20.069506	-64.54346	-49.646606	0.1	37180982	11824.647819280624
185	-482.99396	-482.99396	6.5450916	-49.63946	1.7244148	23.131115	-61.164787	-49.639484	0.2	37381982	11885.486538410187
186	-522.2925	-522.2925	-17.596397	-49.63977	1.6935911	30.800943	-59.729073	-49.639835	0.1	37582983	11946.196640968323
187	-540.2388	-540.2388	-40.906494	-49.63586	1.7083921	21.435146	-59.37774	-49.635956	0.0	37783982	12006.377288103104
188	-525.2279	-525.2279	-20.294973	-49.64149	1.6476085	16.953924	-62.659542	-49.641373	0.0	37984987	12066.5694065094
189	-417.4512	-417.4512	-62.949196	-49.63429	1.7196196	18.18992	-60.084732	-49.634422	0.1	38185987	12126.776763916016
190	-401.90582	-401.90582	-110.96888	-49.63937	1.6434809	39.72497	-62.217606	-49.639385	0.0	38386982	12186.874513864517
191	-358.387	-358.387	-7.511723	-49.634315	1.6859366	20.844728	-61.374355	-49.63435	0.0	38587988	12247.000576496124
192	-407.78793	-407.78793	-59.44054	-49.642487	1.6543595	25.7358	-60.687057	-49.642525	0.0	38789000	12307.15322637558
193	-364.92035	-364.92035	-37.036472	-49.635227	1.723177	20.52145	-59.953865	-49.63512	0.1	38989981	12367.774689674377
194	-317.35446	-317.35446	-42.8129	-49.632908	1.7164569	25.223269	-61.711395	-49.6331	0.2	39190983	12428.542759418488
195	-415.93097	-415.93097	-17.209064	-49.63861	1.6925519	21.307951	-62.48437	-49.63858	0.0	39391986	12488.832090854645
196	-469.2879	-469.2879	-2.9268274	-49.62617	1.7440864	23.272203	-64.98166	-49.625984	0.1	39593001	12549.34971523285
197	-369.1051	-369.1051	-218.9486	-49.628437	1.7177767	25.765448	-61.00589	-49.628452	0.1	39793982	12609.809146404266
198	-550.19653	-550.19653	-101.761566	-49.628967	1.7239368	22.914557	-65.20681	-49.628925	0.0	39994987	12670.44198179245
199	-462.6507	-462.6507	-46.47909	-49.624573	1.7197671	20.809614	-58.23108	-49.624638	0.2	40195985	12730.781605482101
200	-356.21597	-356.21597	-54.395443	-49.63336	1.6938667	21.245972	-61.888996	-49.63326	0.2	40397001	12791.344247579575
201	-403.51202	-403.51202	-12.509073	-49.62562	1.7528442	29.086712	-61.316406	-49.625813	0.0	40597994	12851.439164161682
202	-353.18103	-353.18103	-20.78307	-49.62244	1.7233624	20.542425	-59.80851	-49.62224	0.1	40798982	12911.27261376381
203	-390.48145	-390.48145	-66.82368	-49.621723	1.7538744	29.755962	-66.6204	-49.621754	0.1	40999981	12971.072891235352
204	-383.85632	-383.85632	-67.74532	-49.621407	1.7434554	19.184704	-61.066853	-49.621307	0.1	41201001	13033.575489759445
205	-509.76422	-509.76422	-38.27737	-49.619427	1.7553508	29.006311	-61.100784	-49.61934	0.1	41401982	13098.82370853424
206	-418.9137	-418.9137	2.2429914	-49.622215	1.7251793	23.450623	-61.62263	-49.622246	0.1	41602987	13161.276965856552
207	-515.43665	-515.43665	-24.003962	-49.615105	1.7671726	25.960705	-59.090374	-49.61512	0.2	41803987	13224.178641080856
208	-460.1368	-460.1368	-9.808295	-49.61728	1.7575524	26.09904	-64.13729	-49.617367	0.1	42004982	13286.636139392853
209	-434.4824	-434.4824	-18.404858	-49.61618	1.7477635	27.115782	-61.128437	-49.616016	0.0	42205987	13348.743004083633
210	-347.89435	-347.89435	-7.799593	-49.618362	1.7204438	17.659332	-62.298626	-49.6182	0.2	42406984	13410.944960832596
211	-419.8481	-419.8481	-66.5549	-49.61465	1.7399687	19.981426	-65.49084	-49.614788	0.4	42607982	13473.777620792389
212	-514.3322	-514.3322	-172.65538	-49.611862	1.773934	21.715744	-62.967537	-49.611805	0.1	42808995	13535.560376882553
213	-394.362	-394.362	-26.18637	-49.61258	1.7639647	22.850685	-62.95904	-49.61269	0.0	43009987	13597.37245965004
214	-557.72375	-557.72375	-2.1817424	-49.622223	1.7489234	22.04657	-59.73488	-49.62211	0.0	43210998	13659.628591060638
215	-347.27313	-347.27313	-0.71259737	-49.61201	1.750475	17.427565	-64.81164	-49.611927	0.2	43411986	13720.676895618439
216	-408.59528	-408.59528	-15.062725	-49.61074	1.806905	19.898966	-66.85629	-49.610554	0.2	43613001	13782.019617319107
217	-386.0438	-386.0438	-15.781699	-49.611053	1.7793312	20.556238	-61.94397	-49.611076	0.1	43813985	13843.69951748848
218	-546.47784	-546.47784	-6.299293	-49.606396	1.791036	28.712769	-60.47265	-49.606434	0.3	44014998	13906.442625284195
219	-322.90457	-322.90457	-135.39322	-49.604134	1.7998168	33.51647	-58.747692	-49.60413	0.2	44215982	13969.95713186264
220	-351.965	-351.965	-1.8942266	-49.615837	1.7305084	16.957563	-59.365456	-49.615784	0.2	44417001	14034.853004455566
221	-406.82077	-406.82077	-102.36875	-49.617043	1.7553008	43.549282	-60.520714	-49.6168	0.3	44617981	14097.45785689354
222	-429.296	-429.296	-9.563918	-49.61049	1.7442157	23.444277	-63.454987	-49.61047	0.0	44819001	14158.728086471558
223	-391.31848	-391.31848	-89.62225	-49.61371	1.7608572	33.29634	-60.25845	-49.61382	0.0	45019985	14219.869085550308
224	-369.8822	-369.8822	-0.99094635	-49.60282	1.7782218	24.843695	-62.052513	-49.60273	0.3	45220986	14279.938529014587
225	-503.73535	-503.73535	3.8157835	-49.60377	1.796429	23.458654	-60.60894	-49.603683	0.2	45421982	14340.674373149872
226	-475.39365	-475.39365	-253.33012	-49.612076	1.7118883	26.578026	-60.791683	-49.612137	0.1	45622990	14401.318833351135
227	-405.92233	-405.92233	-157.4468	-49.604645	1.8060172	23.517956	-60.800297	-49.604507	0.2	45823989	14461.880006551743
228	-363.09094	-363.09094	-59.111294	-49.61039	1.7801706	24.452612	-60.762737	-49.610237	0.1	46025001	14522.281548500061
229	-520.6886	-520.6886	-93.643196	-49.605305	1.786543	35.16393	-60.015537	-49.6054	0.1	46225994	14583.305166959763
230	-463.20154	-463.20154	-8.774351	-49.60024	1.8088301	35.37407	-59.012177	-49.60017	0.1	46426996	14643.454665184021
231	-409.6342	-409.6342	-112.43962	-49.603348	1.7971057	26.239342	-61.088272	-49.603336	0.0	46627981	14704.110159873962
232	-382.7733	-382.7733	-41.356365	-49.599735	1.8252785	21.36269	-58.56274	-49.599598	0.1	46828981	14765.189800739288
233	-482.53958	-482.53958	-123.539375	-49.60207	1.831622	21.892033	-65.2044	-49.602158	0.0	47029988	14825.475366830826
234	-402.40866	-402.40866	-79.86061	-49.61013	1.7838316	23.464642	-61.955273	-49.610023	0.2	47230985	14885.313100337982
235	-414.29114	-414.29114	-30.945757	-49.611355	1.7663454	28.264204	-61.914883	-49.61132	0.1	47431989	14945.478951931
236	-416.14078	-416.14078	0.21767053	-49.60012	1.8427558	22.65343	-64.318565	-49.60003	0.1	47632983	15005.700809001923
237	-361.6432	-361.6432	-107.53726	-49.603294	1.8220015	26.065414	-60.70565	-49.603207	0.1	47833983	15066.077476501465
238	-453.55618	-453.55618	-99.52786	-49.596977	1.8339024	34.953495	-62.024532	-49.596874	0.1	48034990	15126.265330791473
239	-457.57907	-457.57907	-6.31931	-49.601315	1.8125402	25.397518	-62.085777	-49.601227	0.1	48235982	15186.909245967865
240	-495.6496	-495.6496	-92.96955	-49.60216	1.8485459	27.610868	-65.25351	-49.60205	0.0	48437001	15247.835823059082
241	-326.74094	-326.74094	-118.85535	-49.59853	1.8483775	27.310003	-57.647335	-49.598488	0.0	48637982	15307.616026163101
242	-454.44098	-454.44098	-55.001076	-49.597435	1.8048944	22.78468	-58.917557	-49.597607	0.2	48838982	15367.832646131516
243	-328.98645	-328.98645	-94.52566	-49.59741	1.8451469	29.440985	-57.982403	-49.59759	0.1	49039982	15428.130635976791
244	-455.5566	-455.5566	-252.0755	-49.592266	1.8573532	29.435863	-60.178165	-49.59206	0.1	49240996	15489.171516656876
245	-363.3941	-363.3941	-39.955326	-49.595516	1.8402528	19.389801	-58.713245	-49.59571	0.3	49441982	15549.19639468193
246	-444.43793	-444.43793	-47.077515	-49.593723	1.8633722	20.337013	-62.119896	-49.59347	0.1	49642983	15609.427329778671
247	-353.8993	-353.8993	-45.955082	-49.598125	1.8417869	24.879095	-65.00215	-49.598278	0.1	49843991	15669.844519853592
248	-428.13992	-428.13992	-35.562153	-49.594437	1.8534466	23.186031	-59.262665	-49.594364	0.2	50044982	15730.546799898148
249	-322.7933	-322.7933	-46.58466	-49.601276	1.8137063	27.210001	-61.723087	-49.601234	0.2	50245981	15790.688013076782
250	-569.01685	-569.01685	-1255.8654	-46.72473	4.302457	26.864382	-65.14387	-46.72684	0.0	50447001	15870.504264354706
251	-854.2528	-854.2528	-1055.6228	-46.55145	5.0842423	26.99825	-62.821083	-46.552338	0.0	50647996	15950.68560552597
252	-726.63806	-726.63806	-729.63214	-46.634007	5.455168	20.491537	-64.992226	-46.634647	0.0	50849001	16030.206062316895
253	-633.6827	-633.6827	-954.48444	-46.69859	5.7018514	31.94041	-65.24529	-46.70073	0.0	51049981	16109.273411750793
254	-894.113	-894.113	-1034.6837	-46.63063	5.976958	32.744354	-68.796364	-46.632294	0.0	51250982	16188.785061120987
255	-832.18634	-832.18634	-634.98865	-46.643288	6.1273036	25.06741	-72.97179	-46.645924	0.0	51451982	16268.352909564972
256	-767.4822	-767.4822	-644.9874	-46.696625	6.2092257	32.035477	-71.35709	-46.699947	0.0	51653001	16348.636881113052
257	-812.6978	-812.6978	-703.03577	-46.826054	6.1900744	27.337116	-70.893845	-46.82681	0.0	51854001	16427.88757419586
258	-807.94446	-807.94446	-603.5328	-46.872223	6.2046933	30.275356	-66.18307	-46.87625	0.0	52054990	16507.16463446617
259	-690.7263	-690.7263	-580.5163	-46.9224	6.233913	30.540726	-73.379364	-46.923996	0.0	52255981	16586.757924079895
260	-725.0581	-725.0581	-611.97424	-46.92491	6.258452	37.073284	-73.80654	-46.92728	0.0	52456981	16665.96550512314
261	-706.6386	-706.6386	-725.26044	-47.00491	6.100833	23.435144	-89.402466	-47.006607	0.0	52657997	16745.36334180832
262	-777.17096	-777.17096	-441.5825	-47.152657	5.9845457	28.201572	-97.62294	-47.156067	0.0	52858981	16825.006229639053
263	-828.40796	-828.40796	-796.3133	-47.327732	5.6374407	20.796124	-90.203865	-47.331112	0.0	53059985	16904.413172006607
264	-719.464	-719.464	-704.30817	-47.427357	5.4622507	48.918934	-74.25851	-47.426846	0.0	53260990	16983.777160406113
265	-654.02576	-654.02576	-564.575	-47.43356	5.5527854	20.641874	-71.37718	-47.435333	0.0	53461986	17062.892673254013
266	-611.242	-611.242	-610.52313	-47.517616	5.426816	37.4957	-70.889404	-47.519543	0.0	53662982	17142.121210098267
267	-643.9659	-643.9659	-640.52094	-47.609062	5.300077	24.270624	-71.730576	-47.60961	0.0	53864001	17221.68499660492
268	-560.4747	-560.4747	-733.3402	-47.67976	5.193234	53.161957	-94.655304	-47.679855	0.0	54064990	17300.782817602158
269	-774.084	-774.084	-657.74866	-47.722218	5.1802793	23.971434	-75.98976	-47.723858	0.0	54266001	17380.44836783409
270	-806.95734	-806.95734	-788.8529	-47.82855	5.012822	31.840942	-77.9042	-47.82884	0.0	54467001	17460.30771636963
271	-795.8668	-795.8668	-1041.6062	-47.871998	4.947027	42.60683	-73.344864	-47.87337	0.0	54667991	17541.072226524353
272	-699.4381	-699.4381	-832.09863	-47.94855	4.8726707	31.076443	-73.571556	-47.949245	0.0	54868985	17620.746174812317
273	-786.65704	-786.65704	-677.9973	-47.994774	4.7516594	25.341278	-74.90194	-47.996235	0.0	55069981	17699.85219168663
274	-669.6234	-669.6234	-1128.9114	-48.039562	4.7177515	32.401283	-70.87017	-48.0409	0.0	55270981	17779.10912680626
275	-671.19696	-671.19696	-718.1884	-48.109745	4.593665	23.014921	-77.431335	-48.110836	0.0	55472001	17858.921615600586
276	-699.7422	-699.7422	-811.29987	-48.17397	4.4822626	30.823097	-68.01254	-48.174274	0.0	55672984	17938.13248538971
277	-529.52844	-529.52844	-440.57	-48.23117	4.3893085	33.472996	-72.62011	-48.230953	0.0	55873983	18017.5922935009
278	-572.2397	-572.2397	-680.5889	-48.270203	4.326946	47.143875	-66.687386	-48.270393	0.0	56074986	18097.729798793793
279	-618.75665	-618.75665	-710.19183	-48.290462	4.306975	28.59948	-67.10187	-48.290592	0.0	56276001	18178.081844091415
280	-431.30292	-431.30292	-409.11575	-48.36036	4.1751413	38.348434	-81.6847	-48.36046	0.0	56476983	18257.037959098816
281	-397.94824	-397.94824	-206.73389	-48.38751	4.1230464	29.377235	-70.13681	-48.386852	0.0	56677986	18336.26295542717
282	-402.51483	-402.51483	-147.34424	-48.43265	4.0766172	24.983507	-83.71817	-48.43261	0.0	56878981	18420.252825737
283	-462.2817	-462.2817	-525.99274	-48.49325	3.926847	25.327652	-70.860565	-48.49268	0.0	57079982	18507.270011663437
284	-482.8344	-482.8344	-165.45828	-48.558586	3.774769	40.944904	-66.298134	-48.55764	0.0	57280982	18595.445833683014
285	-578.321	-578.321	-406.9221	-48.589493	3.7452807	36.440544	-71.43667	-48.590065	0.0	57481999	18682.464260816574
286	-562.4373	-562.4373	-392.36017	-48.64258	3.6253889	30.446163	-71.33315	-48.641468	0.0	57682981	18772.149060964584
287	-604.727	-604.727	-403.66418	-48.6662	3.5905874	56.961143	-65.89333	-48.666653	0.0	57883983	18861.314326763153
288	-553.73456	-553.73456	-342.6812	-48.688625	3.544602	20.683012	-67.23415	-48.689095	0.1	58084984	18952.694983959198
289	-583.3497	-583.3497	-134.82378	-48.737404	3.42631	20.634802	-68.68583	-48.737183	0.0	58285999	19040.57333445549
290	-518.4051	-518.4051	-197.74864	-48.76273	3.420774	20.921356	-67.67086	-48.761784	0.0	58486991	19128.745517492294
291	-631.2186	-631.2186	-408.21194	-48.777477	3.3908353	44.462	-68.70126	-48.77816	0.0	58688001	19216.12472844124
292	-507.96808	-507.96808	-327.0875	-48.80424	3.366168	24.799088	-69.54203	-48.80365	0.1	58888989	19302.011039495468
293	-421.43512	-421.43512	-68.3205	-48.850277	3.2426636	26.3141	-75.54323	-48.8499	0.0	59089981	19384.568984031677
294	-386.86584	-386.86584	-235.69635	-48.87941	3.1643896	21.704266	-67.02194	-48.87923	0.0	59290994	19467.549788713455
295	-491.53552	-491.53552	-234.56593	-48.90005	3.1250768	32.44233	-68.80781	-48.899193	0.0	59491983	19549.72837781906
296	-365.08118	-365.08118	-44.432953	-48.933704	3.0811806	27.442257	-66.5461	-48.933403	0.0	59692986	19632.935053110123
297	-396.59747	-396.59747	-78.66917	-48.944355	3.0665536	28.899414	-66.87069	-48.944393	0.1	59893993	19714.487730264664
298	-416.24768	-416.24768	-102.31956	-48.968945	3.0051787	23.26986	-65.86698	-48.96779	0.0	60095001	19795.98104262352
299	-431.24792	-431.24792	-82.1976	-48.991722	2.9664984	25.782064	-67.89703	-48.99145	0.0	60295987	19878.944646835327
300	-361.74426	-361.74426	-65.641075	-49.016068	2.9396198	26.908375	-66.183365	-49.015137	0.0	60496984	19961.82743382454
301	-354.9153	-354.9153	-65.27202	-49.038227	2.8539495	26.312473	-67.98996	-49.037563	0.0	60697981	20043.981195926666
302	-280.55603	-280.55603	-10.520461	-49.072243	2.7686265	29.42646	-72.45039	-49.071823	0.0	60898982	20126.630583047867
303	-380.84695	-380.84695	-236.7453	-49.07672	2.7686489	23.021978	-67.591705	-49.075966	0.0	61099982	20209.76225566864
304	-324.4282	-324.4282	-132.14793	-49.09876	2.783572	24.72749	-64.85243	-49.097782	0.0	61300983	20293.15408229828
305	-393.35434	-393.35434	-59.6522	-49.112175	2.7192032	22.438608	-62.47471	-49.112103	0.0	61501982	20378.068830013275
306	-318.28226	-318.28226	-99.87918	-49.14326	2.661757	16.746204	-66.2919	-49.14274	0.0	61703001	20461.83820438385
307	-381.85864	-381.85864	-45.145275	-49.14114	2.6716783	40.975758	-73.298645	-49.14061	0.0	61903989	20545.78976917267
308	-384.3212	-384.3212	-171.76556	-49.16072	2.6490068	19.463966	-68.061745	-49.160427	0.0	62104982	20637.531232833862
309	-438.98587	-438.98587	-59.561893	-49.157257	2.6565254	28.07023	-69.58844	-49.156975	0.0	62305992	20725.18758225441
310	-371.60504	-371.60504	6.1668644	-49.18911	2.5616784	23.579294	-66.17443	-49.188248	0.0	62506981	20810.02526140213
311	-334.21173	-334.21173	5.1434755	-49.192413	2.5658736	30.978865	-66.02642	-49.192196	0.0	62707990	20896.658618211746
312	-401.26663	-401.26663	1.251854	-49.20528	2.5207477	30.212826	-68.412865	-49.205013	0.0	62908982	20990.53540945053
313	-326.32648	-326.32648	-55.554073	-49.212658	2.5127985	35.303776	-64.60031	-49.212353	0.0	63109988	21075.60737657547
314	-325.00092	-325.00092	-31.256224	-49.231968	2.47317	17.940088	-63.79199	-49.231186	0.1	63310988	21157.557890176773
315	-312.78903	-312.78903	-21.310144	-49.25154	2.4311955	22.745842	-65.584404	-49.251526	0.2	63511989	21238.60003876686
316	-284.1929	-284.1929	-107.02662	-49.250984	2.414597	19.851437	-64.13572	-49.25046	0.1	63712981	21320.510982751846
317	-301.1988	-301.1988	5.1909823	-49.2603	2.4253075	26.474487	-65.25505	-49.26009	0.0	63913982	21401.524638414383
318	-430.52307	-430.52307	5.801281	-49.27563	2.3651607	19.788166	-65.84786	-49.275234	0.0	64115001	21493.77567577362
319	-295.03506	-295.03506	-20.433304	-49.282806	2.3463533	25.031202	-62.224827	-49.282436	0.1	64315997	21582.904441833496
320	-383.54825	-383.54825	-3.6707847	-49.29422	2.331439	25.017103	-65.51366	-49.293926	0.0	64516982	21669.578951597214
321	-437.3511	-437.3511	-61.762558	-49.29466	2.3116043	26.3586	-62.228195	-49.29445	0.1	64717982	21754.441240549088
322	-344.69296	-344.69296	-61.77443	-49.306423	2.2734985	20.15042	-63.089405	-49.305973	0.0	64919001	21838.875038146973
323	-316.52322	-316.52322	-58.2354	-49.30694	2.3288221	19.65498	-67.03228	-49.306637	0.1	65119989	21920.6867146492
324	-384.27945	-384.27945	-12.080486	-49.32769	2.2827835	20.950043	-62.419617	-49.327293	0.1	65320983	22004.470821619034
325	-331.20688	-331.20688	-7.8357944	-49.319366	2.2592518	22.480888	-61.145912	-49.318954	0.0	65521984	22088.14779996872
326	-369.91946	-369.91946	1.4219283	-49.333008	2.222962	39.90326	-63.679638	-49.332573	0.1	65723001	22170.50715470314
327	-345.8767	-345.8767	-30.987455	-49.343178	2.209191	21.847282	-62.714348	-49.342773	0.0	65923983	22254.526920318604
328	-369.067	-369.067	-41.86546	-49.350937	2.1803558	25.257668	-65.25839	-49.350746	0.1	66125001	22337.431121349335
329	-390.00195	-390.00195	-15.577043	-49.359333	2.1884336	43.448795	-65.92323	-49.35902	0.2	66325981	22423.68890929222
330	-405.54492	-405.54492	6.449171	-49.362858	2.1716044	20.63262	-59.560074	-49.362564	0.1	66526985	22516.913068532944
331	-413.41727	-413.41727	-67.529015	-49.363308	2.1676419	34.059513	-63.492718	-49.36316	0.1	66727982	22612.467927455902
332	-352.793	-352.793	-70.04066	-49.374504	2.1296835	31.780293	-61.552082	-49.373894	0.0	66928983	22697.72694015503
333	-380.9689	-380.9689	-63.979748	-49.370556	2.139574	36.35598	-66.82585	-49.370247	0.1	67129982	22783.30780863762
334	-352.25394	-352.25394	-6.6444035	-49.384674	2.1318076	30.804974	-61.071857	-49.3846	0.2	67330989	22869.450562000275
335	-415.87833	-415.87833	-13.967627	-49.389305	2.100677	36.210255	-63.849716	-49.388634	0.2	67531999	22953.22756910324
336	-331.38077	-331.38077	-23.750225	-49.3874	2.1260884	23.70415	-61.699554	-49.387363	0.1	67733001	23034.62827181816
337	-385.3707	-385.3707	-19.631529	-49.408463	2.0669892	21.004833	-59.731945	-49.40842	0.3	67933983	23116.01334643364
338	-405.70175	-405.70175	-18.463919	-49.414543	2.0407188	27.481592	-62.022808	-49.414276	0.1	68134990	23200.304379940033
339	-386.7755	-386.7755	3.6290495	-49.41322	2.026854	28.17891	-61.66529	-49.413048	0.1	68336001	23285.76308465004
340	-392.04092	-392.04092	-12.003745	-49.418365	2.062907	22.572285	-61.310635	-49.418064	0.0	68536982	23375.008019924164
341	-336.87238	-336.87238	-93.83152	-49.413506	2.068474	24.989077	-70.38837	-49.413334	0.0	68737983	23463.28504896164
342	-346.30017	-346.30017	6.508209	-49.416004	2.0656078	34.238354	-60.32671	-49.415874	0.1	68938998	23552.196741104126
343	-397.52948	-397.52948	4.7049437	-49.422615	2.0355692	21.958332	-59.972317	-49.422325	0.1	69139994	23636.82435297966
344	-388.019	-388.019	-12.789206	-49.424736	2.0588477	27.202358	-63.53556	-49.424618	0.1	69340999	23723.70110321045
345	-276.37155	-276.37155	-96.25323	-49.434933	1.9939317	39.304577	-62.37725	-49.434666	0.2	69541982	23808.95939517021
346	-333.29926	-333.29926	-93.545555	-49.435806	1.9780217	22.710766	-60.69742	-49.435757	0.0	69742990	23894.857337474823
347	-392.44547	-392.44547	-99.43848	-49.441837	2.0208051	20.038391	-60.302074	-49.441776	0.1	69943981	23979.39875650406
348	-391.53293	-391.53293	-22.865618	-49.445038	1.9663444	17.677622	-59.749065	-49.444996	0.0	70144982	24065.891045808792
349	-268.66122	-268.66122	-93.23987	-49.442383	1.9906911	29.83017	-60.95056	-49.44221	0.2	70345982	24151.901896476746
350	-437.40778	-437.40778	-11.28376	-49.442314	1.9990132	25.997074	-64.59366	-49.442257	0.1	70546982	24236.18832063675
351	-374.81357	-374.81357	6.575922	-49.446747	1.9994591	26.93699	-64.419815	-49.446693	0.0	70747982	24318.91212940216
352	-341.58142	-341.58142	-122.48596	-49.448906	1.9894434	26.808708	-61.202282	-49.44864	0.2	70948990	24407.50915336609
353	-377.49377	-377.49377	-32.735607	-49.4546	1.980451	42.82004	-62.83143	-49.45443	0.3	71149985	24501.53731250763
354	-372.11618	-372.11618	-20.11907	-49.45343	1.9923602	43.002525	-63.86922	-49.453144	0.1	71350985	24596.924564123154
355	-378.92242	-378.92242	-56.64402	-49.45767	1.9448296	32.61556	-61.71962	-49.45789	0.0	71551994	24686.126540899277
356	-350.66937	-350.66937	-165.675	-49.463593	1.9584247	28.891628	-67.9705	-49.463303	0.1	71753001	24771.12940478325
357	-399.13293	-399.13293	4.953318	-49.457508	2.0049171	30.896706	-61.857468	-49.4573	0.0	71953982	24855.020629405975
358	-293.25098	-293.25098	10.408322	-49.46964	1.9417394	24.85311	-62.373478	-49.469746	0.0	72154982	24939.613220453262
359	-299.75693	-299.75693	0.9085733	-49.473286	1.9098729	28.89805	-62.945694	-49.47301	0.4	72355991	25026.409240484238
360	-454.57724	-454.57724	8.242225	-49.46503	1.9488065	16.947998	-61.26817	-49.46498	0.2	72557001	25111.25880742073
361	-394.5297	-394.5297	-26.512024	-49.46919	1.940107	26.504084	-61.58226	-49.46927	0.0	72757983	25196.917135238647
362	-341.56357	-341.56357	-4.1330295	-49.47061	1.9422015	29.500135	-61.40273	-49.47058	0.0	72958982	25281.72652578354
363	-270.084	-270.084	-118.695435	-49.476707	1.9344854	31.776552	-63.446793	-49.476723	0.1	73159989	25365.923142194748
364	-360.43405	-360.43405	-38.8493	-49.47893	1.9091014	21.548473	-64.40403	-49.478848	0.1	73361001	25451.707434654236
365	-438.6786	-438.6786	-17.970123	-49.482567	1.8782052	29.813381	-59.65848	-49.482285	0.0	73561983	25541.146319150925
366	-343.77255	-343.77255	-106.20495	-49.485016	1.9117968	34.27063	-61.011093	-49.484917	0.0	73762982	25629.78352379799
367	-401.6998	-401.6998	-4.238682	-49.482338	1.9015251	28.750612	-62.977787	-49.482254	0.1	73964001	25718.46599125862
368	-303.25507	-303.25507	-64.958176	-49.487717	1.9005283	29.06464	-64.77228	-49.487743	0.1	74164984	25806.617626667023
369	-284.7197	-284.7197	-32.033146	-49.482655	1.9278965	34.027447	-67.1824	-49.48269	0.0	74365982	25894.008251667023
370	-332.25827	-332.25827	-5.2366357	-49.489174	1.881236	36.424408	-65.65304	-49.489105	0.3	74567001	25980.34717440605
371	-302.66925	-302.66925	-47.334	-49.492897	1.9099321	20.948097	-60.521744	-49.49275	0.3	74767997	26066.585914373398
372	-359.2199	-359.2199	-56.06527	-49.4956	1.8983688	30.000017	-59.610416	-49.495728	0.1	74968982	26153.73155426979
373	-341.55185	-341.55185	-29.890442	-49.49297	1.8759197	27.259317	-62.62772	-49.49303	0.1	75169982	26246.636061668396
374	-336.83835	-336.83835	-122.13216	-49.490417	1.935003	32.920406	-58.093895	-49.49033	0.0	75370983	26337.264774799347
375	-420.323	-420.323	-27.33183	-49.48663	1.9285784	23.515041	-63.91027	-49.486427	0.2	75571982	26423.001873493195
376	-395.73798	-395.73798	6.0073104	-49.501564	1.8611469	31.390053	-64.69217	-49.50169	0.1	75772983	26510.483142375946
377	-444.25516	-444.25516	-6.9609146	-49.492905	1.9305363	32.69965	-61.49578	-49.49285	0.1	75973993	26595.551527023315
378	-369.7369	-369.7369	3.5535836	-49.4974	1.895652	22.968052	-62.314564	-49.497417	0.1	76174983	26680.282371520996
379	-399.21237	-399.21237	-3.426259	-49.492306	1.9181209	37.472996	-63.696163	-49.492542	0.2	76375983	26761.641381263733
380	-295.08292	-295.08292	4.3830047	-49.497475	1.9131128	28.140957	-61.441727	-49.49742	0.2	76576981	26843.97947025299
381	-374.80493	-374.80493	-105.620094	-49.50597	1.8834876	31.805557	-59.019726	-49.50592	0.2	76777986	26927.918516635895
382	-365.12296	-365.12296	7.2290654	-49.49973	1.9040356	20.204586	-62.19772	-49.49962	0.2	76978992	27011.648915052414
383	-337.48837	-337.48837	-49.955826	-49.501236	1.9154805	39.192654	-58.848396	-49.501392	0.0	77179982	27094.800890684128
384	-362.47318	-362.47318	-21.747488	-49.50165	1.8970237	23.989885	-64.07598	-49.501648	0.1	77380983	27179.435562849045
385	-230.49751	-230.49751	2.2993479	-49.507046	1.8635892	23.194672	-60.319805	-49.50683	0.2	77581991	27265.93008995056
386	-324.8756	-324.8756	-5.251779	-49.507286	1.8925022	25.949986	-59.593407	-49.50725	0.1	77782982	27350.238438606262
387	-339.2023	-339.2023	1.6103504	-49.51611	1.8336828	24.317503	-64.081474	-49.516212	0.2	77983985	27435.43292570114
388	-356.6283	-356.6283	6.8219786	-49.517406	1.8453363	35.56816	-66.38816	-49.517452	0.2	78185001	27522.131889104843
389	-368.43622	-368.43622	-31.188745	-49.511093	1.861365	27.245173	-61.583317	-49.510887	0.1	78385983	27607.72814321518
390	-326.7231	-326.7231	-15.376401	-49.511265	1.8681464	33.45404	-58.98904	-49.511368	0.3	78586985	27691.18640065193
391	-348.52875	-348.52875	8.137246	-49.512787	1.8686274	34.1893	-60.122025	-49.512608	0.2	78787984	27777.54430627823
392	-338.81168	-338.81168	2.9793966	-49.510452	1.9021331	34.111168	-63.98254	-49.510647	0.2	78988990	27860.29132080078
393	-402.6734	-402.6734	5.419624	-49.51202	1.8474586	30.354103	-62.095634	-49.511826	0.1	79189984	27945.574699640274
394	-328.6317	-328.6317	4.545299	-49.507492	1.8922485	39.706814	-57.374527	-49.507645	0.2	79390993	28029.293793439865
395	-346.20804	-346.20804	9.747842	-49.515305	1.8534453	30.630838	-61.253365	-49.5152	0.1	79591993	28113.508108377457
396	-379.68512	-379.68512	5.8923783	-49.510883	1.8335198	40.28428	-63.824802	-49.510643	0.2	79792982	28203.550524950027
397	-294.8881	-294.8881	-21.688313	-49.518738	1.8674064	35.563847	-60.523666	-49.518845	0.0	79993988	28293.22477722168
398	-320.14438	-320.14438	8.986732	-49.513474	1.8752463	30.797594	-62.137856	-49.51327	0.1	80194982	28381.23669052124
399	-294.14093	-294.14093	-69.428856	-49.51193	1.8826166	38.838074	-58.75284	-49.512123	0.1	80395981	28472.55016708374
400	-383.41672	-383.41672	5.233598	-49.51133	1.8600351	24.422321	-59.319912	-49.51118	0.2	80596984	28563.65659379959
401	-321.62292	-321.62292	1.6801735	-49.518837	1.836714	24.884184	-61.09207	-49.51886	0.2	80797987	28651.217947006226
402	-420.31458	-420.31458	-41.839207	-49.50955	1.8968971	35.389732	-58.182858	-49.50943	0.2	80998984	28738.563702583313
403	-424.96872	-424.96872	8.246769	-49.50993	1.8886542	27.149298	-63.548847	-49.509968	0.1	81199981	28826.55964589119
404	-377.2143	-377.2143	-56.6936	-49.519608	1.8818284	42.363125	-61.210533	-49.51974	0.1	81401001	28917.362686157227
405	-394.27563	-394.27563	-18.709833	-49.520145	1.8365119	34.117455	-58.823837	-49.51987	0.2	81601981	29004.62128829956
406	-345.10864	-345.10864	-2.625901	-49.520935	1.8236681	44.450768	-62.66358	-49.52105	0.1	81802985	29102.450105905533
407	-453.22498	-453.22498	3.684374	-49.520653	1.8517774	52.81614	-58.985683	-49.520496	0.1	82003982	29187.301528692245
408	-218.42413	-218.42413	7.3348036	-49.5115	1.8803532	38.537693	-61.739063	-49.511566	0.0	82204990	29272.507821559906
409	-410.0271	-410.0271	-0.32535246	-49.524914	1.8611814	34.341843	-58.625156	-49.524956	0.2	82405981	29357.744568824768
410	-329.44144	-329.44144	5.151749	-49.50984	1.914344	48.47746	-62.983948	-49.509483	0.0	82606993	29442.127606630325
411	-313.0426	-313.0426	-21.765638	-49.512924	1.8759702	40.329494	-61.23763	-49.51305	0.2	82807983	29526.852403879166
412	-311.5258	-311.5258	-144.13136	-49.514587	1.8830925	35.933537	-59.77289	-49.514492	0.0	83008981	29610.79315805435
413	-347.4842	-347.4842	2.5431192	-49.518543	1.875359	32.426647	-64.791	-49.518715	0.1	83209997	29694.725829601288
414	-293.19577	-293.19577	-8.175169	-49.521713	1.8336387	27.262388	-59.940212	-49.52178	0.0	83410993	29778.64396429062
415	-297.02747	-297.02747	7.4261327	-49.518272	1.8570876	33.177628	-64.29662	-49.51787	0.0	83611982	29863.0877058506
416	-390.03824	-390.03824	0.45961466	-49.52263	1.825303	40.14513	-57.88325	-49.522675	0.4	83812983	29947.424834489822
417	-345.46118	-345.46118	2.7614648	-49.525475	1.8215708	44.830036	-61.73294	-49.525543	0.2	84013982	30029.418267965317
418	-391.1565	-391.1565	-12.398281	-49.517696	1.8614436	42.766663	-60.294006	-49.51781	0.0	84214992	30109.968567609787
419	-277.21744	-277.21744	2.292383	-49.515408	1.8819402	45.049854	-61.033257	-49.51515	0.1	84415984	30189.20419859886
420	-330.95007	-330.95007	-12.91381	-49.521713	1.8647661	28.183998	-65.36514	-49.52164	0.1	84616992	30269.473582029343
421	-341.317	-341.317	-6.2509937	-49.5137	1.8667505	35.470528	-63.791466	-49.513546	0.0	84817984	30349.194662332535
422	-315.11984	-315.11984	5.545271	-49.516777	1.8772465	40.525394	-64.248085	-49.51675	0.3	85018988	30429.04527902603
423	-345.71707	-345.71707	5.6344624	-49.524227	1.8588803	29.089493	-63.30845	-49.524124	0.0	85220001	30507.811013936996
424	-385.6376	-385.6376	-45.045967	-49.518093	1.8995844	34.97258	-68.064	-49.517933	0.1	85420985	30589.149745702744
425	-271.13715	-271.13715	-31.329376	-49.510563	1.9082192	37.41165	-58.74135	-49.510513	0.0	85621995	30668.904338121414
426	-321.63565	-321.63565	5.018137	-49.52232	1.8501072	24.245956	-60.613766	-49.52253	0.0	85822984	30748.473699092865
427	-436.6118	-436.6118	7.0808187	-49.523872	1.8361825	26.79577	-65.83117	-49.52377	0.1	86023983	30831.985887765884
428	-353.2453	-353.2453	5.2756643	-49.51498	1.8668611	41.329277	-65.18613	-49.5151	0.0	86224981	30912.794117689133
429	-288.14563	-288.14563	-30.118645	-49.51097	1.8870473	38.786934	-64.41753	-49.510834	0.1	86425983	30993.55296611786
430	-340.46844	-340.46844	7.29648	-49.515263	1.8791621	43.42306	-59.924686	-49.515102	0.0	86627001	31077.33646583557
431	-344.14743	-344.14743	2.7804153	-49.515602	1.8648349	31.867186	-65.00872	-49.515835	0.0	86827983	31156.764833688736
432	-375.14993	-375.14993	-0.8164757	-49.512764	1.8852456	28.379019	-58.562214	-49.512627	0.1	87028982	31237.55816936493
433	-407.13538	-407.13538	4.142758	-49.517868	1.8610767	25.380772	-63.846325	-49.517673	0.0	87229982	31316.595584630966
434	-363.51645	-363.51645	-6.90594	-49.516434	1.8772992	37.649323	-65.13062	-49.5164	0.2	87430982	31396.16977572441
435	-368.44446	-368.44446	-2.6642423	-49.513786	1.8830999	38.134766	-59.398727	-49.513653	0.3	87631986	31476.954516410828
436	-311.89517	-311.89517	1.794831	-49.520023	1.8298023	27.59674	-58.81003	-49.519836	0.4	87832981	31557.241412639618
437	-443.02972	-443.02972	-2.869892	-49.513813	1.8689406	37.698685	-58.655407	-49.51389	0.1	88034001	31635.377799272537
438	-405.10397	-405.10397	-0.59311646	-49.51649	1.8843786	30.741554	-62.88295	-49.516415	0.5	88234986	31713.75501894951
439	-326.07648	-326.07648	0.007270351	-49.51728	1.8470868	27.60689	-60.492977	-49.517105	0.1	88435981	31795.126716852188
440	-341.5498	-341.5498	-7.732813	-49.513145	1.8734756	37.900646	-62.115997	-49.51315	0.1	88636985	31875.844164848328
441	-424.38535	-424.38535	-0.04313195	-49.511074	1.8691448	30.943005	-62.488964	-49.510975	0.0	88837981	31956.67671775818
442	-357.50085	-357.50085	5.521797	-49.514027	1.893624	27.987213	-61.926033	-49.514133	0.1	89039001	32036.513300418854
443	-379.79565	-379.79565	4.909111	-49.513382	1.8642598	33.12838	-59.506176	-49.51323	0.2	89240001	32118.660368680954
444	-277.4765	-277.4765	5.738424	-49.51104	1.8854843	37.115124	-63.944386	-49.51095	0.0	89441001	32196.540768146515
445	-328.93054	-328.93054	8.243214	-49.51846	1.8472255	23.9684	-65.7017	-49.51846	0.0	89641982	32276.536653995514
446	-283.56876	-283.56876	-3.1996398	-49.51114	1.8944532	29.649612	-58.022263	-49.51102	0.1	89842988	32355.061053037643
447	-379.3263	-379.3263	4.9242573	-49.513527	1.8750191	38.526817	-62.280293	-49.51375	0.0	90043989	32436.0902864933
448	-446.94867	-446.94867	3.9692545	-49.52023	1.8313509	23.9148	-59.148182	-49.520065	0.0	90244982	32517.925063848495
449	-387.98465	-387.98465	6.7458873	-49.51456	1.8928916	28.149181	-61.81988	-49.51461	0.1	90445983	32597.701874494553
450	-293.36505	-293.36505	4.459827	-49.507748	1.894813	26.296785	-58.974697	-49.507687	0.2	90646991	32678.829684972763
451	-304.82785	-304.82785	8.868211	-49.515816	1.8410652	43.97527	-61.648262	-49.515747	0.1	90847986	32758.177671909332
452	-381.9287	-381.9287	-6.7291584	-49.50572	1.9084642	23.52004	-62.08039	-49.50583	0.2	91048987	32839.668232917786
453	-312.3152	-312.3152	-13.37082	-49.515137	1.8522462	33.05096	-58.48284	-49.515038	0.3	91249982	32918.18719410896
454	-447.2848	-447.2848	-28.621986	-49.511623	1.8930483	35.315777	-59.83163	-49.511795	0.3	91450981	32996.38448500633
455	-414.86176	-414.86176	7.05988	-49.515446	1.8523947	25.421415	-57.49782	-49.51527	0.2	91651984	33075.95056152344
456	-352.75485	-352.75485	4.0402246	-49.516075	1.8531191	40.755688	-60.958817	-49.516125	0.1	91853001	33154.59745764732
457	-350.32733	-350.32733	-6.3723226	-49.50552	1.9124974	42.00431	-61.606873	-49.50544	0.2	92053992	33235.2368991375
458	-447.98917	-447.98917	-5.8325987	-49.5096	1.881183	27.765186	-62.349766	-49.509567	0.3	92254982	33317.171473026276
459	-340.56613	-340.56613	-0.30352706	-49.514	1.8720374	44.51174	-60.325977	-49.514313	0.4	92456001	33396.91865110397
460	-303.9199	-303.9199	0.25224298	-49.510323	1.876183	29.659706	-67.69969	-49.510254	0.4	92656981	33479.596870183945
461	-450.3217	-450.3217	-10.278197	-49.513607	1.8460938	23.436026	-58.079247	-49.5135	0.1	92857986	33557.931965112686
462	-359.81308	-359.81308	-10.417365	-49.507904	1.8684516	35.177414	-68.066765	-49.50781	0.1	93058981	33637.80454325676
463	-415.92618	-415.92618	-39.005295	-49.506237	1.8882078	66.09876	-58.989418	-49.506214	0.1	93259983	33718.03615140915
464	-327.1654	-327.1654	7.8337574	-49.511463	1.8830833	39.00316	-60.62733	-49.511684	0.2	93460982	33796.39650583267
465	-339.12616	-339.12616	-36.38676	-49.5076	1.8474907	49.27987	-59.31623	-49.50747	0.2	93661983	33876.41042971611
466	-334.7153	-334.7153	3.129947	-49.50533	1.9108828	36.30189	-60.135487	-49.505306	0.3	93863001	33955.037581682205
467	-370.27014	-370.27014	-3.2656622	-49.50256	1.8988097	30.299572	-63.350796	-49.502754	0.2	94064001	34035.3492641449
468	-329.14804	-329.14804	-30.197737	-49.500362	1.8978817	29.296875	-58.58455	-49.499954	0.2	94264983	34114.41064810753
469	-453.88452	-453.88452	-11.181026	-49.495583	1.9633212	74.96939	-59.295177	-49.495815	0.1	94466000	34193.45614528656
470	-408.11923	-408.11923	-6.837239	-49.504448	1.8808123	27.060898	-63.09326	-49.504448	0.3	94667001	34272.93880939484
471	-255.89168	-255.89168	-21.647228	-49.511536	1.8416551	36.492325	-62.436153	-49.51139	0.3	94867981	34353.118277549744
472	-398.0506	-398.0506	1.6516998	-49.497593	1.9180204	32.27016	-64.76743	-49.49757	0.2	95068983	34432.98901247978
473	-356.32608	-356.32608	7.7291045	-49.50023	1.9125727	49.328384	-57.53696	-49.50034	0.0	95270001	34513.83194589615
474	-354.87985	-354.87985	-10.306832	-49.503735	1.8869444	47.32539	-58.77255	-49.503555	0.3	95470986	34592.34667134285
475	-310.0216	-310.0216	-11.45188	-49.505074	1.8906221	27.836506	-60.378273	-49.504948	0.1	95671986	34673.035378456116
476	-275.6756	-275.6756	-49.264736	-49.50229	1.8910118	27.75362	-60.129005	-49.50234	0.3	95872983	34754.87971973419
477	-451.9157	-451.9157	8.261285	-49.504814	1.9045234	44.89994	-64.85732	-49.50491	0.2	96073982	34835.99385404587
478	-394.76184	-394.76184	2.5002406	-49.507435	1.8794011	33.12161	-60.5014	-49.50735	0.2	96274996	34917.276542425156
479	-356.51395	-356.51395	3.2075791	-49.5	1.9003897	25.491028	-61.793842	-49.500046	0.4	96475986	34997.83380508423
480	-266.25964	-266.25964	-3.1083627	-49.505238	1.8683925	35.889942	-64.49067	-49.50525	0.2	96676984	35078.143409729004
481	-447.5237	-447.5237	6.5364795	-49.503887	1.8647331	56.37368	-63.245255	-49.50383	0.0	96878001	35158.22258543968
482	-387.80005	-387.80005	-14.143704	-49.50256	1.883744	23.800276	-60.73514	-49.502502	0.1	97078993	35240.87851309776
483	-328.8696	-328.8696	4.7971096	-49.498528	1.8983277	25.844406	-59.976166	-49.49841	0.3	97279981	35320.19909501076
484	-362.38934	-362.38934	4.025104	-49.505596	1.8799345	27.235662	-59.141533	-49.505524	0.3	97480987	35402.731006622314
485	-289.22318	-289.22318	8.000717	-49.50411	1.8873435	23.739119	-63.246075	-49.504204	0.1	97681982	35483.00778102875
486	-401.68237	-401.68237	5.3097987	-49.50428	1.8567079	28.064306	-59.579475	-49.504215	0.1	97882983	35563.37683939934
487	-332.49377	-332.49377	10.817865	-49.50371	1.8827494	26.647963	-60.394035	-49.503952	0.1	98083982	35643.06783080101
488	-393.57654	-393.57654	-0.30090478	-49.497704	1.8816535	57.468704	-61.689823	-49.497715	0.1	98284984	35723.4143614769
489	-309.8748	-309.8748	9.396796	-49.493187	1.9072895	25.537504	-60.842117	-49.49315	0.2	98485981	35801.67642402649
490	-362.63425	-362.63425	7.410985	-49.503117	1.8781891	39.738773	-58.80876	-49.502968	0.2	98686987	35883.37085080147
491	-339.49734	-339.49734	-1.3042061	-49.50555	1.881918	36.801662	-61.868736	-49.50534	0.2	98887982	35963.71644258499
492	-305.5371	-305.5371	-18.05374	-49.50398	1.84586	39.27742	-60.360847	-49.50407	0.1	99088989	36043.32699251175
493	-293.60904	-293.60904	9.135131	-49.494793	1.9037064	31.535656	-61.605312	-49.49461	0.2	99289982	36122.9667224884
494	-288.4132	-288.4132	-24.555744	-49.488884	1.9493057	33.31941	-63.051704	-49.48894	0.1	99490981	36202.703293800354
495	-380.3537	-380.3537	8.210198	-49.49461	1.8848338	49.5241	-58.957848	-49.49438	0.2	99691981	36282.221782922745
496	-359.62796	-359.62796	9.362115	-49.492264	1.8928171	33.35936	-58.237362	-49.492165	0.5	99893001	36362.77522134781
497	-431.6682	-431.6682	3.6420379	-49.49155	1.9028429	36.544186	-58.22878	-49.491264	0.0	100093987	36443.67865753174
498	-322.55374	-322.55374	-1.6241131	-49.491913	1.9005513	23.920834	-69.18313	-49.492355	0.1	100294996	36522.6955037117
499	-347.3545	-347.3545	8.232375	-49.49147	1.8789462	29.58614	-59.714077	-49.491425	0.0	100495983	36600.297241687775
