Epoch	EpRet	EpRealRet	TestEpRet	AverageQ1	StdQ1	MaxQ1	MinQ1	Q2	TestSuccess	TotalEnvInteracts	TotalTime
0	-773.2198	-773.2198	-861.2547	-47.47112	7.502974	-0.09355855	-172.72705	-47.468666	0.0	196991	104.7821397781372
1	-809.801	-809.801	-795.5512	-48.782444	5.060339	13.707683	-70.056175	-48.782898	0.0	397991	213.35617089271545
2	-834.5175	-834.5175	-669.9573	-48.65808	5.7103357	25.023079	-67.042366	-48.65875	0.0	598991	324.1421055793762
3	-791.9764	-791.9764	-640.78015	-48.869236	4.9449244	11.243884	-65.306	-48.87001	0.0	799991	435.9519376754761
4	-730.04553	-730.04553	-823.3109	-48.954163	4.6272354	9.645454	-61.831276	-48.95433	0.0	1000991	548.3843986988068
5	-745.2634	-745.2634	-658.3554	-49.024303	4.337325	11.362867	-62.23521	-49.02434	0.0	1201991	661.1349205970764
6	-756.37286	-756.37286	-684.4165	-49.087624	4.135637	19.236929	-64.85001	-49.088314	0.0	1402991	764.3664841651917
7	-748.1907	-748.1907	-739.0463	-49.08311	4.082858	11.753292	-71.11326	-49.083042	0.0	1603991	859.8139011859894
8	-774.0602	-774.0602	-634.4416	-49.0863	3.9803166	7.750215	-61.62742	-49.086353	0.0	1804991	956.8092937469482
9	-739.3568	-739.3568	-609.4401	-49.11992	3.804456	18.718386	-60.264347	-49.120342	0.0	2005991	1059.3941309452057
10	-719.80225	-719.80225	-589.1525	-49.16705	3.6441617	8.202636	-60.06992	-49.167034	0.0	2206991	1156.657657623291
11	-761.89264	-761.89264	-636.0579	-49.15704	3.6229863	14.26996	-60.927128	-49.157623	0.0	2407991	1253.1733677387238
12	-724.0064	-724.0064	-714.1559	-49.158012	3.562876	10.029537	-61.048973	-49.158207	0.0	2608991	1350.814433813095
13	-734.7597	-734.7597	-665.67664	-49.164696	3.5055168	8.825181	-63.448956	-49.164513	0.0	2809991	1451.746711730957
14	-689.1211	-689.1211	-699.165	-49.15488	3.5542922	10.129485	-65.814316	-49.154957	0.0	3010991	1552.0204389095306
15	-776.2949	-776.2949	-649.4804	-49.142612	3.5451186	8.571408	-60.640766	-49.142387	0.0	3211991	1650.897310256958
16	-696.99414	-696.99414	-673.5351	-49.098595	3.6861837	15.967873	-60.517387	-49.09799	0.0	3412991	1748.3316404819489
17	-750.35956	-750.35956	-633.79596	-49.07114	3.808378	11.453476	-59.192947	-49.07145	0.0	3613991	1846.623054265976
18	-734.7123	-734.7123	-579.66364	-49.11486	3.6659372	5.5364842	-59.761368	-49.113937	0.0	3814991	1950.1284289360046
19	-722.94	-722.94	-639.11725	-49.145924	3.586066	9.968668	-58.97882	-49.145557	0.0	4015991	2056.490841627121
20	-725.9484	-725.9484	-606.4301	-49.15772	3.561649	10.138069	-57.880257	-49.157448	0.0	4216991	2153.951200246811
21	-709.13226	-709.13226	-651.9707	-49.156662	3.547714	9.552395	-58.582314	-49.15624	0.0	4417991	2251.2507359981537
22	-781.28143	-781.28143	-754.2389	-49.172756	3.4894257	9.571041	-61.37604	-49.17243	0.0	4618991	2346.5655484199524
23	-717.9946	-717.9946	-589.252	-49.187595	3.4605694	10.017952	-64.231255	-49.187588	0.0	4819991	2441.848368167877
24	-735.75916	-735.75916	-653.5123	-49.208385	3.418764	13.996169	-62.7543	-49.208557	0.0	5020991	2539.2564158439636
25	-751.9408	-751.9408	-545.5246	-49.232506	3.3336306	10.425089	-62.224846	-49.232594	0.0	5221991	2635.517124891281
26	-757.8178	-757.8178	-675.2566	-49.24221	3.286946	15.560514	-60.021736	-49.24199	0.0	5422991	2730.597047805786
27	-763.6167	-763.6167	-691.3035	-49.246372	3.2533598	9.610034	-58.386604	-49.24598	0.0	5623991	2828.5209906101227
28	-743.6715	-743.6715	-549.6488	-49.25547	3.2127752	36.624523	-58.122353	-49.2555	0.0	5824991	2930.742246866226
29	-739.9758	-739.9758	-617.1825	-49.27413	3.0715008	34.95117	-58.75073	-49.274326	0.0	6025991	3038.0342712402344
30	-721.3709	-721.3709	-607.6298	-49.29887	2.9296792	17.126966	-59.860092	-49.298717	0.0	6226991	3144.313204050064
31	-762.80896	-762.80896	-621.7642	-49.31222	2.9068449	30.94104	-57.1749	-49.312073	0.0	6427991	3244.478117465973
32	-740.486	-740.486	-615.8736	-49.300823	2.9260688	18.619886	-59.46148	-49.30114	0.0	6628991	3345.233454465866
33	-715.0584	-715.0584	-639.7018	-49.312527	2.9129126	21.403297	-58.848488	-49.31175	0.0	6829991	3448.5212831497192
34	-690.80347	-690.80347	-705.2475	-49.31669	2.8849332	18.864445	-61.733356	-49.316425	0.0	7030991	3553.7349104881287
35	-709.03937	-709.03937	-601.70667	-49.30841	2.9148595	30.43476	-59.372757	-49.30849	0.0	7231991	3654.5220499038696
36	-752.40155	-752.40155	-609.88873	-49.29714	2.9591265	16.022528	-58.669918	-49.29707	0.0	7432991	3753.683013677597
37	-730.61597	-730.61597	-602.23883	-49.29681	2.9942687	14.8237705	-56.331493	-49.29682	0.0	7633991	3859.1701517105103
38	-762.14844	-762.14844	-685.02594	-49.30036	3.0157404	22.477386	-58.263626	-49.300423	0.0	7834991	3967.237216949463
39	-714.18787	-714.18787	-586.0284	-49.306057	3.0252018	31.214437	-56.703182	-49.30585	0.0	8035991	4075.176027536392
40	-755.30383	-755.30383	-638.6501	-49.302406	3.0619912	33.98197	-59.6644	-49.302124	0.0	8236991	4175.858443021774
41	-684.2467	-684.2467	-588.31055	-49.2989	3.0987093	31.661695	-57.430286	-49.299217	0.0	8437991	4282.642577171326
42	-686.22546	-686.22546	-630.67084	-49.31351	3.0742896	28.820936	-57.31264	-49.313404	0.0	8638991	4386.878109693527
43	-732.46594	-732.46594	-570.8715	-49.337036	2.9700286	22.429356	-58.36137	-49.336723	0.0	8839991	4491.485841989517
44	-709.9637	-709.9637	-595.6579	-49.340992	2.9389265	19.463165	-55.75189	-49.340748	0.0	9040991	4594.069708108902
45	-645.29584	-645.29584	-574.9438	-49.351295	2.9216638	17.66789	-57.027157	-49.35095	0.0	9241991	4697.134227752686
46	-716.9637	-716.9637	-671.27277	-49.349377	2.9107535	22.705618	-56.31428	-49.34931	0.0	9442991	4801.929662942886
47	-718.47485	-718.47485	-581.1079	-49.37166	2.816565	19.718801	-57.78015	-49.371418	0.0	9643991	4905.465274572372
48	-741.3621	-741.3621	-490.6989	-49.399857	2.668574	28.165705	-57.60163	-49.39947	0.0	9844991	5009.206032991409
49	-695.85724	-695.85724	-580.69666	-49.393646	2.654314	20.135313	-56.010365	-49.3934	0.0	10045991	5111.536592006683
50	-715.39087	-715.39087	-596.3906	-49.393433	2.6643856	17.829601	-58.193348	-49.393677	0.0	10246991	5217.269456863403
51	-702.88904	-702.88904	-523.6096	-49.402016	2.6389697	20.009384	-56.078026	-49.40197	0.0	10447991	5321.995848417282
52	-703.7664	-703.7664	-675.87994	-49.402027	2.6191006	6.53607	-57.67072	-49.401657	0.0	10648991	5430.4023451805115
53	-711.6121	-711.6121	-537.45264	-49.407726	2.6117578	13.322595	-57.745335	-49.40764	0.0	10849991	5532.96355843544
54	-734.55	-734.55	-471.4674	-49.4135	2.593013	10.657392	-56.836998	-49.41348	0.0	11050991	5636.052352905273
55	-720.7131	-720.7131	-672.17914	-49.42871	2.5368743	10.136686	-57.994236	-49.428646	0.0	11251991	5740.709136247635
56	-684.536	-684.536	-569.96564	-49.4331	2.4894211	17.043627	-56.928284	-49.433125	0.0	11452991	5841.264764547348
57	-704.85297	-704.85297	-604.0933	-49.43844	2.478549	18.450006	-57.27859	-49.43837	0.0	11653991	5945.302539348602
58	-699.8312	-699.8312	-537.43256	-49.441845	2.4476018	15.2746725	-55.562347	-49.441658	0.0	11854991	6047.067364454269
59	-684.7898	-684.7898	-531.7724	-49.44791	2.411321	6.1749125	-55.77178	-49.447624	0.0	12055991	6149.138974189758
60	-693.6074	-693.6074	-540.8033	-49.459476	2.3408942	4.9781694	-55.874146	-49.459354	0.0	12256991	6250.3332850933075
61	-673.5965	-673.5965	-569.77734	-49.461643	2.3345518	6.0350785	-56.483727	-49.461704	0.0	12457991	6352.991253376007
62	-697.99976	-697.99976	-623.5711	-49.469276	2.3010583	5.795847	-55.72982	-49.469036	0.0	12658991	6461.53071475029
63	-665.5455	-665.5455	-677.18097	-49.480167	2.2451963	7.7521157	-54.803226	-49.48031	0.0	12859991	6571.99281835556
64	-634.12463	-634.12463	-541.0598	-49.496597	2.199882	9.114603	-54.90392	-49.49659	0.0	13060991	6674.0334503650665
65	-702.80524	-702.80524	-599.7105	-49.49447	2.1787512	7.9364357	-55.88448	-49.49438	0.0	13261991	6780.989846229553
66	-665.1417	-665.1417	-553.277	-49.492676	2.193702	11.683195	-55.558426	-49.49263	0.0	13462991	6885.10603427887
67	-686.3602	-686.3602	-523.08246	-49.507027	2.156585	10.685419	-54.83571	-49.50681	0.0	13663991	6990.511084318161
68	-681.1585	-681.1585	-596.2849	-49.503742	2.1741254	9.299747	-55.644085	-49.503616	0.0	13864991	7093.243766546249
69	-681.39655	-681.39655	-508.01846	-49.507645	2.1436703	7.272441	-54.91396	-49.507412	0.0	14065991	7196.150156021118
70	-714.22437	-714.22437	-555.687	-49.515797	2.1096976	8.381344	-54.4911	-49.515713	0.0	14266991	7301.439991950989
71	-675.1639	-675.1639	-494.0135	-49.51559	2.1061313	9.452501	-54.985947	-49.515434	0.0	14467991	7409.876537322998
72	-714.7922	-714.7922	-592.87555	-49.512634	2.111696	6.5478573	-56.653057	-49.51234	0.0	14668991	7529.592481374741
73	-682.96826	-682.96826	-721.09534	-49.520145	2.094689	8.499303	-55.11176	-49.520008	0.0	14869991	7635.959904193878
74	-667.568	-667.568	-530.27203	-49.525528	2.0694118	16.829401	-54.44692	-49.525223	0.0	15070991	7742.908449888229
75	-704.212	-704.212	-614.316	-49.525265	2.058663	15.879776	-54.73664	-49.52511	0.0	15271991	7850.656059265137
76	-730.5737	-730.5737	-503.45734	-49.529755	2.0665228	6.115326	-54.426945	-49.529766	0.0	15472991	7951.813262701035
77	-677.0497	-677.0497	-546.3601	-49.536713	2.0288808	7.2244453	-55.455486	-49.536476	0.0	15673991	8053.842913389206
78	-670.5178	-670.5178	-590.4693	-49.53159	2.0367568	5.38554	-54.92412	-49.531555	0.0	15874991	8157.678337812424
79	-711.13226	-711.13226	-594.3097	-49.537937	2.0220945	5.3083673	-54.952785	-49.53766	0.0	16075991	8258.661942005157
80	-675.09515	-675.09515	-505.95517	-49.540886	1.9928705	3.8344822	-54.909573	-49.5406	0.0	16276991	8358.614031076431
81	-697.81244	-697.81244	-573.8482	-49.548317	1.9637227	2.38594	-55.560375	-49.54814	0.0	16477991	8459.532358407974
82	-665.6225	-665.6225	-589.2921	-49.55011	1.9629205	2.5034585	-55.397953	-49.550026	0.0	16678991	8559.271392345428
83	-695.2983	-695.2983	-574.9454	-49.555553	1.9386511	7.1589537	-55.834415	-49.555534	0.0	16879991	8658.954579114914
84	-708.5682	-708.5682	-581.9758	-49.55384	1.9371198	6.2642474	-55.387505	-49.553715	0.0	17080991	8758.490062713623
85	-716.98804	-716.98804	-513.3465	-49.558563	1.9485313	11.268559	-57.1876	-49.55825	0.0	17281991	8856.719997644424
86	-651.8923	-651.8923	-470.9261	-49.56499	1.9112582	8.297842	-55.872284	-49.564972	0.0	17482991	8954.456896781921
87	-649.59	-649.59	-554.9461	-49.565258	1.9069581	7.234594	-55.466278	-49.565098	0.0	17683991	9051.747686386108
88	-676.84564	-676.84564	-565.2192	-49.568882	1.8832093	4.2083673	-54.726185	-49.568607	0.0	17884991	9148.192035675049
89	-682.4243	-682.4243	-598.39465	-49.57294	1.8731636	7.8455353	-54.333813	-49.57297	0.0	18085991	9245.121840238571
90	-635.57837	-635.57837	-538.69666	-49.57174	1.8860836	4.3588886	-55.064705	-49.571426	0.0	18286991	9342.429684638977
91	-690.66034	-690.66034	-487.88562	-49.571278	1.8769431	8.031919	-55.103043	-49.570908	0.0	18487991	9438.954177379608
92	-683.36487	-683.36487	-516.9848	-49.577015	1.8666711	7.009431	-55.98686	-49.577137	0.0	18688991	9535.573521614075
93	-675.8273	-675.8273	-622.3516	-49.58499	1.8358396	5.817835	-54.28341	-49.58487	0.0	18889991	9631.704431056976
94	-632.0947	-632.0947	-529.63086	-49.584415	1.8423104	9.609926	-55.00049	-49.584236	0.0	19090991	9728.230824232101
95	-720.9453	-720.9453	-583.0648	-49.585068	1.8185548	6.000549	-54.080708	-49.58475	0.0	19291991	9824.499302864075
96	-700.022	-700.022	-530.62384	-49.59162	1.8058809	4.155048	-54.68547	-49.59137	0.0	19492991	9921.351576805115
97	-629.0315	-629.0315	-513.40155	-49.58567	1.8185892	5.0923696	-55.7032	-49.58549	0.0	19693991	10017.644960403442
98	-679.2849	-679.2849	-529.0023	-49.59769	1.7703613	11.13338	-54.993076	-49.597668	0.0	19894991	10114.478088617325
99	-653.28815	-653.28815	-528.54224	-49.600693	1.7660097	9.7016735	-54.12203	-49.600563	0.0	20095991	10210.234369039536
100	-697.0848	-697.0848	-606.65	-49.597775	1.7745384	18.342293	-55.29505	-49.59767	0.0	20296991	10306.238323450089
101	-683.0765	-683.0765	-624.00336	-49.593388	1.7697679	9.4589	-54.60874	-49.593304	0.0	20497991	10402.656583547592
102	-688.1529	-688.1529	-486.84003	-49.593746	1.785137	7.6373634	-54.44564	-49.593624	0.0	20698991	10498.921388149261
103	-651.6295	-651.6295	-496.8823	-49.597496	1.7696112	5.862212	-54.40742	-49.597485	0.0	20899991	10594.587485790253
104	-679.8232	-679.8232	-552.5383	-49.597794	1.7630999	5.002572	-54.852127	-49.59794	0.0	21100991	10689.921606779099
105	-721.38416	-721.38416	-581.5201	-49.60683	1.7271173	4.8445945	-54.26534	-49.606667	0.0	21301991	10785.502983808517
106	-691.116	-691.116	-456.36768	-49.61252	1.7161334	7.868993	-53.807686	-49.61245	0.0	21502991	10881.397003889084
107	-682.0998	-682.0998	-598.11237	-49.608395	1.7278727	3.7884789	-54.40823	-49.60827	0.0	21703991	10976.269795656204
108	-677.43646	-677.43646	-613.0845	-49.61787	1.6927106	6.614056	-54.36425	-49.618023	0.0	21904991	11070.780639410019
109	-684.9063	-684.9063	-542.64215	-49.615112	1.6977596	8.212721	-54.270176	-49.615143	0.0	22105991	11165.994768619537
110	-661.10913	-661.10913	-556.6591	-49.621178	1.6931723	4.163417	-54.35748	-49.621155	0.0	22306991	11261.287738084793
111	-701.0862	-701.0862	-548.7162	-49.621433	1.681211	5.3908505	-53.874527	-49.62126	0.0	22507991	11356.9191634655
112	-650.6678	-650.6678	-547.9483	-49.622135	1.6820744	4.7097178	-54.121983	-49.62232	0.0	22708991	11451.84927225113
113	-677.0318	-677.0318	-603.2314	-49.628235	1.6546254	2.306715	-53.78316	-49.628304	0.0	22909991	11547.102927207947
114	-649.89575	-649.89575	-564.95905	-49.62203	1.6791406	3.0711472	-53.91175	-49.62193	0.0	23110991	11642.01807308197
115	-677.1688	-677.1688	-539.01843	-49.632072	1.6432617	6.8156395	-53.752213	-49.631893	0.0	23311991	11737.658542871475
116	-627.8149	-627.8149	-570.2012	-49.626553	1.6543126	13.785533	-55.49667	-49.626663	0.0	23512991	11832.552928447723
117	-655.67163	-655.67163	-545.5775	-49.629326	1.6573081	5.828044	-53.84202	-49.629204	0.1	23713991	11927.5088493824
118	-660.4636	-660.4636	-507.54218	-49.632523	1.6282263	7.218461	-54.03086	-49.63245	0.0	23914991	12022.244996070862
119	-698.20087	-698.20087	-485.00183	-49.636734	1.6153116	-0.8860327	-53.62031	-49.636795	0.0	24115991	12117.170555830002
120	-662.6779	-662.6779	-478.355	-49.636715	1.630927	5.906109	-54.98839	-49.63673	0.0	24316991	12212.355058431625
121	-669.5792	-669.5792	-618.04	-49.64023	1.6101383	6.3620663	-53.817173	-49.64014	0.0	24517991	12307.604712724686
122	-672.32	-672.32	-459.77054	-49.64002	1.5966834	5.60196	-53.782013	-49.6399	0.0	24718991	12402.118201494217
123	-672.5544	-672.5544	-664.6408	-49.644295	1.585706	3.5199153	-54.641567	-49.64416	0.0	24919991	12496.508651733398
124	-722.94147	-722.94147	-553.5745	-49.64702	1.5857728	0.5748825	-56.15388	-49.646885	0.0	25120991	12591.94928407669
125	-625.90454	-625.90454	-596.60266	-49.64854	1.569908	4.373934	-53.550106	-49.648453	0.1	25321991	12687.60784649849
126	-659.98157	-659.98157	-601.43085	-49.64985	1.5715203	3.5287626	-53.970284	-49.64972	0.0	25522991	12782.026140928268
127	-617.44666	-617.44666	-639.68396	-49.65413	1.5525677	3.7473934	-53.77214	-49.654057	0.0	25723991	12876.840234994888
128	-631.81854	-631.81854	-517.45026	-49.654305	1.5499653	7.894089	-53.720757	-49.654022	0.0	25924991	12971.23158788681
129	-646.4163	-646.4163	-525.98615	-49.65461	1.5355026	-2.2335286	-53.65019	-49.654564	0.0	26125991	13065.499929904938
130	-689.295	-689.295	-566.13196	-49.66048	1.52498	4.01604	-54.32804	-49.660328	0.0	26326991	13167.497128725052
131	-706.2366	-706.2366	-598.5511	-49.659523	1.5200492	6.681611	-53.850056	-49.6593	0.0	26527991	13263.91721367836
132	-611.9212	-611.9212	-590.606	-49.655693	1.5281647	2.2929935	-54.000767	-49.655575	0.0	26728991	13359.151578903198
133	-688.28406	-688.28406	-566.0329	-49.659523	1.5164586	14.289123	-53.792625	-49.659496	0.0	26929991	13453.93336892128
134	-642.934	-642.934	-655.6392	-49.661358	1.500177	4.0177603	-53.000412	-49.661266	0.0	27130991	13549.139852046967
135	-656.9768	-656.9768	-473.77795	-49.664204	1.4824942	5.5232477	-52.976578	-49.663876	0.0	27331991	13644.367501735687
136	-644.5068	-644.5068	-601.2103	-49.663532	1.4835935	0.87264514	-53.373314	-49.66338	0.0	27532991	13739.392547369003
137	-665.7798	-665.7798	-544.2075	-49.664	1.4938623	5.7139034	-54.148174	-49.663868	0.0	27733991	13833.86737537384
138	-614.7107	-614.7107	-638.4979	-49.66748	1.4680032	3.6081493	-53.697132	-49.667404	0.0	27934991	13930.147732257843
139	-655.34314	-655.34314	-616.9869	-49.667576	1.4745035	1.6063142	-53.506393	-49.66738	0.0	28135991	14030.571790456772
140	-639.58276	-639.58276	-657.75793	-49.671005	1.456779	-2.1215153	-53.414444	-49.670795	0.0	28336991	14132.65535235405
141	-632.92065	-632.92065	-469.3833	-49.66957	1.4738271	0.5681038	-53.54629	-49.66957	0.0	28537991	14233.496871471405
142	-604.0841	-604.0841	-544.87787	-49.672554	1.4506423	2.4621894	-53.65083	-49.672432	0.0	28738991	14334.354746103287
143	-638.18976	-638.18976	-545.31226	-49.67578	1.4336246	3.5858233	-53.617104	-49.675568	0.0	28939991	14432.934184074402
144	-662.39343	-662.39343	-610.1288	-49.67461	1.4422321	2.4940672	-53.33275	-49.67465	0.0	29140991	14541.867999076843
145	-629.1685	-629.1685	-524.11957	-49.680115	1.4202693	1.7342851	-52.92898	-49.67983	0.0	29341991	14639.383834600449
146	-642.0817	-642.0817	-509.66367	-49.677406	1.419121	0.5721204	-54.010204	-49.677216	0.0	29542991	14733.773258924484
147	-665.9723	-665.9723	-458.27246	-49.678173	1.4191682	5.8659515	-53.663204	-49.67833	0.1	29743991	14827.749558925629
148	-673.7675	-673.7675	-476.79626	-49.676216	1.4270648	5.889283	-53.929085	-49.676003	0.0	29944991	14922.526734352112
149	-652.8706	-652.8706	-594.74097	-49.683407	1.4014663	0.02801776	-53.574986	-49.683327	0.0	30145991	15021.443974018097
150	-693.0589	-693.0589	-550.32245	-49.67901	1.4084533	5.499643	-53.846767	-49.679016	0.0	30346991	15116.153133153915
151	-600.8545	-600.8545	-501.88007	-49.67843	1.4075313	7.306505	-53.140373	-49.678326	0.0	30547991	15211.547343492508
152	-624.006	-624.006	-519.1498	-49.681293	1.394667	1.3058059	-53.65625	-49.68112	0.0	30748991	15307.80523109436
153	-649.28577	-649.28577	-521.42377	-49.68591	1.3811294	4.8580256	-53.460552	-49.68603	0.0	30949991	15404.687549352646
154	-659.4849	-659.4849	-561.4389	-49.68884	1.3692698	3.0342307	-53.576683	-49.68874	0.0	31150991	15506.003962039948
155	-641.09644	-641.09644	-495.07706	-49.68255	1.3911945	2.482281	-53.06013	-49.68249	0.0	31351991	15609.627853393555
156	-643.84534	-643.84534	-592.0823	-49.689404	1.364335	-0.32479382	-54.208694	-49.689323	0.0	31552991	15708.617020130157
157	-643.88116	-643.88116	-567.536	-49.69014	1.3710302	1.631453	-52.86348	-49.69014	0.0	31753991	15808.806514501572
158	-650.65704	-650.65704	-548.1909	-49.688183	1.360983	-3.966618	-54.078884	-49.68813	0.0	31954991	15909.980560064316
159	-661.3708	-661.3708	-486.0968	-49.69061	1.3598742	-4.1990495	-53.96294	-49.690357	0.0	32155991	16013.706677436829
160	-642.7619	-642.7619	-523.202	-49.69249	1.3530213	2.1247206	-53.82949	-49.692398	0.0	32356991	16116.343856334686
161	-651.57434	-651.57434	-532.2436	-49.691742	1.3502077	2.336687	-53.48159	-49.691906	0.0	32557991	16220.10063791275
162	-638.6199	-638.6199	-534.74164	-49.69692	1.3375102	-0.55350685	-53.440914	-49.6968	0.0	32758991	16325.250190973282
163	-638.5511	-638.5511	-551.2343	-49.69828	1.3190783	-4.309673	-53.141304	-49.698242	0.0	32959991	16426.802053928375
164	-669.40625	-669.40625	-440.29855	-49.6982	1.3237351	0.37540317	-53.51721	-49.69812	0.0	33160991	16529.05336165428
165	-630.6264	-630.6264	-522.517	-49.70436	1.3079944	-1.1788194	-54.08873	-49.704372	0.0	33361991	16629.919129371643
166	-653.1337	-653.1337	-544.8008	-49.7012	1.3257978	1.4261813	-53.04749	-49.701015	0.0	33562991	16729.908985853195
167	-646.39087	-646.39087	-538.3789	-49.69934	1.3199285	-3.9889138	-53.36232	-49.699326	0.0	33763991	16830.804267406464
168	-627.09436	-627.09436	-385.07166	-49.70165	1.3307245	2.6042938	-53.166935	-49.701687	0.0	33964991	16931.769829034805
169	-613.5887	-613.5887	-542.80524	-49.706482	1.3106349	15.917113	-53.429333	-49.706436	0.0	34165991	17030.973091363907
170	-619.07355	-619.07355	-577.2231	-49.704437	1.3038902	-1.0813951	-54.02001	-49.70455	0.0	34366991	17132.589119195938
171	-644.0392	-644.0392	-507.92908	-49.70024	1.3177804	3.4986272	-52.93026	-49.70029	0.0	34567991	17235.465140104294
172	-624.4023	-624.4023	-551.7503	-49.70453	1.2991352	2.4335017	-52.777637	-49.704464	0.0	34768991	17337.378000974655
173	-623.1555	-623.1555	-481.12558	-49.707367	1.2861024	0.2482748	-53.04053	-49.707348	0.0	34969991	17442.493860006332
174	-681.0507	-681.0507	-540.18335	-49.707108	1.2990621	3.5439992	-53.303802	-49.70718	0.0	35170991	17544.74646472931
175	-614.25604	-614.25604	-501.92276	-49.710773	1.2800955	1.7391648	-53.661503	-49.710884	0.0	35371991	17647.90252017975
176	-592.6691	-592.6691	-483.50803	-49.7082	1.2895596	1.3020453	-53.126347	-49.707943	0.0	35572991	17750.8566699028
177	-642.043	-642.043	-567.2472	-49.709988	1.2894807	6.7427692	-53.08638	-49.710163	0.0	35773991	17862.613120555878
178	-617.10345	-617.10345	-569.9166	-49.711044	1.277329	3.883053	-53.01354	-49.710976	0.0	35974991	17970.751669168472
179	-645.5576	-645.5576	-570.45593	-49.71343	1.2575742	1.095963	-52.725956	-49.71334	0.0	36175991	18081.990280628204
180	-640.6996	-640.6996	-532.2065	-49.71627	1.2578298	1.5046778	-53.193977	-49.716457	0.0	36376991	18186.971549272537
181	-637.7559	-637.7559	-428.784	-49.715134	1.2570484	-0.21537161	-53.45707	-49.71503	0.0	36577991	18291.40371656418
182	-607.11646	-607.11646	-534.0927	-49.716377	1.248242	-1.2243248	-52.94504	-49.716434	0.0	36778991	18398.422085762024
183	-617.2809	-617.2809	-494.9901	-49.714428	1.2443627	-1.89437	-53.011166	-49.714493	0.0	36979991	18503.55204629898
184	-619.2772	-619.2772	-537.50446	-49.718647	1.2362607	-6.730348	-53.931137	-49.718735	0.0	37180991	18609.327421426773
185	-650.9438	-650.9438	-478.40546	-49.716114	1.2402805	-0.92537737	-54.18039	-49.716038	0.0	37381991	18715.39577960968
186	-577.0599	-577.0599	-427.40546	-49.71618	1.2406842	-6.2312765	-53.452957	-49.716274	0.0	37582991	18819.71461558342
187	-655.29877	-655.29877	-566.2625	-49.71762	1.2378837	-2.9519157	-53.142105	-49.71768	0.0	37783991	18924.73642897606
188	-614.10046	-614.10046	-508.9623	-49.719574	1.2262633	-4.04327	-53.134403	-49.719658	0.1	37984991	19027.724628210068
189	-597.79895	-597.79895	-494.02344	-49.715122	1.232312	-15.580348	-53.076607	-49.714985	0.0	38185991	19136.16953253746
190	-630.2399	-630.2399	-524.91626	-49.71918	1.2237175	-12.69216	-53.106995	-49.719296	0.0	38386991	19246.89790058136
191	-656.85	-656.85	-468.74698	-49.722294	1.2087831	-12.049542	-53.028008	-49.72227	0.1	38587991	19358.915942907333
192	-616.9842	-616.9842	-504.52628	-49.723015	1.2207	3.0341961	-53.005974	-49.72309	0.0	38788991	19467.457230329514
193	-611.9397	-611.9397	-499.911	-49.72316	1.2041491	-10.355607	-53.54805	-49.723244	0.0	38989991	19568.930531978607
194	-574.8963	-574.8963	-507.1498	-49.726093	1.1920857	-11.110463	-52.75343	-49.726067	0.0	39190991	19670.772724866867
195	-606.6229	-606.6229	-415.61523	-49.724262	1.2034552	-11.560764	-52.80624	-49.72439	0.0	39391991	19771.66336965561
196	-604.20544	-604.20544	-476.78888	-49.72498	1.2017392	-8.285973	-52.591724	-49.724865	0.0	39592991	19873.746659994125
197	-652.1752	-652.1752	-518.3264	-49.72544	1.1963971	-5.2142906	-52.61516	-49.725582	0.0	39793991	19973.918522834778
198	-622.6255	-622.6255	-424.59567	-49.728424	1.1862414	-12.027679	-52.642513	-49.728374	0.0	39994991	20083.195074796677
199	-629.1162	-629.1162	-568.5231	-49.72673	1.1921004	-2.8196268	-52.980648	-49.726635	0.0	40195991	20188.415446043015
200	-624.92505	-624.92505	-541.836	-49.72962	1.17577	-3.0162344	-53.356155	-49.729794	0.0	40396991	20293.2249853611
201	-621.6078	-621.6078	-562.10016	-49.73086	1.1733164	1.0706656	-52.840195	-49.73093	0.0	40597991	20399.050006866455
202	-611.9425	-611.9425	-580.8038	-49.73123	1.1714368	-10.088252	-52.68962	-49.731308	0.0	40798991	20505.543761491776
203	-588.0839	-588.0839	-481.04462	-49.73075	1.1659403	-13.003315	-52.676735	-49.730736	0.1	40999991	20609.825523376465
204	-645.3812	-645.3812	-471.52246	-49.730953	1.1698052	-8.819265	-53.00989	-49.731	0.1	41200991	20719.388447761536
205	-637.8795	-637.8795	-458.44833	-49.72948	1.1725658	-9.111411	-52.895294	-49.72941	0.0	41401991	20821.737666130066
206	-618.8707	-618.8707	-509.338	-49.73315	1.162005	-2.566848	-53.00875	-49.73316	0.0	41602991	20929.70910716057
207	-576.9353	-576.9353	-520.44977	-49.734207	1.1476846	-12.917069	-52.855286	-49.734367	0.0	41803991	21045.568161010742
208	-650.49744	-650.49744	-413.17484	-49.732563	1.1539161	-23.415295	-52.488533	-49.732506	0.0	42004991	21179.330549240112
209	-614.94025	-614.94025	-461.76614	-49.734573	1.1442586	-14.450413	-52.714214	-49.734753	0.0	42205991	21311.500383377075
210	-646.04083	-646.04083	-470.98016	-49.7364	1.1371336	-13.258727	-53.48183	-49.736404	0.0	42406991	21444.22053861618
211	-638.4143	-638.4143	-569.86554	-49.735344	1.1377677	-14.123548	-52.824924	-49.73547	0.0	42607991	21554.996047973633
212	-645.4664	-645.4664	-507.86212	-49.7328	1.145542	-14.603822	-52.67633	-49.732887	0.0	42808991	21668.411867141724
213	-643.11487	-643.11487	-493.88055	-49.733482	1.1492519	-11.69943	-52.503128	-49.733467	0.0	43009991	21787.38859796524
214	-640.2986	-640.2986	-526.13385	-49.734383	1.1396135	-12.471714	-53.359253	-49.734592	0.1	43210991	21905.43667125702
215	-606.182	-606.182	-456.81042	-49.73608	1.1371347	-6.0032635	-52.625694	-49.735966	0.1	43411991	22012.174684286118
216	-573.3767	-573.3767	-470.8497	-49.73505	1.1420256	-12.81662	-52.99611	-49.73523	0.0	43612991	22121.406207561493
217	-605.8057	-605.8057	-503.19354	-49.733334	1.1435484	-13.084366	-52.91201	-49.73328	0.0	43813991	22226.881328105927
218	-598.6105	-598.6105	-462.2219	-49.73978	1.1294389	-4.923727	-53.329155	-49.739803	0.0	44014991	22329.408942222595
219	-649.4098	-649.4098	-456.3497	-49.739433	1.136248	-11.476981	-52.6364	-49.73954	0.1	44215991	22432.47398042679
220	-633.6101	-633.6101	-517.4195	-49.73896	1.1281288	-3.3752615	-52.704338	-49.73899	0.0	44416991	22534.039489746094
221	-635.27844	-635.27844	-456.41687	-49.739204	1.1357795	-9.7692795	-53.04142	-49.739426	0.1	44617991	22636.67113661766
222	-659.6029	-659.6029	-486.21082	-49.74071	1.1284622	-6.512567	-52.832508	-49.74064	0.0	44818991	22735.44352698326
223	-622.1939	-622.1939	-394.1165	-49.73878	1.151925	-3.795504	-52.769474	-49.73891	0.2	45019991	22839.761917829514
224	-614.17413	-614.17413	-432.24973	-49.741554	1.1355264	-1.7072786	-52.859795	-49.74167	0.1	45220991	22938.975683689117
225	-607.0302	-607.0302	-510.31104	-49.74486	1.1273906	1.5693343	-53.022438	-49.74484	0.1	45421991	23036.459912776947
226	-609.29083	-609.29083	-530.8129	-49.74467	1.1193601	0.46909094	-54.34569	-49.744877	0.0	45622991	23133.49252319336
227	-636.1969	-636.1969	-516.6844	-49.74352	1.1417979	3.989495	-52.527626	-49.743404	0.0	45823991	23233.06436610222
228	-628.89984	-628.89984	-456.77014	-49.74132	1.14544	4.37568	-53.460472	-49.7414	0.0	46024991	23338.575388669968
229	-646.7921	-646.7921	-456.1672	-49.74545	1.1261892	1.3508744	-53.63349	-49.74532	0.0	46225991	23443.223582029343
230	-609.02094	-609.02094	-559.2017	-49.747818	1.1278648	7.913863	-52.987583	-49.748035	0.0	46426991	23542.253010988235
231	-687.0697	-687.0697	-429.15674	-49.743153	1.1441822	6.104642	-53.719727	-49.74311	0.0	46627991	23636.89137482643
232	-626.49927	-626.49927	-428.40967	-49.744324	1.1306349	3.77141	-53.055565	-49.744274	0.2	46828991	23730.26872110367
233	-576.72705	-576.72705	-368.76486	-49.743298	1.1571807	4.5282145	-52.86893	-49.74328	0.1	47029991	23822.549456357956
234	-627.76276	-627.76276	-530.4602	-49.745243	1.1436123	9.146561	-53.371677	-49.745415	0.0	47230991	23914.556145191193
235	-599.3388	-599.3388	-525.5299	-49.748272	1.1316799	7.8364935	-53.78626	-49.748405	0.0	47431991	24007.711756706238
236	-623.10974	-623.10974	-475.42044	-49.749664	1.1150504	6.0397506	-52.511345	-49.74962	0.0	47632991	24099.435625314713
237	-606.5731	-606.5731	-525.4699	-49.748497	1.1284828	7.117778	-54.605984	-49.74852	0.0	47833991	24191.421783924103
238	-579.45404	-579.45404	-430.45468	-49.748676	1.1204722	6.188043	-53.15478	-49.74858	0.0	48034991	24283.043627262115
239	-567.2798	-567.2798	-471.1004	-49.74736	1.1045225	11.0070095	-53.70407	-49.747395	0.1	48235991	24374.361456632614
240	-585.26544	-585.26544	-448.271	-49.747677	1.1204182	7.740528	-53.590458	-49.747734	0.1	48436991	24465.42420053482
241	-608.195	-608.195	-532.43646	-49.749416	1.098948	9.816958	-52.361973	-49.749348	0.0	48637991	24556.18348455429
242	-607.50616	-607.50616	-486.34158	-49.749313	1.1182417	8.135753	-53.07592	-49.749332	0.0	48838991	24647.271098852158
243	-586.4955	-586.4955	-447.04834	-49.74797	1.1004298	3.6427822	-52.7671	-49.748116	0.0	49039991	24737.865209817886
244	-617.027	-617.027	-420.9097	-49.7467	1.1275861	10.0733595	-52.441254	-49.746635	0.0	49240991	24828.769194841385
245	-619.5402	-619.5402	-486.36697	-49.74864	1.1204013	12.063075	-53.033344	-49.748558	0.0	49441991	24919.116414546967
246	-584.1707	-584.1707	-529.04535	-49.749336	1.1198387	10.645231	-53.47982	-49.74949	0.0	49642991	25009.22744035721
247	-597.07056	-597.07056	-434.38885	-49.745358	1.1279751	8.328601	-52.77624	-49.745533	0.2	49843991	25100.122362613678
248	-584.8878	-584.8878	-378.69522	-49.750233	1.0911055	21.22919	-52.451427	-49.75011	0.1	50044991	25190.353041172028
249	-574.1346	-574.1346	-442.21426	-49.745354	1.1141113	8.1356125	-52.40893	-49.74546	0.2	50245991	25280.623453855515
250	-639.0182	-639.0182	-376.8829	-49.74776	1.1036094	9.221342	-52.388645	-49.747826	0.1	50446991	25370.548175096512
251	-615.4964	-615.4964	-427.76794	-49.75076	1.1063868	8.16879	-53.15992	-49.7506	0.0	50647991	25460.34073972702
252	-580.36646	-580.36646	-542.7287	-49.749184	1.1060616	7.063857	-52.171307	-49.74934	0.0	50848991	25550.078194379807
253	-613.0563	-613.0563	-387.41046	-49.748627	1.0981328	6.5724807	-52.571484	-49.748642	0.1	51049991	25639.93106508255
254	-578.3766	-578.3766	-408.06525	-49.751476	1.111537	19.503159	-52.184944	-49.751503	0.0	51250991	25730.573600530624
255	-593.0423	-593.0423	-527.22015	-49.753025	1.0849568	7.5719185	-52.286972	-49.752983	0.0	51451991	25820.80114364624
256	-574.24023	-574.24023	-614.8271	-49.75298	1.0831138	8.142071	-52.718628	-49.75308	0.0	51652991	25910.56286048889
257	-631.8897	-631.8897	-505.07306	-49.74948	1.093427	8.981893	-52.429565	-49.74956	0.1	51853991	26000.41489481926
258	-585.2482	-585.2482	-519.15985	-49.751144	1.0955933	6.420315	-52.359375	-49.75123	0.1	52054991	26090.171773195267
259	-594.1803	-594.1803	-531.4517	-49.75389	1.0793649	10.278603	-52.310326	-49.753983	0.0	52255991	26179.714899539948
260	-595.13916	-595.13916	-551.7154	-49.752518	1.105678	8.043969	-52.57015	-49.752422	0.0	52456991	26270.000289440155
261	-592.83923	-592.83923	-478.32745	-49.752804	1.0761567	2.6277497	-52.39904	-49.752773	0.1	52657991	26359.87481188774
262	-642.8273	-642.8273	-453.8673	-49.750237	1.0971557	3.8490124	-52.269993	-49.750282	0.1	52858991	26449.281565904617
263	-608.3184	-608.3184	-542.66656	-49.750034	1.0911999	7.594751	-52.228596	-49.750057	0.0	53059991	26539.344448804855
264	-618.05994	-618.05994	-444.13034	-49.751957	1.092275	7.7003365	-52.52933	-49.752052	0.0	53260991	26629.512266635895
265	-626.97046	-626.97046	-567.11176	-49.753353	1.11262	9.870194	-52.307648	-49.75344	0.1	53461991	26719.812963724136
266	-657.3396	-657.3396	-500.35312	-49.75271	1.0949411	14.082185	-52.12359	-49.752666	0.1	53662991	26809.99352312088
267	-592.51514	-592.51514	-443.29465	-49.750786	1.0950125	7.229651	-52.459106	-49.751015	0.0	53863991	26900.246244430542
268	-613.0994	-613.0994	-500.91855	-49.752365	1.1078779	14.051799	-52.317608	-49.752304	0.0	54064991	26990.28231191635
269	-623.28613	-623.28613	-378.0361	-49.75416	1.0766399	7.74498	-52.316982	-49.754253	0.1	54265991	27080.32755303383
270	-567.9763	-567.9763	-480.1039	-49.758106	1.0734274	6.348613	-52.740513	-49.758213	0.0	54466991	27170.38432765007
271	-594.5515	-594.5515	-415.8322	-49.749634	1.1145726	6.6754932	-52.304234	-49.74958	0.2	54667991	27260.262471199036
272	-610.48944	-610.48944	-437.97498	-49.752773	1.0987883	10.583082	-52.28683	-49.75279	0.1	54868991	27349.950140714645
273	-588.2142	-588.2142	-469.23087	-49.753674	1.1078521	8.309263	-52.789627	-49.753845	0.2	55069991	27439.40738415718
274	-659.6089	-659.6089	-542.0109	-49.75559	1.1043131	6.4439726	-52.65465	-49.755688	0.0	55270991	27528.946966409683
275	-635.5072	-635.5072	-483.39316	-49.75669	1.1005247	5.9979334	-52.462036	-49.75656	0.0	55471991	27618.148379087448
276	-599.09424	-599.09424	-508.91296	-49.758106	1.0815911	13.393602	-53.221523	-49.758266	0.0	55672991	27707.740112543106
277	-635.0448	-635.0448	-459.29446	-49.756943	1.0635116	6.989493	-52.32912	-49.756977	0.0	55873991	27797.287133455276
278	-600.04285	-600.04285	-542.7357	-49.752804	1.1152941	13.042412	-52.44451	-49.75291	0.0	56074991	27886.80148744583
279	-586.7824	-586.7824	-460.01523	-49.752842	1.0859115	22.44577	-52.23502	-49.752808	0.0	56275991	27976.063772916794
280	-621.42554	-621.42554	-508.86484	-49.75857	1.0913239	6.7360764	-52.325756	-49.758556	0.0	56476991	28065.10322713852
281	-594.4553	-594.4553	-387.8418	-49.757355	1.0779614	7.9595413	-52.96901	-49.75743	0.1	56677991	28154.295401334763
282	-629.5005	-629.5005	-553.9598	-49.755337	1.0756764	5.349127	-52.56737	-49.755306	0.0	56878991	28243.742405653
283	-617.0451	-617.0451	-445.362	-49.7559	1.0830351	6.903659	-52.572395	-49.75609	0.0	57079991	28332.77234363556
284	-564.51086	-564.51086	-601.64166	-49.757835	1.086221	16.88798	-52.871742	-49.75799	0.0	57280991	28422.41851902008
285	-587.6411	-587.6411	-481.5174	-49.754784	1.0949463	8.469691	-52.58972	-49.75481	0.0	57481991	28511.700820684433
286	-625.6751	-625.6751	-458.90286	-49.7559	1.0893583	5.0740614	-52.786144	-49.755848	0.2	57682991	28601.20692038536
287	-613.5659	-613.5659	-329.4651	-49.759293	1.0641004	8.126536	-52.30372	-49.7592	0.3	57883991	28690.418669223785
288	-562.393	-562.393	-492.222	-49.756706	1.0584929	7.3351183	-52.36136	-49.757076	0.1	58084991	28779.61291384697
289	-568.09467	-568.09467	-426.66263	-49.752163	1.1181198	9.20469	-52.466377	-49.752113	0.1	58285991	28868.48997449875
290	-578.2584	-578.2584	-494.4991	-49.752018	1.1131022	4.300486	-52.486824	-49.752132	0.1	58486991	28958.064475536346
291	-582.344	-582.344	-478.12735	-49.757927	1.0907007	6.21282	-52.799187	-49.758175	0.1	58687991	29046.86356139183
292	-606.28186	-606.28186	-478.56784	-49.75287	1.1210876	6.286076	-53.13417	-49.752792	0.0	58888991	29135.789466142654
293	-589.84955	-589.84955	-328.2026	-49.754734	1.100626	7.854664	-52.612453	-49.75467	0.3	59089991	29224.982405900955
294	-588.28217	-588.28217	-393.85556	-49.756508	1.0950466	7.7864904	-52.517475	-49.756596	0.1	59290991	29314.138381242752
295	-626.627	-626.627	-466.91464	-49.754288	1.1122108	7.4647613	-52.830185	-49.754337	0.0	59491991	29403.083024263382
296	-569.826	-569.826	-535.068	-49.752563	1.1059142	4.656857	-52.818947	-49.752678	0.1	59692991	29491.881420135498
297	-586.11346	-586.11346	-539.2527	-49.752613	1.1295424	8.721874	-52.849277	-49.752716	0.1	59893991	29581.001402378082
298	-609.10455	-609.10455	-570.0684	-49.75433	1.1199936	8.841236	-52.72254	-49.754524	0.0	60094991	29669.44832801819
299	-581.292	-581.292	-470.9041	-49.75977	1.0793567	25.323502	-52.617073	-49.759796	0.0	60295991	29758.936945915222
300	-573.54175	-573.54175	-503.56934	-49.7581	1.0999278	13.574268	-52.967457	-49.757954	0.0	60496991	29848.40261220932
301	-542.04565	-542.04565	-462.60675	-49.756664	1.1073945	7.034231	-52.921566	-49.756863	0.1	60697991	29937.270710468292
302	-589.24335	-589.24335	-411.35577	-49.75167	1.131388	12.368125	-52.518417	-49.751564	0.0	60898991	30026.228360176086
303	-571.3459	-571.3459	-482.13153	-49.755524	1.1378384	16.155247	-53.01207	-49.755684	0.0	61099991	30115.518801927567
304	-593.5542	-593.5542	-410.85947	-49.75255	1.127852	12.290627	-53.245	-49.752575	0.0	61300991	30204.70440173149
305	-568.76996	-568.76996	-532.6288	-49.753056	1.1498193	10.424084	-53.30561	-49.753017	0.0	61501991	30293.408403635025
306	-612.38983	-612.38983	-463.6163	-49.752167	1.1253295	6.9310336	-53.19076	-49.75243	0.2	61702991	30381.981563806534
307	-525.93115	-525.93115	-416.3504	-49.747658	1.1693797	12.013338	-55.547253	-49.747627	0.2	61903985	30470.570856809616
308	-563.99554	-563.99554	-492.8125	-49.75183	1.1318489	19.97545	-53.8085	-49.75187	0.0	62104991	30559.405045747757
309	-566.9859	-566.9859	-643.22455	-49.752354	1.099768	7.6938953	-53.472992	-49.75248	0.0	62305991	30648.143033266068
310	-562.46106	-562.46106	-447.42517	-49.75162	1.118248	9.196451	-55.179733	-49.751686	0.1	62506991	30738.688545942307
311	-580.2484	-580.2484	-498.60947	-49.746155	1.1806182	18.378826	-54.28881	-49.74635	0.0	62707991	30826.99681687355
312	-616.4221	-616.4221	-419.09756	-49.749813	1.1673136	11.61696	-54.30679	-49.749863	0.3	62908991	30915.826132774353
313	-584.04663	-584.04663	-445.2612	-49.748337	1.1580822	15.294107	-54.488758	-49.7483	0.0	63109991	31004.91747879982
314	-549.17804	-549.17804	-537.19196	-49.748135	1.1791849	15.086954	-54.857025	-49.74806	0.0	63310991	31094.26871228218
315	-524.6597	-524.6597	-381.78625	-49.74899	1.1297919	7.086354	-54.70053	-49.74911	0.2	63511984	31183.371344327927
316	-644.9253	-644.9253	-413.07205	-49.74621	1.1759264	8.254816	-55.610794	-49.74618	0.3	63712991	31272.621078968048
317	-573.7016	-573.7016	-548.73553	-49.749462	1.1931304	14.957291	-55.184254	-49.749557	0.0	63913991	31361.598383903503
318	-624.238	-624.238	-368.5143	-49.74565	1.1818429	16.014084	-55.111454	-49.745667	0.3	64114991	31450.192655086517
319	-561.3844	-561.3844	-502.66544	-49.745636	1.1539136	10.8543005	-57.956436	-49.745792	0.1	64315991	31538.991446971893
320	-616.5816	-616.5816	-461.4538	-49.742104	1.2185982	13.868287	-55.126656	-49.742405	0.0	64516991	31628.6427693367
321	-583.9195	-583.9195	-356.32663	-49.743378	1.2020556	11.278285	-55.557983	-49.743275	0.2	64717991	31717.691512346268
322	-592.07404	-592.07404	-412.8546	-49.749287	1.1920949	11.579113	-56.042225	-49.749187	0.0	64918991	31806.565269470215
323	-520.3541	-520.3541	-498.14844	-49.743256	1.2227597	14.759426	-55.63004	-49.743404	0.1	65119991	31894.781599521637
324	-590.92554	-590.92554	-425.30927	-49.74684	1.194796	13.665482	-55.357765	-49.746853	0.2	65320991	31983.04216527939
325	-590.74994	-590.74994	-689.42944	-49.748135	1.1976663	18.86169	-57.3699	-49.74828	0.0	65521991	32070.981233358383
326	-594.14026	-594.14026	-443.7589	-49.743473	1.2178217	18.967518	-56.04574	-49.743576	0.0	65722991	32159.638521671295
327	-615.41064	-615.41064	-360.29025	-49.74557	1.2278024	19.88514	-56.231163	-49.745552	0.3	65923991	32248.123924016953
328	-590.4529	-590.4529	-416.82724	-49.747547	1.200856	15.118406	-57.35054	-49.74746	0.1	66124991	32336.63699531555
329	-653.49615	-653.49615	-510.00256	-49.744576	1.2291977	19.809292	-57.316006	-49.74489	0.0	66325991	32424.896874427795
330	-535.8527	-535.8527	-499.9659	-49.74027	1.2749431	18.717001	-57.08089	-49.7402	0.2	66526991	32513.169867515564
331	-589.6232	-589.6232	-448.76883	-49.74091	1.288046	19.94121	-58.331528	-49.741055	0.0	66727991	32601.727672100067
332	-536.7417	-536.7417	-462.26337	-49.738113	1.2990524	26.628761	-57.35573	-49.73819	0.1	66928991	32690.031003952026
333	-554.61835	-554.61835	-435.14972	-49.737263	1.3179556	17.696991	-59.505028	-49.73731	0.2	67129991	32778.700647592545
334	-565.76196	-565.76196	-533.1726	-49.744946	1.24489	30.524702	-55.774178	-49.744892	0.0	67330991	32867.45381093025
335	-572.5772	-572.5772	-498.42834	-49.736374	1.3141801	18.553024	-57.37155	-49.73654	0.1	67531991	32956.34443330765
336	-549.2613	-549.2613	-458.8129	-49.741867	1.283212	41.79536	-59.106533	-49.74195	0.1	67732991	33044.6436188221
337	-552.56445	-552.56445	-504.04385	-49.738388	1.3197058	19.320889	-57.04252	-49.73844	0.0	67933991	33133.009096860886
338	-575.45013	-575.45013	-451.7152	-49.739044	1.2949952	33.35866	-58.509087	-49.73905	0.1	68134991	33221.73278427124
339	-565.84	-565.84	-433.60294	-49.738907	1.2913318	21.762205	-56.39288	-49.738987	0.1	68335991	33310.32749605179
340	-591.7738	-591.7738	-313.70413	-49.73582	1.2883604	33.57842	-56.7555	-49.73588	0.2	68536991	33399.17261552811
341	-544.80505	-544.80505	-501.25354	-49.73726	1.2827303	15.604704	-55.554207	-49.73743	0.2	68737991	33488.27911448479
342	-599.23413	-599.23413	-314.1584	-49.736027	1.2861246	49.390507	-62.318905	-49.73597	0.1	68938991	33577.00437951088
343	-550.99	-550.99	-424.9814	-49.73598	1.296762	17.343502	-57.73854	-49.73618	0.1	69139991	33666.02769827843
344	-536.4599	-536.4599	-384.08966	-49.738773	1.2928205	27.842304	-60.8895	-49.738758	0.2	69340991	33755.210025310516
345	-573.70306	-573.70306	-614.3051	-49.734806	1.2938524	40.993397	-58.406334	-49.734795	0.0	69541991	33843.756464481354
346	-583.6908	-583.6908	-405.20657	-49.73446	1.3255167	29.33735	-58.870975	-49.734756	0.1	69742991	33932.575246572495
347	-605.40814	-605.40814	-449.82126	-49.734695	1.3255837	25.85892	-56.60252	-49.734722	0.1	69943991	34021.27066040039
348	-591.79425	-591.79425	-435.557	-49.734367	1.345656	38.68003	-58.40413	-49.7343	0.3	70144991	34109.45353627205
349	-588.4168	-588.4168	-541.4327	-49.729298	1.334845	42.039055	-62.279644	-49.729492	0.0	70345991	34198.47390580177
350	-604.19586	-604.19586	-471.38577	-49.735867	1.2974437	32.842655	-58.389877	-49.735825	0.0	70546991	34288.30752325058
351	-610.6291	-610.6291	-473.53128	-49.730858	1.3523648	26.73567	-56.593403	-49.731064	0.2	70747991	34376.89953947067
352	-596.5986	-596.5986	-439.47714	-49.732643	1.3519856	44.254883	-57.850033	-49.732536	0.2	70948991	34465.147713422775
353	-525.6534	-525.6534	-466.37073	-49.7301	1.3430679	47.23737	-55.744488	-49.730095	0.0	71149991	34554.143897295
354	-586.8981	-586.8981	-446.11096	-49.734276	1.3471879	31.854597	-58.885605	-49.73451	0.1	71350991	34642.071306705475
355	-561.1484	-561.1484	-432.43604	-49.73648	1.3219572	30.583418	-61.168526	-49.736343	0.1	71551991	34730.307523489
356	-536.21375	-536.21375	-412.33997	-49.732258	1.3417758	48.68633	-55.738564	-49.73261	0.1	71752991	34818.64509057999
357	-611.39996	-611.39996	-362.51663	-49.72951	1.3583064	36.387558	-64.21855	-49.729603	0.2	71953991	34907.175570726395
358	-554.1737	-554.1737	-478.76544	-49.7256	1.4387786	38.726974	-59.06155	-49.725597	0.0	72154991	34995.4486413002
359	-566.25854	-566.25854	-465.0118	-49.730312	1.4036449	32.52815	-58.7618	-49.730408	0.0	72355991	35083.55553150177
360	-581.00366	-581.00366	-408.6364	-49.72519	1.4395508	34.73372	-58.495354	-49.725246	0.1	72556991	35171.80228853226
361	-603.1475	-603.1475	-487.1917	-49.728973	1.4207091	28.954685	-56.49583	-49.72899	0.1	72757991	35260.549254179
362	-553.85693	-553.85693	-388.23593	-49.722866	1.4406116	30.98519	-69.49279	-49.723053	0.4	72958991	35348.34524679184
363	-554.30475	-554.30475	-429.56482	-49.72524	1.4342507	28.939787	-63.86914	-49.725357	0.0	73159991	35436.61207032204
364	-535.2565	-535.2565	-580.49567	-49.722767	1.4496017	29.971928	-58.43276	-49.72266	0.0	73360991	35524.51366233826
365	-608.12134	-608.12134	-446.88165	-49.72727	1.4272718	32.024586	-60.058575	-49.72748	0.1	73561991	35612.3183529377
366	-549.13403	-549.13403	-525.1674	-49.72261	1.4658113	34.033337	-57.229393	-49.72277	0.1	73762991	35700.564004421234
367	-575.4356	-575.4356	-276.91876	-49.72905	1.4314842	30.516846	-59.627926	-49.72914	0.1	73963991	35788.38798046112
368	-515.5444	-515.5444	-381.39133	-49.720665	1.4692503	44.08645	-55.07581	-49.720776	0.3	74164991	35876.98700928688
369	-540.8674	-540.8674	-384.38046	-49.71956	1.4444788	28.158146	-58.275368	-49.71957	0.3	74365991	35964.98224401474
370	-591.1545	-591.1545	-440.07938	-49.720364	1.5286286	28.846416	-57.645714	-49.72056	0.1	74566991	36053.07483792305
371	-595.4241	-595.4241	-425.3247	-49.72306	1.4854305	44.472965	-59.62512	-49.72333	0.2	74767991	36141.274993658066
372	-600.75415	-600.75415	-337.84473	-49.719875	1.4680442	25.69093	-60.999573	-49.719746	0.2	74968991	36229.316428899765
373	-557.5552	-557.5552	-430.10193	-49.723972	1.4522156	26.860939	-61.103382	-49.72414	0.0	75169991	36317.39061045647
374	-568.978	-568.978	-408.91208	-49.72013	1.4681054	24.216652	-64.11197	-49.720158	0.1	75370991	36406.1309633255
375	-538.4489	-538.4489	-581.3311	-49.722935	1.4631742	27.728903	-57.96362	-49.723072	0.1	75571991	36494.69984745979
376	-556.4826	-556.4826	-389.42282	-49.721317	1.4800946	32.04939	-56.142464	-49.72137	0.2	75772991	36583.21233701706
377	-560.01544	-560.01544	-391.7592	-49.719494	1.4919791	34.494816	-54.779892	-49.71949	0.0	75973991	36671.790489435196
378	-567.84955	-567.84955	-350.38123	-49.720245	1.480979	32.369717	-58.37368	-49.720257	0.4	76174982	36759.998306274414
379	-558.06366	-558.06366	-550.35583	-49.720024	1.4802433	56.79022	-59.79831	-49.72024	0.1	76375991	36848.22092914581
380	-616.06757	-616.06757	-452.11465	-49.719658	1.4831978	23.74952	-59.61518	-49.719604	0.3	76576991	36936.436180114746
381	-582.61316	-582.61316	-450.11185	-49.718616	1.5068653	44.309776	-60.333298	-49.718864	0.3	76777991	37024.54693675041
382	-580.0492	-580.0492	-416.0142	-49.718826	1.5021473	25.585995	-61.535378	-49.718803	0.3	76978991	37112.1134250164
383	-553.3112	-553.3112	-381.91614	-49.709667	1.5266501	29.337803	-58.029716	-49.70989	0.1	77179991	37200.29875707626
384	-525.69946	-525.69946	-286.22324	-49.7141	1.540948	32.54159	-56.482113	-49.714085	0.3	77380991	37288.58314013481
385	-537.7783	-537.7783	-402.49768	-49.716953	1.5123742	36.625412	-59.615906	-49.716946	0.1	77581991	37376.58738708496
386	-574.76416	-574.76416	-417.6586	-49.713905	1.505765	23.130398	-56.797207	-49.71402	0.2	77782991	37464.27328300476
387	-600.43616	-600.43616	-366.9695	-49.720837	1.5058779	54.763012	-55.910446	-49.72103	0.3	77983991	37552.64457130432
388	-535.17224	-535.17224	-379.3247	-49.714443	1.5084618	49.045464	-56.164555	-49.71437	0.1	78184991	37640.40345335007
389	-557.86426	-557.86426	-299.95468	-49.71895	1.5187716	44.438457	-59.333054	-49.719128	0.4	78385991	37728.90637373924
390	-512.22546	-512.22546	-484.2089	-49.719944	1.4912088	33.055176	-55.74351	-49.72014	0.0	78586991	37817.56793498993
391	-549.1718	-549.1718	-431.87012	-49.71415	1.5480617	35.397274	-55.474216	-49.714237	0.2	78787991	37905.68197989464
392	-540.7532	-540.7532	-510.82266	-49.714283	1.5607084	21.655832	-56.079475	-49.714443	0.0	78988991	37994.170639276505
393	-578.34875	-578.34875	-426.24765	-49.70911	1.5508229	36.648846	-56.60842	-49.709133	0.2	79189991	38082.32149386406
394	-564.9658	-564.9658	-234.76855	-49.7123	1.5766654	39.85725	-55.641983	-49.712395	0.3	79390991	38170.73225927353
395	-544.67365	-544.67365	-439.66605	-49.711727	1.5841856	36.594456	-60.255623	-49.71179	0.0	79591991	38258.9370405674
396	-577.6342	-577.6342	-408.9962	-49.70436	1.616472	43.510593	-61.179844	-49.70464	0.1	79792991	38347.02294921875
397	-602.90936	-602.90936	-432.31946	-49.70631	1.6319218	37.68571	-57.210117	-49.7064	0.0	79993991	38436.2665784359
398	-599.22186	-599.22186	-507.03064	-49.70023	1.681496	54.485703	-58.10789	-49.700283	0.0	80194982	38524.45073580742
399	-563.0724	-563.0724	-491.18155	-49.70379	1.6359384	32.43022	-56.62637	-49.704014	0.0	80395991	38612.05116724968
400	-579.2068	-579.2068	-449.4033	-49.706367	1.6244801	40.227974	-56.628944	-49.706196	0.0	80596991	38699.8358001709
401	-554.36426	-554.36426	-304.65613	-49.71602	1.5547906	43.669174	-56.92654	-49.716156	0.3	80797991	38787.71096229553
402	-572.63635	-572.63635	-526.7774	-49.71019	1.607811	24.618832	-56.081997	-49.710384	0.1	80998991	38876.480028152466
403	-542.1535	-542.1535	-388.19324	-49.70921	1.6066971	27.530338	-56.477783	-49.70925	0.2	81199991	38964.16130614281
404	-534.3286	-534.3286	-627.75604	-49.70338	1.6478457	30.292007	-59.476345	-49.703445	0.1	81400991	39051.91086220741
405	-593.383	-593.383	-369.7404	-49.701687	1.6904985	39.07241	-56.88598	-49.70183	0.2	81601991	39140.297166347504
406	-526.32837	-526.32837	-416.45547	-49.697197	1.6990199	45.078598	-57.21327	-49.697308	0.1	81802991	39228.62211608887
407	-566.5313	-566.5313	-600.82355	-49.70886	1.621132	82.820145	-58.395855	-49.708855	0.0	82003991	39316.30275940895
408	-548.1612	-548.1612	-409.2918	-49.703617	1.6690263	28.71923	-56.205948	-49.703728	0.3	82204991	39404.159694194794
409	-542.2369	-542.2369	-460.7389	-49.695827	1.7256609	51.805676	-56.035908	-49.696033	0.2	82405991	39492.68233585358
410	-557.4154	-557.4154	-282.11035	-49.699158	1.6998769	22.028214	-56.75023	-49.698982	0.3	82606991	39579.97962522507
411	-615.99927	-615.99927	-288.02536	-49.698845	1.7212287	48.307404	-57.605873	-49.698925	0.3	82807991	39668.57684516907
412	-538.96857	-538.96857	-366.24072	-49.693794	1.7438111	35.758133	-57.209023	-49.694115	0.2	83008991	39757.00018119812
413	-579.52277	-579.52277	-445.17157	-49.696884	1.6995702	59.152523	-64.861305	-49.696945	0.0	83209991	39844.757521390915
414	-504.59528	-504.59528	-325.6088	-49.692505	1.7918016	42.65112	-56.691307	-49.692528	0.3	83410991	39932.2885093689
415	-580.3513	-580.3513	-390.8289	-49.697296	1.7176112	38.65112	-57.56044	-49.697395	0.2	83611991	40020.10024213791
416	-571.3587	-571.3587	-511.0371	-49.694237	1.7377176	32.068584	-59.199745	-49.694466	0.0	83812991	40107.77054142952
417	-530.92267	-530.92267	-451.80722	-49.692684	1.7445064	38.590717	-57.567368	-49.69262	0.0	84013991	40195.74253344536
418	-578.47473	-578.47473	-375.17343	-49.69525	1.7475197	34.23805	-58.210285	-49.69539	0.1	84214991	40283.57895255089
419	-591.7237	-591.7237	-483.26825	-49.68535	1.8055935	41.816658	-57.29659	-49.68544	0.2	84415991	40371.51595854759
420	-558.3064	-558.3064	-467.13644	-49.689724	1.7769656	40.478695	-58.831345	-49.68984	0.1	84616991	40459.5351088047
421	-586.9496	-586.9496	-405.97546	-49.695335	1.7404046	46.016438	-56.308784	-49.695507	0.1	84817991	40547.22000956535
422	-538.83966	-538.83966	-273.3962	-49.69097	1.7845852	37.93982	-57.185406	-49.690964	0.2	85018991	40635.097197532654
423	-505.07928	-505.07928	-306.75314	-49.68534	1.787556	46.2222	-58.440395	-49.68543	0.4	85219991	40723.24182319641
424	-536.8014	-536.8014	-330.37103	-49.69303	1.760536	34.573883	-62.46496	-49.693207	0.4	85420986	40812.05250930786
425	-537.7395	-537.7395	-433.38098	-49.687557	1.7983903	54.161644	-57.61545	-49.6878	0.2	85621991	40900.21516704559
426	-540.9573	-540.9573	-318.20508	-49.688354	1.8186802	44.879517	-57.138905	-49.68835	0.1	85822991	40988.467759132385
427	-569.2887	-569.2887	-305.938	-49.68727	1.7815633	66.530685	-57.62653	-49.687466	0.3	86023991	41076.62739229202
428	-556.31604	-556.31604	-455.21426	-49.685932	1.8216923	54.804493	-56.750748	-49.68588	0.3	86224991	41164.65260887146
429	-481.15836	-481.15836	-403.60608	-49.68026	1.8007768	40.14973	-58.198147	-49.680458	0.3	86425991	41252.61053776741
430	-539.4981	-539.4981	-371.2633	-49.688602	1.7704401	45.593315	-57.441483	-49.68867	0.3	86626991	41340.263718128204
431	-560.96027	-560.96027	-458.03378	-49.68116	1.8447216	34.2038	-57.12612	-49.681217	0.2	86827991	41428.53118181229
432	-502.07086	-502.07086	-318.2491	-49.683468	1.8534974	41.050568	-58.212143	-49.68375	0.3	87028991	41518.371158361435
433	-575.113	-575.113	-415.93155	-49.684498	1.8194104	30.876318	-56.70019	-49.68451	0.3	87229991	41606.53027868271
434	-533.8599	-533.8599	-335.83517	-49.685326	1.8068901	31.506742	-57.205032	-49.685345	0.4	87430991	41694.50067448616
435	-503.25632	-503.25632	-284.08704	-49.68414	1.8065252	37.66617	-58.592197	-49.68431	0.4	87631991	41782.380636930466
436	-522.1693	-522.1693	-446.81204	-49.680145	1.8517736	56.84828	-62.083633	-49.680386	0.0	87832991	41869.73615050316
437	-577.0539	-577.0539	-407.79425	-49.680996	1.8352585	29.132877	-58.143345	-49.681087	0.1	88033991	41957.24707388878
438	-515.2941	-515.2941	-472.94424	-49.67828	1.893617	36.778263	-58.053913	-49.678093	0.1	88234991	42044.78547716141
439	-540.99695	-540.99695	-457.19354	-49.67728	1.8990644	50.89143	-56.601704	-49.677547	0.1	88435991	42132.51165795326
440	-537.66626	-537.66626	-342.59912	-49.677803	1.9147213	33.42765	-56.903942	-49.677788	0.4	88636986	42220.08893465996
441	-464.09128	-464.09128	-300.03513	-49.673744	1.8844502	48.093243	-65.835396	-49.673904	0.3	88837991	42308.19692492485
442	-538.5397	-538.5397	-448.3921	-49.67564	1.850985	54.21002	-58.84041	-49.67576	0.2	89038991	42396.00416612625
443	-576.70374	-576.70374	-414.7409	-49.671227	1.9117268	29.889776	-58.2232	-49.67117	0.2	89239991	42483.94955611229
444	-520.4669	-520.4669	-266.30148	-49.67316	1.8915347	32.32546	-56.666176	-49.673374	0.3	89440991	42571.47216486931
445	-487.42554	-487.42554	-510.19247	-49.67308	1.8806622	35.973534	-61.994022	-49.673367	0.0	89641991	42658.825365781784
446	-535.0583	-535.0583	-438.959	-49.670773	1.9115882	47.351597	-58.817787	-49.670715	0.1	89842991	42746.259966135025
447	-600.46014	-600.46014	-289.94666	-49.670017	1.8980808	49.60979	-59.68332	-49.670315	0.5	90043991	42833.71226668358
448	-619.342	-619.342	-347.88342	-49.678005	1.8734221	32.82307	-58.719337	-49.677967	0.3	90244991	42920.87596869469
449	-564.4946	-564.4946	-319.08206	-49.674946	1.8836386	30.146036	-64.10381	-49.67519	0.5	90445991	43008.50084543228
450	-492.32446	-492.32446	-390.1736	-49.66712	1.9168644	35.401024	-62.393673	-49.667187	0.3	90646991	43095.74327516556
451	-584.35803	-584.35803	-303.11816	-49.673626	1.911983	26.768013	-62.7139	-49.673832	0.4	90847991	43183.7974293232
452	-509.01535	-509.01535	-377.98645	-49.664692	1.9692599	30.20179	-58.372334	-49.664734	0.3	91048991	43271.36014223099
453	-533.7462	-533.7462	-447.87598	-49.667698	1.9540361	25.779917	-60.91445	-49.66799	0.2	91249991	43359.42489385605
454	-497.08438	-497.08438	-421.10165	-49.671852	1.9066701	46.405487	-62.156887	-49.67193	0.4	91450991	43446.827805280685
455	-545.8555	-545.8555	-401.0216	-49.667824	1.9471052	45.300106	-58.611942	-49.668125	0.2	91651991	43534.302626132965
456	-482.43823	-482.43823	-546.69025	-49.674488	1.935774	40.059155	-60.970833	-49.674545	0.1	91852991	43621.92483019829
457	-471.95734	-471.95734	-246.49448	-49.66995	1.9491965	45.013767	-60.22585	-49.67015	0.6	92053991	43709.65958356857
458	-511.38324	-511.38324	-333.4427	-49.667263	1.9354059	45.42485	-59.344334	-49.66751	0.2	92254991	43797.332946777344
459	-534.96826	-534.96826	-438.56122	-49.668392	1.8892653	31.151928	-64.99741	-49.668552	0.2	92455991	43884.92050790787
460	-585.8499	-585.8499	-398.27316	-49.66107	1.9998153	57.614933	-62.340553	-49.66142	0.1	92656991	43972.64791607857
461	-516.5405	-516.5405	-339.15338	-49.66054	1.9972374	27.439009	-67.536194	-49.66052	0.2	92857991	44059.97068238258
462	-492.0158	-492.0158	-387.5202	-49.65885	1.9902556	51.957508	-62.521652	-49.659058	0.3	93058991	44147.31205821037
463	-483.96387	-483.96387	-355.14627	-49.655834	2.008242	54.395317	-63.952923	-49.656013	0.3	93259991	44235.62010002136
464	-458.90152	-458.90152	-327.65363	-49.65669	1.9976379	37.61521	-62.30668	-49.656906	0.3	93460983	44323.32252049446
465	-482.68497	-482.68497	-386.8836	-49.65809	1.9824495	34.648422	-60.09228	-49.65826	0.1	93661991	44410.929136514664
466	-479.50665	-479.50665	-260.0362	-49.654427	1.9760433	28.84594	-67.548615	-49.65459	0.4	93862991	44498.54877495766
467	-566.4937	-566.4937	-349.86777	-49.65901	1.9625623	25.569569	-65.150345	-49.659794	0.2	94063991	44585.90125870705
468	-484.92093	-484.92093	-325.124	-49.646408	2.0425453	44.283913	-62.60074	-49.64637	0.5	94264991	44673.29414319992
469	-524.843	-524.843	-356.39206	-49.648323	2.0123243	32.043346	-60.884308	-49.648586	0.2	94465991	44761.0696952343
470	-514.2564	-514.2564	-298.11145	-49.649975	2.006605	30.871328	-60.304115	-49.650288	0.2	94666987	44848.63337016106
471	-437.08035	-437.08035	-387.24954	-49.651653	2.0338662	56.052975	-62.596657	-49.651962	0.1	94867991	44935.6723754406
472	-479.84607	-479.84607	-490.8206	-49.64782	2.0265088	32.939278	-62.962105	-49.648148	0.0	95068991	45023.034299850464
473	-557.46735	-557.46735	-402.2451	-49.64134	2.0513437	34.46406	-61.554836	-49.64148	0.3	95269991	45110.83918118477
474	-450.04306	-450.04306	-266.94287	-49.6469	2.0118809	38.781193	-62.794445	-49.64761	0.3	95470991	45198.48315143585
475	-507.4194	-507.4194	-342.34988	-49.64657	2.037402	38.85527	-61.561455	-49.64663	0.3	95671991	45285.915290117264
476	-537.6489	-537.6489	-369.9998	-49.63804	2.098292	40.024017	-65.26501	-49.638443	0.4	95872991	45373.34309196472
477	-480.7061	-480.7061	-356.25577	-49.63992	2.0736527	38.863567	-65.59656	-49.640385	0.3	96073991	45460.99436354637
478	-576.30835	-576.30835	-399.46472	-49.641155	2.0673144	51.426567	-67.14233	-49.64145	0.3	96274989	45548.53062558174
479	-456.51202	-456.51202	-196.48087	-49.637653	2.0679717	37.128883	-60.19668	-49.637955	0.5	96475991	45635.89264011383
480	-491.50854	-491.50854	-240.17108	-49.640438	2.059449	43.779594	-66.51263	-49.640785	0.5	96676991	45722.52480959892
481	-480.69766	-480.69766	-347.9036	-49.63598	2.0896368	41.419186	-62.306793	-49.636364	0.4	96877991	45809.928911447525
482	-472.27325	-472.27325	-368.9717	-49.640263	2.0485177	33.394585	-64.66535	-49.64058	0.3	97078991	45897.105028390884
483	-520.53265	-520.53265	-319.2797	-49.629818	2.0853508	31.576841	-63.724937	-49.630302	0.4	97279991	45984.154047727585
484	-529.8463	-529.8463	-188.62889	-49.633045	2.1264284	53.431236	-61.998295	-49.633522	0.6	97480991	46071.56388926506
485	-469.24405	-469.24405	-320.8362	-49.636787	2.0894547	29.6519	-65.622055	-49.637093	0.4	97681991	46159.37978363037
486	-436.85098	-436.85098	-365.84525	-49.627056	2.1388564	42.469593	-65.651596	-49.62757	0.3	97882991	46246.72379255295
487	-508.9346	-508.9346	-251.48582	-49.634144	2.1260989	27.57861	-62.141014	-49.634563	0.5	98083991	46334.31589221954
488	-549.5643	-549.5643	-439.8743	-49.623745	2.1693487	28.03941	-69.85698	-49.62421	0.0	98284991	46421.95798134804
489	-463.47485	-463.47485	-388.33682	-49.625275	2.1647084	43.204643	-70.477	-49.625874	0.4	98485991	46509.13148546219
490	-600.1315	-600.1315	-461.95468	-49.62792	2.1632693	30.405571	-66.12811	-49.6282	0.2	98686991	46596.30299735069
491	-525.8724	-525.8724	-383.43314	-49.627888	2.127435	31.104147	-60.839867	-49.62814	0.2	98887991	46683.44013595581
492	-545.021	-545.021	-325.6509	-49.63341	2.072422	32.784634	-61.66862	-49.63424	0.5	99088991	46770.19178152084
493	-548.7292	-548.7292	-373.26028	-49.63129	2.1183558	37.087666	-61.853912	-49.631874	0.3	99289991	46857.74728989601
494	-483.48776	-483.48776	-484.58234	-49.628536	2.1206427	33.358257	-72.68598	-49.62902	0.1	99490991	46944.80543398857
495	-534.73114	-534.73114	-412.52307	-49.627575	2.1254277	28.657394	-63.969627	-49.62761	0.3	99691991	47032.536494255066
496	-574.8716	-574.8716	-394.68323	-49.628838	2.098092	55.9269	-67.26444	-49.62938	0.2	99892991	47119.52127981186
497	-538.9529	-538.9529	-419.70984	-49.621555	2.181586	26.480965	-61.26618	-49.622044	0.4	100093991	47206.281150341034
498	-498.7777	-498.7777	-523.3101	-49.625736	2.1760032	51.920242	-63.65884	-49.6264	0.0	100294991	47293.099685668945
499	-525.40643	-525.40643	-239.16193	-49.62744	2.1577296	32.222626	-62.733753	-49.62802	0.7	100495991	47381.07721757889
