Epoch	EpRet	EpRealRet	TestEpRet	AverageQ1	StdQ1	MaxQ1	MinQ1	Q2	TestSuccess	TotalEnvInteracts	TotalTime
0	-723.7071	-723.7071	-1136.3109	-47.67051	8.714816	-0.1264331	-237.78447	-47.68361	0.0	196986	140.18914651870728
1	-959.5444	-959.5444	-956.6767	-49.790066	1.1830299	-28.041416	-55.93357	-49.790573	0.0	398001	273.7247507572174
2	-970.5316	-970.5316	-999.6233	-49.80958	1.2090648	-20.8283	-55.73215	-49.809757	0.0	599001	408.0601189136505
3	-822.90686	-822.90686	-468.7126	-49.81369	1.367206	-13.769111	-57.09141	-49.813786	0.0	799984	540.4033319950104
4	-705.1417	-705.1417	-292.60223	-49.79469	1.6516997	4.0987344	-56.863113	-49.794735	0.0	1000985	672.873473405838
5	-691.736	-691.736	-739.35956	-49.793446	1.7607238	15.25168	-55.853275	-49.793564	0.0	1202001	805.4243333339691
6	-927.10406	-927.10406	-720.58014	-49.798626	1.7217535	14.921335	-54.76494	-49.79889	0.0	1403001	937.8920648097992
7	-852.3649	-852.3649	-436.81317	-49.816696	1.5478425	15.737995	-54.904823	-49.816597	0.0	1604001	1070.1376931667328
8	-738.7205	-738.7205	-504.33652	-49.825813	1.44975	14.811809	-54.15365	-49.825684	0.0	1804982	1201.5317285060883
9	-719.31494	-719.31494	-536.31256	-49.83094	1.4073199	15.60121	-57.75233	-49.83102	0.0	2006000	1333.9358806610107
10	-974.34576	-974.34576	-1154.9873	-49.83181	1.3500351	6.4678855	-54.472397	-49.831734	0.0	2206993	1465.127557516098
11	-1031.5312	-1031.5312	-836.0928	-49.838688	1.1737336	23.069914	-55.076633	-49.83895	0.0	2408001	1596.6956293582916
12	-1103.0835	-1103.0835	-1131.9872	-49.844368	0.98599315	-22.673206	-55.850918	-49.844456	0.0	2609001	1728.2726242542267
13	-1103.3676	-1103.3676	-882.5998	-49.846943	0.9727042	-21.720821	-54.78533	-49.84708	0.0	2810001	1859.918066740036
14	-999.5839	-999.5839	-873.5061	-49.85002	0.9397208	-20.646175	-60.564472	-49.849976	0.0	3011001	1991.9933276176453
15	-802.80414	-802.80414	-1028.8961	-49.850533	0.9320764	-23.532787	-53.903355	-49.85056	0.0	3211993	2123.004568338394
16	-1001.6956	-1001.6956	-1053.7719	-49.85267	0.92391044	-26.18237	-55.662327	-49.85272	0.0	3412990	2253.851282596588
17	-904.4705	-904.4705	-711.02014	-49.85782	0.8980678	-30.09987	-54.343403	-49.857834	0.0	3613982	2385.1765530109406
18	-865.2946	-865.2946	-612.22076	-49.856163	0.9142251	-29.322906	-56.01138	-49.856007	0.0	3814999	2516.2764480113983
19	-839.5084	-839.5084	-822.5605	-49.856064	0.9033954	-28.410515	-57.084602	-49.856083	0.0	4015987	2646.7539734840393
20	-839.39	-839.39	-166.21489	-49.855476	0.89864004	-29.08934	-57.44685	-49.855526	0.0	4216994	2778.065991640091
21	-338.791	-338.791	0.0	-49.856216	0.88525534	-29.453074	-58.076984	-49.856003	0.0	4417984	2907.380141735077
22	-633.13403	-633.13403	-908.51794	-49.854664	0.8986151	-30.139324	-58.671974	-49.85471	0.0	4619001	3038.2664234638214
23	-934.7431	-934.7431	-626.14856	-49.853844	0.89171225	-32.22514	-54.45828	-49.85358	0.0	4820001	3169.7121205329895
24	-793.88837	-793.88837	-672.88116	-49.85096	0.9044758	-23.908833	-54.26071	-49.850903	0.0	5020985	3300.561516523361
25	-845.0009	-845.0009	-705.9941	-49.852364	0.9042434	-22.068438	-53.22958	-49.85211	0.0	5222000	3431.8074762821198
26	-826.0084	-826.0084	-141.94937	-49.852615	0.89909357	-19.285847	-53.436546	-49.852406	0.0	5423001	3562.1476759910583
27	-645.7102	-645.7102	-528.89795	-49.850315	0.9070603	-16.87908	-53.536823	-49.85016	0.0	5623982	3691.9983534812927
28	-801.4163	-801.4163	-256.05145	-49.851414	0.8985417	-16.699064	-53.627552	-49.851303	0.0	5824984	3822.457615852356
29	-700.3702	-700.3702	-1005.84393	-49.852406	0.8928899	-24.949432	-54.63988	-49.85215	0.0	6026001	3953.5622589588165
30	-756.74646	-756.74646	-825.93085	-49.85433	0.8812448	-23.89196	-54.31889	-49.854168	0.0	6227001	4085.2545816898346
31	-698.6554	-698.6554	-299.5116	-49.853096	0.8837085	-25.165838	-53.266148	-49.85288	0.0	6427983	4215.951312303543
32	-745.6421	-745.6421	-432.36862	-49.85239	0.8822508	-25.21502	-53.206795	-49.852127	0.0	6629001	4346.72639465332
33	-715.6793	-715.6793	-401.35938	-49.847992	0.89225274	-21.752184	-54.076935	-49.847733	0.0	6829988	4477.912919282913
34	-590.3196	-590.3196	-187.87119	-49.846046	0.90308136	-19.376308	-54.52044	-49.845795	0.0	7030983	4607.488351106644
35	-479.7832	-479.7832	-143.2372	-49.847984	0.9033151	-23.80375	-53.70857	-49.847755	0.0	7231982	4736.770557641983
36	-587.8033	-587.8033	-137.67345	-49.85261	0.87858224	-28.93633	-53.499813	-49.852245	0.0	7432982	4867.251905441284
37	-448.55603	-448.55603	-87.98511	-49.85244	0.88035196	-27.403107	-53.092308	-49.852264	0.0	7633982	4997.199258565903
38	-484.2404	-484.2404	-146.428	-49.8487	0.90210646	-25.699224	-52.668167	-49.848446	0.0	7834982	5126.3946621418
39	-466.31723	-466.31723	-51.761047	-49.851883	0.8914924	-25.966175	-52.579166	-49.851746	0.0	8035983	5255.921562433243
40	-578.82025	-578.82025	-325.38803	-49.853004	0.8970281	-24.767488	-53.54785	-49.85274	0.0	8236984	5386.522822141647
41	-414.26553	-414.26553	-191.6871	-49.852386	0.8952246	-23.807621	-54.064064	-49.852108	0.0	8437981	5515.613176345825
42	-763.50415	-763.50415	-363.59854	-49.852245	0.8932495	-25.322744	-53.720295	-49.852146	0.0	8639001	5645.363334417343
43	-631.11615	-631.11615	-125.59385	-49.850864	0.901755	-25.310722	-52.223465	-49.850655	0.0	8840001	5775.129630565643
44	-598.45544	-598.45544	-131.86827	-49.848843	0.9022182	-24.922504	-52.655735	-49.848656	0.0	9040984	5905.484966516495
45	-598.22955	-598.22955	-309.57532	-49.848972	0.9027061	-25.79252	-52.807507	-49.84877	0.0	9242001	6036.588572502136
46	-574.8243	-574.8243	-134.05339	-49.847424	0.9156386	-23.746666	-53.290173	-49.847176	0.0	9442989	6169.196606874466
47	-491.84775	-491.84775	-214.6184	-49.847282	0.9146278	-24.075161	-53.538536	-49.847145	0.0	9643995	6301.948997974396
48	-521.29175	-521.29175	-226.24294	-49.845818	0.9261091	-23.36988	-53.319073	-49.845627	0.0	9844983	6435.140120983124
49	-486.88382	-486.88382	-126.50478	-49.845592	0.931575	-23.721376	-52.533287	-49.84543	0.0	10045998	6567.797272205353
50	-280.09955	-280.09955	-201.04776	-49.847107	0.9187973	-27.09188	-52.255577	-49.847054	0.0	10246981	6701.5141451358795
51	-422.3052	-422.3052	-167.77405	-49.844585	0.92776763	-26.648058	-51.898468	-49.84438	0.0	10447991	6834.25004196167
52	-513.97986	-513.97986	-493.96622	-49.844307	0.9238013	-24.812063	-52.75475	-49.844185	0.0	10649001	6967.532539606094
53	-372.23004	-372.23004	-214.93863	-49.839996	0.93187577	-26.228165	-52.901	-49.83989	0.0	10849984	7100.390807390213
54	-654.3197	-654.3197	-342.3347	-49.842537	0.9130945	-24.31236	-53.77448	-49.842358	0.0	11051001	7234.243170499802
55	-492.61633	-492.61633	-91.40242	-49.838123	0.930351	-21.24059	-52.39728	-49.838005	0.0	11251993	7367.739666223526
56	-496.47626	-496.47626	-168.51714	-49.834038	0.9348823	-20.374447	-53.11922	-49.83393	0.0	11453001	7501.587645292282
57	-619.43506	-619.43506	-27.295221	-49.827847	0.94456553	-22.954506	-52.7212	-49.827705	0.0	11653994	7636.2269785404205
58	-478.29236	-478.29236	-188.4953	-49.825237	0.95027107	-20.892553	-52.449642	-49.825096	0.0	11854987	7770.410758733749
59	-488.81012	-488.81012	-225.35614	-49.814186	0.99477506	-22.16255	-53.8174	-49.814102	0.0	12056001	7904.310385942459
60	-515.3766	-515.3766	-609.35266	-49.813488	0.99826086	-20.288363	-53.06969	-49.813385	0.0	12256981	8039.6491639614105
61	-439.46515	-439.46515	-231.1347	-49.81435	1.0003572	-19.38993	-52.521725	-49.81417	0.0	12457992	8173.701678752899
62	-602.1466	-602.1466	-302.34628	-49.80713	1.0228409	-21.177435	-53.77064	-49.80703	0.1	12659001	8308.440809488297
63	-509.78708	-509.78708	-208.96939	-49.808132	1.0125102	-20.401377	-52.773933	-49.80797	0.0	12859985	8442.60661315918
64	-362.15097	-362.15097	-254.57787	-49.809	1.024658	-6.5551343	-53.521538	-49.80898	0.0	13060983	8576.610270261765
65	-388.73517	-388.73517	-370.89893	-49.80261	1.0529492	-1.9976387	-52.587086	-49.802486	0.0	13261982	8712.751788139343
66	-450.28925	-450.28925	-24.94933	-49.793633	1.0853773	-5.3467107	-53.65363	-49.793476	0.2	13462981	8848.991569519043
67	-514.64923	-514.64923	-71.54144	-49.782696	1.1600939	6.809091	-53.40038	-49.78264	0.1	13663981	8986.27454161644
68	-432.89658	-432.89658	0.37918803	-49.782024	1.1770545	14.15171	-53.942482	-49.78194	0.2	13864987	9124.808181285858
69	-436.1891	-436.1891	-11.258268	-49.78256	1.1869706	12.625412	-54.38033	-49.78253	0.0	14065982	9262.720666885376
70	-393.0859	-393.0859	-0.85931104	-49.774807	1.205814	10.912035	-53.569324	-49.774643	0.0	14266981	9400.834971427917
71	-445.29742	-445.29742	-90.823784	-49.77279	1.2244195	10.16766	-55.696327	-49.77282	0.2	14467982	9539.53149676323
72	-488.45325	-488.45325	-21.391493	-49.76947	1.2841116	14.026375	-55.203312	-49.76932	0.1	14668995	9678.163618564606
73	-334.3011	-334.3011	-74.98432	-49.767574	1.317532	17.710587	-55.382107	-49.76761	0.1	14869981	9816.566381454468
74	-390.87888	-390.87888	-9.718507	-49.760674	1.3801366	20.045868	-56.1406	-49.76059	0.0	15070982	9955.223858356476
75	-423.76895	-423.76895	-107.37743	-49.755394	1.4569113	21.47898	-55.468548	-49.755352	0.0	15271983	10095.487429618835
76	-371.61276	-371.61276	-84.47862	-49.751858	1.4640812	13.582283	-55.366985	-49.751858	0.1	15472994	10234.902919054031
77	-568.7203	-568.7203	-77.49503	-49.751705	1.4693662	21.53891	-56.01304	-49.75162	0.2	15673986	10374.574448108673
78	-511.40137	-511.40137	-66.515305	-49.750473	1.4698648	21.65749	-56.777485	-49.750454	0.0	15874987	10514.417685508728
79	-396.1872	-396.1872	-20.04856	-49.750015	1.4514222	16.404758	-56.258583	-49.74998	0.1	16075981	10653.717955112457
80	-312.7319	-312.7319	-96.72654	-49.74617	1.4782668	17.279613	-56.15828	-49.746067	0.3	16276982	10792.574554681778
81	-426.9715	-426.9715	-61.06272	-49.739212	1.5435168	21.546236	-55.15849	-49.739277	0.2	16477981	10932.101301908493
82	-455.91165	-455.91165	-8.590945	-49.733696	1.5044569	18.97482	-55.20099	-49.73356	0.0	16679001	11071.851677179337
83	-277.32324	-277.32324	-36.412567	-49.71644	1.6578861	17.706581	-55.786774	-49.71641	0.1	16879984	11212.648236751556
84	-315.10175	-315.10175	-11.935385	-49.712883	1.6449846	24.990019	-58.409466	-49.71283	0.3	17080981	11352.739969968796
85	-270.01556	-270.01556	-7.975531	-49.700577	1.7258592	22.342388	-56.784092	-49.700634	0.2	17281996	11492.12058019638
86	-391.49396	-391.49396	-3.9449182	-49.710342	1.6443759	24.147644	-58.83362	-49.710197	0.4	17482982	11632.29625248909
87	-337.37634	-337.37634	-135.60997	-49.69831	1.7132832	25.970673	-55.884212	-49.69818	0.1	17683995	11771.76447057724
88	-319.3494	-319.3494	-76.66169	-49.68719	1.8013738	27.04955	-56.163734	-49.687195	0.2	17884982	11911.332249641418
89	-485.0732	-485.0732	-90.031815	-49.682507	1.7919946	19.32725	-55.977	-49.682323	0.5	18086001	12051.308844804764
90	-385.6657	-385.6657	-3.7517135	-49.68035	1.819213	32.132187	-56.18413	-49.68044	0.5	18286983	12191.762928247452
91	-384.37747	-384.37747	-23.574768	-49.67031	1.8276621	33.32597	-57.109524	-49.670437	0.3	18487982	12331.5718832016
92	-478.63446	-478.63446	-44.734543	-49.650375	1.929392	25.266249	-57.228912	-49.650284	0.6	18688983	12472.11278963089
93	-404.56735	-404.56735	-5.859454	-49.647766	1.9735086	28.562334	-58.496117	-49.6477	0.1	18889982	12611.587574481964
94	-368.91556	-368.91556	4.5138545	-49.635338	2.0077665	18.533598	-58.29673	-49.6352	0.2	19090988	12750.363941907883
95	-366.2206	-366.2206	3.5550377	-49.633167	2.0532727	25.229471	-59.351246	-49.633224	0.4	19291983	12889.289028406143
96	-339.0009	-339.0009	-2.694651	-49.62895	2.069195	20.179848	-57.926003	-49.628693	0.2	19492983	13028.342022418976
97	-540.5236	-540.5236	-6.975058	-49.63092	2.092337	20.851974	-57.76918	-49.63095	0.6	19694001	13168.254397392273
98	-440.07516	-440.07516	-52.41428	-49.621784	2.1638598	30.674818	-60.238472	-49.62161	0.4	19894983	13308.339437007904
99	-421.65668	-421.65668	-33.00642	-49.622025	2.1496017	30.47158	-58.698654	-49.621994	0.3	20095981	13447.700225830078
100	-473.18726	-473.18726	0.8833032	-49.611416	2.2156236	23.582567	-58.957775	-49.611233	0.7	20296981	13587.60049366951
101	-366.06375	-366.06375	-49.36616	-49.61276	2.2215195	25.166553	-58.517567	-49.612762	0.4	20497983	13727.644493341446
102	-433.75046	-433.75046	-0.5386505	-49.622337	2.1642172	19.428097	-58.16879	-49.622494	0.1	20698981	13867.101751804352
103	-344.90857	-344.90857	-1.8553845	-49.62067	2.154891	33.044815	-59.01499	-49.62043	0.4	20899984	14007.04042172432
104	-445.40808	-445.40808	-0.8526419	-49.613556	2.2030957	25.402342	-58.912697	-49.613503	0.1	21100982	14147.828077316284
105	-555.4656	-555.4656	-9.090056	-49.6236	2.166071	29.749155	-58.166412	-49.623516	0.2	21302001	14288.87582540512
106	-327.98062	-327.98062	-33.260902	-49.61012	2.2154658	22.00374	-57.84877	-49.61019	0.2	21502992	14429.243498563766
107	-360.4164	-360.4164	1.8378559	-49.605343	2.2147844	24.082	-59.98054	-49.605194	0.2	21703983	14569.721088886261
108	-422.7473	-422.7473	-40.204464	-49.61155	2.184812	23.809223	-59.500637	-49.611298	0.3	21905001	14710.01644563675
109	-333.65598	-333.65598	4.5121875	-49.597977	2.2352712	19.307156	-59.152237	-49.59791	0.4	22106001	14850.57825422287
110	-408.36066	-408.36066	-3.1855826	-49.59302	2.2543275	33.01641	-58.86339	-49.593014	0.3	22306984	14990.726025104523
111	-424.27542	-424.27542	-3.1542327	-49.58707	2.2934492	24.466473	-59.773426	-49.587128	0.3	22507985	15130.82649922371
112	-340.02124	-340.02124	-53.46405	-49.582127	2.292417	25.339811	-58.493332	-49.582096	0.5	22709001	15271.141978263855
113	-355.0997	-355.0997	1.6780639	-49.57908	2.3792818	22.77559	-58.88705	-49.5788	0.2	22909983	15409.906210899353
114	-421.60022	-421.60022	-0.8993809	-49.579235	2.3751755	26.987898	-59.808624	-49.57904	0.5	23110984	15549.324185371399
115	-317.8796	-317.8796	0.3328922	-49.580154	2.336014	21.223063	-59.72411	-49.58	0.4	23311991	15689.216556310654
116	-430.49146	-430.49146	5.8902283	-49.575706	2.3419545	27.909344	-62.374767	-49.575626	0.3	23512986	15829.741003513336
117	-472.9906	-472.9906	2.0421493	-49.58175	2.3061366	24.622747	-58.758488	-49.581688	0.3	23713999	15970.80066561699
118	-356.3477	-356.3477	-2.6567209	-49.571205	2.3731704	25.458183	-59.51051	-49.571064	0.5	23914995	16111.042224168777
119	-364.73465	-364.73465	0.21404004	-49.57265	2.3240297	22.821909	-59.7838	-49.57232	0.4	24116001	16251.71572303772
120	-420.2079	-420.2079	5.884251	-49.568775	2.3601074	29.348125	-59.993824	-49.568726	0.6	24316990	16391.649549484253
121	-444.8239	-444.8239	-2.8012888	-49.569447	2.3586006	36.90202	-57.76297	-49.56891	0.5	24517981	16531.979130268097
122	-297.57333	-297.57333	-60.10023	-49.57648	2.3029583	20.014256	-60.704865	-49.576633	0.4	24718984	16672.068420648575
123	-343.434	-343.434	5.1177387	-49.560337	2.35619	29.99452	-57.711216	-49.560074	0.7	24919985	16811.701910972595
124	-320.7843	-320.7843	-6.094157	-49.55614	2.3983185	28.86766	-59.397762	-49.55599	0.4	25120996	16951.538259983063
125	-314.35223	-314.35223	0.18622817	-49.560326	2.3483064	34.705734	-58.30937	-49.559933	0.4	25321982	17091.398924827576
126	-299.32852	-299.32852	-26.720854	-49.553047	2.3744764	27.24078	-59.64233	-49.55309	0.5	25522982	17230.904754161835
127	-503.0745	-503.0745	8.034195	-49.55328	2.3756618	21.19876	-59.479706	-49.55316	0.2	25723982	17370.94964671135
128	-362.6963	-362.6963	-28.872051	-49.55008	2.3683877	25.402672	-57.371323	-49.5499	0.2	25924986	17511.232824087143
129	-419.54562	-419.54562	1.6950295	-49.5376	2.4731162	24.799288	-58.880787	-49.537464	0.3	26125987	17651.411450386047
130	-452.26672	-452.26672	7.077715	-49.531826	2.4388812	26.61497	-57.93161	-49.53162	0.5	26326985	17790.79422712326
131	-381.62378	-381.62378	0.84278756	-49.52724	2.5292792	20.330944	-61.356617	-49.527134	0.2	26527990	17930.429010868073
132	-453.1383	-453.1383	7.645224	-49.533413	2.4469554	24.681852	-60.209835	-49.53292	0.2	26728984	18069.56253170967
133	-298.00714	-298.00714	-0.7095386	-49.524582	2.507526	24.84573	-58.45131	-49.52456	0.4	26929985	18209.41685771942
134	-199.75586	-199.75586	4.2900343	-49.52251	2.4824238	25.098692	-58.493248	-49.522297	0.3	27130989	18348.727833986282
135	-222.2606	-222.2606	3.652221	-49.51353	2.572873	33.20372	-60.44226	-49.51345	0.3	27331986	18488.785286426544
136	-385.69415	-385.69415	-0.061217953	-49.510735	2.5644743	21.624966	-59.954563	-49.510624	0.0	27532982	18628.51186990738
137	-465.46146	-465.46146	4.2963653	-49.507797	2.5766342	28.779907	-62.88979	-49.50744	0.7	27734001	18767.62932395935
138	-474.45462	-474.45462	4.967714	-49.497875	2.582565	23.625225	-62.38164	-49.49766	0.2	27934989	18907.61448764801
139	-371.24738	-371.24738	-27.302898	-49.509132	2.5465105	22.160631	-60.87959	-49.508812	0.5	28135982	19046.39069533348
140	-329.8341	-329.8341	5.6534295	-49.49835	2.6025822	30.421993	-60.319374	-49.498318	0.8	28336984	19185.18660736084
141	-283.1563	-283.1563	0.96916103	-49.501972	2.6169763	28.377218	-61.696644	-49.50183	0.3	28537981	19324.458496570587
142	-408.72794	-408.72794	6.746719	-49.501854	2.657704	26.63723	-60.376404	-49.50159	0.4	28738985	19464.47489118576
143	-492.33566	-492.33566	-6.7279906	-49.48517	2.6996272	27.103437	-60.215282	-49.485348	0.5	28939990	19604.458753585815
144	-297.6374	-297.6374	2.7023554	-49.494137	2.6480584	24.075708	-60.50214	-49.493645	0.3	29140984	19744.194878816605
145	-403.83987	-403.83987	4.4434896	-49.484344	2.682332	23.465816	-60.007603	-49.48431	0.4	29341987	19885.72004556656
146	-424.8804	-424.8804	8.76825	-49.484673	2.6555786	24.336786	-60.373215	-49.48435	0.4	29542983	20025.461163520813
147	-353.0107	-353.0107	5.827948	-49.481213	2.6981018	24.692835	-62.41994	-49.480907	0.4	29744001	20165.1928088665
148	-298.4198	-298.4198	-3.690641	-49.47644	2.6955748	30.99755	-59.91522	-49.47634	0.5	29944984	20306.748837709427
149	-276.5077	-276.5077	7.772162	-49.482487	2.6561465	24.596601	-57.938988	-49.48256	0.2	30145982	20446.651515722275
150	-318.54977	-318.54977	9.340509	-49.468746	2.7218466	26.247316	-57.878555	-49.46846	0.3	30346981	20585.2941467762
151	-259.0356	-259.0356	7.430603	-49.472942	2.7125804	27.816496	-61.2698	-49.47286	0.6	30547981	20724.401636123657
152	-508.8919	-508.8919	8.459305	-49.45724	2.8143172	28.180824	-60.20322	-49.456856	0.6	30748984	20864.511791944504
153	-268.28326	-268.28326	-62.853764	-49.46726	2.698729	24.871464	-60.574535	-49.467106	0.3	30949990	21004.08995103836
154	-272.9513	-272.9513	3.99439	-49.45617	2.7450004	22.691313	-59.91888	-49.455997	0.2	31150981	21143.914581775665
155	-350.55276	-350.55276	8.391364	-49.45351	2.774154	22.775667	-61.056465	-49.45312	0.6	31351981	21283.868944644928
156	-195.151	-195.151	5.6288047	-49.445988	2.8024297	28.532623	-60.069153	-49.446182	0.3	31552988	21423.744408369064
157	-376.6903	-376.6903	5.6085916	-49.441597	2.8265545	26.765842	-63.4626	-49.441334	0.3	31753993	21563.845339775085
158	-328.41672	-328.41672	9.94868	-49.443077	2.8456717	20.839237	-61.210136	-49.443012	0.2	31954981	21703.65588283539
159	-339.26733	-339.26733	4.6550746	-49.449554	2.783826	24.412157	-60.103104	-49.44951	0.2	32156001	21843.35838341713
160	-353.76828	-353.76828	7.1754255	-49.432148	2.8419557	33.731693	-66.99803	-49.431824	0.4	32356986	21983.969357013702
161	-358.09143	-358.09143	9.071338	-49.442913	2.781504	26.403744	-61.50799	-49.44274	0.4	32557981	22123.97856068611
162	-345.5265	-345.5265	5.4825892	-49.436863	2.825388	30.961863	-61.038292	-49.436485	0.3	32758982	22262.19468641281
163	-298.4234	-298.4234	4.487448	-49.43375	2.8120303	27.668598	-62.66494	-49.43367	0.5	32959981	22402.184117794037
164	-290.53778	-290.53778	5.427039	-49.411404	2.894893	28.358143	-61.05398	-49.411118	0.3	33160981	22541.172058582306
165	-363.61417	-363.61417	-3.464205	-49.411465	2.9043589	21.34801	-60.48147	-49.41085	0.3	33361981	22681.30075097084
166	-306.38626	-306.38626	-16.478804	-49.409485	2.9017541	44.578934	-60.60639	-49.409466	0.5	33563001	22820.923318862915
167	-328.4558	-328.4558	6.0155897	-49.41103	2.8806865	25.04954	-62.454594	-49.410595	0.0	33763991	22960.347764253616
168	-283.18567	-283.18567	-0.70368654	-49.405727	2.8698728	39.130516	-61.72407	-49.40546	0.3	33964988	23099.7205183506
169	-361.26425	-361.26425	-0.49427834	-49.403156	2.9104278	26.316654	-59.844814	-49.402473	0.0	34165981	23238.741547584534
170	-301.4175	-301.4175	6.328772	-49.396687	2.9268956	21.388632	-61.415398	-49.39655	0.2	34366981	23377.52171564102
171	-343.53458	-343.53458	6.659415	-49.407246	2.8822365	27.408264	-60.102615	-49.406883	0.6	34568001	23517.604392528534
172	-251.88197	-251.88197	0.24735232	-49.3971	2.9405127	20.196453	-59.551228	-49.3965	0.4	34768981	23656.036109685898
173	-313.62338	-313.62338	5.7365484	-49.38498	2.9960203	31.042757	-62.139664	-49.385017	0.2	34969995	23794.5534594059
174	-369.38007	-369.38007	8.3536415	-49.386105	2.9673324	32.942894	-62.350403	-49.38569	0.3	35170986	23934.53149986267
175	-314.28354	-314.28354	7.865918	-49.388023	2.974412	24.465984	-62.64824	-49.38772	0.5	35371986	24074.8929271698
176	-318.7825	-318.7825	5.683712	-49.381767	2.983431	24.125841	-66.18837	-49.38168	0.6	35572999	24214.18538045883
177	-264.56186	-264.56186	6.037596	-49.36983	3.0258803	23.607494	-63.49029	-49.36942	0.6	35773985	24353.58940768242
178	-264.81375	-264.81375	-39.70583	-49.3553	3.0640514	26.4814	-63.86478	-49.355263	0.1	35974982	24493.580566883087
179	-403.88843	-403.88843	7.3412476	-49.352722	3.0651624	28.244854	-64.466606	-49.351856	0.2	36175984	24633.122536182404
180	-339.85968	-339.85968	7.3257155	-49.34931	3.0870504	26.330502	-65.45306	-49.34958	0.2	36376983	24772.73769760132
181	-385.21042	-385.21042	-96.49177	-49.34918	3.1000912	27.647943	-69.42409	-49.348618	0.5	36578001	24912.505733013153
182	-242.85255	-242.85255	-47.41843	-49.343372	3.1340053	21.998093	-65.51298	-49.343006	0.3	36778985	25050.946279764175
183	-335.50137	-335.50137	7.1559296	-49.33226	3.1661296	25.305344	-62.803463	-49.33192	0.4	36979988	25190.241364479065
184	-261.0668	-261.0668	-37.927193	-49.31831	3.1727152	25.249474	-65.508194	-49.317745	0.6	37180983	25328.348117113113
185	-278.9217	-278.9217	7.1131225	-49.323555	3.1732404	21.567902	-61.37497	-49.323246	0.4	37381981	25467.75512766838
186	-260.42047	-260.42047	-10.525117	-49.32602	3.1775603	19.335737	-61.353737	-49.32593	0.5	37582987	25608.385602474213
187	-350.36786	-350.36786	-77.20753	-49.314976	3.2284935	23.155735	-64.71466	-49.31453	0.4	37783982	25748.69163274765
188	-248.06203	-248.06203	-79.46904	-49.321465	3.2365534	28.283745	-63.829712	-49.321144	0.4	37984981	25887.95335793495
189	-382.62573	-382.62573	-67.510056	-49.337753	3.1280994	26.17477	-62.90803	-49.33752	0.4	38185983	26027.435257673264
190	-384.98477	-384.98477	-143.38277	-49.33234	3.1802275	26.359266	-65.08215	-49.332226	0.6	38386990	26166.941020011902
191	-318.5595	-318.5595	6.3796587	-49.328922	3.203865	26.97595	-72.050735	-49.328625	0.3	38587984	26305.958943367004
192	-322.8785	-322.8785	2.3161352	-49.334515	3.1850076	21.69979	-67.82222	-49.33386	0.4	38788984	26444.903436899185
193	-322.3728	-322.3728	-22.973364	-49.32097	3.2494965	24.940847	-65.09846	-49.32067	0.4	38989981	26584.173150777817
194	-263.57297	-263.57297	7.8521876	-49.326977	3.215922	25.999126	-65.61841	-49.326965	0.3	39191001	26723.200917243958
195	-270.97568	-270.97568	0.81384635	-49.32222	3.2257557	23.5794	-63.922466	-49.321903	0.6	39391994	26861.642047166824
196	-392.8141	-392.8141	-8.83733	-49.31489	3.2648327	19.642836	-64.08188	-49.314342	0.2	39592988	27000.89250278473
197	-307.71838	-307.71838	3.3159575	-49.316418	3.2330353	25.306469	-62.87773	-49.315716	0.2	39793983	27140.044856786728
198	-355.50812	-355.50812	5.8043423	-49.31331	3.2529435	25.403816	-65.403534	-49.31284	0.2	39994983	27279.08355116844
199	-338.2373	-338.2373	-80.79495	-49.312084	3.272898	28.168432	-68.16537	-49.312225	0.2	40196001	27418.591933727264
200	-254.1979	-254.1979	5.2501636	-49.31644	3.2275715	18.608469	-66.90834	-49.31622	0.3	40396988	27557.38619375229
201	-288.01727	-288.01727	-85.16472	-49.30382	3.308676	25.885141	-64.206955	-49.302914	0.3	40597981	27696.982593774796
202	-224.33846	-224.33846	6.268604	-49.303555	3.2768276	20.317503	-64.94129	-49.303555	0.2	40798982	27835.57990670204
203	-358.45746	-358.45746	9.43551	-49.299797	3.3025885	23.602936	-64.62127	-49.29944	0.3	40999981	27974.819281101227
204	-412.93665	-412.93665	9.98417	-49.2916	3.3502386	20.714321	-66.15491	-49.291187	0.0	41201000	28114.847197532654
205	-299.05276	-299.05276	-51.078392	-49.28975	3.3346353	19.719465	-64.69541	-49.289032	0.4	41401986	28253.937303304672
206	-308.69464	-308.69464	-72.88571	-49.302433	3.2933292	25.72199	-62.15702	-49.302555	0.3	41602981	28394.39009451866
207	-351.4482	-351.4482	8.545178	-49.28384	3.3596745	22.524952	-64.94268	-49.283333	0.3	41803982	28534.19559764862
208	-283.33728	-283.33728	7.6316466	-49.287464	3.3481126	19.380714	-63.96774	-49.28727	0.3	42004987	28672.882077217102
209	-271.974	-271.974	11.453746	-49.284725	3.3493986	24.533	-67.238754	-49.284004	0.6	42205983	28811.968720436096
210	-320.87845	-320.87845	6.50409	-49.28844	3.3358824	24.744553	-67.377365	-49.288254	0.2	42406983	28951.047565698624
211	-297.80966	-297.80966	6.722171	-49.277576	3.3824308	22.243261	-66.964035	-49.27782	0.1	42607983	29090.21568584442
212	-285.0072	-285.0072	7.7918196	-49.278725	3.3757446	26.523031	-64.9921	-49.278152	0.4	42808984	29230.886900663376
213	-270.96747	-270.96747	10.558113	-49.275833	3.386503	27.73477	-64.13466	-49.27512	0.5	43009988	29370.687374591827
214	-331.8337	-331.8337	3.232338	-49.2572	3.4404051	35.41768	-66.12469	-49.256832	0.3	43210988	29509.887450695038
215	-232.40994	-232.40994	10.4033165	-49.270367	3.3832169	28.28004	-89.24978	-49.270348	0.5	43411982	29649.30636548996
216	-322.42465	-322.42465	7.99868	-49.261	3.396277	25.384455	-74.22887	-49.260777	0.5	43613001	29789.489406824112
217	-254.09383	-254.09383	8.9118185	-49.262062	3.4182603	23.730463	-70.760315	-49.261585	0.2	43813981	29927.76371860504
218	-319.05853	-319.05853	8.832244	-49.23982	3.4632063	22.309664	-65.77858	-49.23974	0.2	44015001	30067.440332889557
219	-347.17575	-347.17575	8.144759	-49.252502	3.4449027	28.73061	-65.22598	-49.252014	0.4	44215985	30206.81267309189
220	-264.1358	-264.1358	-46.535736	-49.243614	3.4564145	26.994865	-65.01188	-49.243893	0.2	44416981	30346.52800321579
221	-334.72382	-334.72382	8.033596	-49.25118	3.4373674	24.3077	-61.884857	-49.250576	0.5	44617990	30485.62638735771
222	-341.34323	-341.34323	-11.422974	-49.235744	3.489744	25.312658	-68.91325	-49.23604	0.3	44818983	30625.043228149414
223	-274.50006	-274.50006	5.593429	-49.241695	3.4438088	26.934393	-66.801956	-49.241695	0.3	45019981	30765.066066503525
224	-290.81085	-290.81085	8.459283	-49.246063	3.4719756	28.846872	-65.86357	-49.245586	0.4	45220986	30904.35602426529
225	-315.10107	-315.10107	8.464257	-49.241734	3.4923594	21.888683	-61.94507	-49.241806	0.5	45421982	31044.91920232773
226	-392.81952	-392.81952	5.4564037	-49.2326	3.534285	21.377388	-64.52894	-49.23191	0.3	45622988	31184.773776769638
227	-313.5393	-313.5393	7.1020737	-49.23445	3.5077283	24.37935	-73.131134	-49.234306	0.2	45823982	31323.086188077927
228	-230.5051	-230.5051	4.7417207	-49.241936	3.4701886	31.702507	-65.40896	-49.241592	0.2	46024983	31462.645851135254
229	-292.14185	-292.14185	3.5135539	-49.217525	3.5581756	31.178917	-63.25227	-49.2173	0.1	46225983	31602.383954048157
230	-283.7473	-283.7473	9.190576	-49.231194	3.474364	27.961342	-63.28129	-49.23108	0.6	46426982	31742.161674022675
231	-294.95468	-294.95468	6.868752	-49.23013	3.5082	28.914614	-65.282135	-49.229828	0.4	46628001	31881.019762039185
232	-338.59848	-338.59848	4.2051764	-49.210316	3.5409112	21.900755	-68.449814	-49.20976	0.4	46828984	32020.33293247223
233	-263.9801	-263.9801	7.401471	-49.22294	3.5203748	24.02666	-63.020187	-49.222458	0.5	47029983	32158.528275728226
234	-288.7776	-288.7776	9.35713	-49.21948	3.4936864	25.981003	-65.40207	-49.219578	0.2	47230983	32297.786272525787
235	-266.99164	-266.99164	7.406004	-49.214245	3.5615993	31.609823	-68.10886	-49.214054	0.8	47431981	32436.92977309227
236	-379.03247	-379.03247	5.6149783	-49.202892	3.5903263	23.404337	-67.78305	-49.202667	0.2	47632983	32576.15883421898
237	-279.26974	-279.26974	8.312979	-49.208656	3.5780804	23.104881	-64.44084	-49.208477	0.4	47834000	32715.32245540619
238	-228.64948	-228.64948	8.043097	-49.202454	3.586879	29.439453	-66.81037	-49.202408	0.3	48034987	32854.07285261154
239	-288.60062	-288.60062	7.997437	-49.205677	3.5815914	22.203514	-63.593727	-49.205338	0.6	48235994	32993.773923158646
240	-247.18951	-247.18951	7.6087675	-49.199734	3.618738	29.698353	-63.39737	-49.19943	0.4	48436984	33132.64565062523
241	-307.84827	-307.84827	6.6650558	-49.20948	3.5778902	27.640188	-64.70418	-49.20976	0.2	48637985	33271.63919234276
242	-409.1044	-409.1044	9.070776	-49.208355	3.566273	19.971432	-72.63826	-49.207825	0.3	48838991	33412.119822502136
243	-346.34836	-346.34836	7.882306	-49.21364	3.568622	22.418106	-73.45433	-49.21355	0.4	49040001	33551.64507460594
244	-326.81677	-326.81677	5.8082504	-49.19692	3.6187294	22.49885	-66.27227	-49.19673	0.4	49240982	33691.1779999733
245	-353.20645	-353.20645	6.812416	-49.1938	3.5989242	34.20474	-63.238274	-49.193512	0.4	49441984	33831.993315935135
246	-301.06906	-301.06906	8.227977	-49.180195	3.6447704	23.080853	-70.60317	-49.17942	0.5	49642992	33972.34981870651
247	-284.9205	-284.9205	6.6781354	-49.19497	3.628585	21.187395	-64.86681	-49.19477	0.3	49843982	34112.151158094406
248	-332.1868	-332.1868	7.187666	-49.19744	3.575605	30.784237	-65.29602	-49.196957	0.7	50045001	34251.65435433388
249	-275.42313	-275.42313	7.776915	-49.18764	3.6220946	26.265366	-64.74451	-49.18788	0.4	50245984	34392.55498814583
250	-369.14737	-369.14737	-4.63593	-49.188118	3.5742524	27.594637	-65.24992	-49.187687	0.1	50447001	34532.69535493851
251	-277.23856	-277.23856	-44.314507	-49.178894	3.6586862	20.860235	-62.3952	-49.17885	0.4	50648001	34671.42096686363
252	-216.67398	-216.67398	7.432674	-49.178036	3.6394908	29.788599	-65.994156	-49.17792	0.5	50848998	34809.8235347271
253	-203.47745	-203.47745	7.0372486	-49.168907	3.6405993	26.90892	-65.91497	-49.168274	0.5	51049982	34948.1057100296
254	-402.94995	-402.94995	8.711317	-49.17429	3.6535153	25.988586	-62.689972	-49.174545	0.5	51250983	35087.12319159508
255	-334.9793	-334.9793	8.69669	-49.162186	3.7008047	24.654125	-64.39954	-49.161354	0.5	51452001	35226.73511862755
256	-382.6541	-382.6541	5.0794525	-49.165543	3.6771946	23.942404	-64.57354	-49.164867	0.1	51652996	35366.81501746178
257	-256.33832	-256.33832	4.221371	-49.173428	3.6104407	23.197834	-64.154106	-49.17321	0.5	51853982	35505.629336595535
258	-352.67465	-352.67465	7.65273	-49.15164	3.7369378	21.372581	-71.910774	-49.15095	0.3	52054983	35645.18786048889
259	-250.09094	-250.09094	7.03985	-49.158993	3.6869571	19.908619	-69.23337	-49.15855	0.4	52255981	35784.79292702675
260	-299.29608	-299.29608	6.9127536	-49.16419	3.685458	39.55063	-64.66963	-49.163383	0.4	52456984	35923.40213251114
261	-319.78082	-319.78082	2.785965	-49.160126	3.6997242	31.851408	-65.507935	-49.160446	0.3	52658001	36062.2971701622
262	-315.17136	-315.17136	11.311548	-49.164574	3.6617253	20.11873	-63.99327	-49.163864	0.3	52858997	36201.33998322487
263	-377.38208	-377.38208	6.618834	-49.167564	3.6579137	22.059223	-63.85532	-49.16766	0.2	53059982	36340.39930844307
264	-269.82434	-269.82434	6.8129272	-49.16403	3.6902041	27.26	-65.626274	-49.16415	0.0	53260982	36479.641884326935
265	-318.73746	-318.73746	9.317942	-49.15865	3.6584952	20.730888	-64.190636	-49.15834	0.3	53461994	36618.56572198868
266	-316.00043	-316.00043	8.640138	-49.14379	3.6944573	22.735554	-66.52072	-49.14299	0.3	53662986	36757.379734516144
267	-336.2489	-336.2489	7.213031	-49.132584	3.744472	22.846952	-63.311848	-49.132313	0.3	53863987	36896.56445670128
268	-320.29858	-320.29858	9.144637	-49.133514	3.7754078	26.388708	-64.48195	-49.13301	0.6	54065001	37035.927898168564
269	-401.81305	-401.81305	10.500221	-49.144463	3.7127008	24.975142	-65.08266	-49.1441	0.5	54265983	37175.400367975235
270	-351.1713	-351.1713	8.116692	-49.14286	3.7432692	30.861818	-61.241787	-49.142323	0.4	54466984	37314.67921876907
271	-338.08038	-338.08038	9.968612	-49.142254	3.7324905	20.246159	-64.531265	-49.141445	0.5	54667991	37454.42451071739
272	-260.6382	-260.6382	7.817699	-49.15688	3.6583827	19.693972	-62.73612	-49.15634	0.3	54868984	37594.28496360779
273	-319.2307	-319.2307	10.368768	-49.139473	3.7489212	23.38024	-64.23264	-49.138493	0.3	55069981	37731.92142033577
274	-309.3709	-309.3709	10.676674	-49.145756	3.7128594	28.563044	-64.62035	-49.14586	0.2	55270983	37870.392219781876
275	-320.32684	-320.32684	6.121922	-49.138924	3.7565162	25.542917	-70.99321	-49.137886	0.5	55471988	38009.86333107948
276	-244.27022	-244.27022	9.552198	-49.12807	3.744077	23.72051	-63.4663	-49.126923	0.4	55672982	38149.53123641014
277	-355.7494	-355.7494	5.627007	-49.13699	3.747318	39.968277	-68.36598	-49.136246	0.4	55873991	38292.16042685509
278	-325.3701	-325.3701	5.32348	-49.133266	3.76747	25.434853	-63.449158	-49.133213	0.4	56074981	38431.62390756607
279	-298.98227	-298.98227	8.292666	-49.132114	3.749885	23.403814	-69.231674	-49.13098	0.2	56275990	38569.73409104347
280	-332.34384	-332.34384	4.5809517	-49.13486	3.7435331	25.669443	-67.31029	-49.13467	0.6	56476997	38707.59102487564
281	-304.98853	-304.98853	7.731589	-49.14302	3.7408261	29.722143	-64.91929	-49.14197	0.5	56677996	38846.820282936096
282	-296.2236	-296.2236	8.10016	-49.135147	3.7352822	24.781351	-66.16696	-49.13462	0.1	56878984	38986.46414875984
283	-353.3013	-353.3013	0.33640635	-49.13056	3.7778919	24.856167	-70.518814	-49.13001	0.2	57079993	39124.73477387428
284	-282.00198	-282.00198	7.233891	-49.12994	3.7694948	23.32891	-64.49943	-49.129147	0.3	57280985	39263.4262239933
285	-497.52594	-497.52594	11.333854	-49.125988	3.764386	23.57165	-67.75185	-49.1252	0.6	57481986	39403.326573848724
286	-287.00412	-287.00412	7.16115	-49.128002	3.7413948	20.70625	-66.96628	-49.127026	0.2	57682993	39540.60627889633
287	-298.46515	-298.46515	9.343782	-49.13052	3.7661216	23.546797	-64.58303	-49.13016	0.3	57883983	39676.68439364433
288	-275.67355	-275.67355	8.604408	-49.123886	3.7774847	22.787672	-67.326866	-49.12343	0.5	58084999	39813.33741855621
289	-340.78156	-340.78156	8.88897	-49.12568	3.746977	23.07834	-65.18993	-49.12464	0.3	58285982	39950.454183101654
290	-274.67505	-274.67505	8.96599	-49.13941	3.7229924	26.209627	-64.48833	-49.1395	0.6	58486984	40087.86856174469
291	-382.1323	-382.1323	10.465148	-49.133842	3.7018137	26.988335	-68.149445	-49.132725	0.4	58687989	40225.97003531456
292	-279.27298	-279.27298	9.312606	-49.1131	3.7928767	55.783	-66.094696	-49.11289	0.2	58888982	40363.53064727783
293	-317.922	-317.922	9.653135	-49.110306	3.8086154	49.097195	-64.63929	-49.10914	0.2	59089982	40501.416893959045
294	-312.35428	-312.35428	5.433888	-49.11957	3.7682385	45.326218	-65.66347	-49.119457	0.3	59290983	40638.26524090767
295	-349.79422	-349.79422	8.702377	-49.11936	3.7616029	29.94501	-66.17379	-49.1186	0.6	59491981	40774.945080280304
296	-345.4325	-345.4325	12.50971	-49.09898	3.815834	29.765297	-64.377686	-49.098244	0.7	59692985	40912.853511333466
297	-330.45844	-330.45844	7.9647474	-49.095745	3.8436077	30.915531	-74.14302	-49.0952	0.2	59893983	41050.40558075905
298	-261.65448	-261.65448	8.125126	-49.112778	3.7759655	26.73109	-67.50821	-49.111458	0.5	60094987	41187.707701683044
299	-356.75525	-356.75525	9.202442	-49.102676	3.7892015	36.182343	-67.17386	-49.10227	0.4	60295985	41325.0307841301
300	-291.5779	-291.5779	6.734273	-49.100792	3.807749	25.869461	-64.9202	-49.100353	0.6	60496986	41461.71625041962
301	-325.5978	-325.5978	10.270963	-49.102688	3.843837	28.502552	-71.88851	-49.100784	0.4	60697987	41597.823018074036
302	-287.95078	-287.95078	7.7975326	-49.09655	3.8641384	31.631054	-64.14783	-49.096657	0.5	60898982	41734.19719529152
303	-346.61258	-346.61258	8.77363	-49.104	3.840284	21.547901	-63.4281	-49.102943	0.1	61099981	41870.72686910629
304	-368.6289	-368.6289	8.987757	-49.08388	3.90427	21.566317	-64.64146	-49.08267	0.4	61300986	42008.01063346863
305	-368.15167	-368.15167	8.387895	-49.090042	3.8293216	22.679565	-67.591064	-49.089848	0.5	61501988	42144.48880958557
306	-247.77386	-247.77386	9.013391	-49.097256	3.8272898	26.608524	-64.95657	-49.09645	0.2	61702991	42281.018421173096
307	-254.48312	-254.48312	8.05374	-49.07822	3.9019217	34.59027	-69.9804	-49.077282	0.5	61903982	42421.850179195404
308	-248.27534	-248.27534	7.815498	-49.08932	3.8575857	23.08799	-73.360916	-49.087303	0.2	62104983	42562.70752835274
309	-300.27533	-300.27533	5.9891524	-49.074726	3.8891928	28.79309	-75.58413	-49.073956	0.4	62305983	42698.384016513824
310	-374.79474	-374.79474	8.885551	-49.08539	3.8767195	25.140299	-65.58127	-49.084812	0.6	62506984	42823.631148815155
311	-311.50964	-311.50964	11.442162	-49.087864	3.8624816	31.21824	-66.148094	-49.08676	0.4	62707991	42945.84780025482
312	-248.32085	-248.32085	8.790858	-49.063927	3.9214232	47.221684	-64.05727	-49.062412	0.3	62908983	43074.4156897068
313	-364.5151	-364.5151	8.058069	-49.070522	3.9091084	32.199963	-70.06575	-49.06949	0.2	63109985	43203.08378648758
314	-325.33212	-325.33212	9.226031	-49.083797	3.8868928	30.720226	-68.84139	-49.082233	0.1	63310981	43337.669070482254
315	-249.61719	-249.61719	7.7819715	-49.08361	3.8321815	25.906582	-67.42021	-49.082375	0.6	63511984	43471.93425107002
316	-265.48294	-265.48294	9.021781	-49.081684	3.8798063	28.815294	-65.46411	-49.08089	0.7	63712982	43600.75501060486
317	-276.17432	-276.17432	6.656052	-49.07237	3.9025888	30.967226	-69.86722	-49.071514	0.7	63913984	43719.84103155136
318	-267.60043	-267.60043	8.8339815	-49.07559	3.8511655	21.74287	-69.46763	-49.07413	0.5	64114983	43846.43345308304
319	-242.08182	-242.08182	7.5259504	-49.07847	3.8841498	20.076626	-65.9728	-49.077156	0.6	64315982	43975.55006432533
320	-368.77716	-368.77716	5.4790416	-49.074417	3.858833	23.990595	-64.837654	-49.073833	0.1	64516991	44102.90117764473
321	-282.6941	-282.6941	6.730551	-49.07096	3.900024	29.600523	-66.61053	-49.069054	0.4	64717982	44229.293679237366
322	-403.02307	-403.02307	7.957637	-49.06412	3.9152083	43.686844	-65.76436	-49.06336	0.2	64918989	44354.91287612915
323	-327.96875	-327.96875	10.271503	-49.06594	3.917664	27.97249	-64.72762	-49.065544	0.4	65119981	44484.89329004288
324	-251.18695	-251.18695	9.785201	-49.051075	3.961093	24.7202	-70.784485	-49.050224	0.6	65321001	44623.414256334305
325	-350.07382	-350.07382	10.412049	-49.0566	3.9469912	23.045238	-79.3164	-49.0553	0.2	65521984	44753.921025276184
326	-316.01163	-316.01163	10.330923	-49.055523	3.9623528	32.05167	-70.43198	-49.054028	0.3	65723001	44881.05480194092
327	-269.5229	-269.5229	0.27537692	-49.057056	3.8931696	27.387747	-69.44714	-49.055656	0.3	65923987	45007.21654486656
328	-324.81693	-324.81693	9.483223	-49.055557	3.9253788	28.766777	-67.44526	-49.054558	0.3	66124988	45127.20908856392
329	-354.69397	-354.69397	8.091157	-49.064175	3.886957	24.764807	-70.235085	-49.06275	0.5	66325994	45248.76501727104
330	-306.12665	-306.12665	7.0086713	-49.05797	3.9391556	30.365234	-69.31238	-49.057323	0.5	66526991	45367.84707927704
331	-293.81516	-293.81516	-30.631685	-49.044464	3.982657	27.024155	-65.19469	-49.042698	0.6	66727982	45483.57758331299
332	-298.00375	-298.00375	8.403485	-49.053364	3.9299889	37.23654	-71.32661	-49.05231	0.5	66928984	45605.538702726364
333	-294.15616	-294.15616	8.090135	-49.05582	3.906577	66.38026	-67.36371	-49.055023	0.5	67129987	45721.94590473175
334	-374.73343	-374.73343	9.241655	-49.03671	3.9760554	30.623869	-71.81592	-49.035976	0.5	67330982	45844.419051885605
335	-360.515	-360.515	8.414915	-49.045673	3.9587412	23.605396	-66.95562	-49.0446	0.6	67531983	45962.56954598427
336	-230.48566	-230.48566	5.294357	-49.045547	3.9811652	24.368027	-67.05159	-49.04431	0.2	67732996	46081.59399104118
337	-321.0421	-321.0421	8.931773	-49.029835	4.014561	28.029917	-66.236786	-49.028854	0.5	67933985	46201.294350624084
338	-360.70395	-360.70395	8.460973	-49.04592	3.973359	29.512175	-67.97417	-49.044247	0.6	68134984	46327.74945449829
339	-282.35083	-282.35083	8.743182	-49.045837	3.9500391	36.62507	-69.23509	-49.044926	0.3	68335985	46451.82095503807
340	-270.08005	-270.08005	9.904031	-49.040928	3.9939063	30.763996	-70.01373	-49.039516	0.5	68536981	46578.6124522686
341	-256.01062	-256.01062	5.5882754	-49.046852	3.9620526	40.74926	-69.3193	-49.04568	0.3	68738001	46702.07826137543
342	-312.52206	-312.52206	9.726792	-49.03925	3.9338121	30.55202	-68.25489	-49.03877	0.5	68938984	46818.93970108032
343	-338.38654	-338.38654	12.225275	-49.03372	3.9858446	26.643509	-64.74061	-49.032646	0.6	69139991	46945.34023284912
344	-300.8678	-300.8678	9.909532	-49.03832	3.9890597	37.435738	-74.028175	-49.03694	0.4	69340981	47063.19961166382
345	-285.39868	-285.39868	7.5781093	-49.03631	3.9959004	24.537378	-70.80918	-49.034813	0.5	69541985	47186.49742150307
346	-281.51114	-281.51114	11.528311	-49.02853	3.9896736	23.841507	-67.17005	-49.027065	0.4	69742984	47307.8986992836
347	-295.84393	-295.84393	10.010699	-49.034042	3.9893684	32.075283	-66.36206	-49.032913	0.5	69943984	47429.052059412
348	-359.91348	-359.91348	8.975884	-49.020412	4.022626	31.96009	-64.35449	-49.018192	0.6	70144982	47544.53926706314
349	-303.836	-303.836	10.107436	-49.041393	3.950851	20.01772	-65.814156	-49.040554	0.7	70345981	47668.338472127914
350	-252.29305	-252.29305	11.001789	-49.03331	3.9964643	24.867893	-66.45895	-49.032677	0.5	70546982	47781.75710391998
351	-293.4774	-293.4774	7.7176924	-49.02515	4.027511	33.07752	-78.12307	-49.0236	0.4	70747983	47906.672976732254
352	-254.85548	-254.85548	6.1428556	-49.028503	4.006962	34.20155	-65.193405	-49.0264	0.5	70948994	48023.4022731781
353	-306.58356	-306.58356	8.838062	-49.019596	4.055384	26.288355	-64.14151	-49.018837	0.6	71149981	48147.1730222702
354	-332.07758	-332.07758	8.534454	-49.031742	3.9804177	19.924189	-66.45075	-49.030167	0.3	71350984	48263.143239974976
355	-263.68292	-263.68292	11.157224	-49.02806	4.0017276	32.78463	-66.39678	-49.027287	0.4	71551982	48385.475111722946
356	-313.67136	-313.67136	6.9066052	-49.00631	4.0283585	34.433598	-79.08206	-49.004665	0.5	71752991	48501.61911511421
357	-374.91354	-374.91354	10.010428	-49.020817	4.0096316	42.61302	-71.35407	-49.01941	0.4	71953985	48618.1360244751
358	-319.07236	-319.07236	10.5639715	-49.026463	3.9775102	38.978046	-68.66477	-49.02559	0.3	72154985	48737.64551734924
359	-334.31952	-334.31952	6.9235578	-49.027477	3.9813278	24.501072	-70.422745	-49.026337	0.3	72355986	48856.61796045303
360	-337.79465	-337.79465	10.544194	-49.018482	4.0317693	35.58596	-73.793945	-49.017082	0.5	72556983	48977.25486063957
361	-328.66132	-328.66132	6.738118	-49.016308	4.01007	24.42875	-66.013794	-49.014347	0.2	72757981	49093.72896671295
362	-262.7483	-262.7483	8.180831	-49.02697	3.9567723	23.510864	-66.113846	-49.02611	0.5	72958989	49205.566861629486
363	-237.19434	-237.19434	7.552899	-49.01083	4.0196	39.107	-65.49299	-49.009186	0.3	73159987	49323.468280792236
364	-338.7861	-338.7861	9.452724	-49.015312	4.030713	25.69799	-71.10934	-49.01428	0.7	73360997	49445.825051784515
365	-340.03555	-340.03555	5.9221544	-49.021748	3.9775236	29.021145	-65.48852	-49.020638	0.2	73561983	49555.86370921135
366	-270.42493	-270.42493	7.982045	-49.010117	4.019653	21.19629	-65.92881	-49.00829	0.5	73762983	49676.63189172745
367	-291.20804	-291.20804	10.423233	-49.010403	4.0092416	25.772879	-65.816154	-49.00945	0.6	73963985	49788.05661988258
368	-329.7405	-329.7405	7.2712026	-48.998917	4.0202966	24.944386	-64.63207	-48.997204	0.6	74164993	49901.403497457504
369	-326.26782	-326.26782	10.311858	-49.006157	4.0487776	36.42059	-66.37188	-49.00443	0.5	74365982	50014.404816389084
370	-348.70038	-348.70038	10.126484	-48.998516	4.053076	24.65212	-65.95514	-48.997112	0.1	74566981	50125.49119400978
371	-277.824	-277.824	6.5117826	-48.99796	4.068876	31.762922	-65.993515	-48.99724	0.4	74767982	50239.16473913193
372	-254.72606	-254.72606	7.6327925	-48.999073	4.0511327	27.990492	-65.77284	-48.997604	0.5	74968991	50356.632642030716
373	-271.8976	-271.8976	9.293008	-48.998825	4.0197415	38.84137	-63.77924	-48.996586	0.4	75169989	50467.61469459534
374	-294.43216	-294.43216	9.044695	-49.002502	4.028414	30.65071	-66.57199	-49.001472	0.4	75370992	50575.95011496544
375	-321.20224	-321.20224	10.545117	-48.99094	4.0612917	26.218042	-66.17119	-48.988056	0.5	75571985	50685.71745920181
376	-273.80658	-273.80658	5.687285	-48.98037	4.1103497	29.316727	-64.733864	-48.97935	0.4	75772987	50801.34738969803
377	-318.06277	-318.06277	6.7702837	-48.992657	4.040458	28.832289	-68.963646	-48.99103	0.4	75973986	50911.85051393509
378	-316.11533	-316.11533	7.1895795	-48.992752	4.0471606	36.689533	-66.15359	-48.991497	0.7	76174992	51020.99312257767
379	-276.19666	-276.19666	11.830142	-48.991364	4.027009	34.1217	-65.54856	-48.98965	0.9	76375984	51133.742277145386
380	-251.95038	-251.95038	9.010548	-48.991127	4.053633	26.388216	-68.93543	-48.989998	0.7	76576982	51246.01016497612
381	-221.44371	-221.44371	8.274652	-48.98721	4.0404544	24.228046	-69.437294	-48.985317	0.3	76777982	51357.564854860306
382	-307.87344	-307.87344	9.349415	-48.987064	4.0529776	28.767757	-69.0879	-48.985268	0.6	76978981	51468.75014638901
383	-286.15277	-286.15277	8.926303	-48.98319	4.06907	28.322813	-66.17547	-48.981476	0.4	77179982	51578.42303800583
384	-279.44345	-279.44345	7.2310796	-48.976734	4.088453	30.091354	-66.63082	-48.976048	0.4	77380987	51689.0562620163
385	-286.411	-286.411	6.399628	-48.960335	4.143467	37.29529	-65.35592	-48.958984	0.2	77581988	51798.62168455124
386	-317.9156	-317.9156	10.566678	-48.960518	4.1273227	32.75661	-68.261215	-48.959225	0.4	77782982	51908.894585609436
387	-315.00256	-315.00256	7.0343475	-48.98187	4.0677	27.211277	-66.779495	-48.98014	0.2	77983987	52019.04439997673
388	-328.47574	-328.47574	10.1922245	-48.977222	4.077683	38.741707	-67.919	-48.976147	0.3	78184985	52128.25046181679
389	-268.4072	-268.4072	5.549097	-48.964672	4.1014786	29.354801	-67.06603	-48.962402	0.4	78385985	52237.503026247025
390	-294.06317	-294.06317	11.040825	-48.963913	4.1058755	36.867508	-66.59037	-48.962284	0.6	78586988	52347.13758277893
391	-261.12823	-261.12823	10.068986	-48.959248	4.1006284	35.38321	-71.19883	-48.9575	0.5	78787983	52456.68487024307
392	-330.10242	-330.10242	7.8050313	-48.951	4.143605	29.356096	-66.472496	-48.94884	0.6	78988988	52566.927161216736
393	-309.5435	-309.5435	9.679984	-48.962097	4.1056204	49.280643	-69.14825	-48.960316	0.7	79189984	52675.76396393776
394	-265.53415	-265.53415	11.714275	-48.967922	4.0966783	25.023977	-67.066414	-48.966225	0.7	79390983	52785.02152585983
395	-273.39673	-273.39673	7.045717	-48.953186	4.118612	31.861408	-65.55812	-48.95177	0.3	79591984	52894.54144024849
396	-272.00497	-272.00497	10.774237	-48.96303	4.1225214	45.224533	-65.50473	-48.960537	0.6	79792985	53003.89246082306
397	-396.30548	-396.30548	8.36958	-48.96258	4.0841513	29.212833	-67.54375	-48.96134	0.5	79993990	53114.358144044876
398	-307.44727	-307.44727	9.789435	-48.946083	4.138082	31.554222	-65.847664	-48.94427	0.6	80194997	53222.96371293068
399	-240.3703	-240.3703	8.43702	-48.952713	4.09635	23.32944	-62.92931	-48.951424	0.4	80395987	53332.51777720451
400	-257.06247	-257.06247	8.80207	-48.95195	4.1177	27.887016	-75.62994	-48.948967	0.4	80596983	53441.10271000862
401	-315.31805	-315.31805	6.1309566	-48.950428	4.108741	25.411118	-66.038025	-48.948612	0.5	80797985	53550.72931718826
402	-284.8403	-284.8403	9.345214	-48.941948	4.1827283	25.705568	-69.23858	-48.940987	0.4	80999001	53660.59602499008
403	-314.237	-314.237	5.572241	-48.94064	4.141444	34.286255	-68.8967	-48.938084	0.3	81199982	53769.09693264961
404	-311.49545	-311.49545	9.819155	-48.94589	4.1482525	25.65931	-66.2965	-48.94349	0.5	81401001	53879.75002503395
405	-326.7677	-326.7677	7.7031603	-48.95228	4.087491	26.009428	-64.33063	-48.950256	0.7	81601987	53988.721687078476
406	-257.69473	-257.69473	7.8581386	-48.958363	4.100682	24.87778	-72.96644	-48.956852	0.4	81802985	54098.95392656326
407	-351.01953	-351.01953	7.137462	-48.951473	4.1224184	31.52595	-65.69247	-48.949318	0.5	82003993	54208.75809288025
408	-311.94638	-311.94638	7.432297	-48.936684	4.1461635	29.422451	-69.328285	-48.93479	0.3	82204983	54317.48239350319
409	-255.25839	-255.25839	8.260754	-48.93744	4.10232	24.802986	-67.26477	-48.935246	0.4	82405981	54427.04004621506
410	-204.94977	-204.94977	7.9288898	-48.92526	4.184155	26.671892	-65.69996	-48.923195	0.3	82606982	54536.62783193588
411	-314.7421	-314.7421	7.713569	-48.932087	4.1567507	41.500256	-75.10073	-48.92951	0.5	82807993	54646.89328765869
412	-322.6376	-322.6376	13.056689	-48.91632	4.1835604	30.164816	-72.147705	-48.914604	0.4	83008983	54756.690084934235
413	-223.23474	-223.23474	11.2182455	-48.92674	4.140908	46.258156	-69.99529	-48.92416	0.6	83209981	54865.830530405045
414	-280.91592	-280.91592	7.8661942	-48.92133	4.179294	31.458244	-65.48562	-48.91889	0.4	83410983	54975.445256233215
415	-273.03674	-273.03674	10.471791	-48.93464	4.1311865	35.199123	-69.36442	-48.93277	0.5	83611989	55084.5024664402
416	-304.10605	-304.10605	7.898114	-48.925697	4.1718035	46.7128	-66.21531	-48.92419	0.5	83812985	55194.902752161026
417	-282.3535	-282.3535	7.369377	-48.923573	4.167449	27.004025	-71.17413	-48.92124	0.4	84013982	55304.99203300476
418	-260.81012	-260.81012	7.0279694	-48.922863	4.188894	24.965754	-67.09961	-48.92174	0.5	84214981	55414.98798966408
419	-251.78203	-251.78203	2.7018757	-48.9056	4.209655	25.025942	-70.69688	-48.902664	0.4	84415990	55524.98796629906
420	-273.19455	-273.19455	11.212382	-48.92774	4.1500063	26.556957	-71.863686	-48.925957	0.5	84616989	55634.53404664993
421	-301.1401	-301.1401	4.5648127	-48.924084	4.1884747	35.515026	-67.74414	-48.922268	0.5	84818001	55744.87105059624
422	-289.23407	-289.23407	8.317269	-48.914658	4.209243	29.160923	-67.61997	-48.91254	0.2	85018983	55855.20858025551
423	-266.03555	-266.03555	8.397656	-48.900753	4.224355	43.48243	-69.86696	-48.898422	0.6	85219982	55965.056822776794
424	-253.82402	-253.82402	10.501831	-48.909225	4.2359324	28.398973	-68.756195	-48.90794	0.5	85420982	56074.95118331909
425	-242.56822	-242.56822	9.969634	-48.921062	4.1682353	23.32869	-69.138985	-48.91889	0.4	85622001	56186.23385691643
426	-298.4202	-298.4202	7.5103025	-48.923622	4.1731415	25.585867	-71.74057	-48.921207	0.6	85822982	56299.138196229935
427	-319.65768	-319.65768	9.95784	-48.9097	4.212857	31.732819	-67.75134	-48.90755	0.4	86023984	56409.202964782715
428	-217.54268	-217.54268	8.116715	-48.90911	4.226041	41.04178	-65.971634	-48.907547	0.2	86224986	56520.75804877281
429	-263.18982	-263.18982	8.808519	-48.902515	4.221864	29.085566	-71.81048	-48.899567	0.4	86425987	56632.37391495705
430	-414.39853	-414.39853	7.603253	-48.907223	4.1887703	25.704535	-68.682236	-48.905327	0.4	86626988	56743.80912017822
431	-238.3625	-238.3625	5.2939105	-48.917225	4.1942945	25.546795	-67.45163	-48.915466	0.4	86827983	56855.69912958145
432	-255.1183	-255.1183	8.617464	-48.89962	4.212813	29.383476	-67.35608	-48.898045	0.5	87028982	56966.9074010849
433	-233.3021	-233.3021	9.734923	-48.89913	4.2488804	26.969883	-70.87899	-48.896206	0.7	87229982	57078.1355342865
434	-245.45992	-245.45992	4.7327814	-48.887672	4.2669997	24.801208	-68.176186	-48.884872	0.5	87430989	57189.63444709778
435	-279.82352	-279.82352	9.29522	-48.90067	4.211137	31.656115	-67.90287	-48.898636	0.5	87631984	57300.97378706932
436	-233.68832	-233.68832	6.927037	-48.884766	4.229985	23.486588	-70.55631	-48.88267	0.8	87832997	57412.151081323624
437	-261.1432	-261.1432	-12.554757	-48.885952	4.2612987	50.1525	-74.080826	-48.883083	0.3	88033982	57523.142649412155
438	-286.29147	-286.29147	9.473281	-48.889984	4.259317	34.182907	-68.42631	-48.88737	0.5	88234987	57634.67105650902
439	-281.15128	-281.15128	9.737115	-48.874832	4.2949862	28.392912	-67.820885	-48.87268	0.4	88435983	57746.03304815292
440	-277.12833	-277.12833	8.720137	-48.8795	4.304236	49.758224	-67.92227	-48.87594	0.4	88636998	57855.90134048462
441	-217.32797	-217.32797	7.92236	-48.89193	4.2134056	32.305836	-66.220604	-48.890156	0.5	88838000	57966.282175540924
442	-220.0927	-220.0927	7.86998	-48.884792	4.25822	40.967407	-69.23088	-48.88273	0.6	89038981	58076.103976249695
443	-273.16763	-273.16763	10.328185	-48.892284	4.199269	28.966908	-68.919754	-48.889847	0.6	89240001	58186.92043089867
444	-301.7944	-301.7944	8.0218315	-48.88844	4.255716	29.359797	-75.114105	-48.8854	0.4	89440986	58297.13254594803
445	-209.79865	-209.79865	10.485652	-48.87628	4.258361	34.97381	-66.17249	-48.87518	0.5	89641981	58407.01372432709
446	-331.9302	-331.9302	7.53844	-48.86608	4.304362	28.508802	-67.82159	-48.862667	0.2	89842996	58517.41763710976
447	-299.85428	-299.85428	10.309836	-48.86681	4.301671	35.320988	-68.09634	-48.864517	0.5	90043983	58627.79959988594
448	-247.47629	-247.47629	11.58458	-48.860504	4.294885	27.779013	-71.866615	-48.85757	0.4	90244983	58738.180055856705
449	-293.90872	-293.90872	10.409703	-48.860115	4.339522	29.315697	-73.015526	-48.857994	0.4	90445990	58850.19775390625
450	-282.57065	-282.57065	8.2652445	-48.867424	4.2458096	24.5405	-79.372765	-48.864777	0.5	90647001	58960.98980498314
451	-275.28488	-275.28488	8.845048	-48.87121	4.2859006	28.729303	-72.95072	-48.86929	0.4	90847985	59072.155700683594
452	-329.49374	-329.49374	6.538138	-48.865772	4.300975	30.330412	-68.47543	-48.86364	0.4	91048988	59183.37165260315
453	-233.00323	-233.00323	9.029962	-48.86696	4.272781	35.72811	-68.147606	-48.864674	0.4	91249983	59294.45807600021
454	-268.7663	-268.7663	4.7458286	-48.86471	4.2923365	28.39099	-71.45697	-48.862133	0.5	91450982	59406.06213235855
455	-306.41675	-306.41675	7.3337407	-48.85855	4.3051815	33.64117	-73.16346	-48.8559	0.6	91651986	59518.58212184906
456	-279.0039	-279.0039	8.960319	-48.842278	4.359066	34.502357	-69.20007	-48.839794	0.5	91852985	59630.075669288635
457	-249.97173	-249.97173	8.326059	-48.84725	4.299456	29.344921	-67.92349	-48.844975	0.5	92053981	59740.99624085426
458	-258.93262	-258.93262	9.002823	-48.85486	4.2968965	38.075836	-70.8071	-48.85253	0.4	92254981	59852.02547597885
459	-304.5075	-304.5075	6.6195164	-48.84565	4.314102	27.584776	-68.43429	-48.84358	0.2	92455981	59962.59613776207
460	-322.75516	-322.75516	7.629457	-48.85739	4.314792	32.45	-72.39132	-48.85481	0.3	92656982	60073.29877066612
461	-367.41336	-367.41336	8.928847	-48.837124	4.3526673	38.622295	-66.26546	-48.834522	0.6	92858001	60184.403634786606
462	-278.11307	-278.11307	9.22261	-48.826744	4.392403	27.412746	-71.20893	-48.825417	0.6	93058988	60294.02058959007
463	-313.8594	-313.8594	5.2171407	-48.857677	4.27012	38.247387	-69.53373	-48.854836	0.4	93259982	60404.82278943062
464	-240.7519	-240.7519	10.642139	-48.85884	4.271588	38.525246	-72.01422	-48.85661	0.7	93460981	60515.014672756195
465	-260.13586	-260.13586	10.18281	-48.829895	4.370052	30.30589	-67.50995	-48.826878	0.3	93661987	60625.40355634689
466	-282.57703	-282.57703	7.5922103	-48.839058	4.3448753	28.72272	-66.901985	-48.836636	0.5	93862983	60735.93777894974
467	-266.76474	-266.76474	8.412115	-48.83157	4.367363	35.051235	-70.1788	-48.828396	0.4	94063982	60845.252912282944
468	-350.49176	-350.49176	7.165349	-48.830452	4.3681417	27.360174	-70.224335	-48.82889	0.7	94264983	60956.36084270477
469	-357.50656	-357.50656	8.201272	-48.83026	4.35095	38.733566	-72.25619	-48.82742	0.7	94465982	61069.28543162346
470	-304.6667	-304.6667	6.909125	-48.845924	4.3575907	41.38592	-71.628525	-48.842823	0.3	94666983	61187.70764350891
471	-370.62558	-370.62558	12.140588	-48.84856	4.3637614	33.48194	-77.4567	-48.845764	0.6	94868001	61309.978806972504
472	-270.12476	-270.12476	6.3375683	-48.822746	4.4129434	27.554586	-69.68242	-48.819366	0.4	95068987	61427.62629032135
473	-338.63574	-338.63574	11.455771	-48.823814	4.402846	27.885637	-71.01719	-48.82139	0.5	95269987	61545.94177055359
474	-291.4342	-291.4342	9.668047	-48.82876	4.3511243	23.304886	-71.238365	-48.82557	0.6	95470984	61663.80787396431
475	-267.1825	-267.1825	9.50956	-48.825916	4.405552	27.360275	-69.42634	-48.823666	0.8	95671981	61781.420660972595
476	-282.29474	-282.29474	3.0986063	-48.837975	4.3493423	25.227865	-70.81412	-48.834927	0.3	95872982	61897.94803547859
477	-345.92224	-345.92224	10.494594	-48.835976	4.330688	30.76175	-70.8849	-48.833584	0.7	96073985	62014.52634191513
478	-340.0863	-340.0863	7.478574	-48.81806	4.3624344	54.30714	-70.14511	-48.814278	0.3	96274990	62133.390325307846
479	-262.28387	-262.28387	8.25283	-48.8187	4.4054513	33.32504	-69.54473	-48.816216	0.7	96475991	62249.70677089691
480	-346.98868	-346.98868	7.5516505	-48.822987	4.3437014	37.297764	-66.89527	-48.82044	0.3	96676983	62367.95025777817
481	-318.7917	-318.7917	7.7130766	-48.810066	4.4073715	30.519415	-69.72329	-48.80723	0.4	96877981	62490.323772192
482	-282.66788	-282.66788	9.626311	-48.8221	4.40945	55.76693	-75.38439	-48.819775	0.2	97078983	62608.133123636246
483	-217.68762	-217.68762	10.71655	-48.82754	4.3703375	27.814142	-72.24386	-48.824196	0.4	97279997	62723.68470954895
484	-257.8284	-257.8284	8.828399	-48.826088	4.3662834	34.623123	-73.705986	-48.823544	0.7	97480981	62841.42918777466
485	-247.44986	-247.44986	8.891872	-48.802822	4.4364204	34.151897	-71.63191	-48.80062	0.4	97681992	62957.082882642746
486	-245.90869	-245.90869	9.682022	-48.803024	4.427009	61.838264	-67.83753	-48.799603	0.3	97882982	63073.32218194008
487	-309.79495	-309.79495	10.325639	-48.819366	4.3437176	22.037268	-69.540695	-48.81712	0.5	98083985	63191.337899923325
488	-347.0596	-347.0596	11.9472685	-48.817383	4.3758836	38.488255	-72.3129	-48.814953	0.4	98284984	63305.885837078094
489	-276.35983	-276.35983	10.009841	-48.807175	4.4379716	63.99413	-68.84648	-48.80472	0.6	98485985	63421.739674568176
490	-318.82196	-318.82196	6.3026624	-48.80787	4.410943	29.652702	-68.574585	-48.804916	0.2	98686982	63534.1491894722
491	-237.77834	-237.77834	8.957805	-48.800587	4.4434347	32.069305	-83.08463	-48.797646	0.4	98887988	63644.38708806038
492	-267.36136	-267.36136	8.759627	-48.824253	4.3211284	23.870886	-72.85403	-48.82212	0.6	99088981	63755.6692841053
493	-279.5986	-279.5986	8.923084	-48.807304	4.4196725	52.361496	-73.51893	-48.804413	0.9	99289984	63873.980934381485
494	-285.79102	-285.79102	10.204234	-48.80458	4.391554	27.59333	-69.642334	-48.801823	0.3	99490983	63988.24334573746
495	-268.77264	-268.77264	13.189851	-48.80908	4.396435	30.285818	-69.758385	-48.806755	0.6	99692001	64105.6695458889
496	-258.64676	-258.64676	11.435497	-48.80586	4.4049582	24.406996	-68.63172	-48.803192	0.5	99892990	64218.23010015488
497	-253.89223	-253.89223	11.704459	-48.804962	4.417926	26.648205	-69.0361	-48.80215	0.4	100093993	64333.76679635048
498	-287.04294	-287.04294	9.767066	-48.81032	4.3587155	26.572027	-68.26693	-48.807396	0.4	100294986	64448.6087141037
499	-264.49384	-264.49384	6.715411	-48.816544	4.358298	32.813488	-66.496475	-48.81337	0.3	100495984	64562.568098545074
500	-708.63055	-708.63055	-614.5948	-20.57447	13.00318	54.62527	-114.72835	-20.683891	0.0	100696983	65432.52519917488
501	-641.4615	-641.4615	-429.98093	-18.165024	13.406545	43.962208	-98.288	-18.201496	0.0	100898000	66320.73115992546
502	-602.78546	-602.78546	-491.0244	-18.056805	14.052764	32.500618	-94.47649	-18.071991	0.0	101099001	67202.08655142784
503	-720.2568	-720.2568	-561.281	-17.956053	14.481917	34.75793	-95.7049	-17.972383	0.0	101300001	68081.54247450829
504	-674.29236	-674.29236	-516.5259	-17.703651	14.65596	29.02224	-97.68654	-17.713274	0.0	101500982	68961.77778744698
505	-602.72064	-602.72064	-355.69873	-17.60516	14.923703	29.209831	-100.13837	-17.621567	0.0	101701995	69822.5008597374
506	-588.1785	-588.1785	-545.5018	-17.40216	15.1217375	34.797356	-101.75415	-17.412563	0.0	101902999	70708.57279253006
507	-522.18115	-522.18115	-527.0505	-17.209707	15.250856	28.941885	-107.74249	-17.222141	0.0	102103982	71572.68760371208
508	-495.61472	-495.61472	-419.9872	-17.121935	15.358707	33.91013	-108.49182	-17.13141	0.0	102304986	72441.88890552521
509	-568.6304	-568.6304	-432.2837	-16.969229	15.469289	40.958294	-108.33433	-16.97748	0.0	102505998	73307.46130466461
510	-514.0857	-514.0857	-490.26883	-17.040873	15.61029	31.535969	-105.677666	-17.04713	0.0	102706999	74174.26204133034
511	-620.1686	-620.1686	-395.29532	-16.918846	15.694129	31.184654	-104.073814	-16.92705	0.0	102908001	75039.42384648323
512	-555.2733	-555.2733	-321.61337	-16.931791	15.797034	34.90352	-107.690796	-16.9301	0.0	103109001	75899.00612449646
513	-605.57916	-605.57916	-403.22702	-16.83299	15.83652	28.300556	-105.03259	-16.839666	0.0	103310001	76764.55252099037
514	-557.6143	-557.6143	-414.3385	-16.841772	15.922531	46.900192	-102.77999	-16.845856	0.0	103510985	77628.52234172821
515	-597.89624	-597.89624	-395.33554	-16.831142	15.989162	35.278088	-110.464935	-16.830563	0.0	103711984	78488.02340340614
516	-610.1004	-610.1004	-573.04614	-16.883413	16.058115	38.05829	-102.68796	-16.878868	0.0	103913001	79350.15054130554
517	-525.2991	-525.2991	-435.61786	-16.805561	16.158302	29.186466	-109.92543	-16.814222	0.0	104114001	80211.86209774017
518	-555.30884	-555.30884	-468.46228	-16.725422	16.171291	35.00722	-109.28977	-16.72674	0.0	104314986	81073.06455278397
519	-572.8215	-572.8215	-440.00076	-16.746864	16.210861	38.40506	-110.78669	-16.744957	0.0	104516001	81935.10191822052
520	-562.3805	-562.3805	-496.10477	-16.673063	16.250364	31.578007	-103.63894	-16.672043	0.0	104716989	82797.26526165009
521	-453.23438	-453.23438	-469.94968	-16.695473	16.316818	29.304213	-110.20064	-16.694891	0.0	104917994	83661.29097151756
522	-594.65826	-594.65826	-611.221	-16.732407	16.373783	31.815252	-107.57541	-16.737198	0.0	105118997	84521.82465672493
523	-480.52618	-480.52618	-476.1909	-16.675982	16.406181	40.367477	-109.33942	-16.679426	0.0	105320001	85380.64931225777
524	-500.6305	-500.6305	-301.085	-16.674273	16.435375	26.910345	-107.30792	-16.681412	0.0	105521001	86240.87892603874
525	-514.3243	-514.3243	-403.61298	-16.621735	16.446695	27.311056	-105.69731	-16.626959	0.0	105721982	87099.63614559174
526	-517.58374	-517.58374	-353.5452	-16.65012	16.528814	30.144789	-107.73937	-16.656216	0.0	105922993	87962.18815660477
527	-628.901	-628.901	-426.00586	-16.496975	16.519644	37.631756	-103.11676	-16.50314	0.0	106124001	88825.28151535988
528	-526.61395	-526.61395	-373.46072	-16.50053	16.522812	30.808382	-102.06988	-16.503399	0.0	106324988	89687.03266859055
529	-624.94006	-624.94006	-383.62234	-16.525574	16.580807	29.239107	-101.326195	-16.527784	0.0	106526001	90557.22998833656
530	-558.9434	-558.9434	-381.10153	-16.478539	16.611914	37.17381	-105.50311	-16.487968	0.0	106727001	91428.3426091671
531	-557.1094	-557.1094	-347.87833	-16.439548	16.63058	34.13315	-106.925415	-16.442421	0.0	106928001	92296.21879863739
532	-558.97974	-558.97974	-392.6693	-16.4708	16.661333	33.59707	-114.50705	-16.470926	0.0	107129001	93163.01390171051
533	-596.32935	-596.32935	-420.7257	-16.455957	16.670958	31.494911	-100.30652	-16.460682	0.0	107329986	94030.11781811714
534	-528.2999	-528.2999	-388.97226	-16.395344	16.667189	39.660393	-107.89712	-16.391512	0.0	107530987	94900.20400547981
535	-568.32446	-568.32446	-368.34433	-16.366837	16.648361	38.090523	-104.06548	-16.367268	0.0	107732001	95767.54361748695
536	-620.4912	-620.4912	-502.9537	-16.393316	16.711733	32.38054	-115.175514	-16.395071	0.0	107933000	96634.00663280487
537	-529.9137	-529.9137	-507.37665	-16.4408	16.740114	32.749695	-109.68122	-16.440765	0.0	108134001	97500.40294194221
538	-562.31384	-562.31384	-442.28088	-16.358427	16.732132	28.610764	-127.34912	-16.353703	0.0	108335001	98363.19973349571
539	-612.78296	-612.78296	-342.11777	-16.377977	16.780704	33.758354	-110.781105	-16.3793	0.0	108536001	99226.39304041862
540	-579.93634	-579.93634	-433.14862	-16.317188	16.779852	28.75495	-109.52929	-16.320591	0.0	108737001	100089.59063434601
541	-600.75854	-600.75854	-410.3657	-16.365395	16.816256	32.168945	-106.414154	-16.358322	0.0	108937983	100954.7628660202
542	-581.3969	-581.3969	-427.424	-16.365658	16.854424	29.441992	-108.13525	-16.36547	0.0	109139001	101821.04447603226
543	-634.8153	-634.8153	-456.3423	-16.380775	16.891518	32.65726	-110.72402	-16.379602	0.0	109340001	102683.17588376999
544	-581.5595	-581.5595	-363.9484	-16.312674	16.857557	33.991726	-114.99411	-16.315039	0.0	109541001	103547.84601783752
545	-546.56146	-546.56146	-372.40588	-16.372711	16.894314	39.92583	-108.194954	-16.371273	0.0	109741991	104417.20467329025
546	-548.55884	-548.55884	-378.36728	-16.402802	16.882322	48.9619	-113.23939	-16.403067	0.0	109943001	105282.73374390602
547	-513.2903	-513.2903	-408.90695	-16.395374	16.921488	38.122444	-108.16201	-16.393522	0.0	110144001	106151.55758571625
548	-578.79224	-578.79224	-301.46857	-16.335287	16.899548	31.563265	-112.561195	-16.329975	0.0	110344997	107020.21681976318
549	-561.87256	-561.87256	-364.07803	-16.32059	16.904194	34.816246	-117.3145	-16.31588	0.0	110545988	107886.85714912415
550	-530.3181	-530.3181	-348.28806	-16.284399	16.92111	75.14992	-110.76727	-16.27439	0.0	110747001	108749.94559693336
551	-535.3376	-535.3376	-346.5294	-16.242296	16.966557	53.512196	-111.57748	-16.248775	0.0	110948001	109611.38482427597
552	-566.1689	-566.1689	-486.6005	-16.279675	16.974102	51.030197	-109.1694	-16.276154	0.0	111149001	110474.09063744545
553	-567.901	-567.901	-391.9194	-16.310532	16.96855	37.122738	-113.17864	-16.313421	0.0	111350001	111339.47967624664
554	-579.77606	-579.77606	-385.94266	-16.299118	16.992182	33.648445	-104.76276	-16.297985	0.0	111550981	112204.08484578133
555	-550.5271	-550.5271	-366.93848	-16.24481	17.028818	32.5254	-115.65927	-16.242243	0.0	111751984	113069.90975189209
556	-557.5425	-557.5425	-371.93015	-16.19729	17.007214	31.132927	-109.218315	-16.196846	0.0	111953001	113935.69263625145
557	-555.38885	-555.38885	-324.88553	-16.187647	17.00861	32.564255	-112.89397	-16.188637	0.0	112154001	114801.9418284893
558	-571.053	-571.053	-401.80603	-16.22059	17.0548	33.094017	-109.32151	-16.220856	0.0	112354992	115668.5167658329
559	-535.0923	-535.0923	-381.1408	-16.189499	17.0841	42.90546	-112.13896	-16.18654	0.0	112555981	116530.83863162994
560	-575.0314	-575.0314	-411.84665	-16.108017	17.029009	33.00359	-104.772705	-16.107841	0.0	112756993	117397.02839708328
561	-597.72253	-597.72253	-414.84238	-16.164982	17.072708	30.683718	-106.93552	-16.162218	0.0	112957988	118262.9997947216
562	-549.1218	-549.1218	-371.33664	-16.20285	17.080606	30.429995	-104.1539	-16.202145	0.0	113159001	119126.53475570679
563	-501.54163	-501.54163	-322.6656	-16.154348	17.099886	37.701874	-110.038155	-16.153341	0.0	113360001	119990.01895427704
564	-623.5018	-623.5018	-352.16672	-16.240713	17.140095	39.049816	-104.94026	-16.233795	0.0	113561001	120855.27567076683
565	-567.3172	-567.3172	-365.5589	-16.251535	17.158773	44.534878	-110.8148	-16.250969	0.0	113762001	121722.2929391861
566	-585.69604	-585.69604	-276.848	-16.200481	17.139465	40.90542	-101.536995	-16.202818	0.0	113962998	122577.82448601723
567	-602.21136	-602.21136	-313.0284	-16.293509	17.16539	35.51267	-114.30405	-16.294153	0.0	114164001	123428.1751627922
568	-589.51715	-589.51715	-340.4885	-16.296156	17.200407	40.77012	-105.58449	-16.29542	0.1	114365001	124274.61662721634
569	-598.5846	-598.5846	-327.79947	-16.197186	17.165674	32.541348	-104.875046	-16.198841	0.0	114566001	125120.07938528061
570	-548.6937	-548.6937	-301.67676	-16.279463	17.233025	30.986881	-101.66875	-16.280567	0.0	114767001	125962.13366937637
571	-559.7239	-559.7239	-391.28583	-16.232063	17.243038	34.95356	-103.40548	-16.22935	0.0	114968001	126810.02215099335
572	-556.0104	-556.0104	-390.16913	-16.186571	17.215372	37.01741	-105.44105	-16.185884	0.0	115168992	127655.8236925602
573	-534.8086	-534.8086	-303.42163	-16.13249	17.220135	52.161434	-104.43114	-16.145594	0.0	115369990	128509.81659889221
574	-567.179	-567.179	-369.43918	-16.136023	17.200308	46.561283	-104.854355	-16.132107	0.0	115571001	129375.80192279816
575	-536.8974	-536.8974	-369.56158	-16.14601	17.246382	39.435524	-96.19503	-16.137741	0.0	115771994	130241.78871321678
576	-493.47183	-493.47183	-404.6576	-16.141748	17.274954	37.776592	-101.593	-16.14514	0.0	115972981	131091.57834386826
577	-517.89026	-517.89026	-379.81427	-16.17989	17.268742	35.704277	-101.17413	-16.177547	0.0	116174001	131922.9782795906
578	-563.10626	-563.10626	-367.48367	-16.221163	17.308716	33.280594	-104.747894	-16.219625	0.0	116375001	132774.7741048336
579	-550.6943	-550.6943	-324.786	-16.110615	17.301493	37.255898	-104.507645	-16.107592	0.0	116575981	133632.0516486168
580	-547.7757	-547.7757	-357.27896	-16.151346	17.294867	31.136255	-97.70254	-16.153364	0.0	116776983	134481.0997979641
581	-520.2254	-520.2254	-324.90106	-16.12418	17.305277	36.36439	-94.709206	-16.115034	0.0	116978001	135346.71755433083
582	-511.85794	-511.85794	-308.22653	-16.124762	17.308853	30.192787	-101.987976	-16.127466	0.0	117178990	136202.5709810257
583	-535.55634	-535.55634	-327.58502	-16.084364	17.301535	36.51285	-99.83835	-16.08238	0.0	117380001	137066.30922079086
584	-481.12387	-481.12387	-373.0162	-16.082205	17.329056	32.66865	-104.85427	-16.079775	0.0	117580989	137914.39508199692
585	-529.8677	-529.8677	-361.4507	-16.074604	17.35735	33.726273	-112.479095	-16.068253	0.0	117782001	138765.45172142982
586	-572.0813	-572.0813	-304.4514	-16.112635	17.318157	27.426249	-100.84431	-16.114609	0.0	117982990	139617.27691936493
587	-534.59216	-534.59216	-340.48376	-16.082594	17.375624	31.333635	-112.59801	-16.08105	0.0	118183983	140465.4999191761
588	-533.34796	-533.34796	-313.90985	-16.097511	17.361843	27.474827	-104.34534	-16.095823	0.0	118385001	141317.3197593689
589	-448.1558	-448.1558	-368.28006	-16.024513	17.324776	32.15792	-96.84618	-16.018713	0.0	118585991	142167.7310938835
590	-519.4022	-519.4022	-302.3968	-16.105669	17.38389	47.96076	-103.30646	-16.104223	0.0	118787001	143017.39732193947
591	-575.9614	-575.9614	-288.67892	-16.099085	17.381283	35.13827	-96.98312	-16.099514	0.0	118988001	143869.44055962563
592	-586.235	-586.235	-394.50858	-16.107124	17.36003	40.70662	-96.129234	-16.103785	0.0	119189001	144721.46342372894
593	-545.71625	-545.71625	-324.1703	-16.113064	17.396112	36.491238	-97.240685	-16.114273	0.0	119389993	145571.02747511864
594	-469.42444	-469.42444	-343.8226	-16.149294	17.38732	48.701942	-101.13339	-16.147005	0.0	119591001	146422.2757408619
595	-541.02264	-541.02264	-409.46692	-16.066696	17.387943	50.169308	-95.46373	-16.067356	0.0	119792001	147281.04990887642
596	-559.78345	-559.78345	-348.843	-16.038973	17.379421	50.3668	-102.76691	-16.03703	0.0	119993001	148153.2957150936
597	-547.9409	-547.9409	-420.30713	-16.072884	17.39368	41.799446	-100.86076	-16.066015	0.0	120194001	149017.5749270916
598	-559.6537	-559.6537	-347.101	-16.11572	17.425037	39.721527	-98.153564	-16.11137	0.0	120394981	149876.09114837646
599	-531.34467	-531.34467	-293.58786	-16.063892	17.398502	32.619404	-97.45581	-16.062563	0.0	120596001	150745.794860363
600	-496.98438	-496.98438	-318.61862	-16.094423	17.417027	32.803123	-98.325935	-16.095142	0.0	120797001	151612.45424318314
601	-510.43182	-510.43182	-342.2557	-16.13631	17.416052	39.528534	-104.18941	-16.131866	0.0	120998001	152492.44436573982
602	-513.62744	-513.62744	-333.40414	-16.047234	17.361217	48.276524	-97.37775	-16.045729	0.0	121198997	153362.75340294838
603	-516.1437	-516.1437	-336.72388	-16.10077	17.381031	39.84334	-102.76945	-16.098791	0.0	121399982	154229.9177594185
604	-553.8312	-553.8312	-282.55768	-16.091286	17.467318	33.50868	-96.38627	-16.09145	0.0	121601001	155100.18014335632
605	-547.02966	-547.02966	-321.5916	-16.092497	17.457745	33.494015	-110.898544	-16.09109	0.0	121802001	155970.61226272583
606	-505.49982	-505.49982	-300.43243	-16.213774	17.503218	30.940762	-95.829056	-16.209736	0.0	122002981	156845.31655597687
607	-519.1072	-519.1072	-323.11383	-16.076925	17.436092	30.842203	-99.67455	-16.083586	0.0	122204001	157711.8582379818
608	-621.5348	-621.5348	-320.5167	-16.065744	17.429794	28.838348	-103.893105	-16.063316	0.0	122405000	158561.28338050842
609	-519.95056	-519.95056	-351.3249	-16.075115	17.469213	31.924334	-97.037865	-16.073664	0.0	122605989	159407.7252521515
610	-541.4839	-541.4839	-377.4286	-16.078087	17.465881	35.5729	-98.43545	-16.08022	0.0	122807001	160257.90475964546
611	-549.9772	-549.9772	-346.6457	-16.15787	17.488747	33.636433	-99.779465	-16.152655	0.0	123008001	161106.92972016335
612	-460.7351	-460.7351	-306.23267	-16.08128	17.426195	33.077374	-98.94658	-16.08091	0.0	123209001	161950.38219046593
613	-508.40747	-508.40747	-349.71463	-16.110771	17.47867	62.776672	-97.78977	-16.111916	0.0	123409986	162802.2775399685
614	-561.07666	-561.07666	-302.85016	-16.013443	17.45195	41.162136	-103.89037	-16.010414	0.0	123611001	163645.53545475006
615	-555.55865	-555.55865	-345.64612	-16.086622	17.460484	37.578053	-96.89328	-16.08991	0.0	123811998	164470.1240284443
616	-535.31287	-535.31287	-379.33456	-16.14684	17.487753	30.547476	-97.34253	-16.144377	0.0	124013001	165324.36571025848
617	-524.366	-524.366	-317.1039	-16.189335	17.527945	42.42364	-102.90652	-16.189302	0.0	124213988	166190.98757481575
618	-548.3924	-548.3924	-315.43228	-16.178953	17.544819	50.86347	-104.43749	-16.178335	0.0	124414997	167002.25133228302
619	-500.02725	-500.02725	-314.86578	-16.169827	17.486885	32.60817	-100.79795	-16.166056	0.0	124615985	167815.96055793762
620	-493.57394	-493.57394	-319.66263	-16.133806	17.498373	39.933777	-97.87708	-16.131453	0.0	124816999	168661.57063913345
621	-513.03754	-513.03754	-319.11136	-16.212563	17.572851	32.57567	-97.38495	-16.215992	0.0	125018001	169519.15185809135
622	-535.2417	-535.2417	-310.83328	-16.177547	17.591808	25.842688	-95.99549	-16.174631	0.0	125218987	170376.24017238617
623	-501.39816	-501.39816	-295.7157	-16.12043	17.562384	30.455868	-100.24399	-16.118073	0.0	125419992	171188.73029518127
624	-535.54443	-535.54443	-305.21307	-16.143158	17.540598	29.558998	-110.24135	-16.147509	0.0	125621001	172040.97693300247
625	-586.0534	-586.0534	-279.57132	-16.148857	17.553032	26.708635	-95.544716	-16.146852	0.0	125822001	172885.13867664337
626	-531.27563	-531.27563	-321.1451	-16.04206	17.500412	22.218779	-95.61015	-16.043121	0.0	126022981	173730.12314009666
627	-489.3257	-489.3257	-301.5723	-16.211376	17.54142	33.366142	-96.40579	-16.209036	0.0	126223992	174570.38483643532
628	-487.47977	-487.47977	-311.90836	-16.276651	17.583029	25.254488	-96.523186	-16.28305	0.0	126424982	175410.40596151352
629	-459.07883	-459.07883	-332.1401	-16.235285	17.571434	32.070995	-95.69806	-16.237123	0.0	126626001	176255.38043761253
630	-500.15048	-500.15048	-315.45932	-16.321058	17.603474	28.969374	-98.52122	-16.318468	0.0	126827001	177099.7503581047
631	-512.11444	-512.11444	-297.27744	-16.286087	17.555595	36.296955	-97.643745	-16.285295	0.0	127028001	177938.5005607605
632	-521.0776	-521.0776	-258.81976	-16.27917	17.560535	34.988884	-97.437004	-16.278013	0.0	127229001	178775.97129964828
633	-494.9248	-494.9248	-292.21378	-16.282679	17.585354	24.385925	-95.48821	-16.286324	0.0	127430001	179630.68668055534
634	-521.9688	-521.9688	-249.12482	-16.29995	17.618366	27.770142	-98.031685	-16.30034	0.0	127631001	180572.9741768837
635	-575.05585	-575.05585	-288.1221	-16.252207	17.577496	23.89484	-106.352806	-16.255808	0.0	127832001	181515.15858650208
636	-506.60144	-506.60144	-282.4388	-16.283504	17.617895	29.274105	-114.340485	-16.28259	0.0	128033001	182454.2202937603
637	-489.78702	-489.78702	-291.8422	-16.310993	17.626245	28.907043	-99.7529	-16.308832	0.0	128233986	183391.62585663795
638	-439.8671	-439.8671	-286.22366	-16.271372	17.595287	25.494484	-95.533554	-16.277203	0.0	128435001	184330.95689439774
639	-493.7128	-493.7128	-274.77097	-16.269428	17.621267	37.917137	-106.56665	-16.271416	0.0	128636001	185270.9917333126
640	-505.40973	-505.40973	-304.06357	-16.319515	17.611298	34.945534	-101.94434	-16.31957	0.0	128837001	186208.5639576912
641	-516.4698	-516.4698	-281.88477	-16.283607	17.619497	33.67644	-101.5649	-16.28141	0.0	129037988	187146.70087099075
642	-476.6137	-476.6137	-306.88614	-16.260015	17.585873	32.58855	-100.04476	-16.26304	0.0	129239001	188083.86589503288
643	-519.2561	-519.2561	-281.9399	-16.319113	17.642183	35.522278	-102.03527	-16.319912	0.0	129439982	189020.9428987503
644	-516.9968	-516.9968	-269.69968	-16.288311	17.639168	41.738674	-98.084946	-16.29461	0.0	129641001	189958.30659294128
645	-526.7307	-526.7307	-274.10086	-16.286947	17.67176	39.72347	-107.1888	-16.281263	0.0	129842001	190896.47789359093
646	-510.99207	-510.99207	-296.5677	-16.263138	17.682152	61.733852	-98.87817	-16.267721	0.0	130043001	191833.15896773338
647	-484.9646	-484.9646	-290.84744	-16.261496	17.66186	43.152405	-99.239	-16.262966	0.0	130243991	192769.29105448723
648	-478.1456	-478.1456	-274.57056	-16.275211	17.67096	35.110306	-102.86554	-16.274862	0.0	130444989	193707.48153734207
649	-533.2908	-533.2908	-238.53413	-16.32454	17.687654	28.005457	-101.0797	-16.322054	0.0	130646001	194643.11572742462
650	-458.96475	-458.96475	-250.73119	-16.282095	17.631561	30.99066	-100.148	-16.282682	0.0	130846999	195580.35005044937
651	-507.28784	-507.28784	-233.81754	-16.247572	17.6418	30.547977	-100.096596	-16.248653	0.0	131048001	196519.31248497963
652	-506.8256	-506.8256	-220.06845	-16.311321	17.650179	29.772268	-103.01835	-16.314716	0.0	131248987	197455.34519171715
653	-462.15665	-462.15665	-257.7306	-16.261694	17.634083	37.98725	-94.09131	-16.260029	0.0	131449999	198393.20208525658
654	-447.2213	-447.2213	-261.6283	-16.29714	17.684101	34.831615	-94.08751	-16.295588	0.0	131651001	199330.23916363716
655	-527.3432	-527.3432	-257.40472	-16.30365	17.668882	29.473623	-97.22535	-16.3045	0.0	131851996	200267.69841337204
656	-544.3875	-544.3875	-224.5613	-16.242357	17.659279	29.046055	-97.6124	-16.240597	0.0	132052997	201204.32770943642
657	-507.77673	-507.77673	-266.54993	-16.219069	17.656763	29.174788	-99.541275	-16.225088	0.0	132253985	202144.293061018
658	-493.0193	-493.0193	-202.19325	-16.195564	17.665474	27.801214	-105.70577	-16.198095	0.0	132455001	203080.57871079445
659	-473.82816	-473.82816	-273.93448	-16.220024	17.68397	31.972664	-96.380554	-16.214792	0.0	132656001	204019.29009127617
660	-516.6358	-516.6358	-252.83911	-16.16618	17.68229	28.53508	-104.32162	-16.166262	0.0	132857001	204959.16508436203
661	-488.22083	-488.22083	-219.9206	-16.198565	17.709286	30.103743	-97.315186	-16.198942	0.0	133058001	205896.16460895538
662	-431.62726	-431.62726	-237.60263	-16.183504	17.693974	41.914577	-93.489975	-16.181194	0.0	133259001	206834.71623277664
663	-456.96747	-456.96747	-259.36234	-16.242498	17.728954	34.808228	-100.885414	-16.239077	0.0	133459987	207772.8435382843
664	-478.5871	-478.5871	-260.47318	-16.280117	17.723505	24.255896	-94.17951	-16.282114	0.0	133661001	208708.00824785233
665	-426.9824	-426.9824	-202.1612	-16.228006	17.730692	41.454548	-99.911255	-16.229527	0.0	133862001	209645.76791405678
666	-525.5457	-525.5457	-223.86737	-16.227955	17.725004	37.09446	-93.65204	-16.232193	0.0	134063001	210583.0351600647
667	-459.6682	-459.6682	-243.01198	-16.218534	17.737364	29.462557	-92.40298	-16.21636	0.0	134264001	211519.72600364685
668	-480.66238	-480.66238	-236.06596	-16.293892	17.766905	34.053562	-99.10161	-16.293306	0.0	134464990	212459.82261300087
669	-491.4817	-491.4817	-266.22275	-16.24332	17.727419	58.697983	-98.101006	-16.248764	0.0	134666001	213401.17305779457
670	-476.37546	-476.37546	-242.1804	-16.203564	17.75523	45.245182	-101.411415	-16.20304	0.0	134867001	214341.39644360542
671	-536.4361	-536.4361	-276.08084	-16.212387	17.74138	39.101902	-93.56568	-16.214573	0.0	135068001	215293.9897863865
672	-500.1755	-500.1755	-206.2962	-16.245317	17.736156	33.02648	-94.304985	-16.249147	0.0	135269001	216240.78440785408
673	-504.59128	-504.59128	-196.47797	-16.20214	17.753946	33.439842	-96.2079	-16.202131	0.0	135469995	217175.41927051544
674	-476.14896	-476.14896	-268.2241	-16.1506	17.718834	28.603546	-97.79266	-16.141989	0.0	135671001	218111.43026804924
675	-477.18277	-477.18277	-202.65749	-16.25616	17.76147	37.079277	-99.67611	-16.253746	0.0	135872001	219061.61735105515
676	-470.8779	-470.8779	-238.30287	-16.258623	17.756876	34.268745	-108.80813	-16.257418	0.0	136073001	220010.014701128
677	-466.42792	-466.42792	-218.72826	-16.26426	17.766283	24.815521	-96.21864	-16.265886	0.0	136274001	220959.02457237244
