Epoch	EpRet	EpRealRet	TestEpRet	AverageQ1	StdQ1	MaxQ1	MinQ1	Q2	TestSuccess	TotalEnvInteracts	TotalTime
0	-38.011795	-38.011795	0.0	-47.76162	7.40479	0.0075636283	-51.865135	-47.675842	0.0	196981	28.351985454559326
1	-36.50273	-36.50273	0.0	-49.96596	0.15759921	-48.563427	-50.928696	-49.966	0.0	397981	58.48972940444946
2	-33.41129	-33.41129	0.0	-49.90364	0.38624007	-46.130463	-51.13413	-49.903664	0.0	598981	90.38375806808472
3	-29.674843	-29.674843	0.0	-49.749985	0.8368364	-43.375576	-51.710033	-49.7504	0.0	799981	123.9155125617981
4	-41.50241	-41.50241	6.061212	-49.872204	0.67625743	-39.913292	-53.363976	-49.87246	0.0	1000981	157.5562527179718
5	-35.75522	-35.75522	6.061052	-49.947945	0.33526635	-46.57181	-52.1576	-49.947876	0.0	1201981	192.45659947395325
6	-44.903942	-44.903942	6.3296585	-49.847496	1.0454715	-20.414467	-53.656082	-49.84738	0.0	1402982	227.60051274299622
7	-42.86644	-42.86644	6.152881	-49.857132	1.3615944	-21.804493	-54.714634	-49.857082	0.0	1603982	263.2755250930786
8	-44.277176	-44.277176	6.262805	-49.871273	1.260675	-21.66193	-54.20926	-49.87141	0.0	1804981	299.939950466156
9	-41.278797	-41.278797	6.3209844	-49.862896	1.247869	-22.668467	-53.828747	-49.863125	0.0	2005981	336.5051112174988
10	-43.52701	-43.52701	6.3576784	-49.861946	1.2963934	-22.36065	-57.270916	-49.861816	0.0	2206981	374.32019329071045
11	-46.033714	-46.033714	6.841882	-49.880135	1.1981064	-22.134771	-53.177788	-49.880024	0.0	2407981	412.3160705566406
12	-41.43499	-41.43499	7.3653483	-49.86791	1.1323346	-21.770788	-53.678585	-49.867718	0.0	2608981	450.4175114631653
13	-41.506237	-41.506237	7.4237137	-49.854927	1.0490097	-22.823532	-53.741653	-49.854897	0.0	2809982	489.36041498184204
14	-44.332497	-44.332497	7.285765	-49.85979	1.055586	-22.148079	-58.74272	-49.85979	0.0	3010982	527.7199273109436
15	-48.975784	-48.975784	7.2649856	-49.869617	0.98086923	-22.18144	-55.0302	-49.86951	0.0	3211981	566.9944770336151
16	-42.27166	-42.27166	7.398315	-49.874054	0.9116486	-23.532093	-54.4284	-49.874092	0.0	3412981	608.0649211406708
17	-48.81583	-48.81583	7.3558135	-49.883938	0.8847442	-24.167316	-53.68275	-49.88377	0.0	3613981	648.5800030231476
18	-47.80453	-47.80453	10.3873	-49.886707	0.83027214	-26.366302	-59.228523	-49.886726	0.0	3814981	688.2217586040497
19	-57.709858	-57.709858	10.477058	-49.889027	0.8240895	-24.944633	-55.47952	-49.888863	0.0	4015982	727.7990064620972
20	-48.724743	-48.724743	10.586488	-49.89422	0.78195006	-24.851908	-53.854816	-49.89422	0.0	4216981	768.6651175022125
21	-50.47582	-50.47582	9.439957	-49.886566	0.8548075	-26.313305	-55.195923	-49.886566	0.0	4417981	810.2040641307831
22	-49.226917	-49.226917	9.252627	-49.8721	1.0164461	-24.33806	-53.629257	-49.871876	0.0	4618983	850.9526784420013
23	-48.78749	-48.78749	8.372282	-49.866493	1.1657835	-19.115421	-56.122047	-49.866226	0.0	4819982	890.5877976417542
24	-50.80554	-50.80554	7.048859	-49.86108	1.2781715	-17.188066	-57.900368	-49.861004	0.0	5020981	931.2148864269257
25	-45.654003	-45.654003	9.814948	-49.865574	1.279476	-17.25313	-58.356117	-49.865383	0.0	5221982	973.2272520065308
26	-53.046715	-53.046715	10.557824	-49.868294	1.2665473	-15.668169	-54.33852	-49.868332	0.0	5422981	1014.8395273685455
27	-51.635242	-51.635242	11.096307	-49.87171	1.2215564	-15.254344	-54.800083	-49.87175	0.0	5623982	1057.3282735347748
28	-38.5188	-38.5188	2.7467217	-49.870014	1.2492106	-14.440977	-53.661785	-49.86989	0.0	5824981	1097.8038246631622
29	-58.231842	-58.231842	7.5657716	-49.87532	1.2637285	-13.5848	-58.70617	-49.875336	0.0	6025982	1138.6008293628693
30	-44.265297	-44.265297	7.353731	-49.87809	1.2168235	-14.088927	-53.6303	-49.878056	0.0	6226981	1178.6907250881195
31	-46.097843	-46.097843	7.509149	-49.875984	1.1840487	-13.517563	-56.409412	-49.87621	0.0	6427983	1218.9845769405365
32	-55.354298	-55.354298	7.633745	-49.87578	1.1284876	-14.034037	-54.215805	-49.875572	0.0	6628983	1260.8180856704712
33	-54.440746	-54.440746	7.560577	-49.875893	1.1007527	-17.191933	-54.930214	-49.87591	0.0	6829983	1302.6075410842896
34	-54.41769	-54.41769	7.5137334	-49.875298	1.0892838	-15.9872675	-58.05274	-49.87539	0.0	7030982	1342.3629472255707
35	-52.316074	-52.316074	7.5205092	-49.8751	1.0878215	-16.503365	-57.175415	-49.875134	0.0	7231981	1384.9048943519592
36	-46.88212	-46.88212	7.7249937	-49.876377	1.0518537	-16.425175	-55.35985	-49.87652	0.0	7432983	1425.9827899932861
37	-48.574818	-48.574818	7.8956404	-49.873775	1.0746995	-13.991453	-54.60259	-49.87377	0.0	7633982	1468.026090145111
38	-51.99112	-51.99112	2.0584085	-49.87282	1.0836843	-14.278633	-54.466076	-49.87285	0.0	7834981	1510.366376399994
39	-51.543472	-51.543472	3.4578316	-49.874424	1.0657939	-13.75363	-53.908386	-49.874447	0.0	8035983	1550.9305047988892
40	-52.98042	-52.98042	7.630545	-49.870384	1.0681195	-13.286892	-61.832783	-49.870377	0.0	8236981	1591.669724702835
41	-41.891056	-41.891056	7.8232756	-49.8651	1.1098082	-12.370611	-54.998127	-49.865364	0.0	8437981	1634.017818927765
42	-46.878204	-46.878204	7.693555	-49.856453	1.1517066	-11.13526	-54.83778	-49.856247	0.0	8638981	1676.573165655136
43	-48.17253	-48.17253	7.514971	-49.856274	1.1906943	-11.207158	-56.788803	-49.85631	0.0	8839981	1718.068359375
44	-51.887577	-51.887577	7.5597625	-49.86162	1.1618352	-11.34581	-55.189507	-49.86176	0.0	9040983	1759.1724798679352
45	-55.433083	-55.433083	7.6936617	-49.86374	1.1539721	-11.901247	-54.969196	-49.863747	0.0	9241982	1800.615178823471
46	-45.319813	-45.319813	7.5251384	-49.86349	1.1441053	-11.826823	-54.23588	-49.863613	0.0	9442981	1843.1820228099823
47	-46.83379	-46.83379	7.576491	-49.865623	1.1613176	-11.284489	-55.209885	-49.865818	0.0	9643981	1883.6434543132782
48	-46.27271	-46.27271	7.5186305	-49.86833	1.1615459	-10.882884	-56.51767	-49.86817	0.0	9844982	1925.6696124076843
49	-43.33838	-43.33838	7.6379366	-49.870995	1.1162643	-10.02005	-64.16176	-49.871307	0.0	10045981	1967.469741344452
50	-45.597164	-45.597164	7.5399914	-49.870102	1.1379454	-9.926244	-55.844063	-49.87013	0.0	10246981	2010.0192787647247
51	-47.725502	-47.725502	7.6709304	-49.86946	1.1593114	-9.38746	-54.129894	-49.86943	0.0	10447982	2051.167774438858
52	-48.428486	-48.428486	7.507356	-49.867184	1.1645896	-9.790539	-56.17119	-49.867287	0.0	10648981	2092.3092606067657
53	-47.44817	-47.44817	7.5660677	-49.867115	1.1727575	-8.777356	-53.77515	-49.867115	0.0	10849982	2134.904228210449
54	-49.693314	-49.693314	7.1362333	-49.867714	1.1480628	-9.351959	-54.48692	-49.867825	0.0	11050981	2176.091466665268
55	-50.396706	-50.396706	6.9400067	-49.87352	1.1501851	-9.1586895	-55.087524	-49.87345	0.0	11251981	2218.825427532196
56	-56.040916	-56.040916	6.908594	-49.87386	1.1293949	-8.151696	-56.36654	-49.873848	0.0	11452981	2261.3462433815002
57	-53.87593	-53.87593	6.8536067	-49.879253	1.0990212	-5.903054	-56.051746	-49.879276	0.0	11653981	2303.40127325058
58	-49.624874	-49.624874	6.7039723	-49.87499	1.124578	-7.485174	-56.3184	-49.875076	0.0	11854982	2345.0085847377777
59	-50.50193	-50.50193	6.5105214	-49.87827	1.0790389	-6.909612	-58.724735	-49.878258	0.0	12055981	2387.830970287323
60	-52.461464	-52.461464	6.7634077	-49.87644	1.1048168	-8.232455	-56.56108	-49.87663	0.0	12256983	2429.9759159088135
61	-48.902443	-48.902443	7.001112	-49.877956	1.0739677	-5.96258	-54.40358	-49.877785	0.0	12457982	2471.472373485565
62	-42.26224	-42.26224	7.1461177	-49.874542	1.0850135	-7.0317497	-55.589695	-49.87476	0.0	12658981	2514.2876312732697
63	-49.24895	-49.24895	7.028377	-49.876553	1.0892028	-7.1148915	-56.124508	-49.876602	0.0	12859981	2555.3286924362183
64	-48.676937	-48.676937	7.2869473	-49.874195	1.0921273	-6.260043	-57.959324	-49.874207	0.0	13060982	2597.056100845337
65	-50.116173	-50.116173	7.2231526	-49.876846	1.07361	-7.3265114	-56.1086	-49.87694	0.0	13261981	2639.1208205223083
66	-50.0381	-50.0381	7.1296253	-49.87722	1.0705972	-7.2233944	-55.00574	-49.877357	0.0	13462982	2680.8925745487213
67	-48.94428	-48.94428	7.3037324	-49.875767	1.0968698	-6.346847	-58.121887	-49.875877	0.0	13663981	2723.3550951480865
68	-44.642223	-44.642223	7.266435	-49.87653	1.0605785	-8.100223	-55.549313	-49.876762	0.0	13864981	2765.2865002155304
69	-54.52693	-54.52693	7.4575624	-49.876335	1.0803411	-6.1958942	-55.92639	-49.87635	0.0	14065981	2807.2855155467987
70	-51.400345	-51.400345	7.0543003	-49.874954	1.091176	-7.208501	-53.698784	-49.875145	0.0	14266981	2849.136525630951
71	-45.559223	-45.559223	7.0059385	-49.87982	1.0662935	-3.9375725	-57.43102	-49.880024	0.0	14467981	2891.9577026367188
72	-51.553802	-51.553802	7.169627	-49.88069	1.048594	-7.6538043	-53.646877	-49.88066	0.0	14668983	2934.0671713352203
73	-42.62556	-42.62556	2.757469	-49.879955	1.0647486	-8.202965	-54.840733	-49.880302	0.0	14869982	2978.055232524872
74	-44.56304	-44.56304	3.5157049	-49.87993	1.0592961	-6.254091	-54.511112	-49.880013	0.0	15070981	3021.718932390213
75	-50.185688	-50.185688	5.2126317	-49.877434	1.0950291	-7.0358057	-55.87677	-49.877483	0.0	15271982	3063.5273473262787
76	-49.367558	-49.367558	5.0781126	-49.875565	1.0918436	-5.4687195	-55.236008	-49.87569	0.0	15472981	3105.3611567020416
77	-46.316696	-46.316696	11.853205	-49.873245	1.1077819	-7.562729	-55.420574	-49.87341	0.0	15673981	3148.664852619171
78	-44.097504	-44.097504	12.176726	-49.874496	1.069219	-5.2804823	-55.744385	-49.87454	0.0	15874981	3191.5058283805847
79	-49.47163	-49.47163	11.0948925	-49.877655	1.0635301	-6.2867656	-55.025032	-49.87779	0.0	16075982	3232.6463117599487
80	-46.141537	-46.141537	11.553435	-49.875137	1.068102	-5.88088	-55.86775	-49.875267	0.0	16276982	3274.980819940567
81	-52.69758	-52.69758	10.064836	-49.87711	1.0287995	-5.139018	-55.012882	-49.87724	0.0	16477981	3316.432523727417
82	-50.371735	-50.371735	5.18422	-49.875023	1.0462265	-8.130373	-54.126446	-49.87526	0.0	16678981	3359.4773507118225
83	-50.8433	-50.8433	7.85645	-49.87343	1.1116875	-6.1880026	-54.61421	-49.87346	0.0	16879981	3402.0437271595
84	-46.96906	-46.96906	7.570135	-49.874763	1.0672662	-3.6454992	-55.07591	-49.874866	0.0	17080981	3443.9846999645233
85	-55.56601	-55.56601	7.9815035	-49.87371	1.0664561	-7.4705095	-54.862602	-49.873867	0.0	17281983	3485.875064134598
86	-43.92707	-43.92707	7.9022136	-49.869133	1.0927372	-6.9851627	-54.07502	-49.869194	0.0	17482981	3527.694283246994
87	-49.57354	-49.57354	8.781067	-49.871418	1.0840099	-5.8968663	-54.61564	-49.871582	0.0	17683981	3571.1801750659943
88	-54.185005	-54.185005	5.0450563	-49.871265	1.0699363	-4.473622	-53.763676	-49.87151	0.0	17884982	3613.253966808319
89	-47.289223	-47.289223	4.2168584	-49.870975	1.0783072	-5.2878504	-56.113895	-49.871128	0.0	18085982	3655.707765817642
90	-49.78415	-49.78415	5.7216954	-49.87022	1.0849469	-5.8229394	-54.944305	-49.87029	0.0	18286981	3697.5857439041138
91	-55.502426	-55.502426	13.024418	-49.87186	1.0898848	-5.6158466	-54.41276	-49.871914	0.0	18487981	3739.250783443451
92	-58.08678	-58.08678	19.690107	-49.871006	1.0515336	-3.8894591	-54.593315	-49.87119	0.0	18688984	3782.3701384067535
93	-49.51866	-49.51866	9.092178	-49.873547	1.061486	-0.60495406	-56.20886	-49.873566	0.0	18889981	3825.2337353229523
94	-63.922916	-63.922916	-1.7555095	-49.872955	1.0633157	-1.3458911	-52.77823	-49.873123	0.0	19090981	3867.118743419647
95	-48.92053	-48.92053	9.859514	-49.87363	1.0547065	-5.985245	-52.63605	-49.87383	0.0	19291982	3908.5232775211334
96	-46.260796	-46.260796	-2.9327319	-49.872604	1.075058	-4.217903	-54.00585	-49.872692	0.0	19492981	3951.1357715129852
97	-44.808727	-44.808727	-2.753531	-49.868114	1.1205038	-3.5191498	-54.9385	-49.86831	0.0	19693981	3992.907598257065
98	-49.377743	-49.377743	7.1937532	-49.869476	1.1227663	-2.2512643	-53.56994	-49.8696	0.0	19894984	4036.6554913520813
99	-47.110096	-47.110096	-5.70782	-49.872196	1.084783	-6.6656966	-54.029564	-49.87225	0.0	20095981	4079.198587656021
