Epoch	EpRet	EpRealRet	TestEpRet	AverageQ1	StdQ1	MaxQ1	MinQ1	Q2	TestSuccess	TotalEnvInteracts	TotalTime
0	-113.30968	-113.30968	-20.263718	-44.78782	9.346121	-0.099633664	-102.743454	-44.794582	0.0	196981	86.07196712493896
1	-122.69925	-122.69925	-9.381346	-49.922874	0.54104936	-37.817596	-68.02475	-49.92306	0.0	397982	173.97249364852905
2	-107.36283	-107.36283	-10.252208	-49.94162	0.68784165	-35.004074	-57.494965	-49.94158	0.0	598981	260.75712609291077
3	-112.17807	-112.17807	-28.941687	-49.9422	0.80204815	-34.135307	-59.91082	-49.94236	0.0	799982	345.1275029182434
4	-114.679825	-114.679825	-13.592841	-49.950832	0.69261706	-34.618546	-55.69407	-49.950874	0.0	1000981	433.0449197292328
5	-111.458664	-111.458664	-14.907978	-49.948513	0.73887306	-30.212667	-54.17009	-49.948593	0.0	1201984	521.3116610050201
6	-114.53585	-114.53585	-4.6810665	-49.92839	0.8157519	-29.346735	-53.343845	-49.928368	0.0	1402982	608.9456548690796
7	-109.88002	-109.88002	-5.66447	-49.89718	0.9534292	-33.029995	-53.624557	-49.897133	0.0	1603982	696.0473418235779
8	-110.66067	-110.66067	-18.981022	-49.90544	0.9300481	-34.60288	-58.167053	-49.905533	0.0	1804982	783.6331844329834
9	-113.07128	-113.07128	-12.392104	-49.923157	0.78693986	-35.173622	-55.897545	-49.923103	0.0	2005982	872.0669600963593
10	-110.93418	-110.93418	-11.279918	-49.933876	0.64755553	-37.72778	-56.088123	-49.93389	0.0	2206982	958.6681070327759
11	-109.914894	-109.914894	-10.374587	-49.942623	0.58970755	-38.488857	-55.455627	-49.942677	0.0	2407981	1045.984738111496
12	-110.29737	-110.29737	-7.9584675	-49.942383	0.5829177	-38.710777	-53.36794	-49.942394	0.0	2608981	1133.420154094696
13	-113.1677	-113.1677	-9.165753	-49.943516	0.5680175	-39.07294	-60.533413	-49.943478	0.0	2809985	1221.354340314865
14	-110.35049	-110.35049	-8.045248	-49.93697	0.6208362	-39.011757	-60.62974	-49.936928	0.0	3010982	1309.339467048645
15	-113.27993	-113.27993	-6.5569487	-49.936314	0.65378624	-38.608067	-56.093285	-49.936283	0.0	3211982	1397.0414505004883
16	-109.93039	-109.93039	-7.5394588	-49.94151	0.60938543	-39.16982	-53.080692	-49.941498	0.0	3412981	1484.52592587471
17	-118.59018	-118.59018	-29.277193	-49.941517	0.6072472	-39.13574	-53.548428	-49.941456	0.0	3613986	1571.4786443710327
18	-114.05584	-114.05584	-18.337154	-49.943523	0.5865664	-38.99647	-60.259247	-49.943676	0.0	3814981	1659.481811285019
19	-116.52041	-116.52041	-3.2546494	-49.94198	0.576023	-39.267307	-55.917526	-49.941853	0.0	4015981	1747.1293466091156
20	-113.64147	-113.64147	-7.9416428	-49.94028	0.5810932	-39.77455	-61.442513	-49.94041	0.0	4216982	1833.1973240375519
21	-112.4112	-112.4112	-8.922646	-49.94394	0.56190455	-39.53056	-54.98359	-49.943897	0.0	4417983	1920.966201543808
22	-111.96304	-111.96304	-9.539028	-49.941257	0.5685116	-39.60356	-55.885384	-49.94131	0.0	4618981	2008.9169940948486
23	-112.990105	-112.990105	-10.406762	-49.942802	0.56570184	-39.260498	-55.010525	-49.942776	0.0	4819983	2096.384857416153
24	-119.21195	-119.21195	-10.678985	-49.945187	0.5471452	-38.95786	-68.729965	-49.945225	0.0	5020984	2181.820778608322
25	-112.54758	-112.54758	-13.002561	-49.94815	0.53063273	-39.153927	-52.648354	-49.94817	0.0	5221983	2269.4887759685516
26	-114.31394	-114.31394	-10.365203	-49.94964	0.51716954	-38.968727	-54.146015	-49.949577	0.0	5422982	2356.290135383606
27	-111.28942	-111.28942	-10.39502	-49.94492	0.55096316	-38.638992	-60.49667	-49.944897	0.0	5623982	2442.1740486621857
28	-118.29451	-118.29451	-13.6219015	-49.943268	0.584383	-38.53698	-75.16339	-49.94332	0.0	5824983	2530.191874027252
29	-116.06052	-116.06052	-12.934713	-49.941223	0.5858744	-38.88451	-54.554108	-49.94117	0.0	6025982	2616.9113397598267
30	-116.52442	-116.52442	-15.551713	-49.943104	0.5679792	-39.512775	-54.7503	-49.94315	0.0	6226982	2704.278781414032
31	-116.32086	-116.32086	-8.536256	-49.943665	0.5696262	-39.63256	-52.50865	-49.94362	0.0	6427981	2792.7791833877563
32	-113.06967	-113.06967	-16.993748	-49.944004	0.5691227	-39.46388	-53.22396	-49.94408	0.0	6628983	2881.0292508602142
33	-112.72823	-112.72823	-20.280304	-49.942486	0.58044505	-36.10401	-52.994717	-49.94251	0.0	6829981	2968.5150270462036
34	-118.085144	-118.085144	-11.742807	-49.93656	0.6117473	-34.726837	-52.485817	-49.936527	0.0	7030982	3053.533783197403
35	-118.984726	-118.984726	-15.426089	-49.93818	0.5946883	-34.879753	-55.838333	-49.93797	0.0	7231981	3139.3516297340393
36	-117.5887	-117.5887	-21.481188	-49.94147	0.57191163	-37.17168	-53.20946	-49.941505	0.0	7432981	3227.718951702118
37	-113.33664	-113.33664	-24.922075	-49.941364	0.5722221	-38.19874	-52.882156	-49.941284	0.0	7633982	3315.6027534008026
38	-117.748825	-117.748825	-13.088559	-49.9416	0.5702662	-38.35595	-53.809853	-49.941597	0.0	7834982	3403.9220492839813
39	-120.88392	-120.88392	-20.577013	-49.94207	0.5601125	-39.15419	-53.191353	-49.942066	0.0	8035982	3491.3393630981445
40	-118.08482	-118.08482	-17.606855	-49.93983	0.5659894	-40.156513	-52.860348	-49.939793	0.0	8236982	3579.392528772354
41	-119.32456	-119.32456	-14.234552	-49.94061	0.5616559	-39.91856	-53.222023	-49.94061	0.0	8437982	3667.224660396576
42	-118.44541	-118.44541	-9.721775	-49.937378	0.57723093	-39.783577	-56.561394	-49.937305	0.0	8638983	3755.276658296585
43	-120.15127	-120.15127	-19.78658	-49.93777	0.5844687	-39.597942	-57.56379	-49.93782	0.0	8839981	3843.227992296219
44	-115.51163	-115.51163	-13.07073	-49.93805	0.5872042	-39.057987	-57.153618	-49.938046	0.0	9040982	3930.3125607967377
45	-117.306145	-117.306145	-23.103697	-49.937794	0.59335345	-38.06183	-53.16682	-49.937798	0.0	9241983	4018.430427312851
46	-118.23529	-118.23529	-6.5129595	-49.937355	0.592911	-38.953407	-53.146427	-49.937313	0.0	9442988	4106.481480360031
47	-123.15683	-123.15683	-24.569136	-49.93781	0.6001433	-39.486958	-56.933094	-49.937977	0.0	9643982	4194.250647306442
48	-121.29224	-121.29224	-26.401056	-49.939445	0.5961001	-38.997982	-54.361504	-49.93949	0.0	9844982	4281.519502878189
49	-118.95791	-118.95791	-25.895746	-49.938343	0.5929767	-38.830437	-59.445335	-49.938457	0.0	10045981	4370.202920913696
50	-120.88449	-120.88449	-16.92104	-49.936623	0.5941225	-33.126045	-58.90878	-49.93676	0.0	10246983	4458.405802488327
51	-119.63337	-119.63337	-21.223269	-49.932663	0.6095634	-38.881046	-55.923885	-49.93265	0.0	10447983	4546.288378477097
52	-121.535706	-121.535706	-18.231642	-49.928394	0.63293576	-38.070984	-60.93932	-49.92853	0.0	10648987	4634.489485025406
53	-116.03842	-116.03842	-14.208685	-49.92462	0.653925	-37.981384	-52.066288	-49.92461	0.0	10849981	4721.757990121841
54	-110.10507	-110.10507	-17.162825	-49.919163	0.6694882	-35.60369	-51.771065	-49.91903	0.0	11050982	4809.891854763031
55	-114.68454	-114.68454	-16.072535	-49.908466	0.71516436	-36.90277	-53.103592	-49.908566	0.0	11251981	4898.144325256348
56	-118.36105	-118.36105	-13.728006	-49.90412	0.7328128	-36.08523	-52.3171	-49.904194	0.0	11452981	4985.894806623459
57	-117.56344	-117.56344	-9.035952	-49.895573	0.7686367	-36.571938	-53.073074	-49.89547	0.0	11653982	5073.813849925995
58	-113.1249	-113.1249	-3.0442939	-49.890972	0.7889486	-37.590405	-52.61566	-49.890835	0.0	11854982	5160.564600467682
59	-111.46762	-111.46762	-24.523201	-49.88039	0.83691496	-35.97761	-53.438194	-49.880405	0.0	12055982	5248.882738351822
60	-122.43169	-122.43169	-3.2071772	-49.873333	0.8629613	-36.623642	-52.272392	-49.873276	0.0	12256985	5336.71829867363
61	-116.4379	-116.4379	-2.7630298	-49.865776	0.8943631	-34.4664	-53.0303	-49.86583	0.0	12457981	5424.035347938538
62	-114.443924	-114.443924	-10.58322	-49.859116	0.9212088	-35.296707	-52.479214	-49.859074	0.0	12658982	5512.286724567413
63	-119.44761	-119.44761	-12.920981	-49.85026	0.94207376	-34.24948	-52.520584	-49.850174	0.0	12859984	5597.871722459793
64	-114.77505	-114.77505	-3.18321	-49.842537	0.96946067	-35.420033	-53.84358	-49.84249	0.0	13060984	5684.389548540115
65	-116.0384	-116.0384	-12.585458	-49.837032	0.9827223	-36.242233	-52.247135	-49.83677	0.0	13261982	5771.240706920624
66	-115.36214	-115.36214	-16.915081	-49.832592	1.0032783	-35.99149	-56.6469	-49.832474	0.0	13462981	5859.042424440384
67	-112.14334	-112.14334	-3.8352768	-49.82094	1.0447637	-34.00982	-52.0234	-49.820858	0.0	13663983	5945.742691278458
68	-118.5246	-118.5246	-9.13621	-49.816925	1.0577823	-35.754128	-52.672676	-49.816704	0.0	13864983	6033.795357704163
69	-113.11211	-113.11211	-6.4090557	-49.812023	1.0746747	-35.887875	-52.044	-49.81184	0.0	14065983	6121.595437288284
70	-108.59121	-108.59121	-15.324979	-49.806293	1.0826949	-35.958195	-52.340366	-49.80624	0.0	14266982	6209.7158279418945
71	-113.04532	-113.04532	-8.325484	-49.800713	1.0953149	-35.13066	-52.059734	-49.8005	0.0	14467982	6298.065914392471
72	-119.07415	-119.07415	-11.419524	-49.795616	1.1099494	-33.99643	-53.28695	-49.79557	0.0	14668982	6385.54872584343
73	-118.936584	-118.936584	-13.205273	-49.793316	1.1098247	-34.116005	-54.123238	-49.793068	0.0	14869981	6474.268615245819
74	-113.272385	-113.272385	-17.013237	-49.787647	1.1316606	-36.442345	-53.048115	-49.78753	0.0	15070984	6562.086639642715
75	-114.1513	-114.1513	-2.158107	-49.785904	1.1352812	-35.730175	-51.99555	-49.785706	0.0	15271982	6649.9201872348785
76	-111.70792	-111.70792	-5.192244	-49.778255	1.1612389	-34.544033	-52.960884	-49.778217	0.0	15472983	6738.438273429871
77	-111.53848	-111.53848	0.32685682	-49.77465	1.1747326	-32.993954	-52.761192	-49.774673	0.0	15673981	6827.090061664581
78	-115.165634	-115.165634	-5.8450627	-49.769157	1.1920133	-35.174454	-52.44649	-49.76892	0.0	15874981	6913.541458129883
79	-114.73507	-114.73507	-17.85706	-49.765076	1.194815	-33.78052	-53.28032	-49.765022	0.0	16075982	7001.12558221817
80	-119.213455	-119.213455	-14.887516	-49.760567	1.2065377	-35.43445	-52.575825	-49.760468	0.0	16276983	7088.8752365112305
81	-112.16039	-112.16039	2.1183465	-49.762066	1.2061715	-35.093132	-54.836185	-49.762108	0.0	16477982	7176.943846464157
82	-110.32505	-110.32505	-11.345794	-49.754597	1.2258239	-34.222145	-52.636456	-49.754578	0.0	16678984	7265.480359315872
83	-112.64972	-112.64972	-5.6368876	-49.748558	1.2370809	-34.587635	-52.65962	-49.748474	0.0	16879981	7352.747061014175
84	-115.243065	-115.243065	2.1067133	-49.74193	1.2512674	-33.625496	-52.79558	-49.74188	0.0	17080982	7440.432242155075
85	-118.0001	-118.0001	-2.3167984	-49.73533	1.2674904	-35.511307	-52.976437	-49.735283	0.0	17281981	7528.399875640869
86	-117.78072	-117.78072	-8.594814	-49.730873	1.2831615	-35.53308	-52.55175	-49.73076	0.0	17482982	7616.3353707790375
87	-113.477165	-113.477165	-21.274456	-49.724552	1.3023528	-36.474575	-52.61414	-49.724567	0.0	17683982	7702.787267446518
88	-118.325294	-118.325294	0.44097596	-49.721535	1.3089354	-32.882847	-52.870926	-49.721474	0.0	17884982	7790.303612947464
89	-123.63406	-123.63406	-1.2738272	-49.719376	1.3144428	-34.594784	-53.49277	-49.719296	0.0	18085983	7878.2892370224
90	-113.6657	-113.6657	-15.906097	-49.71841	1.319125	-34.14857	-53.28332	-49.71841	0.0	18286982	7966.741559505463
91	-121.64953	-121.64953	-5.669182	-49.70929	1.3423285	-35.941177	-52.4565	-49.70945	0.0	18487981	8054.8087837696075
92	-114.26581	-114.26581	-9.426977	-49.707336	1.3455114	-35.31388	-52.5022	-49.707394	0.0	18688982	8142.675508975983
93	-117.00949	-117.00949	-16.86636	-49.698452	1.371944	-34.415165	-53.164925	-49.6983	0.0	18889981	8230.760528087616
94	-113.01337	-113.01337	-9.964262	-49.700294	1.3712287	-35.374714	-53.153828	-49.700176	0.0	19090986	8319.095455646515
95	-110.852264	-110.852264	-5.6441174	-49.69981	1.3681799	-35.0291	-55.469368	-49.69982	0.0	19291984	8407.146195411682
96	-114.041534	-114.041534	-18.24847	-49.702927	1.3609105	-36.958187	-54.209167	-49.70287	0.0	19492982	8493.414994478226
97	-117.46511	-117.46511	-16.779554	-49.696625	1.380536	-35.77585	-53.47261	-49.69651	0.0	19693981	8581.635669708252
98	-120.736435	-120.736435	-10.679492	-49.692837	1.385847	-36.24313	-55.8346	-49.692856	0.0	19894986	8669.49993300438
99	-120.430664	-120.430664	-11.118301	-49.692646	1.3884186	-36.579124	-55.425312	-49.6925	0.0	20095986	8757.535764455795
100	-113.64489	-113.64489	-4.953182	-49.692204	1.386572	-36.662193	-52.84491	-49.6921	0.0	20296983	8845.970820903778
101	-114.167366	-114.167366	-7.1064577	-49.684967	1.40562	-33.20602	-53.27099	-49.684948	0.0	20497983	8933.971321821213
102	-118.59015	-118.59015	-8.399131	-49.68421	1.4114795	-36.18137	-53.18226	-49.68414	0.0	20698981	9022.521762371063
103	-115.60812	-115.60812	-1.6956551	-49.68012	1.4207963	-35.406887	-52.94156	-49.67999	0.0	20899981	9110.374155044556
104	-109.21711	-109.21711	-5.999522	-49.67641	1.4248475	-35.3439	-53.318363	-49.676388	0.0	21100984	9198.159291744232
105	-120.851036	-120.851036	-9.518718	-49.67693	1.4228052	-33.358955	-52.915802	-49.676704	0.0	21301985	9285.826098918915
106	-120.51124	-120.51124	-1.6161209	-49.676456	1.4187329	-34.675514	-52.685432	-49.67647	0.0	21502982	9374.029478788376
107	-116.86501	-116.86501	-12.758274	-49.6684	1.4361649	-35.352497	-52.284103	-49.668385	0.0	21703983	9462.561849832535
108	-115.62862	-115.62862	-13.253842	-49.660618	1.4557415	-26.761427	-52.63607	-49.660553	0.0	21904983	9550.613211870193
109	-121.20755	-121.20755	-3.3723917	-49.663124	1.4470652	-35.49709	-52.414097	-49.662945	0.0	22105982	9638.331557035446
110	-118.02744	-118.02744	-5.435489	-49.653854	1.4698002	-35.696354	-52.616688	-49.65385	0.0	22306984	9726.449519395828
111	-115.91955	-115.91955	-4.9419594	-49.649857	1.4802418	-35.039654	-52.36742	-49.649727	0.0	22507983	9811.583725214005
112	-111.67061	-111.67061	-13.90896	-49.643616	1.49257	-34.60001	-52.343037	-49.6437	0.0	22708983	9899.351586341858
113	-117.2359	-117.2359	-6.6378374	-49.642075	1.4932463	-36.15838	-53.1835	-49.641975	0.1	22909983	9987.619504928589
114	-115.06878	-115.06878	-5.154961	-49.64125	1.4956982	-34.986248	-52.70881	-49.64113	0.0	23110983	10075.255360603333
115	-116.542015	-116.542015	-4.566693	-49.643826	1.4922545	-35.038048	-52.911816	-49.64378	0.0	23311985	10163.271549463272
116	-112.81899	-112.81899	-4.9406137	-49.64666	1.4877787	-35.647564	-52.810127	-49.646675	0.0	23512985	10251.572658061981
117	-118.562325	-118.562325	-9.344562	-49.642952	1.4942436	-27.265268	-59.028828	-49.642952	0.0	23713984	10339.15845322609
118	-116.20522	-116.20522	-6.914143	-49.636566	1.5090903	-30.650904	-52.75034	-49.6365	0.0	23914982	10427.426769018173
119	-105.15298	-105.15298	-1.2596561	-49.636074	1.5135045	-27.811974	-53.01402	-49.635983	0.0	24115982	10515.145325899124
120	-120.4374	-120.4374	-14.894581	-49.617123	1.56914	-14.379599	-53.375088	-49.617214	0.0	24316983	10602.963537454605
121	-117.07694	-117.07694	-29.471355	-49.60537	1.6150582	-3.9706576	-53.426064	-49.605236	0.0	24517987	10691.06512093544
122	-121.34142	-121.34142	-12.174024	-49.600903	1.638707	-4.2586403	-53.396564	-49.60096	0.0	24718981	10778.282292842865
123	-130.00641	-130.00641	-17.552906	-49.59748	1.6506196	-1.5643332	-53.08785	-49.59739	0.0	24919982	10864.60145330429
124	-118.09824	-118.09824	-20.641724	-49.6032	1.6521463	1.8122106	-52.826077	-49.603287	0.0	25120985	10952.872986078262
125	-113.27183	-113.27183	-5.400587	-49.593643	1.6565368	1.7124999	-53.727146	-49.593414	0.0	25321986	11040.886330127716
126	-115.18353	-115.18353	1.4084644	-49.59871	1.6424799	1.1831887	-53.022663	-49.598763	0.0	25522985	11129.152840614319
127	-120.97314	-120.97314	-1.8273486	-49.5946	1.6528044	1.350878	-52.698574	-49.59444	0.0	25723983	11216.721273183823
128	-118.68042	-118.68042	-31.793154	-49.58878	1.6696079	5.395873	-53.038536	-49.588783	0.0	25924985	11304.710720062256
129	-111.715576	-111.715576	-13.611105	-49.593822	1.6605549	2.135217	-52.49416	-49.59384	0.0	26125985	11392.475403547287
130	-114.19009	-114.19009	-19.952627	-49.593254	1.6545244	4.3612313	-52.449894	-49.593185	0.0	26326981	11480.62464094162
131	-115.47049	-115.47049	-16.373777	-49.58003	1.6770742	2.2779083	-52.406475	-49.579887	0.0	26527983	11568.61006116867
132	-113.096466	-113.096466	-12.236606	-49.58123	1.6886711	2.6022513	-53.423077	-49.581284	0.0	26728983	11656.779869794846
133	-113.55468	-113.55468	-4.8534636	-49.58179	1.6840113	2.3932633	-52.70421	-49.581707	0.0	26929981	11744.197884321213
134	-119.405205	-119.405205	-15.194561	-49.57272	1.7156657	3.47854	-53.72738	-49.572758	0.0	27130982	11832.047397613525
135	-118.96407	-118.96407	-9.015539	-49.572212	1.6930474	0.92571795	-53.46645	-49.5722	0.0	27331981	11919.198426485062
136	-123.20637	-123.20637	-31.470423	-49.55602	1.7870297	2.2994409	-57.720093	-49.556107	0.0	27532981	12006.981636762619
137	-113.16209	-113.16209	-4.822153	-49.543877	1.8275203	4.0583086	-53.93334	-49.54422	0.2	27733986	12094.93484711647
138	-124.39254	-124.39254	-3.3640091	-49.538345	1.8916527	5.7607336	-54.08454	-49.538548	0.1	27934982	12183.585165262222
139	-119.94107	-119.94107	-17.764412	-49.546856	1.906132	6.8235188	-55.056026	-49.547073	0.1	28135984	12271.289877653122
140	-125.7491	-125.7491	-0.57470506	-49.541183	1.9250851	7.1440625	-53.465652	-49.541405	0.1	28336989	12359.689195156097
141	-120.938675	-120.938675	-14.867655	-49.54078	1.9254454	8.554841	-53.500145	-49.541027	0.0	28537984	12445.860053300858
142	-118.82071	-118.82071	-8.404081	-49.54197	1.9287609	12.408334	-53.076477	-49.54215	0.0	28738982	12532.893771648407
143	-116.82981	-116.82981	-15.592255	-49.537224	1.9421049	8.88739	-53.485847	-49.537373	0.0	28939985	12621.158729791641
144	-113.48149	-113.48149	-0.67512476	-49.53281	1.9294529	13.945609	-52.979935	-49.53309	0.0	29140985	12708.393999099731
145	-120.71755	-120.71755	-29.05351	-49.529476	1.9562106	9.675129	-53.752872	-49.529694	0.0	29341982	12796.416128396988
146	-114.17122	-114.17122	-8.207311	-49.53	1.9773028	17.077465	-53.151913	-49.530144	0.1	29542983	12884.546543121338
147	-114.191895	-114.191895	-1.9699237	-49.52307	2.0094738	17.029465	-53.001938	-49.523373	0.0	29743983	12972.599559783936
148	-118.90375	-118.90375	-0.5289047	-49.518135	2.021657	9.41864	-54.281662	-49.5183	0.1	29944984	13060.815143585205
149	-117.88746	-117.88746	-1.8246385	-49.50765	2.0257206	5.7309647	-53.58818	-49.5077	0.1	30145983	13147.783483743668
150	-125.6771	-125.6771	-6.157257	-49.51471	1.9820064	12.485128	-54.084946	-49.514988	0.1	30346986	13235.854365587234
151	-113.70403	-113.70403	3.4435127	-49.513477	2.0042396	14.521942	-55.018757	-49.513653	0.1	30547985	13323.48631811142
152	-120.53198	-120.53198	1.4127847	-49.505817	2.0656765	18.031805	-53.44803	-49.505955	0.0	30748981	13410.587529182434
153	-116.865	-116.865	-5.2164187	-49.50595	2.0579965	13.043678	-53.793076	-49.506176	0.1	30949982	13498.270967245102
154	-123.21426	-123.21426	-0.79892176	-49.50133	2.0617247	9.779176	-53.858715	-49.501373	0.1	31150990	13586.307032108307
155	-113.74816	-113.74816	-9.769393	-49.48838	2.1434941	16.404833	-53.7684	-49.488754	0.1	31351990	13673.790670871735
156	-116.78913	-116.78913	4.165108	-49.486614	2.0998418	11.601133	-54.2583	-49.486652	0.0	31552990	13761.125225782394
157	-117.68269	-117.68269	-0.4218437	-49.468224	2.161396	21.37652	-53.93553	-49.468502	0.0	31753984	13847.760482788086
158	-113.65269	-113.65269	0.43883058	-49.458923	2.2426035	11.862463	-53.405537	-49.458862	0.0	31954984	13935.514412641525
159	-115.92945	-115.92945	-7.3155107	-49.461395	2.2604403	20.936438	-53.798412	-49.461575	0.0	32155981	14022.778734445572
160	-112.39376	-112.39376	-14.960113	-49.465084	2.24806	15.09353	-53.68293	-49.465225	0.0	32356983	14109.979482412338
161	-116.99565	-116.99565	-23.713604	-49.45563	2.2920384	18.690298	-53.987972	-49.45575	0.2	32557985	14198.232217550278
162	-113.491806	-113.491806	4.1820483	-49.455185	2.2954721	15.212673	-54.03193	-49.455124	0.0	32758983	14286.398508310318
163	-114.460625	-114.460625	0.72376966	-49.457962	2.2444084	22.173693	-53.564392	-49.458035	0.0	32959983	14374.601057767868
164	-119.832596	-119.832596	-4.0867705	-49.44974	2.303441	14.326603	-53.756947	-49.4499	0.0	33160983	14462.519042730331
165	-108.14892	-108.14892	-11.498033	-49.45462	2.2609684	18.301472	-53.07406	-49.454617	0.0	33361981	14550.971573352814
166	-117.25287	-117.25287	-17.87101	-49.455086	2.3021984	20.13005	-53.60808	-49.455124	0.0	33562990	14638.757821798325
167	-104.371796	-104.371796	-1.2099944	-49.441483	2.33359	17.532581	-54.50371	-49.44177	0.3	33763982	14726.755513191223
168	-111.32299	-111.32299	-9.4374485	-49.439262	2.411588	17.50437	-53.205826	-49.439377	0.1	33964985	14814.97478556633
169	-116.11184	-116.11184	4.1730084	-49.446545	2.3551238	11.676954	-56.92406	-49.446617	0.3	34165981	14902.709926366806
170	-115.348915	-115.348915	4.2754397	-49.4443	2.374114	23.999363	-54.215023	-49.444447	0.0	34366989	14990.642937421799
171	-115.64904	-115.64904	-14.346618	-49.43997	2.3960109	12.673866	-57.505074	-49.439983	0.0	34567981	15074.525871992111
172	-115.841545	-115.841545	-26.205841	-49.436676	2.4100766	13.015382	-53.764153	-49.4368	0.0	34768984	15162.463045597076
173	-107.7525	-107.7525	-1.275205	-49.43806	2.4005072	13.027566	-53.831223	-49.43832	0.1	34969982	15248.666911125183
174	-115.89631	-115.89631	-0.8708454	-49.436684	2.3891015	11.882893	-54.9451	-49.436718	0.0	35170983	15333.49789571762
175	-107.215485	-107.215485	0.18838602	-49.433475	2.436784	16.940504	-56.502693	-49.43352	0.0	35371984	15421.200531482697
176	-116.5385	-116.5385	-4.1563325	-49.42467	2.4306934	11.466954	-54.39018	-49.42485	0.0	35572983	15509.367337226868
177	-114.61474	-114.61474	-3.2779732	-49.42664	2.442957	14.695859	-53.313877	-49.426495	0.4	35773984	15596.670310020447
178	-123.48517	-123.48517	-10.734684	-49.42487	2.4458044	13.417928	-54.805393	-49.42503	0.0	35974983	15684.490663051605
179	-115.53676	-115.53676	-13.326215	-49.412037	2.5191262	18.635283	-53.441017	-49.412052	0.1	36175987	15772.921137332916
180	-110.701775	-110.701775	-6.6917434	-49.41773	2.497013	12.910445	-53.242405	-49.417778	0.0	36376984	15861.355716466904
181	-118.55319	-118.55319	2.3459852	-49.40832	2.553547	12.837643	-55.15735	-49.40833	0.2	36577982	15949.290416240692
182	-112.10081	-112.10081	3.4417176	-49.40849	2.5184343	46.04109	-54.34043	-49.408688	0.0	36778984	16036.692106246948
183	-120.45536	-120.45536	-7.3048954	-49.413105	2.4757102	13.1614	-53.39732	-49.413174	0.0	36979981	16124.829632759094
184	-111.6399	-111.6399	3.1305163	-49.39947	2.5439317	13.83891	-54.765842	-49.399536	0.0	37180987	16212.731050491333
185	-112.2126	-112.2126	-4.4013767	-49.39873	2.5596452	28.581463	-53.916824	-49.398617	0.2	37381988	16299.681674480438
186	-130.19495	-130.19495	-10.288503	-49.392456	2.5470219	13.20471	-54.246933	-49.392574	0.1	37582981	16387.813995599747
187	-119.532845	-119.532845	-3.965088	-49.39555	2.5770426	17.635515	-53.824703	-49.395542	0.0	37783983	16475.96715402603
188	-113.90757	-113.90757	2.601925	-49.39308	2.6051812	12.598736	-53.331604	-49.393085	0.2	37984983	16564.249729394913
189	-117.26622	-117.26622	2.5183048	-49.398617	2.5798755	18.375406	-54.176872	-49.39895	0.2	38185987	16651.951377153397
190	-124.820656	-124.820656	-7.771324	-49.39096	2.595893	15.593551	-53.134888	-49.390896	0.2	38386982	16739.624490261078
191	-109.16284	-109.16284	7.062407	-49.386524	2.5891876	13.793043	-53.454422	-49.386353	0.2	38587982	16827.004167556763
192	-112.91365	-112.91365	1.2125118	-49.38912	2.5847335	11.571219	-53.642494	-49.389156	0.1	38788983	16915.276502370834
193	-112.11946	-112.11946	-22.388311	-49.38256	2.5962775	18.076826	-54.404274	-49.382553	0.0	38989984	17002.628973960876
194	-115.269066	-115.269066	-12.471499	-49.376083	2.6285005	13.07176	-53.978596	-49.376034	0.0	39190983	17090.423914194107
195	-109.17341	-109.17341	-8.115792	-49.372902	2.600573	13.763798	-54.7316	-49.372692	0.0	39391984	17177.698218345642
196	-109.54527	-109.54527	-17.012835	-49.353	2.7133503	13.129217	-55.049282	-49.353153	0.0	39592983	17265.876932144165
197	-119.000656	-119.000656	4.308056	-49.36347	2.6610794	14.537706	-55.354595	-49.36356	0.1	39793983	17353.4111161232
198	-112.55979	-112.55979	-15.171167	-49.349136	2.724083	13.304721	-55.089592	-49.34907	0.0	39994982	17441.58209681511
199	-121.281	-121.281	-1.8449188	-49.344383	2.742648	16.576252	-55.333565	-49.34423	0.1	40195987	17529.330728530884
200	-111.471855	-111.471855	1.3526953	-49.341293	2.752724	11.463477	-54.684826	-49.341415	0.2	40396983	17617.29817891121
201	-113.72953	-113.72953	-19.392609	-49.333855	2.7493925	10.68331	-56.462414	-49.33376	0.0	40597983	17704.418947935104
202	-108.79674	-108.79674	-4.175181	-49.327652	2.7494326	12.902268	-55.394455	-49.32764	0.2	40798983	17792.373596429825
203	-112.57426	-112.57426	-20.18408	-49.311573	2.792227	11.600895	-56.939354	-49.31186	0.1	40999982	17879.53529691696
204	-105.97966	-105.97966	6.8053813	-49.296234	2.8188498	9.935856	-55.3233	-49.296104	0.3	41200985	17967.30410027504
205	-103.633446	-103.633446	-13.756216	-49.280827	2.8734822	12.129677	-56.31324	-49.280926	0.3	41401984	18055.359481811523
206	-123.69966	-123.69966	-4.139106	-49.263344	2.9237466	13.208189	-58.46634	-49.263386	0.1	41602982	18143.173176288605
207	-120.172966	-120.172966	-9.040872	-49.26133	2.9522252	11.545409	-55.724777	-49.26145	0.0	41803981	18231.55765414238
208	-101.07652	-101.07652	1.6105825	-49.26037	3.0072026	15.752263	-55.88076	-49.260235	0.3	42004981	18319.842577695847
209	-115.93022	-115.93022	-15.438291	-49.263893	2.9915633	10.570568	-62.90367	-49.263905	0.3	42205982	18407.929711341858
210	-108.098724	-108.098724	3.82536	-49.250835	3.0266178	13.017618	-56.87706	-49.251106	0.1	42406982	18495.728986501694
211	-109.633194	-109.633194	-10.365992	-49.23823	3.0874367	22.861677	-56.619816	-49.23815	0.4	42607984	18584.11201620102
212	-105.49494	-105.49494	-7.8550262	-49.227222	3.1561618	14.274041	-60.22825	-49.22699	0.1	42808982	18671.801436185837
213	-118.85951	-118.85951	-1.4254159	-49.218372	3.1799235	12.290245	-57.26502	-49.21859	0.0	43009987	18759.933668375015
214	-101.68216	-101.68216	5.315282	-49.23443	3.187984	15.7434635	-57.573082	-49.234684	0.0	43210982	18848.08353304863
215	-116.200935	-116.200935	4.989707	-49.220608	3.183162	12.60405	-59.707108	-49.22076	0.4	43411982	18936.01811480522
216	-113.30259	-113.30259	7.73846	-49.234493	3.1430852	11.267611	-57.792294	-49.234524	0.1	43612982	19024.003350257874
217	-112.07182	-112.07182	2.6062527	-49.23778	3.1376324	13.277657	-57.735218	-49.237637	0.1	43813983	19111.705633163452
218	-114.23926	-114.23926	-0.8177386	-49.2385	3.1683474	18.6717	-57.36945	-49.23862	0.1	44014983	19200.089451551437
219	-120.4554	-120.4554	-0.2595194	-49.222538	3.2420795	10.646524	-57.964973	-49.222683	0.0	44215984	19286.423943281174
220	-116.36208	-116.36208	4.4252286	-49.223564	3.1674168	14.012437	-56.850735	-49.223774	0.2	44416986	19373.85714864731
221	-126.353935	-126.353935	-6.1103916	-49.24142	3.1142952	14.286828	-57.40026	-49.241352	0.1	44617986	19462.025683403015
222	-112.95099	-112.95099	-4.272135	-49.24021	3.1167288	15.878073	-57.70531	-49.24038	0.0	44818982	19549.876596689224
223	-112.300934	-112.300934	0.8074314	-49.24027	3.1216493	15.04705	-57.709476	-49.240242	0.1	45019982	19636.644260406494
224	-117.19975	-117.19975	2.3846502	-49.226543	3.1686597	12.630693	-56.3386	-49.226753	0.1	45220983	19724.480066776276
225	-120.05076	-120.05076	0.13788086	-49.221294	3.1823628	14.034228	-57.05269	-49.221428	0.1	45421982	19812.432267427444
226	-123.92784	-123.92784	-10.176154	-49.23509	3.1235309	14.186388	-56.428722	-49.235123	0.1	45622985	19900.25404405594
227	-109.386444	-109.386444	8.471083	-49.238087	3.1076305	15.373446	-55.91637	-49.238285	0.2	45823984	19988.03323817253
228	-123.030266	-123.030266	-3.5419302	-49.2167	3.1732118	11.69319	-60.615036	-49.216866	0.2	46024983	20076.355775356293
229	-112.696884	-112.696884	0.99780077	-49.21915	3.1646779	13.566616	-56.721863	-49.21936	0.0	46225983	20164.802324533463
230	-108.563896	-108.563896	-4.935365	-49.20522	3.211058	16.561026	-56.252552	-49.20526	0.3	46426984	20252.239634275436
231	-113.03774	-113.03774	-5.149623	-49.21114	3.206619	13.827829	-58.255154	-49.211277	0.2	46627984	20339.95854663849
232	-104.82486	-104.82486	-1.658078	-49.199577	3.2198756	11.275346	-57.258442	-49.19956	0.1	46828982	20427.43985557556
233	-121.22268	-121.22268	-3.2841692	-49.203747	3.2271767	16.321669	-58.778088	-49.20422	0.5	47029984	20516.156752586365
234	-101.087776	-101.087776	2.4533288	-49.205418	3.210809	15.235029	-59.283062	-49.20534	0.1	47230984	20604.26177382469
235	-106.47734	-106.47734	3.2209616	-49.179756	3.2948625	17.238226	-58.21721	-49.180042	0.1	47431983	20692.443509101868
236	-118.20753	-118.20753	-11.3027725	-49.180878	3.2837412	19.461533	-58.06924	-49.181133	0.4	47632984	20779.978104114532
237	-118.40011	-118.40011	4.1818514	-49.181606	3.3014634	14.69737	-58.156334	-49.181595	0.3	47833982	20867.661468744278
238	-118.5739	-118.5739	-0.08758336	-49.176533	3.293868	15.835039	-60.17888	-49.176888	0.0	48034981	20955.430799007416
239	-121.59811	-121.59811	-3.8404968	-49.177155	3.2960153	14.200915	-56.778347	-49.177345	0.2	48235983	21043.18721628189
240	-120.573845	-120.573845	6.7307234	-49.178123	3.3119197	14.868887	-56.2716	-49.17832	0.4	48436986	21130.83411693573
241	-118.750725	-118.750725	1.3684373	-49.186623	3.2705636	15.564805	-60.124752	-49.18668	0.0	48637982	21219.28413081169
242	-113.87501	-113.87501	7.225067	-49.17843	3.315992	15.8477745	-58.687935	-49.17872	0.3	48838982	21307.818710565567
243	-111.303406	-111.303406	-23.308155	-49.166496	3.309534	15.841078	-58.810135	-49.166504	0.0	49039983	21395.05356144905
244	-125.66176	-125.66176	3.1892855	-49.16723	3.299269	13.077167	-60.085217	-49.167286	0.3	49240987	21482.888050079346
245	-106.30486	-106.30486	-11.724863	-49.167835	3.3089383	15.119464	-57.615242	-49.167706	0.2	49441984	21570.82200717926
246	-113.631874	-113.631874	-4.66882	-49.16948	3.3243828	17.209015	-57.005756	-49.16966	0.1	49642984	21658.907876729965
247	-113.955	-113.955	-4.3184156	-49.163643	3.341729	14.637262	-59.469147	-49.163624	0.0	49843981	21746.42571759224
248	-110.170334	-110.170334	-7.5649877	-49.165154	3.3452363	14.133577	-58.10324	-49.165565	0.2	50044982	21834.46383881569
249	-115.04543	-115.04543	-10.597992	-49.166134	3.3230672	17.206686	-60.304554	-49.16596	0.3	50245982	21921.232531785965
250	-123.86578	-123.86578	7.568843	-49.16549	3.3684456	14.472525	-57.596275	-49.1655	0.1	50446986	22008.5969350338
251	-103.08729	-103.08729	-0.84589905	-49.15736	3.3657067	14.045128	-57.014214	-49.15756	0.4	50647982	22096.38210940361
252	-109.388145	-109.388145	10.141629	-49.150677	3.3661935	13.540279	-58.875156	-49.150684	0.4	50848981	22184.732431411743
253	-122.118675	-122.118675	-0.47971344	-49.150578	3.377617	19.193007	-58.833214	-49.150517	0.0	51049982	22272.69988179207
254	-113.52111	-113.52111	-0.8873951	-49.135437	3.3862178	12.933656	-57.195797	-49.13535	0.1	51250982	22359.66735959053
255	-115.11973	-115.11973	2.4828992	-49.136173	3.389447	13.992022	-58.060047	-49.136314	0.3	51451983	22447.653608560562
256	-110.89534	-110.89534	-11.206557	-49.145313	3.350475	15.327842	-57.581154	-49.145195	0.3	51652988	22535.158780813217
257	-118.218185	-118.218185	-18.94355	-49.153152	3.337662	11.534221	-60.855682	-49.15314	0.1	51853986	22623.143634557724
258	-113.90227	-113.90227	-8.176308	-49.142914	3.4056845	15.272053	-58.28063	-49.142834	0.1	52054982	22710.63992381096
259	-107.81956	-107.81956	-2.6327922	-49.140762	3.3638518	14.074656	-56.733543	-49.141068	0.2	52255984	22798.874195575714
260	-106.26597	-106.26597	5.558178	-49.133488	3.3828568	13.288506	-60.707253	-49.133392	0.1	52456981	22887.060713768005
261	-94.453026	-94.453026	-2.9266474	-49.13093	3.3857548	14.107288	-59.349846	-49.131077	0.3	52657982	22974.596284151077
262	-117.862595	-117.862595	2.0253756	-49.11703	3.41837	16.61551	-57.395084	-49.117218	0.2	52858981	23063.06100988388
263	-100.023094	-100.023094	-14.186558	-49.102455	3.4742224	15.471749	-60.301907	-49.102768	0.1	53059991	23150.499151706696
264	-118.69116	-118.69116	2.8512113	-49.097084	3.465025	14.747613	-61.821785	-49.096718	0.4	53260982	23238.565451860428
265	-109.84545	-109.84545	5.439763	-49.11155	3.4598873	20.376034	-60.417183	-49.111507	0.1	53461984	23326.61548423767
266	-104.95336	-104.95336	1.2865822	-49.103268	3.4816241	18.622368	-58.099464	-49.10354	0.1	53662981	23414.767108678818
267	-105.70364	-105.70364	-4.893002	-49.109055	3.4929092	16.809647	-60.795532	-49.1092	0.3	53863981	23502.47237277031
268	-106.96052	-106.96052	0.98777235	-49.08576	3.5633802	16.1474	-58.614845	-49.08589	0.3	54064982	23590.76897907257
269	-106.868614	-106.868614	0.2845816	-49.09366	3.5292926	25.923471	-58.741848	-49.09389	0.3	54265989	23679.253499269485
270	-101.60645	-101.60645	6.620972	-49.083267	3.572765	13.409154	-57.870335	-49.083553	0.2	54466982	23767.087923288345
271	-115.379616	-115.379616	3.042634	-49.068413	3.5927086	21.397623	-61.66803	-49.06856	0.2	54667981	23853.875027418137
272	-119.831535	-119.831535	-12.863739	-49.060814	3.6177676	18.273922	-59.534267	-49.060925	0.2	54868985	23941.72611427307
273	-126.48118	-126.48118	7.3990235	-49.049946	3.6757832	18.37752	-59.93315	-49.050423	0.4	55069981	24029.25882411003
274	-109.64219	-109.64219	1.001172	-49.054344	3.6514332	13.674896	-59.84366	-49.054585	0.2	55270982	24117.026413440704
275	-116.45754	-116.45754	6.253402	-49.07278	3.58498	12.697645	-60.068806	-49.07284	0.3	55471991	24205.312677383423
276	-103.40298	-103.40298	0.817745	-49.051094	3.6654418	17.187859	-59.144325	-49.05164	0.5	55672982	24293.34637069702
277	-109.39222	-109.39222	9.527595	-49.055084	3.6315856	17.135422	-61.708466	-49.055122	0.3	55873981	24379.581971406937
278	-115.05464	-115.05464	3.209311	-49.06045	3.609219	22.432652	-59.035717	-49.06067	0.4	56074982	24466.633253335953
279	-101.96882	-101.96882	-0.8918906	-49.03887	3.7298448	15.17828	-60.3465	-49.039448	0.1	56275986	24554.683095932007
280	-122.51239	-122.51239	0.1607187	-49.04727	3.6938627	21.314022	-62.719074	-49.04719	0.2	56476983	24642.26884150505
281	-99.68928	-99.68928	7.997986	-49.038853	3.7067502	14.806675	-64.44641	-49.03914	0.6	56677981	24730.552394866943
282	-111.635574	-111.635574	0.62398034	-49.03783	3.693452	18.205545	-59.882572	-49.037895	0.0	56878981	24818.989459991455
283	-103.49675	-103.49675	4.348495	-49.04282	3.6892457	15.000249	-59.957455	-49.04302	0.2	57079988	24906.471424102783
284	-123.30178	-123.30178	4.525377	-49.04266	3.712272	25.840864	-61.809517	-49.043045	0.3	57280982	24993.956086158752
285	-111.19465	-111.19465	5.463654	-49.03564	3.6854649	18.569237	-61.58546	-49.035603	0.2	57481982	25081.60716032982
286	-115.67197	-115.67197	-16.852789	-49.03415	3.7257092	21.606565	-62.407078	-49.034218	0.1	57682987	25169.659193992615
287	-112.655205	-112.655205	1.193409	-49.037113	3.7625184	15.0227785	-70.09043	-49.03701	0.4	57883981	25258.02739739418
288	-112.835175	-112.835175	-1.7536995	-49.0538	3.6819181	21.390743	-60.2472	-49.053883	0.3	58084983	25346.280892133713
289	-107.13123	-107.13123	1.5509865	-49.03052	3.7352064	15.317935	-59.093285	-49.03067	0.5	58285982	25432.48935866356
290	-113.61133	-113.61133	2.81441	-49.029343	3.7582576	18.542582	-61.014286	-49.029472	0.1	58486982	25519.946316719055
291	-109.46622	-109.46622	1.7549546	-49.02444	3.7660534	16.39671	-57.799046	-49.024616	0.3	58687984	25608.33292245865
292	-114.10206	-114.10206	-2.9472868	-49.02879	3.7666416	13.22196	-62.89804	-49.028435	0.0	58888985	25696.787285089493
293	-99.82094	-99.82094	2.683033	-49.019947	3.744372	17.697208	-59.398582	-49.020077	0.3	59089983	25784.9219956398
294	-117.09299	-117.09299	-2.6148317	-48.99996	3.8052514	16.357168	-61.624435	-49.00026	0.1	59290987	25872.60616350174
295	-116.50352	-116.50352	7.7156672	-49.000874	3.7954519	14.135919	-62.267822	-49.000706	0.2	59491981	25960.06997513771
296	-121.128456	-121.128456	7.486969	-49.014904	3.738839	18.528898	-58.543858	-49.014656	0.3	59692981	26048.67519044876
297	-94.47962	-94.47962	5.462422	-49.005394	3.7736578	17.439886	-61.89967	-49.005398	0.4	59893982	26137.242012500763
298	-101.33419	-101.33419	-6.0206723	-49.003418	3.7859588	15.708483	-59.252934	-49.00331	0.2	60094991	26225.27996277809
299	-117.00457	-117.00457	-7.194578	-48.99533	3.786845	14.57394	-61.370804	-48.995087	0.2	60295986	26313.614634275436
300	-115.62205	-115.62205	0.6402246	-48.995293	3.8106716	18.53006	-62.309696	-48.995373	0.4	60496985	26401.360824108124
301	-119.76605	-119.76605	-6.4288983	-48.985035	3.825389	15.609041	-60.232395	-48.98469	0.0	60697982	26489.56349658966
302	-109.29338	-109.29338	-2.9024367	-48.981358	3.8107014	17.256247	-61.49636	-48.981636	0.1	60898985	26576.162657022476
303	-111.89986	-111.89986	3.1908884	-48.969536	3.871864	14.780014	-61.808437	-48.96948	0.2	61099983	26664.1479408741
304	-121.254074	-121.254074	-8.708748	-48.973244	3.862541	22.855587	-62.043327	-48.973034	0.0	61300982	26752.004798173904
305	-106.420616	-106.420616	8.618296	-48.977448	3.8442576	18.760826	-58.72389	-48.97752	0.6	61501981	26839.933809518814
306	-112.08475	-112.08475	9.799006	-48.974487	3.8681226	16.93312	-60.1454	-48.97419	0.7	61702986	26927.65228509903
307	-107.62766	-107.62766	8.108901	-48.987186	3.7946155	19.087475	-62.734955	-48.987217	0.7	61903983	27016.035542964935
308	-114.56463	-114.56463	-12.024671	-48.969887	3.8533785	15.358198	-67.09274	-48.96944	0.4	62104985	27104.10360765457
309	-109.219765	-109.219765	-9.625154	-48.95979	3.8731117	14.864398	-62.04723	-48.959667	0.5	62305982	27191.97275185585
310	-113.36868	-113.36868	-3.1497529	-48.942738	3.9273274	14.12265	-61.827236	-48.9425	0.3	62506983	27279.845762252808
311	-103.09772	-103.09772	-10.776355	-48.95058	3.909697	16.571768	-66.459274	-48.95069	0.3	62707983	27367.90704059601
312	-109.48629	-109.48629	-0.38417017	-48.950176	3.90953	18.833136	-61.25195	-48.94987	0.4	62908982	27456.39660525322
313	-103.345566	-103.345566	1.4078933	-48.940968	3.9425144	14.329755	-63.085567	-48.941006	0.7	63109983	27544.577238082886
314	-105.91141	-105.91141	-0.7368587	-48.930573	3.9533966	15.035178	-62.232376	-48.930206	0.4	63310983	27632.561022520065
315	-103.101875	-103.101875	3.130173	-48.923874	3.9640384	20.472998	-59.31491	-48.923786	0.0	63511983	27720.73283290863
316	-92.67166	-92.67166	3.7103257	-48.940975	3.9183123	15.355953	-61.881123	-48.940742	0.3	63712982	27808.947158813477
317	-111.52538	-111.52538	-12.785645	-48.907234	3.9715903	18.306417	-67.29732	-48.907074	0.2	63913983	27897.150844573975
318	-108.10211	-108.10211	5.6131015	-48.91732	3.9494393	15.663646	-67.38608	-48.91773	0.5	64114984	27985.049374818802
319	-108.73002	-108.73002	-7.4833035	-48.91827	3.9592788	15.432486	-62.528404	-48.917915	0.3	64315981	28072.606569767
320	-104.692444	-104.692444	1.7568446	-48.909016	4.002549	13.260799	-61.72695	-48.908436	0.2	64516987	28160.61936354637
321	-100.4636	-100.4636	-10.315106	-48.917267	3.9662044	15.191146	-63.13877	-48.91722	0.4	64717983	28248.13736653328
322	-106.28382	-106.28382	-10.833434	-48.893234	4.0344195	17.589502	-70.98462	-48.893173	0.4	64918982	28335.53821516037
323	-113.987854	-113.987854	-0.63554233	-48.875557	4.0723734	15.150072	-62.193485	-48.875378	0.6	65119985	28423.778616428375
324	-113.37584	-113.37584	2.8883147	-48.877014	4.087893	13.517842	-60.73063	-48.876854	0.4	65320987	28511.02474474907
325	-111.90962	-111.90962	-29.05186	-48.885197	4.0869074	16.5764	-59.674088	-48.885406	0.1	65521982	28598.792195558548
326	-122.60344	-122.60344	5.9308853	-48.89142	4.05737	15.16478	-59.407707	-48.89136	0.5	65722984	28686.379747867584
327	-110.58503	-110.58503	-9.190294	-48.862293	4.1153903	17.271868	-61.500725	-48.86201	0.1	65923981	28773.74580335617
328	-107.863846	-107.863846	-2.4234943	-48.86082	4.12395	24.846739	-58.519325	-48.86072	0.1	66124982	28861.951854467392
329	-94.77988	-94.77988	8.3291445	-48.867207	4.0818014	19.474434	-58.411003	-48.866753	0.4	66325990	28949.598067760468
330	-103.16431	-103.16431	2.851437	-48.83271	4.192731	18.356127	-59.695404	-48.832653	0.5	66526982	29037.59947681427
331	-102.12635	-102.12635	1.9821763	-48.85423	4.104288	15.910505	-59.42777	-48.854137	0.4	66727981	29125.551055908203
332	-103.32322	-103.32322	9.645659	-48.850456	4.1159854	15.543133	-60.318073	-48.85015	0.5	66928982	29213.83469080925
333	-112.44665	-112.44665	8.410434	-48.819027	4.1957073	15.804196	-69.22562	-48.81856	0.3	67129983	29301.786457061768
334	-104.29401	-104.29401	-0.5663796	-48.808273	4.2312818	14.586363	-60.450165	-48.80822	0.3	67330982	29390.28793811798
335	-98.21714	-98.21714	9.582971	-48.82036	4.184446	13.895495	-61.52038	-48.82034	0.2	67531987	29478.389550685883
336	-88.65203	-88.65203	0.48537043	-48.78472	4.285304	14.980922	-62.507404	-48.784203	0.5	67732985	29565.689409971237
337	-99.29583	-99.29583	-0.29671857	-48.782333	4.2570195	27.257748	-62.036476	-48.782913	0.3	67933986	29654.20856833458
338	-102.10035	-102.10035	7.4125915	-48.779987	4.2699347	22.881989	-59.97475	-48.779354	0.6	68134988	29740.95800471306
339	-121.374954	-121.374954	5.2699137	-48.75353	4.3638153	14.120216	-59.082676	-48.75319	0.1	68335986	29826.861889600754
340	-112.916725	-112.916725	6.411095	-48.784016	4.2719755	20.923578	-59.410812	-48.784637	0.3	68536982	29914.844685077667
341	-102.52137	-102.52137	5.4804726	-48.757538	4.390024	16.56105	-59.246548	-48.756596	0.2	68737981	30003.51427102089
342	-104.95609	-104.95609	6.848215	-48.777298	4.2991652	17.616922	-61.162468	-48.77743	0.5	68938983	30091.264131307602
343	-110.67589	-110.67589	5.933836	-48.776424	4.315354	16.244282	-58.681347	-48.775978	0.5	69139986	30179.31491804123
344	-98.75437	-98.75437	4.1240635	-48.754	4.33886	17.870962	-58.48514	-48.754257	0.4	69340983	30267.115881681442
345	-94.79929	-94.79929	2.1802046	-48.77285	4.2829804	15.387281	-60.259014	-48.772594	0.2	69541982	30354.67383122444
346	-105.79684	-105.79684	9.396768	-48.748512	4.3728375	16.598412	-61.05763	-48.748184	0.3	69742981	30441.60331439972
347	-111.33839	-111.33839	8.95689	-48.740726	4.3913493	15.439242	-61.24907	-48.74097	0.7	69943982	30529.45392894745
348	-117.63895	-117.63895	-0.19246331	-48.757164	4.3399186	15.547756	-61.666615	-48.756824	0.6	70144987	30617.288492441177
349	-118.50257	-118.50257	9.166131	-48.758694	4.377176	14.555128	-72.48675	-48.758415	0.7	70345981	30704.78986477852
350	-105.95261	-105.95261	2.5854528	-48.74874	4.400159	16.238688	-73.36916	-48.74917	0.4	70546984	30792.83060669899
351	-116.94709	-116.94709	7.7480364	-48.752815	4.3879366	14.725865	-62.2921	-48.75247	0.2	70747991	30879.342402219772
352	-111.4298	-111.4298	5.6449327	-48.76447	4.3124523	14.302885	-61.05331	-48.764286	0.7	70948983	30965.878219604492
353	-102.324356	-102.324356	7.28486	-48.759132	4.3564305	18.06105	-60.72154	-48.759464	0.2	71149982	31053.79498910904
354	-104.27058	-104.27058	9.508447	-48.751526	4.3830633	14.565476	-60.869	-48.7515	0.4	71350986	31140.84714603424
355	-116.40755	-116.40755	7.538525	-48.73819	4.396412	20.052032	-63.27123	-48.737938	0.4	71551982	31226.89835882187
356	-105.64557	-105.64557	12.092199	-48.732613	4.4343305	18.469772	-61.310623	-48.73296	0.3	71752983	31315.047743082047
357	-111.518486	-111.518486	2.7801974	-48.709183	4.4677124	17.400774	-59.08436	-48.70916	0.3	71953988	31402.570147752762
358	-109.908104	-109.908104	5.5391154	-48.730602	4.394985	21.898329	-61.202866	-48.730682	0.5	72154981	31490.919465065002
359	-100.80915	-100.80915	6.770589	-48.74543	4.353853	16.101696	-61.377563	-48.744804	0.6	72355982	31579.086677074432
360	-101.48144	-101.48144	2.807561	-48.715214	4.4584465	15.307961	-59.97702	-48.715637	0.3	72556984	31666.822712183
361	-105.559105	-105.559105	11.373004	-48.700436	4.461219	22.330116	-62.869663	-48.70045	0.4	72757982	31754.73950958252
362	-107.08858	-107.08858	-10.090188	-48.713234	4.4289875	21.161636	-62.619076	-48.713745	0.4	72958984	31842.24255514145
363	-92.341896	-92.341896	4.9065433	-48.727867	4.3875546	20.09515	-63.22118	-48.727596	0.3	73159990	31929.991288661957
364	-105.62332	-105.62332	8.034857	-48.70301	4.450638	24.933025	-61.34208	-48.703342	0.3	73360986	32017.75946187973
365	-95.61688	-95.61688	8.6145735	-48.694138	4.4452105	16.63689	-59.804256	-48.694225	0.6	73561991	32105.82697916031
366	-106.16568	-106.16568	0.61998165	-48.681976	4.4722257	19.941845	-61.101467	-48.682655	0.2	73762986	32193.895127296448
367	-106.66998	-106.66998	9.584047	-48.678696	4.493689	20.375517	-61.139763	-48.6784	0.5	73963983	32281.87870502472
368	-99.48831	-99.48831	9.957771	-48.67077	4.514965	16.63947	-62.372616	-48.670876	0.5	74164981	32369.414939403534
369	-125.34459	-125.34459	-3.8548577	-48.66686	4.506928	17.54096	-61.93766	-48.667065	0.3	74365987	32456.71749305725
370	-103.02909	-103.02909	8.726341	-48.667084	4.5069222	14.537098	-64.68347	-48.66691	0.4	74566983	32544.81707572937
371	-110.26589	-110.26589	12.786234	-48.65726	4.558707	19.450706	-64.073296	-48.657898	0.5	74767985	32632.43491911888
372	-103.77124	-103.77124	-4.4965243	-48.6479	4.5569763	18.370083	-61.250618	-48.647728	0.2	74968982	32720.568693876266
373	-95.50901	-95.50901	-2.1347551	-48.63943	4.556043	16.941391	-65.16298	-48.639496	0.5	75169986	32808.705459833145
374	-113.32657	-113.32657	4.121701	-48.665424	4.516063	18.821419	-60.11516	-48.665916	0.5	75370982	32896.95484209061
375	-102.02836	-102.02836	-10.742858	-48.665016	4.5019193	21.235388	-61.983025	-48.665237	0.5	75571985	32983.88970541954
376	-108.85504	-108.85504	-1.7218888	-48.65843	4.5182657	20.775227	-60.926044	-48.658794	0.4	75772985	33071.974613666534
377	-102.25927	-102.25927	7.8340206	-48.65141	4.5512156	16.137688	-63.33289	-48.651657	0.8	75973981	33160.42591238022
378	-104.303	-104.303	2.8941123	-48.650482	4.5462074	16.585781	-60.71136	-48.650406	0.1	76174981	33248.52752304077
379	-111.17129	-111.17129	7.91239	-48.627926	4.6033487	21.439272	-62.188194	-48.62821	0.6	76375982	33336.477954387665
380	-107.20634	-107.20634	6.7845826	-48.614758	4.6347966	18.899803	-62.483673	-48.61487	0.4	76576984	33424.1457695961
381	-97.32733	-97.32733	1.0195981	-48.61434	4.6027317	19.976063	-61.21605	-48.61475	0.4	76777983	33512.46486091614
382	-103.44529	-103.44529	5.6598563	-48.62298	4.64537	20.17397	-60.333088	-48.62313	0.6	76978983	33600.01525640488
383	-117.45444	-117.45444	6.67986	-48.607357	4.610821	15.523789	-60.764847	-48.607227	0.5	77179982	33687.93358564377
384	-104.87406	-104.87406	11.722218	-48.61423	4.603434	25.021826	-71.195656	-48.614296	0.6	77380981	33776.06910228729
385	-109.4916	-109.4916	7.7783756	-48.597305	4.6360655	31.226295	-67.73554	-48.596947	0.5	77581985	33863.7522714138
386	-128.07602	-128.07602	1.3095833	-48.595085	4.6304398	21.518772	-58.161095	-48.595146	0.7	77782984	33949.85392856598
387	-93.67595	-93.67595	4.099427	-48.582756	4.6918807	18.691069	-62.48751	-48.58346	0.5	77983984	34038.02241849899
388	-113.86737	-113.86737	-4.8532825	-48.580383	4.6464505	20.482018	-70.1085	-48.580135	0.4	78184982	34125.79214644432
389	-104.95204	-104.95204	-5.6227007	-48.58505	4.6507974	21.19737	-69.91584	-48.58535	0.4	78385985	34213.91304087639
390	-93.81973	-93.81973	8.15599	-48.578545	4.6427145	15.470541	-64.8966	-48.57907	0.5	78586985	34302.2590713501
391	-94.387245	-94.387245	3.2147138	-48.566612	4.7077727	15.289261	-74.23559	-48.566517	0.3	78787983	34390.47641777992
392	-105.57778	-105.57778	7.3794255	-48.561634	4.6904783	21.612818	-67.146164	-48.561977	0.7	78988987	34479.11315751076
393	-111.088646	-111.088646	-7.0719953	-48.552147	4.709285	17.354343	-69.18021	-48.55212	0.2	79189983	34567.26871752739
394	-113.87422	-113.87422	1.4870937	-48.571278	4.6877556	27.766153	-62.68084	-48.571655	0.5	79390983	34654.51420331001
395	-111.13486	-111.13486	3.0518224	-48.5647	4.690924	23.075085	-62.747856	-48.564728	0.5	79591983	34742.86626672745
396	-113.05577	-113.05577	7.879742	-48.578526	4.6504893	28.22076	-63.471672	-48.578804	0.3	79792983	34830.51771616936
397	-107.09228	-107.09228	5.606757	-48.561172	4.7055097	18.119812	-64.53134	-48.5615	0.5	79993981	34918.451964616776
398	-102.712006	-102.712006	11.018814	-48.570786	4.716672	20.589888	-66.81742	-48.570892	0.5	80194983	35005.18685793877
399	-86.1497	-86.1497	9.614054	-48.561333	4.704091	18.662073	-60.591103	-48.560966	0.5	80395982	35091.8037276268
400	-109.041466	-109.041466	7.653396	-48.56018	4.6592264	18.94987	-65.80805	-48.56058	0.5	80596982	35179.48889017105
401	-117.26993	-117.26993	12.488001	-48.57776	4.646046	21.755842	-62.42096	-48.57744	0.5	80797982	35267.424127817154
402	-108.37482	-108.37482	-0.19113804	-48.56344	4.710551	17.693459	-60.620472	-48.56422	0.6	80998982	35355.69207406044
403	-102.729294	-102.729294	9.286256	-48.562046	4.6812024	18.8942	-61.43811	-48.562183	0.7	81199983	35443.29221558571
404	-107.62169	-107.62169	8.457351	-48.547596	4.6973367	24.52472	-62.009987	-48.54746	0.7	81400985	35531.04362773895
405	-106.293236	-106.293236	0.89823973	-48.53706	4.715746	19.981468	-68.3933	-48.537777	0.6	81601982	35619.678602695465
406	-100.35014	-100.35014	7.068023	-48.543648	4.722732	17.951984	-64.24404	-48.543526	0.5	81802981	35706.86606788635
407	-118.51988	-118.51988	9.523232	-48.5462	4.726886	20.433489	-62.10309	-48.54605	0.4	82003982	35794.914590120316
408	-100.960335	-100.960335	5.6086936	-48.534813	4.741907	23.931307	-60.276318	-48.534832	0.6	82204985	35883.08819317818
409	-92.485176	-92.485176	-0.055188034	-48.536655	4.731677	57.930317	-71.44451	-48.53694	0.3	82405982	35970.7167596817
410	-106.21539	-106.21539	6.0246067	-48.534107	4.780479	16.818235	-61.68999	-48.534473	0.3	82606987	36058.65171432495
411	-110.84617	-110.84617	8.584413	-48.551258	4.7151947	20.291317	-62.07661	-48.551926	0.2	82807981	36146.66931056976
412	-112.21812	-112.21812	8.522131	-48.52709	4.793918	27.983667	-67.82418	-48.526638	0.5	83008983	36234.78973889351
413	-111.49774	-111.49774	7.360312	-48.53368	4.7576933	17.854681	-61.94692	-48.533966	0.5	83209986	36322.939069747925
414	-112.419075	-112.419075	8.293788	-48.5426	4.769673	24.17423	-64.116844	-48.542694	0.3	83410983	36410.38933324814
415	-104.776924	-104.776924	9.513478	-48.530785	4.806131	43.662983	-62.118713	-48.53109	0.6	83611986	36497.857676267624
416	-123.22573	-123.22573	6.115572	-48.54381	4.757774	34.026276	-64.4646	-48.54387	0.5	83812982	36585.97603273392
417	-103.81059	-103.81059	9.205045	-48.537937	4.785727	17.758549	-67.66348	-48.53835	0.7	84013984	36673.69426560402
418	-113.256165	-113.256165	6.088653	-48.531513	4.808154	25.918478	-61.22256	-48.531376	0.6	84214983	36761.712170124054
419	-115.386375	-115.386375	7.7969875	-48.527973	4.815013	21.269798	-85.63163	-48.52809	0.4	84415982	36849.4308989048
420	-115.91469	-115.91469	10.139871	-48.521072	4.823764	31.92728	-61.142548	-48.52183	0.5	84616983	36937.53079533577
421	-120.55137	-120.55137	6.454429	-48.547405	4.752639	29.305025	-60.95146	-48.5475	0.2	84817987	37025.80342555046
422	-112.84575	-112.84575	8.894171	-48.522278	4.821239	17.303274	-63.915512	-48.521915	0.5	85018990	37113.33419728279
423	-104.58646	-104.58646	9.639013	-48.564896	4.7220736	23.377665	-65.05582	-48.565296	0.6	85219984	37201.251361846924
424	-109.23995	-109.23995	-1.0734172	-48.541573	4.7837977	21.390285	-66.421455	-48.541767	0.5	85420982	37288.970863342285
425	-121.9802	-121.9802	6.9425654	-48.532623	4.785641	16.89453	-61.790535	-48.533295	0.4	85621982	37376.855164289474
426	-86.673416	-86.673416	-7.497078	-48.53672	4.7778006	22.347956	-62.362297	-48.536766	0.2	85822984	37465.42242002487
427	-115.8402	-115.8402	6.916008	-48.529808	4.7759786	16.196198	-60.496044	-48.528957	0.6	86023982	37552.95755815506
428	-112.73813	-112.73813	11.909885	-48.5319	4.8242908	20.956318	-64.45393	-48.531776	0.4	86224981	37640.99175786972
429	-88.04346	-88.04346	8.57826	-48.543316	4.7797575	19.62717	-64.034195	-48.543705	0.5	86425981	37728.64614224434
430	-107.45236	-107.45236	7.6859922	-48.517227	4.845859	29.150105	-62.36893	-48.516907	0.6	86626983	37814.94707727432
431	-103.40082	-103.40082	7.7686863	-48.515694	4.82539	26.692389	-62.723095	-48.51584	0.7	86827982	37902.6123752594
432	-92.19766	-92.19766	-0.16761856	-48.523685	4.8067646	18.584337	-64.752754	-48.523853	0.3	87028982	37990.09848809242
433	-119.01538	-119.01538	6.601557	-48.513515	4.8423405	22.152088	-62.665474	-48.513718	0.4	87229982	38075.81532216072
434	-97.69441	-97.69441	11.423713	-48.5085	4.842017	16.465279	-59.18102	-48.50916	0.5	87430982	38162.55017709732
435	-116.91956	-116.91956	11.518666	-48.508724	4.8419647	25.535074	-63.115	-48.508793	0.8	87631986	38250.30203413963
436	-96.53665	-96.53665	6.0996914	-48.504833	4.8202643	24.934097	-61.70685	-48.50536	0.5	87832982	38335.535675764084
437	-83.96995	-83.96995	7.8808613	-48.499893	4.8280306	19.811497	-63.936916	-48.499905	0.3	88033984	38419.38691616058
438	-114.07244	-114.07244	8.819992	-48.48989	4.8759	24.754704	-65.29284	-48.49023	0.4	88234983	38505.3721575737
439	-112.986725	-112.986725	10.5322485	-48.49076	4.829046	20.251087	-61.829487	-48.490448	0.1	88435984	38591.65488433838
440	-103.2212	-103.2212	-2.5708807	-48.49488	4.854944	15.787886	-62.733227	-48.495487	0.6	88636986	38676.5899848938
441	-95.04625	-95.04625	7.830377	-48.494755	4.869188	18.564354	-67.02245	-48.495136	0.5	88837982	38761.07559633255
442	-109.865105	-109.865105	5.0659556	-48.49057	4.8784523	19.982101	-62.502113	-48.490746	0.8	89038981	38844.616245508194
443	-102.353714	-102.353714	6.543129	-48.469784	4.876994	25.828274	-74.904915	-48.47008	0.4	89239983	38931.44467663765
444	-118.37382	-118.37382	9.237323	-48.479244	4.872668	27.471066	-61.7189	-48.479183	0.6	89440982	39016.72867894173
445	-115.32855	-115.32855	10.122577	-48.478043	4.8762755	26.650932	-61.09628	-48.477654	0.8	89641983	39101.546125888824
446	-112.503654	-112.503654	3.705475	-48.45956	4.9447007	19.135551	-62.7844	-48.46008	0.3	89842985	39189.12952709198
447	-107.53225	-107.53225	6.819522	-48.46363	4.8869877	17.578726	-62.3425	-48.462765	0.5	90043986	39275.314995765686
448	-92.03972	-92.03972	12.044431	-48.444748	4.932104	24.600065	-65.25201	-48.445366	0.3	90244981	39360.768560647964
449	-88.819016	-88.819016	8.2062235	-48.4321	4.9731283	17.16846	-63.635162	-48.432255	0.5	90445987	39446.37179017067
450	-107.51035	-107.51035	10.728982	-48.432617	4.976039	19.512156	-60.11844	-48.432713	0.3	90646986	39532.17069149017
451	-90.22868	-90.22868	10.027762	-48.427933	4.976745	20.746902	-62.888744	-48.427597	0.5	90847981	39620.80479335785
452	-110.37714	-110.37714	4.7068577	-48.43369	4.953679	20.702969	-71.26536	-48.433292	0.7	91048985	39707.92670083046
453	-109.08289	-109.08289	7.753929	-48.430607	4.9305143	17.281672	-63.510403	-48.430927	0.6	91249982	39791.44210290909
454	-113.40785	-113.40785	2.8668547	-48.418198	4.974933	21.795683	-62.802013	-48.417946	0.2	91450985	39874.9609336853
455	-98.97546	-98.97546	9.538185	-48.429417	4.9142413	17.824072	-64.15365	-48.42983	0.6	91651990	39958.74589467049
456	-106.34602	-106.34602	10.345955	-48.408237	4.989582	23.156214	-63.762558	-48.40774	0.5	91852985	40041.41122293472
457	-111.398544	-111.398544	7.7366595	-48.419838	4.9286427	22.506416	-63.7428	-48.4196	0.5	92053985	40125.29571223259
458	-95.07533	-95.07533	7.8059464	-48.412384	4.976954	21.169777	-76.42456	-48.41252	0.4	92254983	40208.47043156624
459	-108.35083	-108.35083	3.9710424	-48.397865	4.988729	19.001295	-65.2021	-48.397587	0.5	92455983	40292.566172361374
460	-110.4874	-110.4874	7.9229565	-48.398174	5.0349803	17.363714	-62.60048	-48.398212	0.4	92656981	40376.006434202194
461	-103.41587	-103.41587	1.8682402	-48.38929	5.020944	17.763952	-67.93509	-48.38893	0.5	92857988	40460.30180096626
462	-99.31305	-99.31305	8.114829	-48.38939	4.9311895	23.71866	-65.06673	-48.38943	0.7	93058986	40543.405303001404
463	-89.04877	-89.04877	10.642999	-48.375847	5.01538	26.270597	-67.192085	-48.375282	0.5	93259983	40626.42156791687
464	-109.68388	-109.68388	9.506467	-48.361374	5.0719733	20.82391	-66.62906	-48.361877	0.7	93460983	40710.35557937622
465	-116.425186	-116.425186	4.6461744	-48.372017	5.017858	20.908966	-63.172993	-48.3717	0.6	93661986	40794.41094279289
466	-106.65909	-106.65909	7.708391	-48.35527	5.030863	20.668196	-64.9624	-48.355637	0.4	93862982	40878.058504104614
467	-105.75589	-105.75589	9.064086	-48.37313	4.9770985	20.532879	-62.260254	-48.372417	0.3	94063981	40961.128222703934
468	-109.05486	-109.05486	11.693824	-48.371357	4.9911118	19.411358	-61.26766	-48.37137	0.0	94264982	41045.20970392227
469	-120.825836	-120.825836	5.5171013	-48.343555	5.092058	30.97961	-65.95061	-48.343487	0.4	94465988	41129.478736162186
470	-112.45917	-112.45917	10.249477	-48.359215	5.027445	25.307062	-64.38729	-48.35912	0.3	94666981	41213.34609293938
471	-92.84787	-92.84787	7.0681453	-48.343674	5.0683975	29.40338	-65.113266	-48.34381	0.5	94867982	41296.58312916756
472	-113.42747	-113.42747	4.794445	-48.349216	5.0737357	19.389381	-62.53765	-48.34855	0.1	95068981	41380.68350291252
473	-118.67232	-118.67232	8.04506	-48.35161	5.0399036	21.991955	-62.667564	-48.351612	0.6	95269982	41464.51649284363
474	-95.082054	-95.082054	2.343794	-48.353798	5.0509987	16.273924	-62.843304	-48.35324	0.6	95470983	41548.01849412918
475	-115.606064	-115.606064	4.439533	-48.34415	5.079449	22.560637	-70.30128	-48.34409	0.5	95671985	41631.88765501976
476	-97.43683	-97.43683	10.2091	-48.34656	5.0620995	18.466244	-63.706272	-48.345863	0.2	95872983	41715.052099227905
477	-107.388466	-107.388466	11.462687	-48.34034	5.0378623	23.212921	-65.539085	-48.341175	0.7	96073981	41798.60612010956
478	-96.70166	-96.70166	10.7630625	-48.33268	5.0645037	21.988005	-62.030563	-48.331585	0.8	96274983	41882.357484817505
479	-85.73773	-85.73773	7.883314	-48.327724	5.0441165	17.795897	-64.09366	-48.327763	0.3	96475983	41966.10730624199
480	-95.3459	-95.3459	7.7846913	-48.31654	5.049765	50.93829	-65.24766	-48.316273	0.5	96676989	42049.558228731155
481	-92.72953	-92.72953	10.079947	-48.303364	5.0871363	28.90428	-64.46725	-48.303177	0.3	96877982	42132.65916514397
482	-102.52964	-102.52964	9.199701	-48.27737	5.119529	18.511314	-65.052086	-48.27708	0.4	97078981	42217.01306080818
483	-107.568634	-107.568634	10.082448	-48.276066	5.116144	22.598516	-66.95481	-48.276333	0.5	97279982	42300.413360357285
484	-114.13945	-114.13945	9.554666	-48.25093	5.2039557	20.239244	-63.965405	-48.24965	0.6	97480991	42384.02913284302
485	-104.04903	-104.04903	8.121552	-48.262367	5.1453404	18.814539	-62.598476	-48.261227	0.4	97681991	42468.49775195122
486	-105.813416	-105.813416	10.46454	-48.243633	5.230197	22.8928	-65.7874	-48.24366	0.7	97882990	42552.78369522095
487	-113.120674	-113.120674	11.251119	-48.284706	5.1384945	16.59066	-70.353424	-48.284443	0.5	98083986	42636.30182790756
488	-115.01419	-115.01419	12.046179	-48.25278	5.1886344	25.531319	-69.34895	-48.252552	0.4	98284982	42719.45381641388
489	-102.641426	-102.641426	8.044831	-48.26065	5.1084504	17.009518	-65.23319	-48.260128	0.8	98485988	42803.35225582123
490	-90.476814	-90.476814	9.965505	-48.25506	5.1204333	24.241583	-65.63571	-48.253952	0.6	98686984	42887.11854481697
491	-106.12286	-106.12286	10.574592	-48.20826	5.2467833	21.20499	-63.789497	-48.20861	0.6	98887985	42970.68970966339
492	-95.80148	-95.80148	5.203044	-48.198006	5.2645636	21.522558	-62.760403	-48.19731	0.5	99088981	43053.147171497345
493	-101.896095	-101.896095	7.2837677	-48.204163	5.2141237	17.813477	-64.09768	-48.203663	0.6	99289986	43137.408984184265
494	-95.81805	-95.81805	10.8462	-48.2107	5.242144	27.382355	-66.3026	-48.211014	0.5	99490984	43221.24078011513
495	-111.39077	-111.39077	4.138141	-48.205708	5.2454786	25.06258	-70.92631	-48.205215	0.5	99691986	43304.41200518608
496	-102.527214	-102.527214	11.686511	-48.21804	5.224398	21.124653	-66.911224	-48.21695	0.7	99892982	43387.13052654266
497	-104.85948	-104.85948	8.514446	-48.211536	5.2576375	17.132053	-65.39666	-48.211006	0.5	100093983	43470.37758111954
498	-100.219925	-100.219925	11.149856	-48.20518	5.253675	17.93559	-62.002953	-48.2053	0.4	100294982	43553.14637231827
499	-109.30159	-109.30159	7.403305	-48.189228	5.2814307	15.806282	-69.77655	-48.18841	0.4	100495983	43637.02952957153
