Epoch	EpRet	EpRealRet	TestEpRet	AverageQ1	StdQ1	MaxQ1	MinQ1	Q2	TestSuccess	TotalEnvInteracts	TotalTime
0	-56.900616	-56.900616	0.0	-48.128178	7.16154	0.0075636283	-54.91567	-48.04888	0.0	196981	31.406496047973633
1	-65.802605	-65.802605	0.0	-49.725292	2.2784448	-4.709306	-55.051804	-49.723003	0.0	397981	59.37048625946045
2	-61.466938	-61.466938	-41.475655	-49.53725	3.200749	-3.6862555	-60.68955	-49.536953	0.0	598982	88.93246006965637
3	-75.131485	-75.131485	-103.17009	-49.77823	2.6081984	-4.657857	-59.19436	-49.778385	0.0	799982	119.3550717830658
4	-81.30795	-81.30795	-43.08961	-49.85157	2.2452862	-3.9823704	-57.091972	-49.851723	0.0	1000983	150.32188820838928
5	-80.81683	-80.81683	-43.236885	-49.887283	2.082289	-3.9849312	-56.483795	-49.887356	0.0	1201981	181.20541620254517
6	-71.49446	-71.49446	-81.58587	-49.903534	1.8796903	-3.814938	-57.030804	-49.903572	0.0	1402982	212.87500596046448
7	-90.860374	-90.860374	-43.463856	-49.868923	1.8086741	-3.3383155	-67.39073	-49.86915	0.0	1603983	245.96491861343384
8	-92.4897	-92.4897	-189.49352	-49.8369	1.7648374	-5.0981164	-59.747093	-49.837433	0.0	1804983	281.9782569408417
9	-91.94729	-91.94729	-49.490604	-49.83238	1.8364142	-5.413349	-58.245857	-49.832954	0.0	2005982	315.74981355667114
10	-90.52372	-90.52372	-49.064903	-49.85664	1.7830714	-4.968464	-67.135	-49.857117	0.0	2206982	349.8057155609131
11	-80.89589	-80.89589	-53.46668	-49.868744	1.8128498	-3.8123283	-55.375072	-49.86892	0.0	2407981	383.01831889152527
12	-95.510284	-95.510284	-40.200348	-49.840004	1.9136536	-3.0912628	-103.26328	-49.840454	0.0	2608981	416.7604024410248
13	-100.28256	-100.28256	-47.846985	-49.762253	2.246202	1.3130717	-55.202957	-49.762497	0.0	2809982	455.0173759460449
14	-80.32058	-80.32058	-46.2418	-49.701466	2.4736814	4.93978	-56.440025	-49.70179	0.0	3010982	493.8065547943115
15	-75.61779	-75.61779	-44.872402	-49.647614	2.6959343	6.2359014	-64.21373	-49.64681	0.0	3211981	534.816121339798
16	-87.08452	-87.08452	-109.75862	-49.620018	2.9245558	9.034008	-58.127003	-49.62079	0.0	3412982	570.3632507324219
17	-78.6288	-78.6288	-66.45424	-49.618816	3.0553024	4.883758	-56.951912	-49.619164	0.0	3613984	605.4169852733612
18	-76.258606	-76.258606	-111.30605	-49.62003	3.157103	7.0759387	-57.922215	-49.62055	0.0	3814983	639.8328671455383
19	-73.19228	-73.19228	-65.66522	-49.628716	3.2352397	5.5993867	-62.76804	-49.628464	0.0	4015981	674.3582201004028
20	-68.80437	-68.80437	-59.76394	-49.622272	3.210519	9.992185	-59.617188	-49.622444	0.0	4216982	709.2208442687988
21	-64.52524	-64.52524	-132.98514	-49.634167	3.2230315	8.150357	-56.07078	-49.634407	0.0	4417981	745.376216173172
22	-70.74427	-70.74427	-44.046227	-49.609913	3.1935	9.318877	-64.25075	-49.60983	0.0	4618982	781.1715171337128
23	-76.874016	-76.874016	-40.9176	-49.601562	3.2221875	10.169304	-59.637733	-49.60177	0.0	4819981	816.467912197113
24	-61.92765	-61.92765	-50.051647	-49.539627	3.4577901	5.838225	-58.39561	-49.5402	0.0	5020981	852.0488321781158
25	-72.143394	-72.143394	-49.225586	-49.511425	3.647752	10.728693	-58.97468	-49.512806	0.0	5221982	886.4059498310089
26	-70.52491	-70.52491	-51.991085	-49.50148	3.6922276	12.363272	-58.997963	-49.501896	0.0	5422982	920.9578258991241
27	-73.47478	-73.47478	-82.814575	-49.457058	3.852511	13.529904	-65.57624	-49.458004	0.0	5623983	956.4596507549286
28	-64.15915	-64.15915	-62.302513	-49.45687	3.9404275	11.692779	-61.37626	-49.457535	0.0	5824981	992.7178251743317
29	-79.38269	-79.38269	0.0	-49.447525	4.053547	15.892698	-61.810753	-49.448673	0.0	6025981	1027.3875348567963
30	-74.56564	-74.56564	0.0	-49.448658	4.1126127	14.33351	-59.689884	-49.44819	0.0	6226983	1062.0798518657684
31	-67.71526	-67.71526	0.0	-49.445004	4.088911	14.907198	-59.63498	-49.44506	0.0	6427983	1097.7425782680511
32	-69.694496	-69.694496	0.0	-49.439182	4.098433	10.881975	-66.48784	-49.438515	0.0	6628981	1134.9750833511353
33	-71.816185	-71.816185	0.0	-49.414467	4.116598	14.80188	-58.137585	-49.415695	0.0	6829982	1169.3171212673187
34	-56.009167	-56.009167	0.0	-49.38279	4.1687193	15.817728	-59.843555	-49.382328	0.0	7030982	1205.261713027954
35	-70.419525	-70.419525	0.0	-49.399837	4.144418	16.377005	-60.947956	-49.399654	0.0	7231981	1242.1834979057312
36	-69.54972	-69.54972	0.0	-49.35984	4.2035947	18.991968	-57.268646	-49.36015	0.0	7432981	1279.5354552268982
37	-65.750206	-65.750206	-27.835543	-49.332314	4.274376	16.535831	-57.004505	-49.331444	0.0	7633982	1316.2411119937897
38	-65.08708	-65.08708	-25.430206	-49.284508	4.327475	16.677177	-61.749477	-49.284893	0.0	7834981	1352.484011888504
39	-64.262726	-64.262726	-24.978846	-49.239845	4.421232	21.72505	-61.235565	-49.239418	0.0	8035983	1387.4557464122772
40	-61.697	-61.697	-25.85346	-49.27008	4.39957	16.53829	-62.739883	-49.269867	0.0	8236982	1423.108508348465
41	-63.3929	-63.3929	-78.282524	-49.28155	4.351917	22.017063	-60.21806	-49.28095	0.0	8437982	1458.0955579280853
42	-51.61705	-51.61705	-31.2786	-49.18861	4.4426208	28.190802	-59.426426	-49.189064	0.0	8638981	1493.5101609230042
43	-62.51536	-62.51536	-30.61225	-49.148926	4.5677643	24.888758	-68.50629	-49.15011	0.0	8839983	1528.9584259986877
44	-66.50437	-66.50437	-88.672615	-49.15043	4.5226097	24.314888	-65.88565	-49.14948	0.0	9040981	1563.3563485145569
45	-71.90739	-71.90739	-39.169945	-49.153244	4.4990134	26.617607	-63.161133	-49.153908	0.0	9241983	1598.1381576061249
46	-66.40293	-66.40293	-38.379917	-49.15956	4.492264	26.387684	-63.559658	-49.158592	0.0	9442982	1633.3503744602203
47	-70.47958	-70.47958	-22.21902	-49.155453	4.496628	20.034063	-61.75531	-49.156116	0.0	9643983	1668.1132867336273
48	-66.02321	-66.02321	-24.407824	-49.161476	4.469781	22.698801	-64.33485	-49.160908	0.0	9844982	1703.1537725925446
49	-67.68425	-67.68425	-17.498827	-49.11466	4.692958	29.49473	-64.12216	-49.113274	0.0	10045982	1739.0888271331787
50	-56.882565	-56.882565	-21.332996	-49.14649	4.6666427	33.29775	-60.815376	-49.146313	0.0	10246981	1776.0946581363678
51	-57.356483	-57.356483	-17.415314	-49.149124	4.7798367	22.051239	-60.99665	-49.14876	0.0	10447981	1810.2161827087402
52	-58.550472	-58.550472	-16.197523	-49.148853	4.752269	23.626116	-60.94277	-49.14785	0.0	10648982	1846.7989773750305
53	-68.28176	-68.28176	-16.11107	-49.151333	4.733568	22.099339	-60.99638	-49.14983	0.0	10849981	1884.2349038124084
54	-63.83726	-63.83726	-13.541947	-49.10196	4.8450203	19.041632	-60.90411	-49.098827	0.0	11050983	1920.2484760284424
55	-56.699352	-56.699352	-16.957369	-49.017414	5.0111337	31.734386	-65.0889	-49.014423	0.0	11251981	1955.0051891803741
56	-55.505455	-55.505455	-14.296658	-49.00776	5.083309	21.303108	-65.78433	-49.00502	0.0	11452982	1989.9145283699036
57	-60.934628	-60.934628	-4.6354814	-49.000015	5.1016717	25.656889	-76.02943	-48.997654	0.0	11653983	2023.6800999641418
58	-55.594505	-55.594505	-23.76579	-49.010483	5.1653504	23.626308	-69.27705	-49.00741	0.0	11854981	2060.579312324524
59	-69.866974	-69.866974	5.647418	-48.970505	5.301761	30.51713	-65.677315	-48.967613	0.0	12055981	2095.253621816635
60	-70.23097	-70.23097	5.388848	-48.92962	5.4296045	28.576693	-64.144745	-48.92524	0.0	12256981	2131.8192207813263
61	-66.53466	-66.53466	-11.5705185	-48.981113	5.2884684	29.172829	-66.307274	-48.977276	0.0	12457982	2168.6616439819336
62	-53.15812	-53.15812	-35.394234	-48.9306	5.4024	30.190935	-63.953297	-48.92651	0.0	12658981	2204.4144294261932
63	-66.42392	-66.42392	5.0881305	-48.900185	5.477933	30.850752	-63.66549	-48.897007	0.0	12859984	2239.03084564209
64	-59.254337	-59.254337	5.3291473	-48.868484	5.5235214	27.03338	-64.14462	-48.864975	0.0	13060981	2275.295491218567
65	-60.92292	-60.92292	5.3963933	-48.8144	5.6416936	29.099363	-68.22966	-48.81113	0.0	13261984	2309.6684761047363
66	-61.685333	-61.685333	-3.2712138	-48.736725	5.7864876	26.931805	-63.613403	-48.733498	0.0	13462981	2346.5638813972473
67	-56.866737	-56.866737	-4.332257	-48.755184	5.7629094	31.493141	-64.31187	-48.750774	0.0	13663983	2381.3363769054413
68	-57.409664	-57.409664	-4.133324	-48.765514	5.723664	29.173788	-61.233356	-48.761497	0.0	13864983	2416.032794713974
69	-54.855614	-54.855614	-5.95544	-48.73956	5.8004127	27.39825	-63.56492	-48.736984	0.0	14065981	2452.4300944805145
70	-56.103592	-56.103592	-1.098755	-48.761555	5.765639	26.300337	-68.042534	-48.75779	0.0	14266983	2489.7139773368835
71	-66.119156	-66.119156	-7.7046065	-48.724625	5.8546653	29.902048	-64.867195	-48.722458	0.0	14467982	2524.2699615955353
72	-55.037643	-55.037643	1.6773636	-48.736202	5.8296137	26.327286	-63.91973	-48.732742	0.0	14668982	2559.5754024982452
73	-57.46959	-57.46959	-30.794353	-48.747353	5.857093	24.28943	-62.55773	-48.744064	0.0	14869982	2594.1615405082703
74	-68.42937	-68.42937	1.1833665	-48.736267	5.8811398	23.200056	-62.413555	-48.734547	0.0	15070982	2630.467099428177
75	-56.39117	-56.39117	8.672943	-48.654892	6.0320916	25.050825	-65.72784	-48.652237	0.0	15271981	2664.8688158988953
76	-55.167885	-55.167885	9.119636	-48.67072	6.004032	34.598637	-62.043274	-48.668003	0.0	15472981	2699.361706018448
77	-52.144028	-52.144028	1.8192042	-48.65563	6.05352	30.496222	-64.51063	-48.653637	0.0	15673981	2735.7041976451874
78	-59.785786	-59.785786	-20.224426	-48.658623	6.1309037	31.188244	-66.35446	-48.65723	0.0	15874981	2770.5863251686096
79	-59.787	-59.787	1.3814557	-48.655907	6.139074	29.523746	-62.36224	-48.65461	0.0	16075981	2806.115959405899
80	-58.840073	-58.840073	-0.6055774	-48.683887	6.1375513	29.818224	-67.739334	-48.681767	0.0	16276981	2840.7547991275787
81	-67.061554	-67.061554	1.005662	-48.7059	6.0641665	26.038965	-67.84126	-48.704838	0.0	16477986	2876.521250486374
82	-67.91236	-67.91236	-23.111073	-48.761253	6.006765	28.148102	-64.111916	-48.759724	0.0	16678981	2911.9296135902405
83	-57.69015	-57.69015	-16.297577	-48.77935	5.936937	25.674133	-69.11776	-48.77678	0.0	16879981	2945.8790640830994
84	-59.296337	-59.296337	4.69346	-48.75165	6.0346394	34.65867	-63.388638	-48.75092	0.0	17080981	2981.3881390094757
85	-63.7737	-63.7737	-7.268738	-48.74324	6.0277395	32.205612	-67.984634	-48.741364	0.0	17281983	3016.605731487274
86	-57.970997	-57.970997	-4.5371366	-48.7425	6.043925	26.709814	-66.403885	-48.740448	0.0	17482982	3052.343693256378
87	-59.292763	-59.292763	-16.871336	-48.75063	6.0887284	28.65323	-63.618416	-48.74809	0.0	17683982	3088.791786670685
88	-59.497963	-59.497963	-21.04001	-48.74704	6.0942016	22.692816	-64.29407	-48.7442	0.0	17884982	3122.9752609729767
89	-52.553844	-52.553844	-25.750896	-48.705124	6.2248635	26.219	-70.04358	-48.70425	0.0	18085981	3159.20360827446
90	-70.65846	-70.65846	-14.563934	-48.662937	6.293067	31.740152	-66.877174	-48.659966	0.0	18286981	3194.5542101860046
91	-66.35684	-66.35684	-1.8853493	-48.689198	6.2734	27.549915	-65.148674	-48.68766	0.0	18487981	3229.1158933639526
92	-64.68642	-64.68642	-40.80746	-48.647514	6.340354	26.05395	-65.06376	-48.64545	0.0	18688982	3265.6421506404877
93	-57.30676	-57.30676	-26.05636	-48.646194	6.335076	26.067932	-67.29367	-48.64501	0.0	18889983	3302.618944168091
94	-58.124638	-58.124638	-26.411358	-48.67416	6.324778	28.752974	-63.852543	-48.67166	0.0	19090982	3337.325869321823
95	-62.21933	-62.21933	7.758771	-48.69017	6.326776	26.923979	-66.59515	-48.68736	0.0	19291984	3371.554962873459
96	-67.75712	-67.75712	-11.261682	-48.70668	6.28725	30.96054	-66.14224	-48.70554	0.0	19492981	3406.189368247986
97	-55.919834	-55.919834	0.4479843	-48.717087	6.2776	26.83806	-66.38187	-48.714447	0.0	19693982	3441.0879576206207
98	-53.34829	-53.34829	-23.170322	-48.808826	6.1816545	40.002144	-64.02885	-48.806004	0.0	19894981	3475.8588066101074
99	-68.72936	-68.72936	-6.8280897	-48.80139	6.2311926	28.80084	-64.58802	-48.80021	0.0	20095982	3510.899812221527
100	-51.174618	-51.174618	8.143877	-48.800423	6.2824745	27.641928	-64.20727	-48.79694	0.0	20296981	3546.8002994060516
101	-53.550682	-53.550682	-13.5217285	-48.792603	6.277417	25.636806	-62.411594	-48.789787	0.0	20497983	3583.938615322113
102	-59.18412	-59.18412	5.5547643	-48.80784	6.2345257	31.47626	-69.555244	-48.8052	0.0	20698981	3618.006194591522
103	-56.921844	-56.921844	6.4464617	-48.780304	6.3022375	28.116888	-63.322723	-48.777462	0.0	20899982	3652.898058652878
104	-59.00192	-59.00192	2.072615	-48.743862	6.4279943	29.782211	-63.896946	-48.742195	0.0	21100982	3687.7736785411835
105	-52.03486	-52.03486	3.6886086	-48.738255	6.4111395	23.643303	-67.07248	-48.73593	0.0	21301981	3722.783557653427
106	-54.159706	-54.159706	7.0532928	-48.75237	6.4107127	33.016193	-68.47493	-48.749485	0.0	21502982	3757.7387223243713
107	-51.830673	-51.830673	-25.836847	-48.77716	6.3374887	27.355251	-69.277916	-48.773804	0.0	21703981	3793.180424451828
108	-57.887497	-57.887497	1.8870677	-48.776222	6.378538	24.364176	-64.33408	-48.774242	0.0	21904981	3827.808780193329
109	-56.66786	-56.66786	7.3781176	-48.77233	6.3905544	24.25452	-63.192642	-48.77008	0.0	22105981	3862.472391605377
110	-59.58955	-59.58955	4.278316	-48.731728	6.4724207	30.439617	-76.89947	-48.729145	0.0	22306983	3897.5114266872406
111	-51.214874	-51.214874	2.504152	-48.71943	6.508156	23.229155	-67.77357	-48.717064	0.0	22507981	3933.1699965000153
112	-60.443687	-60.443687	-18.479511	-48.75344	6.420385	26.330595	-63.57631	-48.751263	0.0	22708981	3967.0964875221252
113	-64.54478	-64.54478	-5.469192	-48.770145	6.399414	29.613728	-65.400795	-48.768055	0.0	22909981	4002.11691570282
114	-55.26869	-55.26869	-8.043676	-48.766727	6.412582	23.564568	-63.04907	-48.763912	0.0	23110981	4036.2629878520966
115	-46.926636	-46.926636	1.7581445	-48.78552	6.421571	22.00544	-67.95146	-48.78354	0.0	23311981	4070.3426308631897
116	-55.943222	-55.943222	-3.021459	-48.787487	6.419168	27.83643	-66.704544	-48.785915	0.0	23512982	4105.600737333298
117	-52.110165	-52.110165	-17.296677	-48.788734	6.3797545	32.08896	-64.10016	-48.786438	0.0	23713984	4142.293462514877
118	-59.84736	-59.84736	-18.104094	-48.770824	6.403006	24.97637	-66.63575	-48.769215	0.0	23914981	4177.337314367294
119	-66.154755	-66.154755	-30.326862	-48.78371	6.3761096	26.375853	-66.14913	-48.782093	0.0	24115982	4212.780648469925
120	-54.572556	-54.572556	-13.043304	-48.747612	6.4655156	34.691193	-64.83955	-48.74624	0.0	24316982	4246.664055347443
121	-60.204487	-60.204487	-16.019945	-48.749847	6.4643536	24.113794	-66.397446	-48.747635	0.0	24517982	4281.65459561348
122	-55.647415	-55.647415	3.5287771	-48.760483	6.4639883	27.418907	-69.667625	-48.759773	0.0	24718981	4318.219770669937
123	-49.29283	-49.29283	-16.565643	-48.724583	6.5475316	26.051647	-68.85359	-48.72175	0.0	24919982	4352.562566757202
124	-56.27937	-56.27937	-11.188567	-48.746956	6.473654	35.9855	-73.49629	-48.74631	0.0	25120981	4389.211369276047
125	-60.883175	-60.883175	-9.456536	-48.753418	6.494732	27.061708	-69.054375	-48.751354	0.0	25321983	4423.828468799591
126	-53.470726	-53.470726	-5.1464276	-48.768	6.4632664	23.350111	-67.70638	-48.76713	0.0	25522983	4459.585591316223
127	-52.515995	-52.515995	-19.703245	-48.768417	6.4553885	28.090277	-68.499725	-48.766495	0.0	25723981	4494.019334077835
128	-55.309032	-55.309032	3.9434843	-48.77569	6.469562	26.405539	-67.54001	-48.774582	0.0	25924982	4529.791586399078
129	-48.16835	-48.16835	-16.521717	-48.764927	6.4916124	29.412392	-71.21048	-48.7628	0.0	26125981	4564.944215297699
130	-60.0041	-60.0041	-11.739676	-48.767067	6.4686794	40.850285	-69.87345	-48.763992	0.0	26326982	4600.783655166626
131	-58.769184	-58.769184	-23.063093	-48.77117	6.492551	24.07585	-68.059395	-48.770203	0.0	26527982	4636.633830070496
132	-53.906116	-53.906116	-6.225601	-48.743633	6.555994	24.79616	-64.923454	-48.741962	0.0	26728981	4671.109841823578
133	-47.876442	-47.876442	-11.08209	-48.755333	6.480942	27.164204	-65.02406	-48.753456	0.0	26929982	4707.321063995361
134	-56.77865	-56.77865	3.6348352	-48.755627	6.504687	25.345287	-69.801155	-48.753567	0.0	27130981	4744.261804103851
135	-53.923817	-53.923817	2.9406877	-48.710026	6.6566634	26.896688	-66.80532	-48.70834	0.0	27331982	4780.933736562729
136	-53.062504	-53.062504	3.8299983	-48.735615	6.597591	27.175102	-62.890995	-48.733913	0.0	27532982	4814.511521100998
137	-53.609615	-53.609615	-15.470577	-48.735046	6.5833654	26.681847	-66.986176	-48.73436	0.0	27733982	4849.005466461182
138	-51.47243	-51.47243	-10.474479	-48.73245	6.5986543	22.046572	-66.20508	-48.730465	0.0	27934985	4884.077776193619
139	-62.243397	-62.243397	3.4740624	-48.691093	6.689984	25.18183	-67.050186	-48.690403	0.0	28135983	4920.976469516754
140	-52.93182	-52.93182	-23.921734	-48.6914	6.668867	26.329216	-67.210815	-48.690586	0.0	28336982	4955.105601787567
141	-62.622017	-62.622017	-22.136202	-48.72292	6.613153	25.595509	-78.55207	-48.721558	0.0	28537981	4990.0847754478455
142	-54.120995	-54.120995	-9.553817	-48.71082	6.659492	26.254986	-66.3621	-48.70995	0.0	28738987	5024.639991044998
143	-48.966465	-48.966465	-15.638263	-48.736603	6.5789356	25.072336	-63.27748	-48.735386	0.0	28939981	5058.4576251506805
144	-47.805363	-47.805363	-30.69735	-48.737408	6.6352367	36.55505	-65.67487	-48.736187	0.0	29140981	5094.17408156395
145	-50.784096	-50.784096	-11.282648	-48.732166	6.6556444	26.11203	-65.70165	-48.73103	0.0	29341983	5128.222858428955
146	-52.363705	-52.363705	-43.52496	-48.757984	6.5963607	29.73316	-64.94751	-48.756542	0.0	29542984	5164.866854429245
147	-60.51799	-60.51799	-2.731487	-48.753227	6.6051607	35.878693	-64.7174	-48.7513	0.0	29743981	5200.854853153229
148	-49.17123	-49.17123	0.025428923	-48.740547	6.6810064	22.886885	-63.191463	-48.7398	0.0	29944982	5235.459937095642
149	-50.80961	-50.80961	4.057774	-48.734478	6.701979	25.244068	-66.91507	-48.732857	0.0	30145981	5272.702667951584
150	-55.617767	-55.617767	-9.5801	-48.739574	6.6767917	24.56864	-65.11683	-48.73794	0.0	30346982	5306.892275810242
151	-49.612206	-49.612206	11.313262	-48.72893	6.7284727	31.228487	-67.514656	-48.727394	0.0	30547981	5342.744510412216
152	-53.89566	-53.89566	-26.388893	-48.7451	6.7388372	22.112967	-66.21347	-48.74379	0.0	30748981	5378.922929763794
153	-60.06941	-60.06941	3.030735	-48.77086	6.6787972	22.214611	-65.09245	-48.769115	0.0	30949982	5413.382935285568
154	-57.508392	-57.508392	-33.721607	-48.760895	6.6985903	28.341726	-63.626644	-48.759476	0.0	31150981	5450.7692131996155
155	-48.593014	-48.593014	3.239736	-48.75619	6.711645	30.237185	-66.59298	-48.754566	0.0	31351981	5484.586627244949
156	-49.969173	-49.969173	-19.411892	-48.772312	6.675341	22.671148	-66.66	-48.771645	0.0	31552981	5521.141242027283
157	-62.17438	-62.17438	-18.5651	-48.75766	6.7399044	24.537926	-66.41304	-48.756683	0.0	31753982	5555.030592679977
158	-54.652042	-54.652042	3.49055	-48.74562	6.7849827	29.228523	-67.45794	-48.743214	0.0	31954982	5592.065349817276
159	-60.644165	-60.644165	-17.626528	-48.75807	6.7556458	27.597406	-63.789608	-48.756695	0.0	32155984	5629.481405735016
160	-57.94802	-57.94802	-16.792347	-48.73486	6.8024774	27.465326	-65.25875	-48.732807	0.0	32356982	5663.3074424266815
161	-59.060333	-59.060333	-28.45945	-48.75114	6.7694364	30.291136	-75.558945	-48.75052	0.0	32557983	5698.628511190414
162	-51.882668	-51.882668	-5.9699125	-48.746716	6.8121095	29.181908	-65.850655	-48.74528	0.0	32758981	5733.424124956131
163	-52.139137	-52.139137	-28.795269	-48.775406	6.712121	19.823671	-66.319374	-48.773727	0.0	32959981	5767.956128358841
164	-60.462948	-60.462948	-27.349224	-48.756737	6.79685	28.263525	-68.07681	-48.754787	0.0	33160982	5803.517810583115
165	-61.50541	-61.50541	-16.96402	-48.785603	6.718735	31.328323	-70.47586	-48.78465	0.0	33361981	5838.489637374878
166	-57.558853	-57.558853	3.0003562	-48.765434	6.7707076	24.680645	-65.26551	-48.76411	0.0	33562983	5874.970638513565
167	-59.871075	-59.871075	-13.189151	-48.757957	6.77163	23.781235	-66.29488	-48.75643	0.0	33763981	5908.721652746201
168	-58.03092	-58.03092	-10.485675	-48.76371	6.7835126	25.028828	-67.90011	-48.76277	0.0	33964982	5946.377780675888
169	-58.673615	-58.673615	-18.503023	-48.760017	6.7541976	23.242262	-68.02782	-48.758102	0.0	34165981	5983.24436879158
170	-65.9503	-65.9503	-19.07527	-48.747528	6.808867	24.68436	-65.767426	-48.74519	0.0	34366981	6017.2261028289795
171	-52.31449	-52.31449	-15.936841	-48.742886	6.793424	23.562702	-66.920944	-48.740856	0.0	34567981	6052.085022211075
172	-62.56007	-62.56007	-21.603504	-48.73268	6.840661	32.961315	-63.826866	-48.731823	0.0	34768982	6087.348315000534
173	-52.15522	-52.15522	-3.625276	-48.73049	6.831968	23.239925	-71.87858	-48.72805	0.0	34969982	6123.390599727631
174	-50.364014	-50.364014	-8.059526	-48.749874	6.824739	23.923254	-63.993153	-48.74903	0.0	35170981	6157.1745018959045
175	-54.978115	-54.978115	-8.022025	-48.76168	6.7838078	27.673975	-65.4532	-48.760876	0.0	35371984	6193.0741283893585
176	-58.809902	-58.809902	3.6424901	-48.716026	6.9216213	29.106277	-63.308537	-48.714306	0.0	35572982	6226.826478004456
177	-65.58067	-65.58067	-17.345707	-48.747757	6.811465	26.01739	-66.18329	-48.746468	0.0	35773983	6260.977443218231
178	-49.440952	-49.440952	-7.133771	-48.749283	6.7870345	24.160376	-65.2353	-48.747337	0.0	35974984	6296.043791294098
179	-49.816513	-49.816513	-16.770996	-48.722652	6.880716	26.990204	-69.40245	-48.721046	0.0	36175981	6331.317988395691
180	-60.70105	-60.70105	-10.139304	-48.75367	6.7827234	27.30185	-69.698975	-48.7526	0.0	36376984	6365.360285282135
181	-56.05514	-56.05514	-20.361408	-48.735764	6.848079	27.590298	-65.41586	-48.73366	0.0	36577981	6401.73010635376
182	-56.944996	-56.944996	-20.67493	-48.75462	6.806668	25.50654	-70.508415	-48.75396	0.0	36778982	6438.493107318878
183	-57.773746	-57.773746	-14.3448515	-48.754555	6.800447	28.857811	-69.04821	-48.7527	0.0	36979982	6472.451215267181
184	-53.76814	-53.76814	-0.081529014	-48.754597	6.7861934	25.703606	-67.768036	-48.75392	0.0	37180981	6508.110251188278
185	-48.71785	-48.71785	-4.956284	-48.75874	6.7816167	30.807753	-64.8947	-48.75751	0.0	37381982	6543.670651674271
186	-60.93956	-60.93956	-23.037077	-48.750626	6.8269753	30.713451	-67.86175	-48.74957	0.0	37582984	6578.002662658691
187	-52.639736	-52.639736	-22.867125	-48.726597	6.870483	27.070871	-66.2035	-48.725327	0.0	37783981	6614.18262887001
188	-55.50621	-55.50621	-10.884719	-48.724827	6.862956	30.987316	-65.410995	-48.723446	0.0	37984981	6648.6299386024475
189	-50.50815	-50.50815	-26.921558	-48.705936	6.9189725	22.755604	-67.93481	-48.704937	0.0	38185981	6682.931569576263
190	-56.734562	-56.734562	-20.069323	-48.7154	6.872513	29.162905	-69.2541	-48.71393	0.0	38386985	6719.098078966141
191	-54.72449	-54.72449	-23.151535	-48.748787	6.7961607	31.132736	-66.22313	-48.747498	0.0	38587983	6753.953989267349
192	-54.323044	-54.323044	-9.12693	-48.73982	6.829952	25.944609	-66.323364	-48.739227	0.0	38788981	6788.724535703659
193	-49.707542	-49.707542	-10.103631	-48.735218	6.8530607	25.924715	-69.73657	-48.733692	0.0	38989981	6824.697396278381
194	-50.11417	-50.11417	-9.691781	-48.742004	6.8138533	22.466087	-67.03218	-48.74059	0.0	39190982	6859.085016489029
195	-62.8525	-62.8525	-20.279818	-48.719383	6.872039	29.008406	-69.14112	-48.718002	0.0	39391981	6894.905915021896
196	-64.214294	-64.214294	-23.528154	-48.730175	6.858196	27.564564	-64.88351	-48.729557	0.0	39592982	6928.352633237839
197	-59.52506	-59.52506	-23.43166	-48.729626	6.829168	22.372776	-66.76665	-48.72829	0.0	39793982	6965.079335451126
198	-54.703312	-54.703312	-19.755203	-48.73293	6.8389773	24.630495	-70.04946	-48.73157	0.0	39994981	6999.215398788452
199	-53.80811	-53.80811	-23.187391	-48.724567	6.855222	29.444736	-66.51643	-48.723106	0.0	40195983	7034.252943992615
200	-67.83242	-67.83242	-21.581083	-48.710876	6.8750434	23.41	-69.08369	-48.709705	0.0	40396984	7069.40775680542
201	-67.922806	-67.922806	-16.63875	-48.727478	6.797456	28.567232	-66.02311	-48.72615	0.0	40597982	7105.474861383438
202	-57.909237	-57.909237	-25.505407	-48.714905	6.851124	21.870207	-63.885216	-48.71309	0.0	40798982	7140.002112627029
203	-56.336285	-56.336285	-17.401157	-48.733883	6.8011336	22.038397	-65.84218	-48.733128	0.0	40999983	7174.607933521271
204	-65.93073	-65.93073	-26.100615	-48.70836	6.8532453	35.318565	-69.073326	-48.70622	0.0	41200982	7210.355887889862
205	-53.898315	-53.898315	-19.081554	-48.716785	6.8113422	21.736074	-66.20264	-48.71611	0.0	41401981	7244.947493314743
206	-57.197926	-57.197926	-1.7886767	-48.70362	6.859449	30.346695	-66.50537	-48.70202	0.0	41602987	7279.365757465363
207	-64.75077	-64.75077	-16.852648	-48.70648	6.834658	24.732548	-67.235954	-48.70613	0.0	41803983	7314.692083358765
208	-57.24044	-57.24044	-7.6595364	-48.712116	6.8204536	29.72039	-65.77993	-48.7094	0.0	42004983	7349.816692352295
209	-58.337067	-58.337067	-16.495863	-48.72136	6.771108	23.377968	-64.43072	-48.721138	0.0	42205984	7384.358610868454
210	-58.20944	-58.20944	3.2896872	-48.681244	6.9142814	21.50452	-70.15963	-48.67957	0.0	42406983	7419.838006258011
211	-59.13656	-59.13656	-16.81996	-48.703568	6.8653784	23.141678	-68.565	-48.702305	0.0	42607981	7456.578937530518
212	-55.841408	-55.841408	-18.021679	-48.678486	6.922675	25.20016	-64.42566	-48.677486	0.0	42808981	7490.9619562625885
213	-52.158215	-52.158215	-17.66115	-48.678165	6.9260964	26.258009	-71.316635	-48.676723	0.0	43009982	7526.725186347961
214	-51.151764	-51.151764	-13.04154	-48.686413	6.8856697	29.041418	-69.559494	-48.685734	0.0	43210981	7561.240877389908
215	-54.74944	-54.74944	-14.602187	-48.67207	6.9323773	27.97992	-71.062164	-48.670868	0.0	43411981	7598.789838075638
216	-52.841133	-52.841133	-4.664566	-48.674763	6.926883	28.067333	-67.50696	-48.673306	0.0	43612981	7633.204835176468
217	-50.01921	-50.01921	-8.5140085	-48.664303	6.9196577	28.547918	-71.35637	-48.662754	0.0	43813984	7669.669774770737
218	-60.934834	-60.934834	-19.874792	-48.674553	6.906719	26.317312	-67.01	-48.67305	0.0	44014981	7704.863652229309
219	-53.981888	-53.981888	-3.5176308	-48.66791	6.936419	33.80727	-68.934425	-48.66668	0.0	44215981	7739.78116440773
220	-62.06928	-62.06928	-13.745517	-48.65814	6.941427	30.650759	-69.33359	-48.657	0.0	44416981	7774.738134860992
221	-60.19139	-60.19139	-14.655865	-48.628437	7.0099225	23.9572	-67.62137	-48.627605	0.0	44617982	7809.645846605301
222	-46.371246	-46.371246	-17.951344	-48.63344	6.985797	28.862389	-70.873375	-48.632202	0.0	44818981	7843.746942043304
223	-53.98259	-53.98259	-2.6337152	-48.64108	7.001872	47.625828	-65.76468	-48.640556	0.0	45019981	7877.989115476608
224	-62.562225	-62.562225	-2.7276137	-48.636425	7.0145044	26.558834	-67.00242	-48.635452	0.0	45220987	7913.341572761536
225	-62.86563	-62.86563	6.308748	-48.643066	6.979952	48.9996	-69.92438	-48.64179	0.0	45421983	7947.735922336578
226	-48.922447	-48.922447	-3.0597174	-48.620937	7.0275383	26.944399	-67.11452	-48.620346	0.0	45622982	7983.198324203491
227	-61.641556	-61.641556	-7.9294615	-48.630806	7.0068164	26.707073	-69.30189	-48.629383	0.0	45823982	8018.0887496471405
228	-60.43196	-60.43196	-8.330915	-48.621857	7.0029154	28.958422	-66.876236	-48.62026	0.0	46024981	8052.6073360443115
229	-48.61469	-48.61469	-2.6977403	-48.6314	6.977259	35.203987	-74.59207	-48.630207	0.0	46225981	8088.252561569214
230	-65.854576	-65.854576	-17.074537	-48.60606	7.0647697	28.188549	-69.86674	-48.60603	0.0	46426982	8125.446932554245
231	-59.39524	-59.39524	-7.450117	-48.633884	6.9983053	30.415276	-64.619064	-48.63267	0.0	46627981	8158.853419542313
232	-59.97388	-59.97388	-7.0387483	-48.62829	7.006302	21.802238	-66.24673	-48.626907	0.0	46828981	8195.391258001328
233	-70.33532	-70.33532	1.5095527	-48.61983	7.015516	25.916134	-69.1974	-48.6191	0.0	47029982	8229.791274785995
234	-61.213688	-61.213688	-2.819418	-48.61112	7.04399	27.723467	-68.84913	-48.61045	0.0	47230982	8265.659978628159
235	-59.49955	-59.49955	5.7810297	-48.604805	7.0311565	43.9081	-66.76256	-48.603706	0.0	47431982	8300.598397016525
236	-57.01092	-57.01092	-14.788117	-48.586388	7.0722795	29.291468	-66.488846	-48.585667	0.0	47632982	8336.814873933792
237	-56.76932	-56.76932	-0.905122	-48.618835	6.995624	26.267813	-68.978096	-48.617184	0.0	47833981	8371.964974880219
238	-47.998432	-47.998432	-12.2263365	-48.58432	7.0951557	27.207304	-67.26488	-48.583767	0.0	48034981	8409.123621940613
239	-60.04783	-60.04783	-7.526755	-48.592888	7.0652394	30.528933	-68.207405	-48.591656	0.0	48235983	8445.755860805511
240	-51.59829	-51.59829	-10.839819	-48.59196	7.071942	39.248203	-66.30992	-48.59096	0.0	48436982	8480.16226696968
241	-59.12053	-59.12053	-6.303598	-48.58709	7.081893	25.987892	-69.52086	-48.586823	0.0	48637982	8514.286239147186
242	-55.416725	-55.416725	3.8265433	-48.588943	7.0889106	26.423075	-67.29196	-48.586742	0.0	48838982	8549.38812327385
243	-60.42515	-60.42515	-14.0178585	-48.605965	7.038807	22.163017	-71.4028	-48.604992	0.0	49039984	8583.94484114647
244	-59.103172	-59.103172	-10.615592	-48.59089	7.060528	24.568886	-69.72088	-48.590103	0.0	49240981	8621.035484552383
245	-71.16527	-71.16527	-11.631411	-48.606342	7.0276847	23.43756	-68.852325	-48.60531	0.0	49441982	8656.155737400055
246	-59.2816	-59.2816	-9.106499	-48.575706	7.1078515	28.72335	-71.971	-48.574516	0.0	49642981	8690.004553556442
247	-56.154076	-56.154076	-14.798875	-48.589684	7.039788	27.521946	-70.04686	-48.588455	0.0	49843982	8726.28616309166
248	-58.43782	-58.43782	-4.471821	-48.574802	7.0731673	41.134624	-68.90701	-48.574066	0.0	50044981	8761.490402698517
249	-68.604645	-68.604645	-6.417154	-48.57644	7.054063	25.601818	-68.00258	-48.575344	0.0	50245986	8795.968143701553
250	-59.947365	-59.947365	-15.375308	-48.58567	7.0224023	25.459862	-68.24468	-48.585556	0.0	50446981	8831.64633321762
251	-53.006886	-53.006886	-14.360612	-48.597717	6.9854646	23.123354	-67.487595	-48.596607	0.0	50647981	8866.822656393051
252	-58.211006	-58.211006	-9.085616	-48.572544	7.0400743	32.94781	-67.12384	-48.571033	0.0	50848981	8903.004006147385
253	-51.35679	-51.35679	7.27455	-48.60569	6.9764686	26.792194	-68.57613	-48.604385	0.0	51049981	8937.365908145905
254	-61.065147	-61.065147	0.11556483	-48.59301	7.009718	56.437214	-68.13675	-48.59212	0.0	51250982	8973.684112787247
255	-54.80575	-54.80575	-5.3244166	-48.56793	7.064278	27.659117	-68.50393	-48.567318	0.0	51451982	9006.734524965286
256	-51.09354	-51.09354	-8.292856	-48.602463	7.007102	63.207596	-66.64411	-48.601433	0.0	51652981	9043.084059715271
257	-47.160294	-47.160294	-0.29615507	-48.61253	6.9783287	27.240602	-67.3139	-48.610756	0.0	51853982	9076.698503732681
258	-54.351265	-54.351265	5.7295084	-48.60296	7.0105033	37.02458	-66.159515	-48.601894	0.0	52054981	9111.49513411522
259	-56.82424	-56.82424	5.800845	-48.602894	7.0130954	33.1169	-67.95229	-48.60247	0.0	52255982	9147.082885026932
260	-61.26466	-61.26466	-10.680452	-48.588467	6.995531	31.781473	-66.43959	-48.587883	0.0	52456983	9182.135944128036
261	-57.01295	-57.01295	-0.8369776	-48.608257	6.9464793	32.73245	-66.94866	-48.606552	0.0	52657981	9218.630143880844
262	-53.722084	-53.722084	-1.8510262	-48.579506	7.0383554	29.74612	-68.212	-48.57899	0.0	52858982	9253.230966806412
263	-60.628693	-60.628693	-6.3327317	-48.57611	7.0187945	32.51808	-68.91175	-48.57398	0.0	53059983	9288.907447814941
264	-59.254307	-59.254307	-1.0181428	-48.57446	7.003108	25.28473	-70.6029	-48.57351	0.0	53260983	9326.20947098732
265	-70.21191	-70.21191	5.013962	-48.562035	7.04303	28.099106	-69.83197	-48.56147	0.0	53461981	9363.390532970428
266	-64.16856	-64.16856	-15.908344	-48.59249	6.9596906	25.701687	-66.43057	-48.59092	0.0	53662983	9400.200016021729
267	-53.310482	-53.310482	9.694253	-48.571785	7.022349	30.512438	-67.93255	-48.570637	0.0	53863982	9436.431604146957
268	-44.876133	-44.876133	4.402463	-48.597843	6.932722	21.048756	-69.05349	-48.597183	0.0	54064981	9471.304850578308
269	-53.744064	-53.744064	-6.7434144	-48.577976	7.0190525	44.46641	-65.547104	-48.576096	0.0	54265982	9505.935397148132
270	-60.315353	-60.315353	4.183231	-48.595226	6.977178	38.641	-67.30365	-48.59425	0.0	54466982	9541.394045591354
271	-52.460636	-52.460636	-10.884947	-48.563847	7.061094	35.71848	-67.39394	-48.5618	0.0	54667981	9577.456386327744
272	-52.000965	-52.000965	-18.52089	-48.574326	7.063835	29.301996	-68.43056	-48.573364	0.0	54868983	9611.202119112015
273	-53.773895	-53.773895	-1.2650216	-48.58752	7.0049863	27.209518	-66.17177	-48.58598	0.0	55069983	9645.56809592247
274	-60.859512	-60.859512	-0.4334416	-48.574436	7.0565147	29.639902	-66.59561	-48.573345	0.0	55270981	9683.36428308487
275	-64.28374	-64.28374	-16.967863	-48.562973	7.095886	27.45291	-66.00046	-48.56166	0.0	55471981	9717.851103305817
276	-57.435246	-57.435246	16.127779	-48.57869	7.0376897	29.688927	-66.206184	-48.577396	0.0	55672985	9752.261193990707
277	-52.60304	-52.60304	-7.3699846	-48.57099	7.0555215	22.577187	-66.11641	-48.57021	0.0	55873981	9785.913859128952
278	-59.854897	-59.854897	4.1498027	-48.577362	7.0399213	29.393755	-69.08863	-48.576202	0.0	56074984	9820.698825597763
279	-52.66167	-52.66167	-20.364513	-48.574623	7.0261	29.203173	-65.546745	-48.573673	0.0	56275981	9855.22251701355
280	-50.27477	-50.27477	-11.80556	-48.577316	6.9868016	29.758104	-65.743034	-48.575718	0.0	56476982	9891.208423376083
281	-51.97628	-51.97628	-27.57712	-48.578728	6.992541	29.020092	-65.633545	-48.577736	0.0	56677982	9926.19320511818
282	-43.86939	-43.86939	-20.944765	-48.570343	7.0102267	26.684944	-69.580475	-48.56881	0.0	56878981	9961.390394449234
283	-55.056725	-55.056725	-16.311125	-48.558056	7.0336356	32.194607	-67.26608	-48.55676	0.0	57079984	9996.345334768295
284	-59.65442	-59.65442	-14.765746	-48.550026	7.073783	26.932228	-64.83608	-48.54895	0.0	57280981	10032.367319107056
285	-51.99746	-51.99746	-13.753066	-48.564014	7.044039	24.12645	-69.25897	-48.563103	0.0	57481987	10068.261002540588
286	-45.50532	-45.50532	-19.378124	-48.57561	7.0010576	28.02762	-68.50865	-48.575005	0.0	57682981	10102.528278112411
287	-50.28701	-50.28701	-14.787195	-48.562954	7.0489254	23.429585	-65.83203	-48.561913	0.0	57883982	10138.481553316116
288	-57.700375	-57.700375	-20.079878	-48.567757	7.053588	33.897144	-66.837296	-48.56697	0.0	58084983	10173.268119096756
289	-46.72702	-46.72702	-34.729225	-48.56058	7.1070457	28.405863	-67.735916	-48.559795	0.0	58285981	10210.34558224678
290	-63.179874	-63.179874	-19.225111	-48.569862	7.0657167	27.97948	-70.43828	-48.569214	0.0	58486981	10244.749922037125
291	-59.396427	-59.396427	-10.528505	-48.58793	7.018604	22.525326	-71.56633	-48.587425	0.0	58687984	10281.40909576416
292	-52.619762	-52.619762	-49.023373	-48.56368	7.0808563	34.039368	-69.020195	-48.562466	0.0	58888981	10315.16164112091
293	-48.38355	-48.38355	-22.789003	-48.577248	7.032277	35.07342	-70.44123	-48.575966	0.0	59089981	10351.05159163475
294	-54.574818	-54.574818	-9.761865	-48.587402	7.02848	35.142956	-67.96069	-48.58662	0.0	59290981	10385.06596660614
295	-51.285732	-51.285732	-14.716296	-48.588467	7.0229764	40.08758	-69.239296	-48.587223	0.0	59491981	10419.924981355667
296	-45.5631	-45.5631	-4.60857	-48.556908	7.1093345	47.375225	-69.518974	-48.556274	0.0	59692981	10455.616263628006
297	-44.112625	-44.112625	-19.58475	-48.57282	7.078699	23.49037	-70.14788	-48.571148	0.0	59893981	10489.832711696625
298	-47.366085	-47.366085	-12.831893	-48.560234	7.0750017	30.358318	-67.79675	-48.559505	0.0	60094982	10526.17709684372
299	-59.158775	-59.158775	-39.846813	-48.585854	7.029548	40.021717	-67.697716	-48.58444	0.0	60295981	10562.882306337357
