Epoch	EpRet	EpRealRet	TestEpRet	AverageQ1	StdQ1	MaxQ1	MinQ1	Q2	TestSuccess	TotalEnvInteracts	TotalTime
0	-145.12529	-145.12529	-157.75272	-46.50949	7.8486533	-0.09289167	-84.7775	-46.53378	0.0	196983	113.69226956367493
1	-187.71901	-187.71901	-48.671703	-49.191887	2.6695468	-18.640308	-71.42536	-49.191654	0.0	397984	289.87019395828247
2	-154.95363	-154.95363	-54.4302	-48.091038	4.791256	0.86569345	-60.3089	-48.090866	0.0	598982	472.6399276256561
3	-163.0444	-163.0444	-88.33263	-47.454983	5.9142	1.8651816	-60.1566	-47.455425	0.0	799986	600.5300967693329
4	-159.96036	-159.96036	-58.387096	-47.751366	4.8458567	2.0828888	-65.6023	-47.75213	0.0	1000982	719.2612526416779
5	-172.73912	-172.73912	-96.672554	-47.770077	4.588761	1.6753703	-61.640045	-47.771347	0.0	1201985	822.4100737571716
6	-155.74345	-155.74345	-49.764977	-47.568142	4.9600024	3.105865	-66.45541	-47.56914	0.0	1402982	922.491605758667
7	-155.25572	-155.25572	-60.245106	-47.794476	4.8638372	3.8802097	-80.461235	-47.7948	0.0	1603986	1023.7070121765137
8	-173.03795	-173.03795	-33.845097	-47.889915	4.6873684	3.4738686	-74.69562	-47.890774	0.0	1804984	1137.5886371135712
9	-154.91084	-154.91084	-71.0905	-47.877373	4.8193364	5.019715	-65.466606	-47.87766	0.0	2005982	1255.6203031539917
10	-154.84558	-154.84558	-56.63583	-47.994263	4.736694	4.2410016	-61.69116	-47.9943	0.0	2206984	1363.5035436153412
11	-164.28864	-164.28864	-117.4441	-47.992123	4.541534	4.859021	-61.094578	-47.9923	0.0	2407984	1472.933896780014
12	-167.40117	-167.40117	-116.141556	-47.950737	4.4574594	6.0971265	-61.52827	-47.951176	0.0	2608983	1618.5784590244293
13	-179.91022	-179.91022	-82.55285	-48.180504	3.9981663	-15.215656	-73.77118	-48.18009	0.0	2809983	1811.7409174442291
14	-178.40767	-178.40767	-88.73342	-48.283375	3.9208238	-16.169775	-58.088985	-48.283527	0.0	3010983	1977.418753862381
15	-162.67865	-162.67865	-84.067696	-48.328846	3.977614	-9.834611	-66.05489	-48.329823	0.0	3211985	2121.971842288971
16	-180.99219	-180.99219	-82.3444	-48.32438	3.9796255	-2.4476829	-64.00397	-48.325954	0.0	3412984	2246.6430644989014
17	-179.41853	-179.41853	-84.28427	-48.33997	4.115333	0.88977635	-63.668713	-48.340782	0.0	3613986	2362.7653930187225
18	-190.86053	-190.86053	-122.90518	-48.45913	3.8937368	-1.365726	-58.023743	-48.45845	0.0	3814984	2478.4013166427612
19	-181.61977	-181.61977	-92.033966	-48.499718	3.8572953	2.0092478	-59.53884	-48.50016	0.0	4015985	2596.4438107013702
20	-158.79918	-158.79918	-74.19129	-48.537037	3.8112915	2.3751462	-69.29116	-48.53648	0.0	4216981	2713.906625032425
21	-185.505	-185.505	-59.98018	-48.574093	3.7774932	2.1523511	-62.80873	-48.57394	0.0	4417983	2848.8951354026794
22	-172.59244	-172.59244	-81.170815	-48.72834	3.494397	-5.4612193	-62.610867	-48.728985	0.0	4618983	2992.9673585891724
23	-175.74947	-175.74947	-84.8361	-48.830147	3.3199704	-4.841547	-57.864532	-48.830185	0.0	4819988	3140.76731133461
24	-159.1458	-159.1458	-73.29766	-48.897186	3.2363298	-4.045023	-59.884277	-48.89753	0.0	5020983	3255.676422595978
25	-187.01488	-187.01488	-101.85438	-48.986053	3.0628233	-8.400734	-57.110573	-48.98655	0.0	5221983	3380.4649369716644
26	-181.44746	-181.44746	-147.2223	-49.010468	3.0668805	0.7764455	-60.457054	-49.010086	0.0	5422985	3489.1553122997284
27	-159.9097	-159.9097	-84.32983	-49.047268	3.0147	1.8630259	-57.117855	-49.046852	0.0	5623984	3597.669285058975
28	-177.37222	-177.37222	-138.1565	-49.122395	2.8244212	-2.5012822	-56.02941	-49.12188	0.0	5824982	3731.3427441120148
29	-151.37296	-151.37296	-155.07796	-49.149796	2.746539	-2.9241529	-57.49647	-49.14972	0.0	6025983	3873.6606600284576
30	-153.9826	-153.9826	-88.48804	-49.19716	2.683795	0.2926371	-56.45336	-49.196712	0.0	6226983	3997.145504951477
31	-172.54376	-172.54376	-49.86316	-49.24584	2.554715	-1.9358444	-57.375732	-49.245464	0.0	6427982	4104.998475551605
32	-167.91252	-167.91252	-83.99647	-49.266422	2.544439	-3.3074846	-59.199642	-49.266354	0.0	6628984	4208.897687911987
33	-167.40004	-167.40004	-64.49912	-49.310547	2.4458067	-2.1214883	-57.200176	-49.310135	0.0	6829982	4315.466886520386
34	-160.9138	-160.9138	-53.932384	-49.342907	2.3668833	-4.574395	-54.537926	-49.34283	0.0	7030983	4422.627496004105
35	-167.85873	-167.85873	-83.17416	-49.362106	2.3085377	-4.4864483	-60.385487	-49.36216	0.0	7231983	4533.83434677124
36	-163.64595	-163.64595	-108.83084	-49.370457	2.3073907	-5.112853	-55.90464	-49.370262	0.0	7432987	4642.878653526306
37	-163.09575	-163.09575	-77.638405	-49.396587	2.2551472	-5.11068	-55.87288	-49.396378	0.0	7633984	4760.5121302604675
38	-149.71841	-149.71841	-64.56506	-49.410053	2.2021022	-3.0399964	-53.923897	-49.40972	0.0	7834982	4888.488494157791
39	-179.05283	-179.05283	-59.61078	-49.414886	2.197871	-4.3534045	-59.026566	-49.414692	0.0	8035986	5016.42449092865
40	-168.26105	-168.26105	-106.96037	-49.421688	2.1702626	-4.648527	-61.32437	-49.421715	0.0	8236982	5131.454988956451
41	-156.07858	-156.07858	-65.92934	-49.443707	2.0945728	-14.810573	-55.50695	-49.443493	0.0	8437981	5247.683611631393
42	-172.70526	-172.70526	-120.61165	-49.470753	2.0485833	-16.740667	-60.772274	-49.470463	0.0	8638983	5365.290865421295
43	-191.6137	-191.6137	-112.219894	-49.49836	1.9713874	-19.120062	-62.12097	-49.4983	0.0	8839983	5488.681053638458
44	-182.00372	-182.00372	-77.50346	-49.515114	1.9397014	-20.17926	-55.418102	-49.515022	0.0	9040984	5604.458616495132
45	-174.98021	-174.98021	-160.05031	-49.52989	1.9121373	-20.54978	-54.465324	-49.529926	0.0	9241983	5730.308143615723
46	-180.24435	-180.24435	-92.244415	-49.542393	1.8774068	-21.707573	-55.344994	-49.542545	0.0	9442988	5874.940344810486
47	-169.38287	-169.38287	-68.412445	-49.56224	1.8510888	-23.261751	-55.70634	-49.562145	0.0	9643982	6072.171493291855
48	-169.11739	-169.11739	-127.70655	-49.575	1.82644	-21.409784	-53.407413	-49.57508	0.0	9844983	6234.4806571006775
49	-173.32385	-173.32385	-89.4784	-49.59534	1.7895316	-22.189692	-57.70402	-49.59521	0.0	10045985	6436.380903244019
50	-172.1485	-172.1485	-92.441956	-49.60569	1.7813827	-14.898115	-59.460896	-49.60571	0.0	10246986	6555.806631088257
51	-136.19199	-136.19199	-29.00468	-49.6203	1.7482971	-9.2748165	-54.720097	-49.620422	0.0	10447983	6668.718813896179
52	-125.79082	-125.79082	-26.739544	-49.634895	1.7258061	-9.763303	-54.102425	-49.634678	0.0	10648981	6776.641400575638
53	-139.7238	-139.7238	-28.023853	-49.65127	1.6670963	-18.224197	-54.202194	-49.65144	0.0	10849982	6887.990301847458
54	-126.00341	-126.00341	-11.688778	-49.666054	1.6238533	-22.076696	-56.759167	-49.66601	0.0	11050982	7005.188040018082
55	-139.53432	-139.53432	-25.0589	-49.671326	1.6262821	-18.208195	-53.85974	-49.671295	0.0	11251981	7134.061434030533
56	-140.424	-140.424	-38.365295	-49.6778	1.6208233	-18.089664	-53.573185	-49.677807	0.0	11452983	7258.856404066086
57	-146.08366	-146.08366	-39.395626	-49.686653	1.584278	-19.185804	-53.716	-49.68674	0.0	11653983	7376.463082790375
58	-131.12881	-131.12881	-7.2121277	-49.69542	1.5653867	-22.432793	-59.328815	-49.69525	0.0	11854981	7488.01703453064
59	-146.06848	-146.06848	-57.550053	-49.704563	1.5352007	-22.483704	-53.696888	-49.704544	0.0	12055984	7592.72744679451
60	-134.60568	-134.60568	-59.50421	-49.709023	1.5205714	-22.339977	-55.028305	-49.708954	0.0	12256981	7698.940592050552
61	-149.22462	-149.22462	-64.831	-49.715004	1.5005763	-22.54921	-54.976463	-49.714935	0.0	12457985	7806.589054822922
62	-147.95883	-147.95883	-58.79283	-49.72245	1.465637	-24.588526	-59.658752	-49.722305	0.0	12658981	7913.8837332725525
63	-154.44502	-154.44502	-48.7464	-49.72813	1.4487625	-25.270767	-54.738422	-49.72829	0.0	12859981	8013.490102291107
64	-174.39111	-174.39111	-70.248604	-49.727505	1.4552759	-25.42645	-54.714996	-49.72729	0.0	13060982	8111.116428375244
65	-187.14697	-187.14697	-84.9148	-49.73572	1.4138564	-25.6322	-55.627472	-49.735588	0.0	13261986	8208.881437301636
66	-158.38795	-158.38795	-92.83277	-49.737263	1.4052558	-26.577385	-54.89854	-49.73719	0.0	13462982	8306.492945432663
67	-144.58682	-144.58682	-96.837425	-49.741516	1.3987666	-26.509518	-57.442318	-49.74153	0.0	13663981	8402.892568826675
68	-169.48172	-169.48172	-72.36191	-49.743195	1.391056	-26.123167	-55.065495	-49.743095	0.0	13864984	8499.956629991531
69	-165.27303	-165.27303	-20.096575	-49.747986	1.380197	-27.244335	-54.840523	-49.747894	0.0	14065982	8606.408856868744
70	-162.77724	-162.77724	-83.20414	-49.751537	1.367114	-28.271112	-55.95148	-49.751446	0.0	14266987	8710.589131355286
71	-142.3612	-142.3612	-69.94324	-49.750935	1.3537711	-28.476784	-54.73447	-49.750988	0.0	14467982	8812.539535284042
72	-151.20712	-151.20712	-73.062805	-49.74904	1.3596517	-28.813353	-55.289684	-49.74904	0.0	14668984	8915.377387523651
73	-155.87338	-155.87338	-110.348145	-49.751945	1.350617	-29.204445	-55.14524	-49.751812	0.0	14869985	9017.90319108963
74	-147.1578	-147.1578	-78.31501	-49.749172	1.3567772	-29.23534	-55.55773	-49.74923	0.0	15070981	9120.634559869766
75	-153.08986	-153.08986	-56.884277	-49.753387	1.3423585	-30.211468	-57.484993	-49.75329	0.0	15271984	9223.609848976135
76	-168.79094	-168.79094	-77.445015	-49.7514	1.341074	-30.587803	-55.6615	-49.751255	0.0	15472990	9326.563962459564
77	-153.55511	-153.55511	-131.87181	-49.751656	1.3373053	-30.850403	-54.442047	-49.751682	0.0	15673981	9430.138499498367
78	-162.02931	-162.02931	-52.033413	-49.75402	1.3358781	-30.64218	-54.13524	-49.75406	0.0	15874982	9532.238312244415
79	-164.58362	-164.58362	-86.23371	-49.754456	1.3226637	-27.71721	-53.547874	-49.754246	0.0	16075984	9628.247132778168
80	-159.55196	-159.55196	-69.15638	-49.755	1.3162429	-30.571995	-54.3728	-49.754845	0.0	16276983	9723.145181179047
81	-160.15012	-160.15012	-57.32686	-49.75348	1.326961	-31.038372	-54.00851	-49.753418	0.0	16477981	9819.620896339417
82	-152.37701	-152.37701	-55.127663	-49.75325	1.3301094	-31.10686	-54.592976	-49.753178	0.0	16678983	9913.587548017502
83	-159.70117	-159.70117	-80.79636	-49.751476	1.3366516	-33.091583	-54.641453	-49.75131	0.0	16879982	10008.635607719421
84	-166.1972	-166.1972	-66.5992	-49.752636	1.3297633	-31.993187	-54.628796	-49.752544	0.0	17080981	10104.027270793915
85	-150.03824	-150.03824	-55.103207	-49.75329	1.3204492	-31.891275	-62.200314	-49.753334	0.0	17281982	10198.830223560333
86	-157.02025	-157.02025	-106.92571	-49.746468	1.3389997	-33.150177	-57.510098	-49.74639	0.0	17482987	10292.855551719666
87	-181.17197	-181.17197	-53.351723	-49.745773	1.3383205	-33.16151	-53.15512	-49.745712	0.0	17683985	10387.792772769928
88	-164.94902	-164.94902	-56.127163	-49.74574	1.3459716	-31.729998	-54.925674	-49.7458	0.0	17884981	10481.626435995102
89	-171.60532	-171.60532	-61.21692	-49.749744	1.329746	-33.761528	-55.770386	-49.749573	0.0	18085985	10576.904318332672
90	-140.9918	-140.9918	-61.674793	-49.7452	1.3458328	-33.625954	-54.17181	-49.745155	0.0	18286985	10670.950276613235
91	-164.2073	-164.2073	-65.947395	-49.744503	1.3454998	-32.628662	-53.41656	-49.74443	0.0	18487982	10765.038801431656
92	-165.88113	-165.88113	-143.4358	-49.74005	1.3594494	-33.799522	-56.64822	-49.740044	0.0	18688983	10859.276224851608
93	-146.74231	-146.74231	-69.85674	-49.73806	1.3616117	-33.329494	-54.674755	-49.738045	0.0	18889981	10952.9418156147
94	-194.74454	-194.74454	-65.9676	-49.738758	1.3590041	-33.345367	-54.60895	-49.7388	0.0	19090984	11047.012127637863
95	-163.64267	-163.64267	-76.664116	-49.74057	1.3533716	-32.704548	-54.509094	-49.74051	0.0	19291981	11141.814898490906
96	-153.71312	-153.71312	-60.242252	-49.736225	1.3640175	-31.693617	-55.18885	-49.736095	0.0	19492984	11236.824808120728
97	-163.87721	-163.87721	-59.470238	-49.73131	1.3815546	-33.8411	-59.387424	-49.731426	0.0	19693983	11332.541661977768
98	-150.21198	-150.21198	-76.713974	-49.737118	1.3650547	-33.549698	-55.5282	-49.736916	0.0	19894981	11427.934798717499
99	-156.92632	-156.92632	-60.527966	-49.736187	1.356794	-32.989323	-56.535896	-49.736244	0.0	20095982	11521.863752126694
100	-166.01543	-166.01543	-52.58506	-49.72709	1.3812381	-28.602777	-53.21098	-49.726974	0.0	20296981	11615.933893918991
101	-163.3251	-163.3251	-89.85395	-49.729855	1.3706456	-32.417133	-55.609547	-49.72988	0.0	20497982	11710.495837926865
102	-166.7092	-166.7092	-20.612654	-49.728054	1.3785263	-33.697918	-61.43016	-49.728104	0.0	20698982	11805.300226688385
103	-163.76434	-163.76434	-105.054276	-49.72771	1.373669	-34.23066	-57.882587	-49.72756	0.0	20899986	11900.06539607048
104	-162.70053	-162.70053	-103.46079	-49.730106	1.3719279	-33.918827	-55.456085	-49.730213	0.0	21100985	11994.774393320084
105	-169.97563	-169.97563	-66.64797	-49.728256	1.3732017	-32.66597	-54.404484	-49.728146	0.0	21301982	12088.808700323105
106	-156.80792	-156.80792	-82.33451	-49.72851	1.3729126	-32.38766	-55.46824	-49.72844	0.0	21502984	12182.272296190262
107	-161.60239	-161.60239	-137.88034	-49.730686	1.3663399	-32.472748	-57.174786	-49.730724	0.0	21703983	12277.866646051407
108	-162.78532	-162.78532	-97.67952	-49.727608	1.3762232	-33.199497	-53.11692	-49.727585	0.0	21904983	12372.90564584732
109	-166.23586	-166.23586	-23.115582	-49.72759	1.3746277	-32.235348	-53.754284	-49.727596	0.0	22105984	12469.176739692688
110	-152.35194	-152.35194	-151.77034	-49.72751	1.3670365	-33.629845	-53.49397	-49.727337	0.0	22306982	12563.3906853199
111	-156.8943	-156.8943	-76.93007	-49.72182	1.3750592	-32.188244	-54.140213	-49.721752	0.0	22507983	12656.549837350845
112	-168.27625	-168.27625	-68.43712	-49.72353	1.375879	-34.012688	-53.720676	-49.72347	0.0	22708984	12750.908471345901
113	-165.46783	-165.46783	-60.756393	-49.715855	1.3963021	-32.27826	-55.522404	-49.715908	0.0	22909982	12842.63655757904
114	-142.57507	-142.57507	-62.281143	-49.723717	1.3694723	-33.436264	-55.77648	-49.723625	0.0	23110991	12936.792144298553
115	-173.47783	-173.47783	-83.57634	-49.72051	1.3780336	-32.489777	-53.477592	-49.72052	0.0	23311983	13029.96136713028
116	-149.34238	-149.34238	-77.534676	-49.718292	1.3809506	-31.948997	-53.80866	-49.718216	0.0	23512981	13122.962398529053
117	-159.97504	-159.97504	-71.75239	-49.716755	1.3920246	-32.210407	-54.64456	-49.71682	0.0	23713981	13216.234650611877
118	-141.48328	-141.48328	-38.186527	-49.72252	1.3719518	-33.221348	-54.893105	-49.72243	0.0	23914982	13309.330311536789
119	-176.1732	-176.1732	-49.64387	-49.713894	1.3912612	-32.71035	-53.051254	-49.713913	0.0	24115986	13402.160538196564
120	-171.40332	-171.40332	-115.96374	-49.70913	1.4110531	-32.38187	-53.302887	-49.70894	0.0	24316983	13493.06546163559
121	-173.28781	-173.28781	-80.91893	-49.715183	1.3909162	-33.865574	-54.768085	-49.715168	0.0	24517982	13588.726154327393
122	-164.28902	-164.28902	-36.95922	-49.71605	1.386416	-30.604874	-53.771805	-49.716053	0.0	24718984	13680.702470302582
123	-153.27399	-153.27399	-60.7944	-49.713436	1.3893214	-33.60257	-54.325367	-49.71339	0.0	24919983	13774.546140909195
124	-158.79257	-158.79257	-106.68762	-49.70897	1.4004599	-33.52895	-54.101635	-49.708935	0.0	25120981	13865.828051567078
125	-152.12697	-152.12697	-105.83784	-49.71001	1.3922583	-33.822044	-53.562225	-49.710094	0.0	25321981	13957.951327323914
126	-160.70703	-160.70703	-110.778694	-49.704964	1.4055656	-34.835308	-56.306263	-49.704865	0.0	25522983	14052.707651138306
127	-165.26555	-165.26555	-87.712135	-49.704132	1.4114336	-31.43923	-53.524254	-49.704037	0.0	25723984	14146.307767391205
128	-160.96512	-160.96512	-28.930573	-49.70444	1.4037429	-32.76739	-55.91418	-49.704407	0.0	25924982	14240.49588894844
129	-180.34802	-180.34802	-59.73208	-49.70121	1.4103225	-33.86682	-54.93156	-49.701244	0.0	26125985	14333.7156457901
130	-138.1274	-138.1274	-42.893208	-49.702568	1.4076477	-31.948938	-62.02601	-49.702396	0.0	26326981	14426.624039173126
131	-148.70903	-148.70903	-91.25577	-49.70113	1.4149318	-33.905857	-54.117634	-49.701138	0.0	26527984	14520.322230577469
132	-162.94682	-162.94682	-104.314445	-49.699196	1.4168772	-33.335094	-55.899216	-49.699177	0.0	26728985	14611.66784453392
133	-158.28795	-158.28795	-102.501495	-49.69646	1.423519	-31.964947	-54.68011	-49.696365	0.0	26929984	14706.074221611023
134	-174.515	-174.515	-107.58414	-49.69463	1.4287256	-35.17278	-54.189674	-49.694668	0.0	27130986	14799.896489620209
135	-162.31139	-162.31139	-86.38562	-49.697205	1.4166985	-35.380116	-53.54418	-49.69706	0.0	27331983	14892.085919618607
136	-163.0685	-163.0685	-52.38774	-49.697975	1.4144729	-32.825768	-54.296295	-49.698067	0.0	27532981	14984.762507915497
137	-183.70018	-183.70018	-75.91649	-49.698483	1.4069505	-34.90615	-53.818855	-49.69839	0.0	27733982	15078.018131494522
138	-154.70966	-154.70966	-37.27859	-49.694103	1.4144012	-33.994495	-54.21493	-49.694065	0.0	27934983	15170.67809510231
139	-164.2745	-164.2745	-70.83629	-49.69544	1.4099562	-35.00284	-55.61799	-49.69543	0.0	28135983	15264.824500799179
140	-151.60689	-151.60689	-134.88474	-49.694813	1.4124105	-35.022144	-56.417915	-49.69482	0.0	28336982	15357.165942430496
141	-150.65057	-150.65057	-63.98206	-49.69662	1.4044192	-34.734207	-54.23757	-49.696507	0.0	28537983	15449.486010551453
142	-152.01031	-152.01031	-38.94458	-49.693024	1.4145737	-34.8104	-53.369823	-49.693058	0.0	28738981	15542.401579618454
143	-170.40436	-170.40436	-59.04944	-49.69474	1.4117149	-34.055264	-53.687447	-49.694706	0.0	28939982	15634.773101329803
144	-164.63098	-164.63098	-45.970093	-49.68749	1.4261345	-34.85457	-53.731342	-49.68728	0.0	29140983	15726.324129343033
145	-155.35913	-155.35913	-74.09278	-49.69132	1.4080602	-35.198555	-53.864872	-49.691406	0.0	29341982	15820.089256286621
146	-186.99994	-186.99994	-51.572803	-49.69058	1.411112	-34.954803	-53.626507	-49.69053	0.0	29542987	15914.776737213135
147	-169.72719	-169.72719	-93.3436	-49.688362	1.414561	-34.787544	-55.062706	-49.68835	0.0	29743981	16008.774858951569
148	-163.09418	-163.09418	-116.38184	-49.691113	1.4115553	-35.360435	-53.576855	-49.69102	0.0	29944983	16100.71321105957
149	-174.04738	-174.04738	-74.61883	-49.687145	1.42413	-34.520523	-53.833847	-49.687103	0.0	30145984	16193.074809074402
150	-158.56425	-158.56425	-60.40654	-49.68789	1.4175974	-34.543114	-53.17635	-49.68787	0.0	30346981	16285.184876203537
151	-149.42018	-149.42018	-81.694305	-49.683296	1.4283496	-35.20929	-53.646435	-49.683216	0.0	30547982	16378.268278837204
152	-154.02518	-154.02518	-61.271214	-49.682026	1.4257522	-35.121864	-53.25443	-49.681984	0.0	30748982	16470.551027536392
153	-154.33815	-154.33815	-83.380745	-49.67921	1.4370029	-35.47449	-53.18034	-49.67911	0.0	30949984	16562.55741071701
154	-188.52544	-188.52544	-77.44114	-49.67867	1.4355885	-35.53499	-53.1445	-49.678684	0.0	31150984	16657.784170150757
155	-163.66966	-163.66966	-61.238926	-49.68151	1.4288663	-35.74045	-54.725	-49.68141	0.0	31351982	16750.043751001358
156	-195.11069	-195.11069	-55.79154	-49.6789	1.4360777	-35.32217	-56.408157	-49.678867	0.0	31552984	16841.111468553543
157	-189.50055	-189.50055	-75.667816	-49.677757	1.4376552	-34.505135	-53.38243	-49.67764	0.0	31753983	16934.381910324097
158	-163.96455	-163.96455	-69.04648	-49.674828	1.4468416	-35.747726	-54.863716	-49.67455	0.0	31954981	17027.49397969246
159	-186.73167	-186.73167	-70.83289	-49.679123	1.4347258	-35.573086	-53.694416	-49.67922	0.0	32155987	17120.001120328903
160	-140.54434	-140.54434	-64.3949	-49.67671	1.4416133	-34.362278	-53.085728	-49.67662	0.0	32356990	17214.033158540726
161	-165.169	-165.169	-74.78558	-49.677486	1.4339412	-34.787052	-53.442554	-49.677406	0.0	32557982	17307.903478384018
162	-175.40155	-175.40155	-95.63557	-49.673325	1.445613	-34.915047	-54.62699	-49.67322	0.0	32758981	17400.684853553772
163	-158.74652	-158.74652	-62.429775	-49.675755	1.4427438	-35.096306	-53.42476	-49.675587	0.0	32959983	17494.268239974976
164	-156.16258	-156.16258	-79.71118	-49.668816	1.459959	-35.771698	-53.398754	-49.668842	0.0	33160982	17586.459042310715
165	-187.34787	-187.34787	-65.44964	-49.670513	1.4534825	-35.75603	-52.91644	-49.670475	0.0	33361982	17680.20007419586
166	-160.14116	-160.14116	-42.3179	-49.672333	1.451569	-34.79499	-53.960384	-49.672153	0.0	33562986	17773.02452325821
167	-162.90118	-162.90118	-107.11355	-49.668816	1.4578474	-35.00972	-53.92375	-49.66865	0.0	33763984	17866.420365571976
168	-160.16101	-160.16101	-70.884544	-49.663857	1.4695896	-33.37415	-53.38315	-49.663784	0.0	33964982	17959.323707580566
169	-169.2776	-169.2776	-56.173416	-49.665188	1.4637867	-33.035282	-53.783924	-49.665184	0.0	34165982	18053.791437387466
170	-153.66205	-153.66205	-66.63709	-49.668648	1.4560871	-33.42398	-55.397903	-49.66853	0.0	34366981	18148.50253534317
171	-169.17772	-169.17772	-66.51915	-49.667873	1.4633539	-33.683273	-54.164238	-49.667774	0.0	34567983	18241.042249679565
172	-174.38011	-174.38011	-53.903503	-49.66891	1.4545094	-33.124252	-55.313484	-49.668915	0.0	34768990	18336.73508810997
173	-168.9031	-168.9031	-83.366165	-49.67101	1.4515941	-31.928553	-53.49404	-49.67094	0.0	34969988	18430.35444688797
174	-163.02861	-163.02861	-48.42932	-49.66735	1.4635419	-33.506706	-53.57907	-49.66735	0.0	35170985	18523.84933066368
175	-162.92033	-162.92033	-95.64604	-49.664318	1.4689986	-33.35386	-54.444183	-49.66413	0.0	35371983	18615.128525972366
176	-153.7581	-153.7581	-45.052513	-49.669144	1.4514436	-33.25854	-53.443615	-49.669098	0.0	35572982	18709.098701000214
177	-148.39491	-148.39491	-27.98715	-49.665833	1.4646031	-32.52495	-54.69822	-49.66586	0.0	35773982	18802.485428094864
178	-146.59402	-146.59402	-61.395504	-49.666153	1.4633535	-32.012585	-52.95953	-49.666065	0.0	35974982	18896.177072525024
179	-168.84404	-168.84404	-61.65983	-49.66798	1.460826	-32.035618	-53.39208	-49.667885	0.0	36175981	18990.282760620117
180	-172.1984	-172.1984	-97.66855	-49.66078	1.4760787	-32.30012	-54.74474	-49.660645	0.0	36376982	19085.214040517807
181	-188.35323	-188.35323	-82.28675	-49.666477	1.4606309	-32.895103	-55.222797	-49.66644	0.0	36577991	19179.432823181152
182	-161.8315	-161.8315	-78.88446	-49.664173	1.4612664	-31.57732	-52.97054	-49.664207	0.0	36778984	19274.69494819641
183	-149.42368	-149.42368	-29.965857	-49.665806	1.4564013	-31.86759	-53.464912	-49.665733	0.0	36979983	19368.655473709106
184	-166.03563	-166.03563	-60.877396	-49.66239	1.4640508	-31.726965	-54.498898	-49.66216	0.0	37180983	19463.123605012894
185	-172.95258	-172.95258	-97.48918	-49.66261	1.4667815	-31.399323	-54.15342	-49.662464	0.0	37381981	19557.092269659042
186	-150.28452	-150.28452	-100.535065	-49.662888	1.4638188	-31.266819	-54.2818	-49.66297	0.0	37582981	19650.780913352966
187	-191.81949	-191.81949	-95.990746	-49.663544	1.4586619	-32.347965	-54.162823	-49.66348	0.0	37783983	19745.80605316162
188	-153.21503	-153.21503	-76.86333	-49.66255	1.4639229	-30.215086	-54.040386	-49.66236	0.0	37984982	19840.7867705822
189	-155.99307	-155.99307	-101.52951	-49.657925	1.4770279	-30.102161	-53.263996	-49.65802	0.0	38185985	19933.81061911583
190	-157.68767	-157.68767	-79.47137	-49.661243	1.4706472	-31.442207	-53.670406	-49.661037	0.0	38386981	20026.994116306305
191	-169.833	-169.833	-63.72634	-49.6605	1.4708962	-31.673283	-53.689007	-49.660507	0.0	38587981	20122.29695916176
192	-170.25635	-170.25635	-52.958107	-49.66138	1.4707462	-32.56889	-54.389427	-49.661285	0.0	38788982	20215.4668905735
193	-169.51581	-169.51581	-108.82161	-49.658978	1.4727439	-33.60034	-54.552364	-49.65894	0.0	38989981	20308.588030576706
194	-160.93591	-160.93591	-45.909428	-49.66202	1.468252	-31.910065	-53.16471	-49.661903	0.0	39190982	20402.751298666
195	-155.97989	-155.97989	-71.44698	-49.65929	1.4745855	-33.170982	-53.226692	-49.659306	0.0	39391984	20496.030580043793
196	-154.84412	-154.84412	-42.222134	-49.660103	1.4691788	-31.422552	-53.46774	-49.660072	0.0	39592983	20591.425832748413
197	-163.30698	-163.30698	-86.313484	-49.656685	1.4748061	-32.061134	-54.615395	-49.656548	0.0	39793986	20685.1938931942
198	-147.5484	-147.5484	-108.84234	-49.65946	1.4694039	-31.739126	-53.875656	-49.65935	0.0	39994981	20779.59118080139
199	-163.14073	-163.14073	-81.342125	-49.657917	1.4650744	-32.150875	-53.211468	-49.657894	0.0	40195982	20872.13980603218
200	-175.55302	-175.55302	-108.42002	-49.657394	1.4677413	-32.477943	-55.04525	-49.65721	0.0	40396985	20966.92232131958
201	-161.91136	-161.91136	-104.91402	-49.65439	1.4734564	-31.885338	-52.948257	-49.654438	0.0	40597982	21061.022690296173
202	-179.86484	-179.86484	-67.33679	-49.649418	1.4862342	-33.10551	-53.752712	-49.649296	0.0	40798983	21153.33208155632
203	-158.55504	-158.55504	-63.469555	-49.650616	1.4818984	-32.878178	-53.295357	-49.650513	0.0	40999983	21247.365836143494
204	-156.10838	-156.10838	-53.523136	-49.650204	1.4804273	-32.636837	-53.28163	-49.650074	0.0	41200985	21340.52701997757
205	-203.21657	-203.21657	-56.014843	-49.64851	1.4870249	-33.593834	-53.630894	-49.648502	0.0	41401985	21435.084558963776
206	-155.22731	-155.22731	-110.30124	-49.65223	1.478456	-33.100258	-53.181744	-49.652122	0.0	41602981	21529.964420557022
207	-155.06749	-155.06749	-55.61243	-49.64818	1.486899	-32.074745	-53.750546	-49.647984	0.0	41803982	21623.888169288635
208	-168.66966	-168.66966	-41.086014	-49.650974	1.4819651	-34.563103	-53.03065	-49.650955	0.0	42004982	21716.66238093376
209	-180.54666	-180.54666	-34.09258	-49.646687	1.4930271	-32.13119	-55.063652	-49.646683	0.0	42205982	21810.228680849075
210	-180.18158	-180.18158	-40.536068	-49.649757	1.4853127	-32.693825	-53.15471	-49.649612	0.0	42406982	21902.194695711136
211	-164.37921	-164.37921	-72.21728	-49.64963	1.480361	-33.166447	-53.681713	-49.649467	0.0	42607984	21993.945403575897
212	-161.33427	-161.33427	-95.33352	-49.64497	1.4913108	-32.6922	-53.50156	-49.64497	0.0	42808981	22086.99343729019
213	-173.1068	-173.1068	-25.740334	-49.65035	1.4806993	-32.20364	-53.155663	-49.650295	0.0	43009982	22180.191936969757
214	-161.77821	-161.77821	-78.40617	-49.648434	1.4843419	-32.438694	-53.205845	-49.64835	0.0	43210985	22272.623309612274
215	-173.17218	-173.17218	-41.532974	-49.64883	1.4858099	-32.537296	-53.521225	-49.648743	0.0	43411981	22365.429000377655
216	-161.78009	-161.78009	-65.32287	-49.64632	1.4860703	-33.47796	-53.0639	-49.64623	0.0	43612981	22459.15379858017
217	-161.76207	-161.76207	-51.532875	-49.64688	1.4874451	-33.449203	-53.847656	-49.646744	0.0	43813982	22553.022989988327
218	-170.35114	-170.35114	-111.98233	-49.645523	1.4877149	-33.57223	-53.457966	-49.645508	0.0	44014981	22647.21429347992
219	-173.98686	-173.98686	-91.739876	-49.64353	1.4922843	-33.53325	-53.0521	-49.64352	0.0	44215982	22738.772120714188
220	-167.69754	-167.69754	-88.044945	-49.643322	1.4927114	-35.086834	-53.828297	-49.64324	0.0	44416985	22834.131759166718
221	-185.39761	-185.39761	-38.256702	-49.642693	1.4942597	-33.731617	-56.373623	-49.642666	0.0	44617981	22926.94603037834
222	-148.05885	-148.05885	-75.11046	-49.644623	1.4899577	-34.436157	-54.64845	-49.64465	0.0	44818982	23020.124002933502
223	-175.15819	-175.15819	-48.95673	-49.63885	1.5021588	-34.34518	-53.676987	-49.638798	0.0	45019981	23112.541538000107
224	-166.83452	-166.83452	-90.772	-49.64486	1.4895971	-33.679977	-54.04574	-49.64474	0.0	45220981	23205.124007463455
225	-167.4848	-167.4848	-99.53384	-49.64249	1.4947985	-34.945038	-53.03126	-49.64237	0.0	45421983	23298.871758699417
226	-160.86508	-160.86508	-86.53072	-49.639603	1.502528	-33.684376	-53.278744	-49.639587	0.0	45622982	23393.450355291367
227	-161.21754	-161.21754	-132.3515	-49.640755	1.4999732	-33.62473	-55.59538	-49.640602	0.0	45823982	23486.546888828278
228	-172.99883	-172.99883	-114.740715	-49.641556	1.4966868	-34.028873	-54.554554	-49.641582	0.0	46024983	23580.630627155304
229	-166.8395	-166.8395	-72.91845	-49.63944	1.498312	-34.50784	-53.338703	-49.639305	0.0	46225982	23675.309781074524
230	-169.44789	-169.44789	-36.390232	-49.639343	1.4989887	-34.140594	-53.85235	-49.639263	0.0	46426982	23766.73027253151
231	-190.9129	-190.9129	-59.62838	-49.638947	1.5004758	-33.44624	-53.47662	-49.63899	0.0	46627984	23861.017355442047
232	-176.63014	-176.63014	-103.52277	-49.635162	1.5066361	-34.125393	-53.77706	-49.634983	0.0	46828981	23953.66397833824
233	-170.33441	-170.33441	-63.59026	-49.63426	1.509467	-33.417572	-54.293625	-49.63429	0.0	47029982	24048.55074739456
234	-148.54591	-148.54591	-81.03495	-49.634457	1.5079718	-33.16482	-54.64011	-49.63445	0.0	47230981	24141.62602686882
235	-151.07828	-151.07828	-42.75775	-49.635857	1.5038621	-34.74998	-53.24055	-49.63581	0.0	47431985	24235.009459257126
236	-164.06677	-164.06677	-71.19565	-49.637276	1.5020801	-34.098118	-54.001465	-49.637157	0.0	47632981	24327.04990386963
237	-165.91913	-165.91913	-28.80294	-49.632412	1.5121111	-33.38807	-53.678013	-49.632347	0.0	47833981	24419.44051671028
238	-147.53036	-147.53036	-40.110252	-49.632336	1.5105939	-34.86993	-53.41337	-49.63235	0.0	48034982	24511.924364566803
239	-185.93439	-185.93439	-45.66953	-49.63396	1.5067334	-34.276096	-58.590103	-49.633846	0.0	48235982	24605.269729852676
240	-160.51544	-160.51544	-59.755177	-49.634724	1.503898	-33.80642	-53.396435	-49.634624	0.0	48436981	24698.80976986885
241	-149.75967	-149.75967	-68.50023	-49.637962	1.5005714	-34.379192	-53.157787	-49.637894	0.0	48637983	24791.78166437149
242	-166.03975	-166.03975	-87.22188	-49.631878	1.5116715	-34.905888	-55.330063	-49.631775	0.0	48838983	24885.734820604324
243	-167.26477	-167.26477	-108.75163	-49.63355	1.5114112	-34.629086	-56.35325	-49.633564	0.0	49039981	24978.2305495739
244	-157.56398	-157.56398	-122.084885	-49.628963	1.5172465	-34.503197	-53.460953	-49.62892	0.0	49240983	25071.488288879395
245	-148.41257	-148.41257	-32.12997	-49.632626	1.5118889	-34.873764	-54.859406	-49.632538	0.0	49441982	25163.641383886337
246	-181.03801	-181.03801	-28.136494	-49.631504	1.511242	-35.516712	-53.416534	-49.631496	0.0	49642987	25258.17685842514
247	-185.42906	-185.42906	-68.17192	-49.626324	1.5207684	-35.52298	-53.787926	-49.626205	0.0	49843984	25351.369577884674
248	-165.95552	-165.95552	-166.26988	-49.626354	1.5213236	-35.397915	-53.709232	-49.626434	0.0	50044981	25446.392718076706
249	-179.31883	-179.31883	-125.95857	-49.62626	1.5208931	-32.820045	-54.499863	-49.626152	0.0	50245981	25541.46237230301
250	-154.66855	-154.66855	-74.77736	-49.62629	1.5235033	-34.572575	-55.16386	-49.62631	0.0	50446983	25634.45402097702
251	-172.31604	-172.31604	-70.193726	-49.62526	1.5229571	-35.411446	-53.60603	-49.62511	0.0	50647986	25727.817901611328
252	-170.91484	-170.91484	-60.832096	-49.622528	1.5289811	-34.168728	-53.734486	-49.622494	0.0	50848981	25820.33089518547
253	-148.98262	-148.98262	-130.52855	-49.62267	1.5308167	-34.126453	-53.69896	-49.622715	0.0	51049984	25912.80895447731
254	-177.7151	-177.7151	-31.609173	-49.622658	1.5314015	-34.853977	-53.65343	-49.62266	0.0	51250982	26006.64727115631
255	-148.85681	-148.85681	-83.9918	-49.620872	1.5365349	-34.556934	-53.97523	-49.62067	0.0	51451981	26098.824862957
256	-150.64117	-150.64117	-97.79066	-49.618088	1.543731	-33.78975	-53.29627	-49.618107	0.0	51652981	26193.041843175888
257	-164.77321	-164.77321	-128.0492	-49.623024	1.5325438	-34.001156	-53.961258	-49.622913	0.0	51853982	26285.600440502167
258	-174.2148	-174.2148	-61.173622	-49.617195	1.5461042	-34.624905	-53.287586	-49.61718	0.0	52054981	26379.875475645065
259	-170.0143	-170.0143	-27.633284	-49.619465	1.5427189	-33.782516	-53.058407	-49.619434	0.0	52255987	26472.945659399033
260	-143.25351	-143.25351	-60.272877	-49.617004	1.543735	-32.01474	-55.274937	-49.61701	0.0	52456988	26566.096515655518
261	-147.85764	-147.85764	-45.102077	-49.61556	1.5489929	-32.781826	-55.882088	-49.615475	0.0	52657982	26656.529187202454
262	-177.40701	-177.40701	-37.76758	-49.6166	1.541054	-33.29591	-54.037422	-49.616558	0.0	52858982	26749.546544075012
263	-178.58713	-178.58713	-55.85884	-49.615704	1.5427836	-34.197403	-53.91963	-49.615604	0.0	53059983	26842.721367836
264	-163.0194	-163.0194	-11.372506	-49.616653	1.5440118	-34.071712	-54.437904	-49.616604	0.0	53260982	26935.86757016182
265	-155.19305	-155.19305	-130.02078	-49.611675	1.5518981	-34.48726	-55.26912	-49.61165	0.0	53461984	27028.829745531082
266	-149.63106	-149.63106	-55.02239	-49.61202	1.5519973	-32.992607	-53.980404	-49.611988	0.0	53662983	27121.905169725418
267	-157.76965	-157.76965	-34.212864	-49.61245	1.5506576	-31.82576	-54.137722	-49.612392	0.0	53863985	27215.32982826233
268	-137.30017	-137.30017	-26.212366	-49.607735	1.5603348	-32.598804	-57.045578	-49.607716	0.0	54064985	27309.69472384453
269	-146.92432	-146.92432	-7.726955	-49.60414	1.566105	-33.943996	-53.621353	-49.60402	0.0	54265987	27401.493824005127
270	-147.67084	-147.67084	-31.779852	-49.609547	1.5582079	-33.59067	-54.014397	-49.609516	0.0	54466985	27492.798639297485
271	-144.55305	-144.55305	-133.31255	-49.606693	1.5596942	-33.854538	-56.33805	-49.606693	0.0	54667981	27584.682325601578
272	-159.48862	-159.48862	-64.032036	-49.602325	1.56926	-33.5685	-54.69706	-49.602264	0.0	54868982	27677.73415541649
273	-170.86977	-170.86977	-31.070036	-49.605755	1.5655113	-32.824726	-53.28307	-49.60563	0.0	55069982	27769.439851284027
274	-158.67754	-158.67754	-59.104	-49.604317	1.565991	-32.682796	-55.40908	-49.604374	0.0	55270981	27863.283099412918
275	-154.26707	-154.26707	-44.928986	-49.606304	1.5646884	-32.536316	-54.377956	-49.606236	0.0	55471986	27957.132999420166
276	-151.5008	-151.5008	-5.6320033	-49.60415	1.5652434	-33.514923	-53.977165	-49.604073	0.0	55672983	28050.02431488037
277	-139.86716	-139.86716	-52.36383	-49.600822	1.5752451	-33.536213	-54.922203	-49.600803	0.0	55873981	28143.17413187027
278	-152.24345	-152.24345	-96.69878	-49.604145	1.5689355	-32.879105	-53.872135	-49.604202	0.0	56074981	28236.297939300537
279	-144.25516	-144.25516	-132.75394	-49.60184	1.5730072	-32.610535	-53.885696	-49.601738	0.0	56275982	28328.469085216522
280	-133.1168	-133.1168	-64.48028	-49.605232	1.5673863	-33.89883	-54.34289	-49.605194	0.0	56476984	28422.506309986115
281	-154.53102	-154.53102	-25.937553	-49.599415	1.5769299	-34.27394	-54.067352	-49.5994	0.0	56677985	28513.05894303322
282	-151.79143	-151.79143	-1.9645476	-49.601887	1.5718638	-34.976883	-53.692856	-49.601723	0.0	56878982	28605.300499916077
283	-144.62483	-144.62483	-71.34199	-49.59632	1.5837376	-34.88476	-54.327343	-49.59641	0.0	57079981	28697.896157503128
284	-147.26498	-147.26498	-22.367834	-49.599304	1.5796659	-35.602654	-55.517925	-49.599163	0.0	57280982	28791.26184606552
285	-163.54118	-163.54118	-12.026922	-49.599773	1.5767605	-33.82924	-58.97236	-49.59977	0.0	57481983	28883.907272338867
286	-166.47327	-166.47327	-8.647812	-49.598	1.580911	-34.384865	-54.792797	-49.597885	0.0	57682983	28977.88220000267
287	-121.596725	-121.596725	-17.312405	-49.59702	1.5848526	-35.375816	-54.618233	-49.597076	0.0	57883984	29070.45343399048
288	-176.95111	-176.95111	-13.612744	-49.59197	1.5971699	-29.416416	-57.04431	-49.59182	0.0	58084984	29162.52257990837
289	-131.93228	-131.93228	-50.148727	-49.597515	1.5792829	-35.733025	-55.21034	-49.597633	0.0	58285982	29252.59215736389
290	-161.65547	-161.65547	0.9850208	-49.593063	1.5901967	-33.036823	-53.604153	-49.592957	0.0	58486982	29346.082722187042
291	-140.7058	-140.7058	-17.37066	-49.589333	1.5956343	-35.78589	-53.884117	-49.589214	0.0	58687981	29437.601192474365
292	-154.22554	-154.22554	-40.92815	-49.592495	1.5907761	-35.95456	-53.898594	-49.592495	0.0	58888984	29530.455661296844
293	-156.17633	-156.17633	6.957201	-49.592094	1.5956264	-35.034904	-54.74626	-49.592117	0.0	59089982	29623.781913995743
294	-132.6805	-132.6805	-27.78172	-49.59537	1.5860057	-34.94217	-56.063984	-49.595287	0.0	59290984	29715.552947998047
295	-149.53333	-149.53333	-10.90754	-49.59238	1.5936166	-35.08908	-53.834877	-49.59233	0.0	59491983	29808.71428823471
296	-146.5499	-146.5499	-3.0477488	-49.590008	1.6008934	-35.086227	-55.854355	-49.589962	0.0	59692985	29902.50458407402
297	-164.7186	-164.7186	-11.3414955	-49.58994	1.6015438	-35.063858	-55.0226	-49.589836	0.0	59893982	29997.522087097168
298	-150.932	-150.932	-17.372274	-49.59088	1.601107	-35.006603	-56.52874	-49.59085	0.0	60094982	30088.859869480133
299	-136.08086	-136.08086	-0.031862844	-49.588154	1.6022705	-31.7668	-55.36514	-49.58819	0.0	60295982	30183.148810625076
300	-148.62148	-148.62148	-7.3288207	-49.58259	1.6117276	-35.475037	-54.64105	-49.58255	0.0	60496982	30275.70056462288
301	-155.67851	-155.67851	-4.960554	-49.585163	1.6103181	-34.919014	-53.86695	-49.58508	0.0	60697989	30368.11234331131
302	-140.87653	-140.87653	-0.82225555	-49.587456	1.6055224	-32.763355	-58.009144	-49.587486	0.0	60898981	30460.41208744049
303	-156.21365	-156.21365	-38.910458	-49.584194	1.6100911	-33.037	-54.492043	-49.584057	0.0	61099982	30555.309673547745
304	-149.79094	-149.79094	-26.503565	-49.579308	1.6252705	-34.09677	-54.874817	-49.57929	0.0	61300984	30648.407407045364
305	-151.78688	-151.78688	-2.114433	-49.585827	1.6062665	-33.66006	-54.91124	-49.585728	0.0	61501982	30740.00520682335
306	-153.56134	-153.56134	-53.42788	-49.580063	1.6186966	-34.492477	-54.55838	-49.580185	0.0	61702985	30831.738030672073
307	-168.90442	-168.90442	-24.704937	-49.580368	1.6215882	-32.83091	-54.2869	-49.580353	0.0	61903987	30924.812905311584
308	-140.31445	-140.31445	-2.0081885	-49.57901	1.6287256	-21.745813	-57.1343	-49.578873	0.0	62104982	31018.59812951088
309	-158.15633	-158.15633	-76.95176	-49.578617	1.6290318	-21.911425	-54.7646	-49.5786	0.0	62305985	31111.836428403854
310	-120.135475	-120.135475	-35.393764	-49.574196	1.6379604	-18.135529	-55.102577	-49.574173	0.0	62506982	31204.04713177681
311	-140.54822	-140.54822	-13.547358	-49.580906	1.6273212	-15.375113	-54.503727	-49.580833	0.0	62707983	31295.20426940918
312	-154.30782	-154.30782	-39.637867	-49.57461	1.6500608	-10.510272	-59.293404	-49.57464	0.0	62908981	31389.31364583969
313	-149.71347	-149.71347	-20.563791	-49.572624	1.6520325	-7.379435	-56.254925	-49.5725	0.0	63109981	31481.477204561234
314	-141.39645	-141.39645	-60.66958	-49.57309	1.6486219	-8.9430485	-55.41524	-49.573048	0.0	63310982	31574.822697162628
315	-159.25159	-159.25159	-35.44811	-49.577114	1.6452248	-4.8878717	-55.9435	-49.577087	0.0	63511982	31667.39178085327
316	-139.6345	-139.6345	-5.3837876	-49.571217	1.6620796	-4.0352907	-57.87928	-49.57123	0.0	63712986	31760.889859199524
317	-164.12074	-164.12074	-23.584606	-49.56925	1.6594676	-5.6928406	-56.147343	-49.569057	0.0	63913982	31854.23930954933
318	-179.22324	-179.22324	-38.13615	-49.568756	1.6533225	-6.237138	-53.53086	-49.56874	0.0	64114982	31947.49514913559
319	-192.46672	-192.46672	-47.262623	-49.576572	1.6414161	-3.2291849	-59.4637	-49.57654	0.0	64315983	32039.79248905182
320	-153.94357	-153.94357	-55.970108	-49.57832	1.6321921	-4.944147	-57.675823	-49.578304	0.0	64516986	32132.105281352997
321	-160.32185	-160.32185	4.417931	-49.57194	1.6523979	-3.7274997	-57.263508	-49.571815	0.0	64717982	32225.44606781006
322	-155.74081	-155.74081	4.5675955	-49.57267	1.6449616	-3.5020247	-55.85257	-49.57269	0.0	64918984	32317.64530968666
323	-166.1043	-166.1043	-2.4517205	-49.569664	1.6617117	-3.444683	-53.75966	-49.569565	0.1	65119983	32409.394466161728
324	-149.49687	-149.49687	-16.447233	-49.57195	1.647943	-4.183423	-56.876823	-49.57199	0.0	65320983	32501.345935106277
325	-129.11353	-129.11353	-2.266819	-49.570675	1.6466748	-7.510545	-55.720272	-49.57065	0.0	65521982	32593.727569818497
326	-150.66382	-150.66382	-82.97755	-49.568817	1.6597544	-2.099922	-56.22172	-49.568745	0.0	65722991	32685.14816093445
327	-140.49779	-140.49779	-23.534357	-49.569977	1.6529872	-1.5926592	-58.2908	-49.56999	0.0	65923981	32778.680248737335
328	-173.3454	-173.3454	-5.907348	-49.57117	1.6548269	-1.424969	-60.75791	-49.57096	0.0	66124983	32872.13154578209
329	-159.24004	-159.24004	-2.8446558	-49.564438	1.673293	-0.48288846	-55.445435	-49.56446	0.0	66325981	32964.502905368805
330	-165.7341	-165.7341	-0.20780724	-49.567474	1.6644415	2.063834	-54.912857	-49.567467	0.0	66526983	33057.401554346085
331	-130.1673	-130.1673	-12.916651	-49.56929	1.6581979	-1.0449512	-55.439663	-49.569187	0.0	66727981	33150.3671336174
332	-139.60957	-139.60957	2.3839073	-49.570503	1.647822	-3.8858328	-55.38562	-49.570564	0.0	66928981	33242.151827573776
333	-142.62775	-142.62775	-23.200624	-49.567074	1.6556076	-3.4491925	-55.710175	-49.56708	0.0	67129983	33335.561039209366
334	-148.59106	-148.59106	-2.004314	-49.56475	1.6645728	-0.14274287	-59.699547	-49.56468	0.0	67330982	33427.46677470207
335	-162.01494	-162.01494	-44.346798	-49.565327	1.6663228	2.291886	-57.301613	-49.565277	0.0	67531982	33519.661207675934
336	-151.05186	-151.05186	5.0861626	-49.563354	1.6719893	1.4312994	-54.709515	-49.56337	0.0	67732983	33613.03029727936
337	-159.68907	-159.68907	0.64716035	-49.561794	1.6712663	2.7407548	-54.730415	-49.56179	0.0	67933982	33704.793142318726
338	-142.49333	-142.49333	-62.207138	-49.566257	1.6699588	2.718958	-53.907047	-49.566353	0.0	68134982	33799.72812581062
339	-135.4516	-135.4516	1.7949451	-49.56143	1.6793944	0.540421	-54.40394	-49.56121	0.0	68335985	33890.983355522156
340	-163.74782	-163.74782	2.3336103	-49.567368	1.6614916	1.9752731	-54.618412	-49.567486	0.0	68536983	33982.14998793602
341	-158.0741	-158.0741	0.5357727	-49.566074	1.6707428	1.2894795	-55.18664	-49.56602	0.0	68737982	34075.06646347046
342	-157.31688	-157.31688	-28.84889	-49.56318	1.6846575	2.0444734	-56.53754	-49.56317	0.0	68938984	34166.54518079758
343	-136.1126	-136.1126	3.4796486	-49.56233	1.6767179	1.4650223	-54.672173	-49.562225	0.0	69139983	34259.44097805023
344	-149.592	-149.592	2.0677016	-49.560856	1.69283	1.6760573	-54.250874	-49.560833	0.2	69340982	34352.555926561356
345	-151.77899	-151.77899	1.6955227	-49.560318	1.6790395	0.9697623	-53.60763	-49.5602	0.0	69541982	34444.46213269234
346	-141.97235	-141.97235	5.063938	-49.560448	1.686221	2.875339	-56.510643	-49.560593	0.0	69742982	34535.62525987625
347	-154.83965	-154.83965	5.858554	-49.56287	1.679095	2.3873599	-54.27093	-49.562878	0.0	69943984	34627.24218702316
348	-161.20177	-161.20177	-23.975042	-49.56366	1.669875	1.8233821	-54.08792	-49.56354	0.1	70144982	34720.483538627625
349	-142.05264	-142.05264	-2.7882636	-49.55467	1.6961141	1.3337338	-60.99663	-49.554726	0.1	70345981	34813.24037408829
350	-154.11539	-154.11539	-19.40478	-49.558834	1.6811969	5.6636944	-56.137302	-49.558823	0.0	70546983	34906.97719168663
351	-153.08867	-153.08867	-5.077823	-49.555386	1.6844027	1.496144	-53.504795	-49.55557	0.0	70747983	34997.544132471085
352	-153.47777	-153.47777	-49.577988	-49.561543	1.683631	2.1917007	-55.95725	-49.561382	0.0	70948981	35089.985923051834
353	-159.57631	-159.57631	7.8418355	-49.555122	1.6848676	1.9569592	-54.495556	-49.55507	0.0	71149986	35182.657130241394
354	-153.4927	-153.4927	-0.20694886	-49.556183	1.6858062	0.8129306	-58.40087	-49.55616	0.0	71350981	35274.126850128174
355	-165.29222	-165.29222	3.8162005	-49.552822	1.7006452	0.7624674	-57.705093	-49.552902	0.0	71551982	35366.33657550812
356	-142.8245	-142.8245	-3.4926412	-49.553944	1.6969277	3.0116818	-54.286476	-49.5539	0.0	71752982	35458.74386334419
357	-158.7977	-158.7977	-14.305893	-49.551403	1.7099208	4.329314	-55.900658	-49.551422	0.0	71953981	35550.95432329178
358	-152.68468	-152.68468	-3.2798388	-49.552567	1.6995362	1.3039072	-57.66137	-49.552547	0.0	72154986	35644.619391441345
359	-151.86836	-151.86836	-1.0057771	-49.554245	1.6964804	3.3454232	-57.52996	-49.55419	0.0	72355983	35737.06888270378
360	-144.60507	-144.60507	-7.795403	-49.554237	1.6934459	2.80484	-56.498436	-49.554283	0.0	72556982	35828.5279853344
361	-141.24492	-141.24492	0.43212393	-49.55108	1.6900989	0.896142	-53.91193	-49.551086	0.0	72757983	35919.8591029644
362	-140.71355	-140.71355	-20.590212	-49.54733	1.7112033	2.598907	-55.57689	-49.547173	0.0	72958982	36011.82351946831
363	-141.77277	-141.77277	3.0210052	-49.55646	1.6912051	2.2199793	-54.45677	-49.556564	0.0	73159985	36104.36329984665
364	-146.03783	-146.03783	-8.440505	-49.54899	1.7081687	4.8044815	-54.979305	-49.54892	0.0	73360982	36194.833221912384
365	-131.41841	-131.41841	-5.1111875	-49.54994	1.7019893	1.2611277	-55.051567	-49.549953	0.0	73561981	36286.803696870804
366	-160.84859	-160.84859	-7.311879	-49.544937	1.7049415	4.2044697	-56.475388	-49.544918	0.1	73762983	36380.86825466156
367	-131.51906	-131.51906	-14.262666	-49.550224	1.7015359	0.5138993	-59.05641	-49.550156	0.0	73963981	36470.93639612198
368	-157.46176	-157.46176	0.66676134	-49.544205	1.7148756	2.17061	-54.97398	-49.544224	0.0	74164987	36562.09057736397
369	-140.23032	-140.23032	-54.737362	-49.54482	1.7163647	3.5109165	-57.64997	-49.544823	0.0	74365981	36653.04659461975
370	-133.10117	-133.10117	4.3528748	-49.54564	1.7284132	3.5678153	-54.676502	-49.54563	0.0	74566983	36746.30891537666
371	-141.93172	-141.93172	-6.013872	-49.53564	1.7470458	2.4157598	-59.88744	-49.53558	0.1	74767982	36839.426201581955
372	-151.28392	-151.28392	-54.260838	-49.543777	1.7269723	1.4775944	-54.14749	-49.543766	0.0	74968986	36932.455768585205
373	-144.2107	-144.2107	4.316513	-49.543316	1.7163478	2.615825	-56.02078	-49.54332	0.0	75169982	37024.429096221924
374	-143.70831	-143.70831	3.4549055	-49.53938	1.7296126	1.0001104	-54.061478	-49.539295	0.0	75370982	37116.833753585815
375	-138.1409	-138.1409	0.01440605	-49.541245	1.7188774	1.8049252	-57.192703	-49.541386	0.0	75571983	37209.09168601036
376	-161.98706	-161.98706	-1.6521316	-49.53651	1.7313395	3.7240374	-56.137623	-49.53648	0.0	75772983	37301.872114896774
377	-139.87799	-139.87799	3.8716989	-49.536057	1.7333336	3.8115458	-56.924904	-49.53599	0.1	75973984	37394.0015809536
378	-146.88991	-146.88991	-3.2928019	-49.535767	1.7412591	2.6326911	-55.568504	-49.535683	0.0	76174989	37486.78100824356
379	-138.84032	-138.84032	-21.47706	-49.53535	1.7427999	1.6192267	-55.408264	-49.53534	0.0	76375982	37578.90764737129
380	-155.15158	-155.15158	4.8779254	-49.536537	1.7334332	0.79702616	-54.451866	-49.53647	0.0	76576981	37669.2785782814
381	-158.12485	-158.12485	-8.792827	-49.52811	1.7567551	0.5958595	-57.829025	-49.528023	0.0	76777982	37761.43562793732
382	-137.61578	-137.61578	-2.2716482	-49.533035	1.7465492	2.6654947	-54.784664	-49.533134	0.0	76978982	37853.19033193588
383	-170.92262	-170.92262	-5.554562	-49.528824	1.762954	5.0403137	-55.645927	-49.528805	0.0	77179981	37945.55509161949
384	-145.51443	-145.51443	-24.005945	-49.527225	1.7615687	0.9083004	-54.426277	-49.527184	0.0	77380981	38037.17112612724
385	-147.11893	-147.11893	-22.072554	-49.524414	1.7581054	1.779319	-57.120033	-49.52445	0.0	77581981	38130.186354637146
386	-150.9783	-150.9783	-13.057128	-49.526863	1.7575939	5.8701973	-54.97303	-49.526875	0.0	77782982	38221.24710083008
387	-130.75877	-130.75877	-26.729498	-49.530476	1.7534059	2.5745323	-56.08052	-49.53045	0.1	77983981	38312.244199991226
388	-176.29703	-176.29703	-0.8145458	-49.51584	1.7801758	1.4867058	-54.236275	-49.51584	0.1	78184982	38406.21408033371
389	-158.55464	-158.55464	-30.814878	-49.524475	1.7698619	3.3172574	-53.969032	-49.524445	0.1	78385984	38498.526112794876
390	-181.84157	-181.84157	-24.998756	-49.51823	1.7906985	4.70403	-55.33719	-49.51812	0.0	78586984	38590.68035578728
391	-160.82928	-160.82928	-33.447693	-49.525116	1.7770151	4.365345	-54.519012	-49.52508	0.0	78787982	38683.7416203022
392	-141.13245	-141.13245	-10.657071	-49.531223	1.7588904	1.4800725	-54.98529	-49.531303	0.1	78988982	38774.16875600815
393	-141.90747	-141.90747	-52.567062	-49.515762	1.8018904	2.6595657	-56.81323	-49.515682	0.0	79189981	38866.57505273819
394	-144.56146	-144.56146	-15.223652	-49.52106	1.7816893	3.33902	-54.33002	-49.520992	0.1	79390987	38956.22623133659
395	-164.83185	-164.83185	-29.22763	-49.52105	1.7810439	2.2446206	-54.22083	-49.52103	0.0	79591983	39047.337381362915
396	-157.17633	-157.17633	-9.70539	-49.516968	1.7926735	5.0378437	-56.58492	-49.51715	0.0	79792981	39139.928423166275
397	-158.37375	-158.37375	-59.21672	-49.516617	1.7948743	1.9923208	-58.508698	-49.516476	0.0	79993982	39231.131216049194
398	-166.88393	-166.88393	-1.9785229	-49.513046	1.803955	1.457933	-54.52823	-49.51317	0.0	80194984	39323.09264802933
399	-155.04681	-155.04681	-0.052389063	-49.510876	1.8174608	1.0443583	-54.03357	-49.51084	0.0	80395982	39416.28608632088
400	-144.70276	-144.70276	-31.37132	-49.51397	1.8066081	2.4837768	-55.42396	-49.51404	0.0	80596981	39507.44223380089
401	-123.86207	-123.86207	-1.2075077	-49.509483	1.8265015	3.4933314	-54.460323	-49.50931	0.0	80797983	39600.090426683426
402	-148.20172	-148.20172	-0.24074095	-49.504646	1.8533758	4.302392	-56.68247	-49.504776	0.0	80998982	39691.721623420715
403	-125.632195	-125.632195	8.276463	-49.502872	1.8633989	2.638786	-56.260628	-49.502834	0.0	81199981	39783.716485738754
404	-122.4084	-122.4084	5.294764	-49.505375	1.8777773	3.053881	-57.087612	-49.50536	0.0	81400984	39876.39558720589
405	-152.34062	-152.34062	2.4270933	-49.503822	1.8841563	2.9571376	-55.728363	-49.503716	0.0	81601983	39967.598313093185
406	-142.95448	-142.95448	3.3023772	-49.494785	1.92633	5.8255486	-56.338234	-49.49491	0.0	81802985	40060.09835767746
407	-149.38696	-149.38696	3.096991	-49.49434	1.9124978	4.172636	-54.819557	-49.49426	0.1	82003986	40152.45969963074
408	-125.852196	-125.852196	4.8608403	-49.501133	1.8903598	10.688868	-55.10572	-49.501194	0.0	82204981	40243.67755317688
409	-136.98	-136.98	-5.924359	-49.504112	1.878743	6.8540163	-54.14096	-49.504158	0.2	82405981	40334.472088098526
410	-140.48691	-140.48691	-14.99476	-49.50342	1.888953	8.5001955	-58.551556	-49.50334	0.0	82606981	40425.79188489914
411	-165.19757	-165.19757	-4.848802	-49.502514	1.9026716	13.380454	-54.136288	-49.50253	0.1	82807983	40518.331770181656
412	-130.91924	-130.91924	2.193883	-49.502308	1.9039084	10.707725	-56.703762	-49.502384	0.0	83008983	40611.18499684334
413	-152.15462	-152.15462	-23.650393	-49.498466	1.9164888	7.56828	-55.430614	-49.498367	0.0	83209982	40702.6997282505
414	-147.4034	-147.4034	3.96149	-49.499393	1.9081163	6.925104	-56.741333	-49.499355	0.0	83410982	40794.514981508255
415	-131.14651	-131.14651	1.7972077	-49.496597	1.919244	14.803931	-54.949028	-49.49668	0.0	83611982	40886.976427316666
416	-144.2119	-144.2119	7.0758104	-49.49372	1.925639	9.333137	-56.71695	-49.49353	0.1	83812982	40978.18933200836
417	-155.5023	-155.5023	-4.167868	-49.49274	1.9247749	12.396982	-54.86529	-49.49282	0.0	84013981	41069.73593211174
418	-143.57193	-143.57193	-6.835979	-49.49528	1.9113446	6.938238	-55.37019	-49.49519	0.1	84214982	41160.68218207359
419	-143.79942	-143.79942	2.7844956	-49.49543	1.8920707	14.070177	-54.80002	-49.495476	0.0	84415985	41253.65054035187
420	-148.7217	-148.7217	-5.2785125	-49.490692	1.9356267	8.553829	-55.168423	-49.490566	0.0	84616988	41345.227291584015
421	-139.47958	-139.47958	-11.75095	-49.486107	1.9374005	14.571192	-58.392715	-49.486107	0.0	84817982	41437.44034600258
422	-143.48543	-143.48543	1.5346138	-49.487316	1.9468429	14.165483	-59.298706	-49.48723	0.1	85018982	41528.28958415985
423	-143.38902	-143.38902	6.887288	-49.48743	1.9513005	15.493479	-55.725243	-49.48749	0.0	85219981	41619.32557082176
424	-149.6838	-149.6838	6.2444377	-49.486412	1.9589862	10.75065	-56.93147	-49.486237	0.0	85420983	41712.2184009552
425	-151.77576	-151.77576	7.1405764	-49.481934	1.9508075	11.819528	-57.4673	-49.481907	0.0	85621982	41802.54370880127
426	-151.45805	-151.45805	1.7716411	-49.480743	1.9502678	26.3406	-54.236443	-49.480778	0.0	85822981	41893.972700595856
427	-156.61485	-156.61485	0.69346744	-49.47828	1.9763306	23.44673	-56.362514	-49.47825	0.1	86023982	41986.47375917435
428	-138.29747	-138.29747	0.19335042	-49.47967	1.9594499	10.179388	-65.98485	-49.47946	0.1	86224982	42078.43470478058
429	-146.75539	-146.75539	-6.734198	-49.471035	2.004736	9.077836	-56.877335	-49.470985	0.2	86425981	42171.037289619446
430	-144.10927	-144.10927	7.6806626	-49.47375	1.9840411	10.97736	-54.88977	-49.4737	0.1	86626981	42261.82201957703
431	-141.6091	-141.6091	8.613687	-49.47664	1.993805	15.418648	-60.34018	-49.476597	0.0	86827982	42353.975759744644
432	-152.16698	-152.16698	-1.9460487	-49.474773	1.9772193	9.396603	-54.398685	-49.47481	0.0	87028983	42445.21538066864
433	-143.34492	-143.34492	-10.228177	-49.477184	1.9835715	29.622871	-54.89994	-49.477036	0.0	87229987	42536.98354244232
434	-115.54817	-115.54817	-1.8173271	-49.471348	2.0090284	17.646084	-59.181396	-49.47134	0.0	87430983	42629.6343357563
435	-174.2998	-174.2998	1.3608202	-49.47591	1.9747738	20.363892	-54.49669	-49.475933	0.0	87631982	42721.4979493618
436	-155.51717	-155.51717	4.7138968	-49.468456	2.0070164	13.099923	-56.891113	-49.468513	0.0	87832983	42812.95107674599
437	-141.62666	-141.62666	-11.017579	-49.46896	1.9979562	14.970221	-55.117393	-49.468723	0.0	88033991	42904.16343808174
438	-132.273	-132.273	-31.498798	-49.47093	1.9861305	17.438286	-55.211544	-49.470932	0.0	88234983	42995.6753180027
439	-125.899445	-125.899445	-9.48007	-49.470375	1.992602	16.577824	-58.016087	-49.47018	0.0	88435983	43088.250104665756
440	-157.52342	-157.52342	1.0310589	-49.463837	2.014027	16.21967	-54.63634	-49.463745	0.1	88636983	43178.11154413223
441	-145.82599	-145.82599	-30.570396	-49.46569	2.0077527	20.993935	-57.082317	-49.46554	0.1	88837985	43267.5162024498
442	-151.11945	-151.11945	5.630612	-49.463875	2.037811	23.083212	-56.758663	-49.46397	0.1	89038981	43357.88890028
443	-131.12354	-131.12354	7.8589034	-49.4679	2.022979	14.641509	-56.489006	-49.467926	0.0	89239983	43448.74930667877
444	-144.474	-144.474	4.255112	-49.47259	2.005436	16.740362	-55.352425	-49.47249	0.0	89440984	43541.62457251549
445	-147.32549	-147.32549	3.0033524	-49.451374	2.084156	30.069052	-59.73554	-49.451157	0.1	89641984	43633.0056245327
446	-151.04254	-151.04254	-14.731327	-49.466324	2.0344172	17.916471	-57.536686	-49.466347	0.0	89842982	43725.95804834366
447	-141.49257	-141.49257	-8.8896055	-49.466778	2.0208025	16.734417	-55.707977	-49.46675	0.0	90043986	43817.44648861885
448	-174.66072	-174.66072	1.537064	-49.464027	2.0416827	31.241863	-56.13806	-49.463886	0.0	90244986	43909.35905146599
449	-154.06665	-154.06665	-7.8244686	-49.466564	2.0294724	34.51173	-54.155968	-49.466515	0.1	90445981	44001.77466607094
450	-155.07541	-155.07541	4.3182526	-49.47348	2.008919	16.261253	-59.511593	-49.473415	0.0	90646982	44093.14051556587
451	-142.50919	-142.50919	3.9255013	-49.46524	2.0256166	20.213194	-55.963627	-49.465122	0.1	90847982	44185.91670250893
452	-153.25665	-153.25665	5.0464005	-49.461098	2.0411375	17.857931	-55.83907	-49.46114	0.0	91048982	44277.396015167236
453	-142.05856	-142.05856	0.5660456	-49.466526	2.0239775	12.484452	-61.82924	-49.466454	0.2	91249982	44369.4590446949
454	-146.6346	-146.6346	-5.3078923	-49.46538	2.0479758	19.080038	-58.975834	-49.465263	0.1	91450983	44460.61372041702
455	-143.0193	-143.0193	-13.5052	-49.461918	2.0381813	15.675188	-58.540928	-49.461952	0.0	91651981	44552.653218746185
456	-130.31726	-130.31726	3.5895867	-49.463085	2.0513127	15.0488205	-55.508453	-49.462967	0.1	91852982	44643.92691326141
457	-144.72559	-144.72559	4.4948535	-49.464123	2.0344758	18.010756	-61.15962	-49.463985	0.1	92053982	44735.53873515129
458	-120.02038	-120.02038	4.05805	-49.462574	2.016104	17.80064	-62.26158	-49.462536	0.0	92254982	44827.35695195198
459	-156.13116	-156.13116	4.976532	-49.45828	2.0685418	28.946606	-57.3664	-49.458275	0.1	92455981	44917.81345129013
460	-155.61447	-155.61447	-2.0524652	-49.464256	2.0340595	45.498035	-57.481358	-49.464066	0.1	92656983	45008.83257865906
461	-171.82204	-171.82204	4.769148	-49.46082	2.0541587	21.224106	-56.518677	-49.46073	0.0	92857981	45100.79112482071
462	-135.9812	-135.9812	-16.546373	-49.455833	2.046334	23.081654	-61.778362	-49.455883	0.2	93058981	45193.04487276077
463	-159.82726	-159.82726	-2.8946154	-49.463627	2.019209	20.108871	-60.960365	-49.463646	0.2	93259984	45285.156719207764
464	-131.65718	-131.65718	-8.428048	-49.447964	2.058456	19.351748	-64.17799	-49.44765	0.1	93460984	45376.36535072327
465	-142.12962	-142.12962	-10.941342	-49.452248	2.0698643	12.157324	-59.634388	-49.452213	0.1	93661983	45468.97036933899
466	-153.9298	-153.9298	3.145751	-49.454964	2.0656326	18.232416	-59.7198	-49.454784	0.1	93862982	45559.98327255249
467	-155.4682	-155.4682	7.5017986	-49.453762	2.0784461	15.839881	-56.903572	-49.453705	0.1	94063982	45653.19555974007
468	-135.09001	-135.09001	-21.009184	-49.44556	2.091201	11.7059555	-57.541157	-49.445396	0.0	94264982	45744.29622173309
469	-130.0992	-130.0992	2.1942794	-49.44497	2.1001587	14.513144	-57.569965	-49.444725	0.1	94465982	45837.15583515167
470	-151.19568	-151.19568	2.7173421	-49.44947	2.0758715	12.997332	-55.806507	-49.44953	0.1	94666983	45928.58063650131
471	-131.5538	-131.5538	-13.155631	-49.45036	2.0717392	20.23286	-59.56605	-49.45025	0.0	94867982	46020.958773612976
472	-161.25574	-161.25574	7.430367	-49.449398	2.064232	18.685987	-63.94061	-49.449287	0.2	95068983	46112.411051273346
473	-129.29387	-129.29387	1.4814662	-49.44394	2.074459	27.30936	-59.09164	-49.443848	0.0	95269983	46206.01395750046
474	-120.584335	-120.584335	2.266001	-49.452496	2.0637257	18.210257	-62.242577	-49.45239	0.0	95470981	46298.85555434227
475	-170.68518	-170.68518	-14.980265	-49.446003	2.0914192	13.2483635	-62.429672	-49.445805	0.1	95671981	46389.764701366425
476	-162.58159	-162.58159	-10.538483	-49.438786	2.1011717	15.052149	-59.462887	-49.43874	0.2	95872984	46483.13999772072
477	-153.78067	-153.78067	-10.072313	-49.440014	2.1154878	16.228718	-59.277687	-49.439938	0.0	96073987	46572.19150328636
478	-140.93987	-140.93987	-9.2655	-49.44208	2.1138062	20.926558	-57.683678	-49.44196	0.1	96274982	46665.144889354706
479	-153.2535	-153.2535	-1.952589	-49.446037	2.103437	17.186543	-57.387573	-49.446007	0.2	96475981	46757.9964993
480	-149.41998	-149.41998	-10.819289	-49.449123	2.106569	10.454646	-57.83387	-49.449104	0.0	96676981	46850.28643870354
481	-161.16795	-161.16795	-15.678188	-49.43572	2.1631792	21.44614	-60.63486	-49.435524	0.1	96877984	46941.30476260185
482	-138.59892	-138.59892	3.5440736	-49.43759	2.1253223	18.046919	-56.92856	-49.437195	0.1	97078984	47031.076288461685
483	-140.14899	-140.14899	4.9423823	-49.433235	2.142794	19.952839	-56.583218	-49.433372	0.4	97279981	47124.60410666466
484	-126.57515	-126.57515	2.3244932	-49.442753	2.133051	29.679672	-63.65739	-49.442513	0.1	97480983	47215.8194797039
485	-137.54166	-137.54166	-7.940997	-49.437656	2.139941	34.137154	-56.354916	-49.437687	0.1	97681986	47305.239560604095
486	-134.17046	-134.17046	3.450569	-49.418873	2.1954048	15.515083	-61.585136	-49.418613	0.2	97882981	47397.5109975338
487	-134.7403	-134.7403	4.681404	-49.421146	2.1832268	20.131628	-61.123993	-49.42123	0.1	98083984	47485.78276491165
488	-128.07285	-128.07285	4.110019	-49.42367	2.1957996	14.838489	-68.19884	-49.42334	0.2	98284981	47577.819581747055
489	-151.83914	-151.83914	-0.60671026	-49.420223	2.2144558	18.691116	-60.814716	-49.420258	0.0	98485983	47670.08900165558
490	-131.21722	-131.21722	-3.762379	-49.41875	2.2239418	22.802359	-62.069653	-49.418564	0.0	98686982	47760.992274045944
491	-162.15239	-162.15239	0.9555204	-49.41974	2.2273383	15.930154	-56.672943	-49.419643	0.0	98887983	47853.10985851288
492	-139.16748	-139.16748	2.187763	-49.420288	2.241542	24.287327	-63.776775	-49.42018	0.1	99088985	47943.065816640854
493	-156.93852	-156.93852	-8.945915	-49.423637	2.2271512	23.950249	-61.522804	-49.423565	0.1	99289984	48033.1340007782
494	-157.79472	-157.79472	-2.5123675	-49.427074	2.2297692	13.197432	-58.14013	-49.42697	0.0	99490983	48124.255721092224
495	-162.8142	-162.8142	-12.340568	-49.432182	2.2167194	19.219406	-61.672203	-49.43204	0.1	99691981	48216.38349175453
496	-144.844	-144.844	3.1860077	-49.43235	2.2183611	16.103731	-66.79267	-49.43217	0.1	99892982	48306.98075795174
497	-152.89032	-152.89032	-8.935651	-49.431286	2.2475166	14.683992	-62.321037	-49.431263	0.2	100093989	48397.980105400085
498	-152.00795	-152.00795	-40.816517	-49.429253	2.2492197	21.79746	-60.616203	-49.429	0.0	100294981	48490.14489197731
499	-155.83243	-155.83243	4.385747	-49.4263	2.2601817	16.101746	-62.73754	-49.4262	0.1	100495984	48582.79564785957
