Epoch	EpRet	EpRealRet	TestEpRet	AverageQ1	StdQ1	MaxQ1	MinQ1	Q2	TestSuccess	TotalEnvInteracts	TotalTime
0	-943.9411	-943.9411	-1547.3464	-48.702957	6.020883	-0.10165144	-141.59048	-48.68175	0.0	197001	96.71376395225525
1	-623.21906	-623.21906	-4.4553213	-49.87536	0.79233015	-39.06214	-55.98284	-49.87537	0.0	397981	194.05817985534668
2	-827.1934	-827.1934	-1008.7022	-49.841663	0.9926671	-31.076744	-64.41962	-49.841503	0.0	598992	292.0304594039917
3	-860.8717	-860.8717	-670.0833	-49.811543	1.1460129	-26.943365	-65.19655	-49.81167	0.0	800001	391.9795217514038
4	-844.4433	-844.4433	-574.8799	-49.800877	1.2739093	-22.31529	-54.003143	-49.800854	0.0	1001001	491.8471004962921
5	-768.82227	-768.82227	-539.05743	-49.811794	1.3173752	-16.961514	-61.48662	-49.811817	0.0	1202001	592.4256753921509
6	-752.4057	-752.4057	-689.43646	-49.81227	1.4295179	-10.268543	-55.209637	-49.812496	0.0	1402996	692.8983974456787
7	-616.0835	-616.0835	-643.1706	-49.814953	1.5226064	-3.1127548	-54.2395	-49.814896	0.0	1603985	793.368480682373
8	-906.4331	-906.4331	-930.60864	-49.81496	1.5725117	2.204767	-56.82702	-49.814816	0.0	1804986	894.2585921287537
9	-959.6178	-959.6178	-839.50586	-49.81864	1.4284766	1.8073697	-53.806904	-49.818466	0.0	2006001	995.4367170333862
10	-842.5915	-842.5915	-475.9429	-49.82373	1.368734	2.52643	-54.607327	-49.82368	0.0	2206988	1095.7563552856445
11	-745.8508	-745.8508	-859.4043	-49.83151	1.3218901	3.524001	-54.0569	-49.83161	0.0	2407982	1197.0854787826538
12	-1021.0204	-1021.0204	-1041.2172	-49.834812	1.2642112	-1.5360981	-57.546	-49.8347	0.0	2608990	1298.3992023468018
13	-681.58673	-681.58673	-192.6336	-49.838276	1.2189804	-2.5009837	-54.71304	-49.838192	0.0	2809987	1399.4859323501587
14	-547.7378	-547.7378	-398.0016	-49.838104	1.1713651	-3.8403199	-53.781296	-49.837936	0.0	3010984	1500.5634334087372
15	-728.5	-728.5	-800.66364	-49.84299	1.196939	0.06110643	-57.5143	-49.842743	0.0	3212001	1602.8294463157654
16	-788.75397	-788.75397	-370.66403	-49.84216	1.2119725	1.1322005	-59.264824	-49.84203	0.0	3412992	1704.1155424118042
17	-818.01587	-818.01587	-1262.7239	-49.85209	1.159922	3.4641926	-55.065994	-49.851826	0.0	3613992	1805.8983399868011
18	-700.40356	-700.40356	-31.5365	-49.85051	1.1405796	5.5099125	-54.127182	-49.850304	0.0	3814981	1906.8222026824951
19	-495.4441	-495.4441	-888.2216	-49.85192	1.1307749	6.799283	-53.49472	-49.851536	0.0	4016001	2009.58602643013
20	-896.32874	-896.32874	-1091.1881	-49.856625	1.0867565	5.207455	-54.486618	-49.856625	0.0	4216997	2110.4970259666443
21	-806.65594	-806.65594	-424.9674	-49.85959	0.9927763	-0.68532526	-54.644188	-49.85953	0.0	4417981	2212.522044658661
22	-686.67224	-686.67224	-445.8592	-49.8627	0.92148376	-18.169584	-53.419865	-49.86266	0.0	4618989	2314.703860282898
23	-698.5132	-698.5132	-164.84389	-49.86516	0.90897584	-16.706991	-53.208916	-49.865044	0.0	4819985	2415.9060945510864
24	-521.90027	-521.90027	-530.63336	-49.868565	0.88232666	-15.843139	-52.755566	-49.868603	0.0	5020982	2516.600511789322
25	-709.8795	-709.8795	-545.0181	-49.87107	0.8580187	-17.589869	-54.393757	-49.871033	0.0	5221996	2618.1309340000153
26	-797.20294	-797.20294	-347.6782	-49.875137	0.81004626	-21.431396	-55.80502	-49.87506	0.0	5423001	2719.894764661789
27	-517.1443	-517.1443	-252.07637	-49.873272	0.8067966	-26.76661	-53.139786	-49.873272	0.0	5624001	2823.099771499634
28	-597.35675	-597.35675	-82.93803	-49.871128	0.8083474	-24.831957	-53.710484	-49.871025	0.0	5825001	2924.261643409729
29	-497.29892	-497.29892	-150.94983	-49.870888	0.80083126	-25.646421	-52.899464	-49.870792	0.0	6026001	3025.303290128708
30	-496.8961	-496.8961	-195.33925	-49.871128	0.7870925	-29.498543	-53.453926	-49.87113	0.0	6226981	3126.8908472061157
31	-528.27985	-528.27985	-475.34232	-49.868893	0.7904219	-29.138487	-52.47682	-49.868828	0.0	6427981	3228.708834171295
32	-570.1871	-570.1871	-95.16019	-49.86423	0.8102354	-24.788364	-53.286037	-49.86418	0.0	6628996	3330.2219247817993
33	-609.4969	-609.4969	-582.4032	-49.860023	0.8186299	-25.943045	-53.52716	-49.86009	0.0	6829982	3431.5291950702667
34	-599.0424	-599.0424	-384.09006	-49.853725	0.8492623	-21.353521	-54.08818	-49.8538	0.0	7030982	3532.6073632240295
35	-727.868	-727.868	-487.8758	-49.85364	0.8359552	-24.871231	-52.374763	-49.85365	0.0	7231999	3633.928670167923
36	-694.49506	-694.49506	-611.12494	-49.851864	0.8462652	-22.036974	-53.26618	-49.851982	0.0	7432988	3736.141989707947
37	-657.6086	-657.6086	-831.774	-49.849785	0.8281889	-24.362295	-53.727062	-49.84993	0.0	7633982	3837.3036687374115
38	-653.9794	-653.9794	-156.61818	-49.845127	0.8423159	-27.140753	-54.22488	-49.845154	0.0	7834992	3936.8764832019806
39	-667.2594	-667.2594	-411.6994	-49.846466	0.83244306	-28.758842	-55.064236	-49.846622	0.0	8035981	4034.9843521118164
40	-551.02325	-551.02325	-822.06256	-49.84331	0.8362514	-26.048885	-53.701694	-49.843414	0.0	8236982	4136.9820737838745
41	-702.57874	-702.57874	-327.04193	-49.84038	0.85533947	-23.093187	-53.04927	-49.840572	0.0	8438001	4238.463847875595
42	-747.6314	-747.6314	-323.82526	-49.840706	0.8416756	-25.94973	-53.267963	-49.84098	0.0	8639001	4340.030713319778
43	-762.556	-762.556	-426.18137	-49.837803	0.848125	-28.198946	-52.887177	-49.83792	0.0	8840001	4441.7236869335175
44	-632.77924	-632.77924	-296.59534	-49.832916	0.8751783	-24.993557	-52.965973	-49.833054	0.0	9040981	4542.848240852356
45	-491.19684	-491.19684	-750.5563	-49.829548	0.8786329	-23.633963	-52.93447	-49.829796	0.0	9241982	4644.167110204697
46	-587.91724	-587.91724	-380.29602	-49.792168	0.976132	-28.856897	-52.9404	-49.79233	0.0	9442994	4742.051595926285
47	-460.89566	-460.89566	-48.592186	-49.78045	1.0300827	-28.245184	-54.155926	-49.78074	0.3	9643982	4840.596128463745
48	-475.07727	-475.07727	-131.43561	-49.786407	1.0195717	-28.016533	-54.449364	-49.786766	0.1	9844997	4938.639245510101
49	-525.87317	-525.87317	-62.459423	-49.781887	1.0546817	-25.474424	-55.479324	-49.782234	0.1	10045981	5037.713544368744
50	-434.9689	-434.9689	-47.50272	-49.77374	1.0994451	-20.54608	-55.239162	-49.774086	0.1	10246986	5134.972599983215
51	-508.40985	-508.40985	-536.1641	-49.76968	1.1522107	-16.49244	-56.858475	-49.769924	0.2	10447981	5233.2932386398315
52	-478.18796	-478.18796	-291.53445	-49.75595	1.2429502	-10.648042	-56.808315	-49.756443	0.0	10648987	5333.308273792267
53	-547.5672	-547.5672	-661.10675	-49.76822	1.2157657	-6.0145135	-56.449303	-49.768486	0.0	10849995	5434.651757717133
54	-447.5846	-447.5846	-546.1163	-49.76824	1.2483183	-0.38715523	-56.24984	-49.76844	0.1	11050994	5535.797660827637
55	-454.82977	-454.82977	-375.75507	-49.763184	1.31938	9.856606	-56.910683	-49.763493	0.1	11251984	5636.451218366623
56	-550.11554	-550.11554	-154.57228	-49.769924	1.3004782	10.343388	-55.064827	-49.77012	0.1	11452990	5735.77968788147
57	-521.52057	-521.52057	-328.91696	-49.766323	1.2852793	8.703555	-55.87122	-49.766415	0.0	11653989	5836.612300157547
58	-583.96967	-583.96967	-60.576748	-49.75649	1.3740561	16.653025	-56.05331	-49.756653	0.1	11855001	5938.661450147629
59	-444.11136	-444.11136	-110.468704	-49.757877	1.3951664	20.996439	-55.062252	-49.758144	0.0	12055993	6040.33705329895
60	-348.36942	-348.36942	-205.6389	-49.746536	1.4449133	16.105268	-56.01471	-49.7466	0.0	12256987	6141.47164607048
61	-449.07684	-449.07684	-109.96521	-49.74205	1.4430249	19.471865	-55.611706	-49.74228	0.1	12457986	6242.515282869339
62	-380.44058	-380.44058	-86.2851	-49.74002	1.4100221	19.938057	-55.883038	-49.740158	0.4	12658999	6342.555527210236
63	-473.74313	-473.74313	-30.93571	-49.746643	1.4305083	18.340616	-55.64515	-49.746822	0.3	12859983	6440.796023845673
64	-480.80692	-480.80692	-65.78974	-49.741867	1.4832929	30.038025	-55.279743	-49.74198	0.0	13060994	6539.400819778442
65	-495.99652	-495.99652	-64.88554	-49.737904	1.4446601	23.703413	-57.796444	-49.737892	0.3	13261986	6637.955495834351
66	-404.3645	-404.3645	-85.29436	-49.728413	1.4931098	21.220333	-54.854877	-49.728664	0.3	13462987	6737.171798706055
67	-489.40198	-489.40198	-134.61899	-49.72968	1.4718448	21.759272	-54.878067	-49.729687	0.2	13663985	6838.863899707794
68	-459.92383	-459.92383	4.046857	-49.73107	1.4945307	32.315304	-56.08702	-49.731148	0.4	13864987	6938.460372924805
69	-355.16785	-355.16785	0.89146346	-49.722343	1.5357833	29.712719	-55.002167	-49.722458	0.5	14065982	7038.773350715637
70	-552.83545	-552.83545	-43.209446	-49.70915	1.563723	17.48969	-55.746838	-49.709347	0.1	14266983	7137.6737558841705
71	-409.42328	-409.42328	0.28409427	-49.70721	1.5772935	21.85342	-54.856445	-49.707222	0.2	14467989	7239.63067984581
72	-414.33762	-414.33762	-17.233826	-49.698803	1.6194755	28.06529	-56.30802	-49.69882	0.3	14668986	7341.725885152817
73	-437.48285	-437.48285	-6.517594	-49.704323	1.5865119	27.001606	-56.651676	-49.704372	0.6	14869984	7444.125167131424
74	-371.3412	-371.3412	-13.039333	-49.69553	1.630283	33.134388	-55.845585	-49.69552	0.4	15070985	7545.19778585434
75	-494.7086	-494.7086	-89.053566	-49.685196	1.6730957	16.11527	-55.96238	-49.68546	0.0	15272000	7647.449558973312
76	-460.0048	-460.0048	2.277909	-49.668526	1.7308168	21.84332	-56.122112	-49.668545	0.3	15472988	7749.533901691437
77	-311.04926	-311.04926	-10.249488	-49.669033	1.7479242	21.976215	-56.38585	-49.66902	0.2	15673983	7851.385172843933
78	-354.8249	-354.8249	-379.50275	-49.659363	1.8069751	15.545549	-55.601646	-49.65951	0.1	15874998	7953.177560806274
79	-384.69852	-384.69852	-153.81915	-49.659817	1.8075079	19.907629	-58.54595	-49.659718	0.3	16075997	8055.126929521561
80	-335.1523	-335.1523	-21.569542	-49.66359	1.7998525	30.023993	-57.122486	-49.6638	0.4	16276983	8156.824872970581
81	-321.11136	-321.11136	-31.192554	-49.654095	1.8359193	23.05292	-59.666763	-49.653957	0.3	16477992	8258.391094446182
82	-406.30316	-406.30316	-9.4659395	-49.6527	1.825614	21.630917	-56.67702	-49.65295	0.1	16678986	8360.06247138977
83	-348.55237	-348.55237	-0.78874874	-49.65378	1.8592952	27.211716	-59.677624	-49.653904	0.5	16879983	8461.653820514679
84	-383.93094	-383.93094	-19.46374	-49.650234	1.8724028	28.85576	-57.371147	-49.65015	0.0	17080986	8563.369548082352
85	-364.0816	-364.0816	-31.036507	-49.655678	1.8645458	29.977966	-57.313496	-49.65572	0.2	17281989	8665.344686031342
86	-240.10709	-240.10709	-8.132422	-49.639515	1.9082177	25.55936	-61.374245	-49.63948	0.0	17482987	8766.165051937103
87	-382.9382	-382.9382	-60.78807	-49.642624	1.87509	23.893715	-60.435833	-49.642597	0.1	17683983	8830.561058282852
88	-462.28812	-462.28812	-3.3007576	-49.62251	1.9451193	28.759857	-59.77957	-49.62239	0.5	17884985	8892.551500797272
89	-446.9605	-446.9605	-148.86346	-49.621082	1.9459512	24.204746	-61.690327	-49.621048	0.1	18085985	8955.849075078964
90	-414.809	-414.809	-31.123163	-49.620266	1.9747944	29.176136	-60.755127	-49.620476	0.1	18286985	9016.666240930557
91	-439.62854	-439.62854	-99.348724	-49.614376	2.0232146	32.67932	-58.5865	-49.61442	0.2	18488001	9080.074621915817
92	-419.2906	-419.2906	-90.5506	-49.61725	2.0181806	29.10295	-59.038002	-49.617302	0.1	18688984	9150.697960853577
93	-532.73956	-532.73956	-69.64778	-49.613052	2.0136435	35.86493	-60.0619	-49.61288	0.4	18889991	9221.17787694931
94	-485.267	-485.267	-74.17504	-49.6184	1.9966608	25.281246	-60.197823	-49.618515	0.5	19090988	9291.67223238945
95	-427.2769	-427.2769	5.15821	-49.626534	1.9700956	27.138338	-59.12371	-49.626663	0.4	19291982	9362.181295156479
96	-394.61005	-394.61005	-92.28968	-49.615982	1.999536	29.726439	-57.61938	-49.616005	0.1	19492989	9434.119646072388
97	-428.6151	-428.6151	0.89470655	-49.618782	1.9965585	27.78581	-57.344654	-49.61873	0.2	19693990	9499.067082643509
98	-294.3026	-294.3026	-73.25162	-49.620415	1.9684484	26.22602	-57.564404	-49.620403	0.0	19894991	9563.898867368698
99	-346.9596	-346.9596	-12.448504	-49.613174	2.0225058	34.194263	-63.056034	-49.61329	0.4	20095982	9627.124996900558
100	-331.6346	-331.6346	-22.953981	-49.61468	2.0028577	27.480856	-58.210037	-49.61458	0.1	20296981	9695.461032390594
101	-474.99585	-474.99585	-12.341969	-49.61618	1.9996629	22.155722	-58.852272	-49.61648	0.3	20497985	9762.28549337387
102	-422.83212	-422.83212	7.006117	-49.606476	2.0915833	30.839062	-58.57523	-49.606144	0.2	20698982	9823.660209417343
103	-444.70526	-444.70526	-79.68401	-49.598152	2.1155202	39.980915	-59.956383	-49.598457	0.2	20899997	9884.457439184189
104	-413.31488	-413.31488	-52.13648	-49.59759	2.111875	26.3275	-57.84273	-49.597538	0.3	21100981	9945.640048742294
105	-303.84735	-303.84735	-53.864254	-49.6007	2.021712	28.445694	-60.88364	-49.60064	0.1	21301982	10006.608821630478
106	-477.952	-477.952	6.801026	-49.59353	2.0805385	37.666843	-58.76549	-49.593666	0.5	21502983	10068.47540807724
107	-440.7865	-440.7865	-136.78578	-49.598312	2.1143107	27.184187	-57.75349	-49.597984	0.4	21703982	10129.799894809723
108	-427.02597	-427.02597	-91.25686	-49.585323	2.108928	22.25141	-60.663918	-49.58539	0.2	21904985	10189.92843914032
109	-425.53534	-425.53534	-156.08128	-49.5828	2.1659966	24.142218	-59.43402	-49.582794	0.2	22105982	10250.756958961487
110	-444.08453	-444.08453	-53.9589	-49.584087	2.1527183	29.8682	-59.939156	-49.584167	0.1	22306982	10311.095431804657
111	-348.61942	-348.61942	-40.12518	-49.582115	2.1373487	34.17161	-64.97022	-49.582012	0.1	22507981	10371.464836597443
112	-422.31567	-422.31567	-39.391483	-49.57341	2.2101278	26.024754	-57.716316	-49.573307	0.1	22708981	10431.717505216599
113	-339.97214	-339.97214	7.85775	-49.57132	2.1658921	27.980268	-63.795204	-49.571373	0.5	22909988	10491.613095760345
114	-393.44443	-393.44443	-12.431668	-49.5586	2.2466202	28.869598	-64.49315	-49.558537	0.1	23110985	10551.284172534943
115	-492.14355	-492.14355	-10.306789	-49.556854	2.2319205	26.756857	-62.45763	-49.556923	0.2	23311985	10611.83530497551
116	-437.428	-437.428	-48.452316	-49.56318	2.2148511	29.492565	-61.164825	-49.562965	0.4	23512986	10672.704359292984
117	-286.82004	-286.82004	-3.1200876	-49.5537	2.2648895	34.736897	-70.58676	-49.553776	0.1	23713982	10732.120561122894
118	-367.6822	-367.6822	-13.659939	-49.557384	2.1942434	22.916914	-62.979965	-49.55745	0.3	23914991	10791.199679136276
119	-358.6936	-358.6936	-34.91576	-49.54704	2.2404072	40.46603	-59.502342	-49.547016	0.2	24115989	10850.61096572876
120	-362.06192	-362.06192	1.7937133	-49.536285	2.308722	25.462467	-60.085796	-49.536434	0.6	24316985	10909.22635269165
121	-406.7952	-406.7952	8.716715	-49.5423	2.305563	31.299341	-58.42208	-49.542313	0.0	24517981	10967.938920497894
122	-353.31796	-353.31796	-33.186436	-49.547646	2.2704093	26.972631	-58.752808	-49.547417	0.1	24718996	11026.95475769043
123	-560.7606	-560.7606	1.6170087	-49.54201	2.259744	24.708336	-58.620167	-49.542088	0.6	24919983	11086.102544546127
124	-492.72833	-492.72833	-4.2547464	-49.532963	2.3136003	33.799637	-60.0665	-49.532738	0.2	25120999	11144.836359024048
125	-395.20023	-395.20023	-0.5214185	-49.541256	2.264698	29.97652	-59.260216	-49.541374	0.3	25321981	11203.381559371948
126	-346.96774	-346.96774	1.4456055	-49.54107	2.2913067	48.919224	-61.938347	-49.541046	0.2	25522985	11262.191772222519
127	-304.94968	-304.94968	-46.73342	-49.53283	2.353107	29.854284	-59.46641	-49.532726	0.0	25723987	11320.670298337936
128	-280.76465	-280.76465	-32.2734	-49.54181	2.2933006	47.640587	-61.31618	-49.54189	0.3	25924988	11379.386692762375
129	-330.32742	-330.32742	-40.46647	-49.530228	2.3499763	27.756184	-63.637806	-49.530254	0.3	26125984	11438.284212589264
130	-459.57462	-459.57462	0.78340113	-49.534637	2.329786	27.643503	-63.09311	-49.534615	0.1	26327001	11496.888995170593
131	-389.44055	-389.44055	6.707871	-49.528435	2.3761845	34.69208	-62.6865	-49.52837	0.1	26527983	11555.71254491806
132	-341.2382	-341.2382	-0.2559042	-49.53383	2.348171	27.17174	-59.686012	-49.533726	0.1	26728990	11614.393072843552
133	-422.46985	-422.46985	-3.9359357	-49.518642	2.4084978	39.21445	-60.006134	-49.51876	0.2	26929987	11673.325703144073
134	-434.06003	-434.06003	6.415678	-49.51873	2.4285989	25.27948	-59.8562	-49.51849	0.1	27130982	11731.681055545807
135	-437.31345	-437.31345	-13.371549	-49.518337	2.3827982	37.39175	-61.8926	-49.51826	0.2	27331990	11790.237813472748
136	-287.2292	-287.2292	-21.13353	-49.514923	2.4092805	32.750374	-59.905186	-49.514896	0.3	27532982	11848.725098371506
137	-358.22946	-358.22946	-15.040101	-49.511524	2.421686	26.003971	-61.509922	-49.51122	0.4	27733986	11907.688045978546
138	-444.66495	-444.66495	-24.904762	-49.51032	2.407935	27.21703	-60.33694	-49.510223	0.1	27934985	11966.79079580307
139	-355.04608	-355.04608	-6.580977	-49.504257	2.411303	31.212208	-60.166367	-49.504307	0.2	28135984	12025.206597089767
140	-434.18298	-434.18298	8.928083	-49.49531	2.481105	31.378664	-62.28747	-49.49522	0.4	28336983	12084.209159851074
141	-483.3937	-483.3937	-39.061813	-49.494465	2.4618025	32.639065	-62.930264	-49.494137	0.4	28537987	12143.390869379044
142	-346.30692	-346.30692	-19.536192	-49.48655	2.5206168	25.004448	-62.932495	-49.486614	0.2	28738986	12202.152097463608
143	-376.1385	-376.1385	-10.499826	-49.48295	2.5057092	22.729517	-63.245445	-49.482803	0.1	28939984	12261.612458467484
144	-303.7333	-303.7333	-39.284508	-49.491016	2.4716587	28.654182	-60.159855	-49.49103	0.0	29140984	12320.22172999382
145	-377.33914	-377.33914	-3.0705392	-49.485706	2.4903996	21.843855	-63.074905	-49.485542	0.3	29341982	12378.96703863144
146	-345.27753	-345.27753	-45.61433	-49.478622	2.5121565	28.813036	-64.80896	-49.478542	0.1	29542984	12437.851828813553
147	-415.30957	-415.30957	-1.9775193	-49.481693	2.5224326	26.849197	-62.77577	-49.481453	0.3	29743981	12497.361468553543
148	-402.27832	-402.27832	-11.849628	-49.48242	2.537185	33.48939	-65.179886	-49.482273	0.4	29944992	12556.125071048737
149	-345.7825	-345.7825	-9.365347	-49.47396	2.559239	31.559559	-61.77688	-49.47395	0.0	30145982	12614.725867509842
150	-393.0619	-393.0619	-26.375128	-49.469376	2.5672975	24.004902	-66.82027	-49.46935	0.1	30346983	12673.294437170029
151	-467.32452	-467.32452	-0.204731	-49.459484	2.5973697	31.914001	-63.30043	-49.45932	0.3	30547981	12732.170417785645
152	-294.85382	-294.85382	-55.147873	-49.459972	2.6295893	24.971481	-60.922714	-49.459885	0.2	30748986	12792.154788255692
153	-432.05344	-432.05344	-8.241359	-49.467186	2.5697181	34.34942	-60.617718	-49.466946	0.0	30949984	12851.065348386765
154	-344.99664	-344.99664	-12.846316	-49.46327	2.5798488	27.549181	-65.44049	-49.463207	0.3	31150981	12909.439054250717
155	-469.96802	-469.96802	4.227202	-49.462414	2.594918	25.029076	-61.675404	-49.462193	0.3	31351986	12968.154475450516
156	-331.88583	-331.88583	-64.55451	-49.46222	2.5976624	28.726131	-63.376633	-49.46196	0.4	31552986	13026.659351825714
157	-383.54953	-383.54953	-62.574337	-49.45961	2.6104524	21.164606	-66.793724	-49.459496	0.3	31753982	13084.977286577225
158	-277.8416	-277.8416	-69.11973	-49.45551	2.6013975	26.638247	-69.20801	-49.45537	0.2	31954998	13143.969742298126
159	-377.15063	-377.15063	-33.13889	-49.46201	2.5736332	23.631302	-61.808353	-49.4619	0.2	32155984	13203.107278823853
160	-373.55603	-373.55603	0.14160384	-49.457417	2.6419415	22.381836	-61.94258	-49.457012	0.4	32356983	13262.219694137573
161	-500.37057	-500.37057	-16.728127	-49.456627	2.605875	29.071653	-64.02518	-49.45649	0.2	32558001	13320.909034729004
162	-356.1249	-356.1249	6.369774	-49.451107	2.6726727	24.689983	-67.77412	-49.45096	0.3	32759001	13379.727467536926
163	-358.45325	-358.45325	5.4600754	-49.454784	2.6507604	51.450527	-62.559097	-49.45456	0.2	32959983	13438.131597280502
164	-439.84177	-439.84177	-6.2003646	-49.448864	2.6602633	26.666653	-65.281425	-49.448467	0.3	33160983	13497.111766815186
165	-386.226	-386.226	-27.026678	-49.46951	2.5448263	26.478754	-61.557705	-49.469368	0.4	33361983	13555.940336227417
166	-383.6957	-383.6957	1.0537843	-49.461742	2.5759091	21.454802	-63.663704	-49.461674	0.1	33562982	13616.44241976738
167	-376.37384	-376.37384	6.1340985	-49.45853	2.591439	25.474857	-61.458645	-49.458374	0.2	33763988	13674.822709798813
168	-406.12866	-406.12866	3.00001	-49.45221	2.625991	26.981625	-65.99409	-49.451912	0.6	33964982	13733.78605723381
169	-363.29837	-363.29837	-3.728022	-49.45838	2.6000812	28.741354	-62.792923	-49.4582	0.3	34165986	13792.357001781464
170	-304.16815	-304.16815	-27.132149	-49.45685	2.5999334	29.685688	-69.82917	-49.456543	0.4	34366982	13851.460073709488
171	-447.60294	-447.60294	-10.346392	-49.458572	2.594109	38.232285	-66.810684	-49.458744	0.2	34567982	13910.142001628876
172	-378.85797	-378.85797	-38.3066	-49.453194	2.624129	28.972647	-66.47936	-49.452953	0.4	34768988	13968.572548151016
173	-379.86365	-379.86365	-10.891518	-49.453487	2.6466644	27.605722	-63.677147	-49.453102	0.3	34969984	14027.236033439636
174	-318.5617	-318.5617	-98.93648	-49.440044	2.6654167	20.835001	-63.47986	-49.439728	0.3	35170985	14085.940467596054
175	-363.71286	-363.71286	1.0464267	-49.439487	2.6936507	26.661793	-60.477955	-49.439205	0.1	35372001	14144.185353755951
176	-420.94843	-420.94843	11.369785	-49.444645	2.6541426	30.137615	-61.845013	-49.444534	0.5	35572989	14202.907746076584
177	-428.45596	-428.45596	-8.067833	-49.428246	2.727914	22.784163	-63.61877	-49.427917	0.3	35773984	14261.934030294418
178	-505.5277	-505.5277	-1.6058984	-49.43859	2.6710775	25.882696	-63.612186	-49.438496	0.3	35974985	14320.685172080994
179	-373.9128	-373.9128	8.475654	-49.440075	2.6674814	25.120712	-63.01134	-49.439747	0.4	36175986	14379.68112039566
180	-391.94504	-391.94504	7.518776	-49.43132	2.693243	25.265352	-67.81792	-49.43109	0.1	36376983	14437.968086481094
181	-437.01968	-437.01968	-83.55334	-49.429874	2.7307415	27.624937	-62.353268	-49.429703	0.1	36577984	14497.081829071045
182	-330.13547	-330.13547	-33.396664	-49.425655	2.7150877	26.053755	-68.01294	-49.425144	0.0	36778982	14555.997576236725
183	-358.73773	-358.73773	8.861708	-49.432907	2.7117682	28.916723	-67.67181	-49.432964	0.1	36979983	14614.989118337631
184	-417.23242	-417.23242	8.881503	-49.43667	2.662838	30.276678	-64.045425	-49.436428	0.1	37180982	14674.184209346771
185	-424.57825	-424.57825	8.201901	-49.43452	2.7094417	33.417732	-61.706028	-49.434135	0.2	37381981	14732.615354537964
186	-340.36743	-340.36743	-23.245483	-49.443665	2.6469524	26.806747	-67.79033	-49.443523	0.2	37582984	14791.31766629219
187	-435.60327	-435.60327	-56.557983	-49.437492	2.7022636	39.91374	-63.092903	-49.43724	0.1	37783983	14849.707309246063
188	-518.7954	-518.7954	-18.572256	-49.423676	2.7356815	40.92978	-65.257935	-49.423588	0.5	37984991	14908.499975442886
189	-436.853	-436.853	-30.48122	-49.42244	2.743031	41.2743	-60.981995	-49.422092	0.0	38185984	14967.778579711914
190	-345.5205	-345.5205	5.220642	-49.414333	2.7660482	32.21024	-63.078094	-49.414055	0.2	38386999	15027.020993471146
191	-432.6204	-432.6204	-61.28916	-49.419754	2.7648997	50.001587	-65.16479	-49.419468	0.4	38587989	15086.321648597717
192	-355.27075	-355.27075	-24.677565	-49.410645	2.7976568	26.019201	-64.36876	-49.41045	0.6	38788984	15146.044420719147
193	-423.1332	-423.1332	-33.81518	-49.41675	2.7820702	31.3679	-68.31396	-49.416492	0.2	38989983	15210.156171560287
194	-391.35184	-391.35184	-17.439747	-49.413532	2.768176	22.762045	-64.83712	-49.41352	0.3	39190981	15279.573371648788
195	-387.9761	-387.9761	7.4647985	-49.423313	2.7069006	28.76429	-63.69913	-49.423313	0.4	39391981	15346.175770759583
196	-493.8714	-493.8714	-10.662933	-49.411125	2.800531	26.23729	-64.35764	-49.41085	0.3	39592981	15413.178325414658
197	-369.0008	-369.0008	-21.9882	-49.41861	2.7605834	26.621971	-62.001305	-49.418346	0.2	39793981	15475.6060962677
198	-331.49097	-331.49097	-2.155702	-49.417305	2.7691517	33.564342	-62.354416	-49.416935	0.2	39994992	15543.659220457077
199	-289.6044	-289.6044	11.0872345	-49.411087	2.8199136	31.435848	-61.34802	-49.411045	0.3	40195983	15606.332088708878
200	-394.9922	-394.9922	-53.76162	-49.416378	2.8059916	34.76141	-62.113125	-49.41602	0.3	40396982	15667.90822982788
201	-348.3219	-348.3219	-22.379639	-49.42036	2.7459164	37.91408	-63.778755	-49.420124	0.3	40597982	15733.888291835785
202	-346.32315	-346.32315	3.785074	-49.406116	2.7850227	29.459518	-63.97886	-49.405872	0.2	40798981	15798.247076272964
203	-424.72742	-424.72742	-29.372808	-49.420746	2.737674	26.8796	-65.3807	-49.420666	0.3	40999983	15866.77430319786
204	-515.20416	-515.20416	-89.79622	-49.41412	2.7804346	30.573412	-59.239193	-49.413773	0.3	41200982	15931.070639133453
205	-489.49948	-489.49948	-0.38789693	-49.412243	2.7793984	26.417536	-64.47169	-49.41193	0.3	41401985	15996.79293513298
206	-422.66724	-422.66724	-7.747848	-49.41207	2.747939	26.421585	-61.80848	-49.411636	0.3	41602984	16061.139946937561
207	-426.84433	-426.84433	-91.77086	-49.4095	2.7743974	27.894377	-60.655468	-49.40948	0.4	41803986	16123.698549985886
208	-305.15552	-305.15552	12.255184	-49.4088	2.750878	45.82543	-62.31118	-49.40849	0.5	42004987	16185.48257637024
209	-364.53622	-364.53622	-26.423456	-49.408405	2.7891707	22.912611	-60.096573	-49.407608	0.3	42205988	16253.632966518402
210	-302.3694	-302.3694	8.296606	-49.41504	2.746864	40.742676	-64.13955	-49.414978	0.2	42406983	16326.624113082886
211	-327.70105	-327.70105	7.1492357	-49.40693	2.7860649	32.774906	-62.477947	-49.406567	0.4	42607994	16399.607953310013
212	-324.3308	-324.3308	-6.3563995	-49.405266	2.7400732	32.28772	-66.85405	-49.404854	0.1	42808982	16463.0128531456
213	-304.241	-304.241	-5.8099394	-49.404873	2.7697399	40.57405	-61.975452	-49.404663	0.0	43009984	16526.583424568176
214	-444.9469	-444.9469	-73.56848	-49.40092	2.7937708	31.568213	-66.09443	-49.400707	0.4	43210981	16591.646334409714
215	-517.0198	-517.0198	-6.4178715	-49.394245	2.8279352	34.8699	-60.390244	-49.39397	0.3	43411983	16662.569173812866
216	-349.19568	-349.19568	-3.3922727	-49.395435	2.823724	28.10837	-68.88222	-49.395058	0.4	43612982	16729.953246355057
217	-271.76913	-271.76913	-1.6439483	-49.39965	2.7876759	45.485813	-61.553143	-49.399067	0.4	43813982	16800.375074148178
218	-372.85068	-372.85068	5.586809	-49.396694	2.81584	34.084476	-60.937943	-49.396675	0.4	44014982	16864.509490966797
219	-449.62726	-449.62726	-4.6935463	-49.395943	2.7829843	23.225367	-60.831352	-49.395615	0.3	44215982	16932.807740688324
220	-463.684	-463.684	7.436772	-49.389263	2.8519404	34.962414	-61.979664	-49.38899	0.2	44416988	16996.59221816063
221	-361.83414	-361.83414	7.8760924	-49.399944	2.774284	34.950512	-62.539333	-49.399693	0.5	44617982	17060.5256588459
222	-326.58655	-326.58655	0.3305563	-49.392403	2.7757297	23.73184	-63.691868	-49.392143	0.1	44818982	17120.351815462112
223	-324.08826	-324.08826	-57.189213	-49.396694	2.7821004	32.582573	-65.21825	-49.3963	0.4	45019984	17181.02413582802
224	-366.1661	-366.1661	-31.718168	-49.39375	2.807557	42.502815	-60.734406	-49.393215	0.2	45220982	17248.223618507385
225	-336.35474	-336.35474	7.406943	-49.385952	2.850748	28.453232	-61.334476	-49.385796	0.3	45421986	17310.77840232849
226	-372.36142	-372.36142	-0.48018044	-49.390255	2.7811701	30.136114	-62.977295	-49.39004	0.1	45622986	17374.39005589485
227	-356.4764	-356.4764	-46.74132	-49.376404	2.852217	25.67963	-61.94062	-49.375874	0.3	45823986	17437.0585436821
228	-368.89233	-368.89233	3.1509893	-49.38448	2.828017	44.228012	-63.8793	-49.384445	0.1	46024982	17499.050814151764
229	-338.14883	-338.14883	6.10863	-49.38897	2.801274	26.962734	-63.378944	-49.388653	0.3	46225994	17564.96434378624
230	-308.23254	-308.23254	-7.763891	-49.376675	2.857185	34.05516	-61.19923	-49.37644	0.0	46426982	17626.936288118362
231	-261.27213	-261.27213	-42.163876	-49.384308	2.8227727	33.801636	-63.668037	-49.38423	0.5	46627983	17686.807029485703
232	-383.98203	-383.98203	-14.634319	-49.382385	2.8559911	34.574905	-61.31165	-49.381855	0.2	46828998	17746.568960428238
233	-291.28976	-291.28976	-122.32187	-49.38285	2.8327568	36.893677	-67.97228	-49.382496	0.1	47029983	17808.950478315353
234	-259.20468	-259.20468	-107.622604	-49.38041	2.8235474	29.438818	-64.965164	-49.380135	0.2	47230987	17874.462566375732
235	-449.22452	-449.22452	7.149407	-49.37123	2.904826	31.405632	-63.764427	-49.370564	0.1	47431993	17938.83361363411
236	-345.24188	-345.24188	2.0311105	-49.380318	2.8543499	31.022736	-64.710495	-49.380398	0.4	47632985	18000.631893634796
237	-333.83813	-333.83813	-40.22497	-49.377945	2.8684983	31.766302	-65.458984	-49.37748	0.3	47833981	18070.728660345078
238	-295.6358	-295.6358	-4.566061	-49.376324	2.8583615	25.61759	-61.45778	-49.37589	0.4	48034983	18140.593972206116
239	-308.6394	-308.6394	-47.472195	-49.383404	2.8289225	38.96318	-63.36288	-49.383015	0.1	48235985	18211.414707183838
240	-348.40665	-348.40665	-56.114735	-49.36506	2.912234	24.134182	-63.74192	-49.36464	0.5	48436990	18280.432911396027
241	-413.8055	-413.8055	-72.06716	-49.363346	2.916408	23.898817	-65.22883	-49.363125	0.5	48637981	18344.66819524765
242	-338.909	-338.909	-41.50088	-49.37052	2.8691497	29.446732	-60.407425	-49.37007	0.3	48838998	18409.142349481583
243	-280.3246	-280.3246	8.231737	-49.373474	2.8712006	30.63634	-62.79877	-49.37345	0.2	49039982	18469.977422952652
244	-335.06137	-335.06137	8.367623	-49.370544	2.8977337	45.310287	-64.976944	-49.36999	0.0	49240981	18531.279360294342
245	-352.35672	-352.35672	9.435577	-49.37381	2.8927512	30.60668	-61.206352	-49.373775	0.5	49441984	18594.846621990204
246	-238.3369	-238.3369	5.988042	-49.36368	2.909637	21.493626	-64.02822	-49.36325	0.3	49642984	18659.433130264282
247	-295.6987	-295.6987	7.8845897	-49.377464	2.815091	28.482243	-62.496407	-49.37712	0.1	49843982	18727.663093805313
248	-409.45667	-409.45667	-46.61542	-49.364063	2.874213	34.152267	-63.235638	-49.36363	0.3	50044983	18789.562891721725
249	-474.99844	-474.99844	8.449367	-49.366726	2.8973756	28.222794	-64.49766	-49.366825	0.3	50246001	18855.70042037964
250	-354.56442	-354.56442	-62.402695	-49.364456	2.878894	23.305086	-65.52266	-49.36429	0.3	50446989	18917.08154463768
251	-376.45496	-376.45496	-71.03968	-49.365814	2.912312	23.482151	-61.198624	-49.36564	0.3	50647981	18979.095140457153
252	-406.8569	-406.8569	-26.736786	-49.364487	2.923987	39.241955	-61.460278	-49.364437	0.4	50848982	19043.432203531265
253	-314.9526	-314.9526	-93.93977	-49.366528	2.9055235	26.230162	-63.758537	-49.36628	0.1	51049985	19108.915244579315
254	-337.20468	-337.20468	-53.66852	-49.35894	2.911012	29.903326	-72.63783	-49.358734	0.1	51251001	19174.001315832138
255	-348.82278	-348.82278	10.943603	-49.36627	2.9111016	23.203201	-62.92943	-49.36562	0.4	51451989	19234.50757098198
256	-274.2152	-274.2152	-36.59589	-49.368248	2.929156	28.952757	-63.64548	-49.36823	0.1	51653001	19298.929441690445
257	-385.7941	-385.7941	9.933893	-49.371384	2.8636794	43.878304	-64.50191	-49.371216	0.3	51853993	19363.931245565414
258	-361.20642	-361.20642	8.5238905	-49.36035	2.927529	39.598824	-65.23374	-49.36025	0.4	52054983	19430.159244060516
259	-378.29495	-378.29495	10.002764	-49.359695	2.9118772	46.55853	-76.874016	-49.359344	0.3	52255985	19497.992420196533
260	-367.45407	-367.45407	6.329863	-49.35084	2.9611783	32.9148	-64.17099	-49.35043	0.5	52456988	19559.82127904892
261	-353.0839	-353.0839	5.1901436	-49.35465	2.9607701	30.066353	-72.36187	-49.35421	0.1	52657988	19625.12531042099
262	-337.79553	-337.79553	4.820927	-49.3579	2.9326081	32.996162	-66.72114	-49.357586	0.3	52858982	19687.682492733
263	-313.55396	-313.55396	11.186237	-49.35297	2.9443967	24.904657	-65.736694	-49.35315	0.4	53059984	19748.933284521103
264	-370.3143	-370.3143	6.5686646	-49.352806	2.9376655	31.501637	-65.02966	-49.35257	0.2	53260981	19809.323551893234
265	-314.1433	-314.1433	-2.688819	-49.3469	2.9636786	24.10398	-65.05349	-49.34626	0.3	53461981	19868.913603305817
266	-433.3753	-433.3753	5.667973	-49.348507	2.9473593	36.37483	-64.31721	-49.34798	0.2	53662984	19933.91023826599
267	-417.51794	-417.51794	12.331246	-49.33784	3.0227168	36.540688	-74.08408	-49.337868	0.3	53864001	20001.812293291092
268	-359.26117	-359.26117	-63.873795	-49.340023	3.011476	23.95426	-60.54883	-49.33945	0.2	54064987	20064.16395998001
269	-380.9098	-380.9098	7.0354247	-49.34916	2.9662476	33.57061	-64.561516	-49.349087	0.5	54265981	20130.144001960754
270	-281.12878	-281.12878	9.36413	-49.33743	3.00802	45.140297	-63.556732	-49.33737	0.5	54466983	20196.77785897255
271	-306.25275	-306.25275	-28.886726	-49.340996	2.9249883	35.341152	-65.138916	-49.340508	0.2	54667983	20261.792332172394
272	-316.14038	-316.14038	10.443842	-49.347847	2.9427786	24.707958	-67.881386	-49.34757	0.5	54868982	20325.786947727203
273	-412.1637	-412.1637	4.1880736	-49.348183	2.9417434	34.454132	-67.42906	-49.347794	0.3	55069982	20393.09191584587
274	-289.2884	-289.2884	2.9242218	-49.33004	3.034048	34.492416	-66.784485	-49.33007	0.1	55270981	20459.09212565422
275	-277.0151	-277.0151	-98.05998	-49.33014	3.010878	40.750614	-63.51511	-49.329975	0.2	55471988	20525.744147777557
276	-443.87137	-443.87137	8.393416	-49.341354	2.9872127	24.351599	-80.105125	-49.341022	0.4	55672987	20590.148456573486
277	-232.29877	-232.29877	-33.439087	-49.335644	2.9757235	43.418907	-62.058502	-49.335415	0.4	55873983	20660.996109247208
278	-263.18286	-263.18286	10.30143	-49.33394	2.975392	28.304565	-63.96504	-49.333385	0.5	56074983	20722.593683481216
279	-314.45688	-314.45688	6.4281893	-49.329765	2.9884775	40.041348	-65.422195	-49.32949	0.4	56275981	20785.912989377975
280	-382.7461	-382.7461	7.7285366	-49.326145	2.9785686	32.225403	-64.76099	-49.32538	0.2	56476992	20846.891225099564
281	-349.03116	-349.03116	-27.030413	-49.32561	3.0181208	32.263165	-69.31693	-49.325665	0.2	56677985	20908.29180407524
282	-418.34628	-418.34628	-3.6466463	-49.321392	3.0047736	24.278175	-69.34857	-49.32129	0.2	56878988	20972.270892858505
283	-390.52863	-390.52863	-77.49503	-49.327835	2.9916003	25.796824	-68.9464	-49.32733	0.1	57079982	21035.042184352875
284	-369.00598	-369.00598	10.764687	-49.31441	3.0362947	34.402897	-64.418465	-49.314133	0.3	57281001	21096.443430185318
285	-362.68066	-362.68066	-2.0619798	-49.32305	2.9939127	33.02282	-63.17295	-49.32276	0.5	57481984	21160.68860244751
286	-350.12427	-350.12427	4.6423697	-49.32196	2.9772813	33.15301	-65.48124	-49.32179	0.1	57683001	21221.772304058075
287	-379.90286	-379.90286	5.7866597	-49.317566	3.0285375	44.808956	-67.1863	-49.317474	0.3	57883984	21284.462010622025
288	-399.904	-399.904	-2.264135	-49.31945	3.0193095	29.668161	-62.895397	-49.319004	0.3	58084987	21353.374611377716
289	-289.7921	-289.7921	2.2716377	-49.323387	2.9880211	24.198643	-67.836174	-49.323376	0.2	58286001	21419.0884411335
290	-361.99634	-361.99634	3.907087	-49.325527	2.9637423	40.570377	-67.88394	-49.32531	0.3	58487001	21481.210666894913
291	-331.3227	-331.3227	3.26923	-49.31354	3.0282004	30.684671	-62.648636	-49.312977	0.3	58688001	21542.901484966278
292	-380.47125	-380.47125	-32.233646	-49.325867	2.9893124	24.043667	-64.90486	-49.325264	0.4	58888990	21604.46324825287
293	-260.58603	-260.58603	3.3168557	-49.313026	3.0497403	37.316452	-63.548374	-49.312874	0.2	59089981	21668.102797031403
294	-284.01712	-284.01712	-14.350916	-49.30757	3.0183032	23.909796	-66.886856	-49.307312	0.2	59290982	21734.07429599762
295	-349.0109	-349.0109	9.357612	-49.305984	3.0453615	24.239077	-68.03837	-49.305733	0.6	59491986	21796.017278909683
296	-302.82837	-302.82837	7.5607314	-49.30523	3.020814	23.447681	-66.07532	-49.304848	0.1	59692984	21858.43411231041
297	-326.14636	-326.14636	11.490255	-49.30194	3.0368981	45.49237	-63.953144	-49.301662	0.1	59893982	21923.66671681404
298	-308.43893	-308.43893	7.0925794	-49.300095	3.0888183	30.611177	-70.58585	-49.299572	0.5	60094987	21988.955808401108
299	-308.84985	-308.84985	6.20899	-49.299667	3.0213194	32.29933	-66.952515	-49.29931	0.3	60295983	22054.205980300903
300	-327.6598	-327.6598	-27.490246	-49.299904	3.0847461	28.671139	-62.26235	-49.299625	0.5	60497001	22119.569486379623
301	-400.92944	-400.92944	8.396645	-49.306026	3.024303	59.057934	-67.42166	-49.30544	0.4	60697982	22189.856947422028
302	-303.7713	-303.7713	-19.867296	-49.296124	3.0823052	28.992476	-66.51614	-49.295876	0.3	60899001	22260.279088497162
303	-363.94263	-363.94263	-3.3860986	-49.300846	3.023801	26.718609	-63.744873	-49.300335	0.4	61100001	22330.938353061676
304	-314.70132	-314.70132	-24.57337	-49.298893	3.0225163	32.46727	-65.47686	-49.298874	0.1	61300981	22402.09949350357
305	-338.63828	-338.63828	6.8421555	-49.29327	3.074994	31.896544	-66.94387	-49.292435	0.3	61501990	22468.646593809128
306	-355.4361	-355.4361	8.00994	-49.290745	3.052866	26.281387	-64.36408	-49.29037	0.2	61702982	22529.536457061768
307	-269.7896	-269.7896	3.2018578	-49.283432	3.1006262	35.31863	-70.659294	-49.2827	0.3	61903989	22591.442896842957
308	-281.2826	-281.2826	9.541247	-49.286133	3.1129036	36.282616	-63.298977	-49.28567	0.8	62104996	22658.37536096573
309	-304.091	-304.091	5.3187046	-49.268738	3.159691	25.826698	-65.04518	-49.268723	0.6	62305981	22724.436449289322
310	-275.8388	-275.8388	2.129014	-49.291294	3.06079	37.124844	-61.72537	-49.290733	0.4	62506983	22784.633316278458
311	-368.98956	-368.98956	8.0398855	-49.28327	3.1043081	33.86653	-65.46477	-49.283207	0.2	62707981	22849.8197889328
312	-299.84937	-299.84937	10.312707	-49.278603	3.1007946	35.8864	-70.769066	-49.277916	0.4	62908989	22920.581064224243
313	-360.9888	-360.9888	-25.8476	-49.27709	3.1394415	29.895388	-66.10353	-49.27659	0.2	63110001	22987.104622125626
314	-287.23987	-287.23987	8.067411	-49.281612	3.0918458	26.997927	-69.54412	-49.281345	0.4	63310992	23047.840072155
315	-306.48273	-306.48273	9.815991	-49.285748	3.079782	26.428535	-66.751076	-49.284687	0.3	63511986	23113.269541502
316	-223.11707	-223.11707	-99.34404	-49.280067	3.10479	51.298164	-68.40626	-49.279938	0.3	63712989	23179.59827232361
317	-329.53262	-329.53262	6.1639385	-49.283844	3.0698912	29.093334	-68.31417	-49.283	0.4	63913985	23243.24111032486
318	-414.42902	-414.42902	-117.43394	-49.27672	3.1154625	25.345863	-65.77418	-49.276676	0.5	64114989	23308.56923532486
319	-378.51468	-378.51468	9.799805	-49.278625	3.1230445	27.718328	-79.49162	-49.278313	0.7	64315984	23382.292776346207
320	-314.89606	-314.89606	-0.58426595	-49.277138	3.1122499	54.176064	-67.75614	-49.276398	0.2	64517001	23450.963485240936
321	-331.77652	-331.77652	8.487885	-49.271626	3.1034455	54.59282	-64.478775	-49.271168	0.4	64717982	23512.756861448288
322	-285.56577	-285.56577	-20.241625	-49.262436	3.1522777	34.597767	-62.660305	-49.262146	0.2	64918981	23577.15113568306
323	-290.25058	-290.25058	-140.5309	-49.266018	3.178128	42.246204	-65.48731	-49.264977	0.0	65119981	23642.817021369934
324	-352.95172	-352.95172	-19.88486	-49.27289	3.1030345	46.320663	-64.401596	-49.272797	0.0	65320983	23707.314242124557
325	-429.65323	-429.65323	-88.88099	-49.269737	3.148361	26.776596	-67.26831	-49.26915	0.3	65521983	23769.82110977173
326	-276.65723	-276.65723	10.469283	-49.25232	3.1966622	33.809963	-64.67555	-49.251865	0.7	65722983	23833.626568317413
327	-323.14044	-323.14044	10.688294	-49.26768	3.138793	31.036373	-71.26793	-49.26735	0.6	65923985	23897.58998823166
328	-350.3592	-350.3592	9.295226	-49.259018	3.1624515	38.380222	-68.15165	-49.259014	0.4	66124985	23963.080981492996
329	-322.88965	-322.88965	9.153469	-49.25363	3.1567473	65.27447	-68.35794	-49.252575	0.5	66325983	24032.786847114563
330	-285.44034	-285.44034	-23.875023	-49.256832	3.1689076	31.337807	-65.58767	-49.256702	0.5	66526982	24099.110023498535
331	-322.4148	-322.4148	-41.11857	-49.24893	3.1960483	33.137386	-65.253006	-49.248447	0.4	66728001	24170.617874383926
332	-422.32895	-422.32895	-20.339407	-49.251015	3.1802008	35.554512	-71.32544	-49.250473	0.5	66928985	24236.787160396576
333	-311.8668	-311.8668	-8.625004	-49.24244	3.2094283	32.333206	-67.2892	-49.24209	0.3	67130001	24301.421006917953
334	-357.41522	-357.41522	-19.955118	-49.245388	3.1581469	29.52138	-67.51633	-49.24494	0.5	67330982	24367.02675485611
335	-335.91736	-335.91736	8.846986	-49.24569	3.187617	60.192036	-70.37421	-49.244736	0.4	67531982	24433.30379676819
336	-341.52847	-341.52847	8.765556	-49.23368	3.2424264	40.610905	-68.89101	-49.23371	0.5	67732981	24499.97061395645
337	-370.20148	-370.20148	7.7970047	-49.22857	3.2135682	56.15091	-67.104065	-49.227818	0.2	67934001	24563.126339912415
338	-408.43817	-408.43817	10.005499	-49.23538	3.2153332	37.404907	-64.587135	-49.23472	0.4	68134983	24627.882767915726
339	-235.50172	-235.50172	11.138262	-49.23866	3.2204857	33.15202	-67.84501	-49.238026	0.6	68335983	24690.914111852646
340	-336.01462	-336.01462	4.273098	-49.22976	3.2076561	43.511765	-65.495125	-49.22892	0.3	68536982	24753.353127241135
341	-306.10437	-306.10437	-82.22333	-49.222065	3.2412345	33.27073	-64.00796	-49.222027	0.5	68737987	24815.083702087402
342	-282.49756	-282.49756	-68.730415	-49.229282	3.232446	34.462868	-69.74847	-49.228558	0.5	68938989	24876.4844622612
343	-340.6184	-340.6184	9.260385	-49.221245	3.2572837	29.025135	-63.740437	-49.220825	0.3	69139995	24939.003167629242
344	-283.36862	-283.36862	7.661253	-49.22026	3.2842124	29.337496	-69.9768	-49.21967	0.5	69340983	25000.078160762787
345	-270.79984	-270.79984	10.65787	-49.219208	3.2476416	43.426495	-63.35667	-49.218174	0.7	69541982	25060.893950223923
346	-350.51273	-350.51273	10.141185	-49.211254	3.2813487	31.33766	-65.53275	-49.210785	0.5	69742983	25121.610635757446
347	-382.1427	-382.1427	-102.42422	-49.21871	3.2708015	28.560957	-66.22904	-49.217953	0.1	69943984	25181.8645093441
348	-419.69034	-419.69034	2.2399075	-49.22316	3.2519655	22.755287	-68.68301	-49.222713	0.6	70144987	25242.401947021484
349	-378.38782	-378.38782	-62.252487	-49.221897	3.2792153	22.50755	-69.44262	-49.22109	0.6	70345982	25302.789524793625
350	-257.07404	-257.07404	-48.213905	-49.21023	3.261806	33.4125	-68.59297	-49.209454	0.4	70546983	25363.73423743248
351	-332.7079	-332.7079	8.823815	-49.216217	3.253628	63.65192	-66.40512	-49.21563	0.4	70747985	25424.383340358734
352	-378.1804	-378.1804	8.204682	-49.221943	3.2433448	22.834972	-68.78918	-49.221386	0.5	70949001	25485.20349097252
353	-274.25607	-274.25607	11.818799	-49.210033	3.3002853	27.463104	-68.97131	-49.209156	0.6	71150001	25546.521302461624
354	-248.11342	-248.11342	5.8525786	-49.20986	3.2673838	32.835415	-65.96571	-49.209442	0.4	71350984	25605.41690802574
355	-401.80203	-401.80203	8.577515	-49.192043	3.3504484	26.970577	-68.887	-49.19084	0.5	71551984	25664.681629419327
356	-313.5114	-313.5114	11.667035	-49.19891	3.3263378	32.071438	-63.74286	-49.198402	0.8	71752983	25723.404527902603
357	-288.76373	-288.76373	7.8069324	-49.21475	3.2484443	25.266174	-68.87561	-49.21404	0.2	71953983	25782.39953327179
358	-316.5841	-316.5841	9.766527	-49.215855	3.2582834	55.700413	-67.74387	-49.215374	0.3	72154983	25842.168739318848
359	-371.88895	-371.88895	-78.19359	-49.204655	3.3134882	32.92706	-71.125435	-49.204304	0.5	72355984	25901.32062983513
360	-344.46356	-344.46356	9.679025	-49.198803	3.3194306	26.733536	-68.54439	-49.198006	0.7	72556992	25960.23512363434
361	-323.00095	-323.00095	8.473209	-49.19619	3.3211844	34.302067	-69.68443	-49.195896	0.3	72757984	26018.94286298752
362	-301.1872	-301.1872	-163.91461	-49.200893	3.2837026	60.17635	-66.79974	-49.200096	0.3	72958983	26077.969202041626
363	-261.6008	-261.6008	7.6520905	-49.201992	3.2900195	40.393085	-70.29283	-49.20195	0.7	73159984	26136.41576552391
364	-302.23865	-302.23865	6.600758	-49.18629	3.3279452	55.28353	-67.17359	-49.185463	0.5	73361001	26195.578100442886
365	-356.8894	-356.8894	6.2456646	-49.195683	3.3187819	30.63872	-68.87294	-49.19526	0.4	73561986	26254.754942893982
366	-367.26038	-367.26038	10.163835	-49.197712	3.2993968	39.753742	-70.52517	-49.197357	0.6	73762994	26314.18550491333
367	-342.8217	-342.8217	9.638748	-49.198452	3.3085818	23.788733	-64.36731	-49.197716	0.6	73963984	26373.609337329865
368	-319.39294	-319.39294	-101.79053	-49.18955	3.367471	34.39804	-67.48808	-49.188766	0.3	74164986	26432.964323997498
369	-295.0094	-295.0094	8.514602	-49.1945	3.3154893	26.251198	-71.56569	-49.1938	0.4	74365982	26492.18945789337
370	-292.53632	-292.53632	-37.984158	-49.19253	3.3040557	39.09076	-67.948425	-49.19243	0.6	74566989	26551.991213321686
371	-279.45844	-279.45844	10.765571	-49.179867	3.3363676	26.278934	-68.53473	-49.17911	0.8	74767981	26610.653835058212
372	-313.9881	-313.9881	11.208493	-49.18017	3.3470984	33.36325	-65.27463	-49.178936	0.7	74968983	26669.982649326324
373	-451.2037	-451.2037	7.6601696	-49.186672	3.3381178	32.169964	-69.999146	-49.18687	0.5	75170001	26729.86966729164
374	-287.29358	-287.29358	-33.684383	-49.185078	3.2869115	30.266539	-74.05662	-49.183857	0.5	75370984	26789.38162612915
375	-307.98715	-307.98715	12.121346	-49.16345	3.3889074	31.469172	-65.34555	-49.163013	0.5	75571990	26848.7649204731
376	-340.20496	-340.20496	7.9532914	-49.18126	3.336854	36.793903	-68.46541	-49.17979	0.4	75772985	26907.97270321846
377	-333.15305	-333.15305	10.343304	-49.163483	3.3694108	27.728296	-69.25163	-49.16316	0.5	75973991	26967.51095557213
378	-290.04773	-290.04773	9.138196	-49.16613	3.3778744	29.561367	-66.67566	-49.165367	0.6	76174982	27026.923770189285
379	-404.5257	-404.5257	10.378611	-49.155132	3.421573	42.024937	-68.59827	-49.154602	0.5	76375990	27086.125027894974
380	-333.42133	-333.42133	-70.31739	-49.16116	3.3845878	30.586414	-70.48217	-49.161114	0.2	76576981	27145.591976881027
381	-392.35297	-392.35297	9.609555	-49.163616	3.3530896	26.477568	-66.1632	-49.16287	0.3	76777983	27205.085232257843
382	-270.21353	-270.21353	6.3512297	-49.158813	3.408214	25.708267	-73.039764	-49.158237	0.2	76978999	27264.525635242462
383	-294.6741	-294.6741	10.852935	-49.152885	3.4137595	29.056698	-65.83393	-49.152336	0.4	77179985	27323.664851903915
384	-371.84683	-371.84683	11.070065	-49.155373	3.3646812	38.058655	-66.79909	-49.154785	0.5	77381001	27382.59865117073
385	-351.34888	-351.34888	-49.79082	-49.143078	3.4535937	28.529037	-71.73865	-49.14209	0.6	77581983	27441.809365272522
386	-325.05685	-325.05685	10.232673	-49.149628	3.3997293	26.511509	-71.598	-49.148678	0.7	77783001	27501.416295051575
387	-269.17654	-269.17654	10.76068	-49.143078	3.4189065	41.42664	-66.38586	-49.14257	0.4	77983986	27560.603991031647
388	-394.26196	-394.26196	-44.972374	-49.148857	3.3916948	33.571045	-67.2462	-49.14821	0.3	78184999	27619.849880695343
389	-268.93915	-268.93915	10.907769	-49.153606	3.4059007	38.22797	-66.80386	-49.153057	0.8	78385997	27679.94118666649
390	-270.56897	-270.56897	-21.88292	-49.130966	3.4325674	22.5566	-68.47522	-49.13069	0.6	78586983	27740.289041519165
391	-450.3109	-450.3109	11.347284	-49.132584	3.4739106	32.875183	-68.54387	-49.13162	0.7	78787983	27799.922559976578
392	-313.78314	-313.78314	10.583085	-49.140396	3.427953	33.75488	-68.60963	-49.139698	0.7	78988984	27859.140426397324
393	-260.79248	-260.79248	6.2090254	-49.133034	3.4273422	19.872396	-71.26604	-49.132442	0.5	79189987	27918.342732429504
394	-404.15555	-404.15555	9.650186	-49.135277	3.4317522	29.370827	-65.438774	-49.134182	0.9	79390990	27977.98625421524
395	-399.55145	-399.55145	-43.4146	-49.142273	3.4092698	35.151535	-66.55448	-49.141426	0.7	79591981	28037.191252231598
396	-316.84796	-316.84796	-34.575436	-49.12854	3.4892328	24.441082	-73.288826	-49.128044	0.6	79792997	28096.24637389183
397	-285.07373	-285.07373	9.026218	-49.13259	3.449096	27.792809	-68.16081	-49.13223	0.5	79993982	28155.124050617218
398	-279.26892	-279.26892	10.097144	-49.13125	3.417941	25.457699	-67.61003	-49.13002	0.6	80194983	28214.032522201538
399	-365.63742	-365.63742	10.805867	-49.118343	3.492428	38.208202	-66.30304	-49.11787	0.5	80395994	28272.911546468735
400	-279.14062	-279.14062	8.12735	-49.115658	3.4926655	28.586908	-71.22875	-49.11446	0.5	80596982	28332.10978460312
401	-302.01065	-302.01065	7.199081	-49.115444	3.4885716	26.794462	-64.19336	-49.114956	0.5	80798001	28391.956626415253
402	-344.15857	-344.15857	-37.67331	-49.1227	3.449277	39.901817	-66.048546	-49.12175	0.3	80998983	28451.060131549835
403	-264.58945	-264.58945	9.203857	-49.116264	3.5118692	41.889935	-72.66576	-49.115665	0.5	81199986	28510.28396821022
404	-236.44029	-236.44029	-5.1969857	-49.109966	3.4810567	29.440237	-76.653015	-49.109306	0.9	81400983	28569.53719520569
405	-355.76456	-355.76456	7.9885573	-49.102226	3.5180871	31.644587	-68.417595	-49.101395	0.6	81602001	28628.96080327034
406	-292.72452	-292.72452	-127.13665	-49.114033	3.493261	34.18969	-67.65899	-49.113197	0.3	81802989	28688.27142047882
407	-336.9042	-336.9042	9.079791	-49.1217	3.4632642	24.60209	-66.71347	-49.12077	0.7	82003983	28747.575670719147
408	-353.44415	-353.44415	8.068419	-49.11607	3.461486	33.641045	-80.52937	-49.115463	0.3	82204984	28806.948843717575
409	-349.74634	-349.74634	11.658568	-49.104404	3.53344	24.62498	-68.57709	-49.103653	0.4	82406001	28865.958028554916
410	-339.6069	-339.6069	-28.731085	-49.11576	3.4966555	28.76701	-67.99408	-49.1152	0.5	82606983	28925.525965213776
411	-368.24	-368.24	-69.32627	-49.11459	3.5092187	28.086016	-69.64258	-49.114197	0.8	82808001	28984.993013381958
412	-320.0026	-320.0026	10.774944	-49.110764	3.4674022	24.062252	-66.78622	-49.110165	0.6	83008984	29044.600729703903
413	-336.8402	-336.8402	-37.65311	-49.107548	3.5000277	52.460396	-67.902855	-49.106007	0.7	83209987	29104.101630449295
414	-332.3232	-332.3232	10.543548	-49.11288	3.4927619	26.685644	-67.64006	-49.112988	0.6	83410985	29163.10572719574
415	-350.06937	-350.06937	9.171087	-49.099216	3.5344641	28.742277	-69.43306	-49.09812	0.7	83611984	29221.973432064056
416	-334.65527	-334.65527	8.65994	-49.098267	3.5252132	39.679447	-71.337425	-49.09741	0.7	83812985	29281.164717674255
417	-352.57138	-352.57138	9.444302	-49.078148	3.6199887	27.337427	-72.742485	-49.077335	0.6	84013982	29340.394318580627
418	-324.58206	-324.58206	-53.08119	-49.1045	3.493251	23.84196	-67.34613	-49.103718	0.2	84214994	29399.44229364395
419	-289.98727	-289.98727	-26.654638	-49.10398	3.5073557	27.173159	-69.9599	-49.103527	0.6	84415982	29458.85263800621
420	-334.19327	-334.19327	7.298186	-49.098614	3.5282924	26.72152	-64.33039	-49.0978	0.3	84617001	29517.828984498978
421	-373.99683	-373.99683	5.7070403	-49.095676	3.5249119	23.069525	-71.437614	-49.0949	0.6	84817985	29576.83974814415
422	-289.42126	-289.42126	9.271834	-49.091732	3.5819364	33.033066	-72.52525	-49.091343	0.8	85018985	29635.639991044998
423	-250.64558	-250.64558	8.258489	-49.091	3.5434034	21.757496	-72.654526	-49.090557	0.4	85219983	29694.155241250992
424	-303.22833	-303.22833	10.669528	-49.080467	3.5693507	29.439682	-67.01374	-49.079716	0.5	85420983	29753.438499212265
425	-347.19257	-347.19257	-69.00699	-49.082043	3.550172	29.032867	-75.63196	-49.081203	0.4	85621992	29812.6127743721
426	-275.52634	-275.52634	9.167297	-49.08508	3.571375	30.547674	-69.15915	-49.08497	0.6	85822983	29871.527262449265
427	-275.7715	-275.7715	-23.107395	-49.084026	3.560326	24.059977	-66.08408	-49.083885	0.6	86023982	29930.64426589012
428	-290.3791	-290.3791	9.70061	-49.08335	3.5788593	29.559616	-69.32339	-49.082027	0.8	86224987	29989.729627132416
429	-245.72302	-245.72302	7.341147	-49.06442	3.6132345	24.342476	-67.30344	-49.06352	0.9	86425987	30048.258232355118
430	-293.0155	-293.0155	-36.873264	-49.079098	3.5555952	42.984013	-72.32925	-49.07855	0.6	86626982	30106.720914125443
431	-285.71042	-285.71042	7.301619	-49.063244	3.6093605	32.50028	-71.32894	-49.062866	0.4	86827988	30165.731105804443
432	-373.72437	-373.72437	9.506711	-49.065582	3.6359186	31.446491	-72.185936	-49.064423	0.9	87028981	30225.367510795593
433	-448.2539	-448.2539	-33.55818	-49.067314	3.616131	38.483425	-68.65682	-49.06624	0.3	87230001	30284.814250469208
434	-292.07397	-292.07397	10.22725	-49.068233	3.5839689	34.149185	-73.027596	-49.067886	0.3	87430998	30343.856516122818
435	-380.90942	-380.90942	5.039061	-49.07563	3.5674639	27.866043	-77.979515	-49.074757	0.5	87631985	30403.039751291275
436	-347.0607	-347.0607	-72.66564	-49.06396	3.5989087	30.96096	-67.4784	-49.06295	0.4	87832984	30462.494355916977
437	-298.5214	-298.5214	11.915249	-49.067844	3.5745947	29.09658	-66.607254	-49.067875	0.8	88033984	30521.83685207367
438	-322.45004	-322.45004	9.26261	-49.069366	3.5839527	24.01021	-72.19452	-49.068054	0.4	88234982	30581.364403009415
439	-274.35797	-274.35797	8.255039	-49.053154	3.6495154	28.20968	-68.62616	-49.052303	0.8	88435981	30641.449045419693
440	-330.92288	-330.92288	6.245253	-49.059624	3.6191697	25.238514	-65.92073	-49.059017	0.4	88636991	30701.698410749435
441	-338.63416	-338.63416	-15.523681	-49.04482	3.6539493	28.269758	-69.36882	-49.043655	0.4	88837997	30761.776258468628
442	-330.25555	-330.25555	8.971267	-49.05029	3.6600668	29.294655	-70.58111	-49.050495	0.6	89038993	30821.265825748444
443	-324.9181	-324.9181	11.949005	-49.049534	3.6431715	28.78141	-74.59326	-49.04835	0.8	89239981	30880.282881736755
444	-354.94434	-354.94434	8.194422	-49.0373	3.649702	30.105309	-67.883316	-49.036396	0.5	89440983	30939.561534404755
445	-379.39667	-379.39667	10.002027	-49.057213	3.5948024	29.321955	-71.836296	-49.056618	0.5	89642001	30998.78618621826
446	-270.18616	-270.18616	-26.978432	-49.048626	3.583717	25.70367	-70.50044	-49.04776	0.3	89842994	31058.018092155457
447	-362.67764	-362.67764	8.236728	-49.04603	3.6343508	34.870674	-71.183426	-49.044994	0.6	90043992	31117.143997192383
448	-319.27417	-319.27417	-59.14055	-49.042465	3.6241648	23.09499	-75.10006	-49.041794	0.5	90244993	31175.84839963913
449	-252.77023	-252.77023	-31.97279	-49.020947	3.6927776	28.354141	-69.135895	-49.02007	0.6	90445988	31235.148226737976
450	-238.14783	-238.14783	-17.837194	-49.034565	3.6249413	24.023542	-66.530334	-49.033367	0.8	90646985	31295.985125780106
451	-246.70148	-246.70148	9.714524	-49.035656	3.6116548	26.9582	-77.35089	-49.03429	0.8	90847983	31355.830038547516
452	-349.02298	-349.02298	9.8489065	-49.032974	3.6492176	22.696768	-70.06379	-49.031864	0.6	91049001	31415.157910823822
453	-336.77036	-336.77036	6.3536973	-49.02357	3.6542687	24.40996	-71.64651	-49.02273	0.5	91249984	31475.491837978363
454	-295.107	-295.107	-68.61234	-49.03054	3.658336	32.164154	-73.21756	-49.03001	0.7	91450983	31534.724697828293
455	-259.84964	-259.84964	-8.974028	-49.04293	3.6032286	25.873838	-69.18336	-49.042343	0.5	91651983	31593.80518078804
456	-263.52884	-263.52884	10.983151	-49.020756	3.6911464	23.56523	-72.1373	-49.01947	0.9	91852986	31653.07214999199
457	-267.01355	-267.01355	9.734475	-49.008488	3.7269888	27.136072	-71.19333	-49.00825	0.4	92053983	31712.66468644142
458	-316.52872	-316.52872	8.772785	-49.032127	3.6341105	32.37866	-75.92349	-49.0309	0.4	92255001	31772.24907517433
459	-283.59967	-283.59967	8.582612	-49.02151	3.6666694	26.073568	-67.337524	-49.02078	0.5	92455982	31831.55923128128
460	-332.1277	-332.1277	9.62098	-49.011856	3.7173893	30.81057	-82.45698	-49.0109	0.7	92656991	31890.20300078392
461	-353.58423	-353.58423	7.3037443	-49.025665	3.6594245	35.366608	-70.10817	-49.024666	0.5	92857987	31949.004605293274
462	-450.8031	-450.8031	-29.008293	-49.016834	3.6855426	33.625504	-67.96422	-49.015923	0.7	93058984	32008.232475042343
463	-232.9837	-232.9837	8.369052	-49.012726	3.6755853	24.62742	-75.74471	-49.01198	0.4	93259988	32066.95635509491
464	-445.5399	-445.5399	-23.289448	-48.9955	3.7483003	26.943153	-71.7405	-48.995052	0.5	93461001	32126.49790596962
465	-337.47952	-337.47952	8.651207	-48.999992	3.692067	41.19053	-85.58568	-48.99866	0.8	93661991	32185.23939347267
466	-246.00063	-246.00063	4.6476173	-48.993946	3.7600904	24.241764	-76.798996	-48.993076	0.5	93862985	32243.99434518814
467	-366.08716	-366.08716	8.867562	-48.992577	3.7502344	23.810715	-68.76346	-48.99202	0.7	94064001	32302.759763002396
468	-334.42648	-334.42648	8.755813	-48.99863	3.7463894	26.98013	-75.39594	-48.99761	0.5	94264984	32361.974893331528
469	-360.88904	-360.88904	11.314694	-49.008537	3.6883245	57.105698	-69.58837	-49.007698	0.7	94465985	32421.933523893356
470	-326.5151	-326.5151	-6.210196	-48.99569	3.7190337	37.577454	-75.81353	-48.994064	0.7	94666982	32480.977869033813
471	-351.96	-351.96	9.312597	-48.987526	3.782735	37.060356	-71.63857	-48.986317	0.9	94867988	32539.58856320381
472	-301.45862	-301.45862	6.422548	-48.988663	3.7523904	28.910856	-82.49488	-48.98854	0.4	95068990	32598.388108730316
473	-335.78333	-335.78333	12.380414	-48.98787	3.7343395	30.079676	-70.92386	-48.98654	0.7	95269988	32657.64684510231
474	-344.83096	-344.83096	4.5749702	-48.990456	3.712325	37.479244	-73.64779	-48.989643	0.4	95470995	32716.35395026207
475	-303.86926	-303.86926	-35.14487	-48.967487	3.8107579	28.435575	-69.89612	-48.96663	0.5	95671991	32775.7441034317
476	-314.68878	-314.68878	11.342416	-48.969944	3.801947	25.445553	-71.15358	-48.96894	0.7	95872999	32834.8678894043
477	-265.56064	-265.56064	12.929992	-48.98388	3.7747443	28.848822	-73.970825	-48.983093	0.7	96073982	32894.17313194275
478	-278.1449	-278.1449	11.280932	-48.982304	3.7398808	33.63601	-75.90249	-48.981438	0.3	96274990	32953.40766739845
479	-345.42996	-345.42996	7.889986	-48.981598	3.7460768	33.442146	-75.58578	-48.98057	0.9	96475982	33012.33893799782
480	-291.92804	-291.92804	12.717167	-48.978714	3.7834246	28.370094	-79.89859	-48.97724	0.5	96676991	33071.271424770355
481	-283.9303	-283.9303	10.38849	-48.9668	3.8048735	27.329247	-69.63187	-48.965923	0.7	96878001	33130.16504621506
482	-476.21558	-476.21558	7.5833964	-48.960003	3.8519359	34.29118	-72.37608	-48.959858	0.7	97078992	33189.1282453537
483	-354.76453	-354.76453	10.898471	-48.9693	3.7789488	26.658764	-80.79148	-48.96801	0.9	97279983	33247.8467438221
484	-355.5891	-355.5891	12.917861	-48.976234	3.7764835	41.23057	-72.59505	-48.97498	0.6	97480984	33306.36477804184
485	-318.49103	-318.49103	9.969429	-48.97792	3.7776656	32.616295	-74.831566	-48.97706	0.3	97681981	33365.99746656418
486	-442.1534	-442.1534	-8.412452	-48.96502	3.8001637	61.542233	-81.31582	-48.964188	0.5	97882991	33425.12849235535
487	-214.40932	-214.40932	-63.22664	-48.964397	3.827611	23.76642	-72.09498	-48.963863	0.7	98083984	33484.19909977913
488	-261.64194	-261.64194	9.987617	-48.945824	3.856313	28.460308	-80.95447	-48.944283	0.6	98284986	33543.37024092674
489	-256.05737	-256.05737	9.777348	-48.950493	3.8238661	22.775808	-69.414734	-48.94982	0.5	98485996	33602.31933546066
490	-226.992	-226.992	8.635368	-48.965336	3.8026476	27.90713	-70.99945	-48.964504	0.4	98686986	33660.95488023758
491	-284.2527	-284.2527	6.462663	-48.954887	3.8392391	26.256493	-71.28023	-48.953884	0.6	98887985	33719.69534778595
492	-283.5391	-283.5391	9.916793	-48.956562	3.824887	26.518915	-74.832115	-48.955765	0.5	99088983	33779.18369746208
493	-386.76984	-386.76984	10.3779335	-48.930397	3.885599	25.048338	-75.800896	-48.928913	0.7	99289983	33838.36123919487
494	-268.20993	-268.20993	11.9339695	-48.935154	3.8510458	24.576021	-72.62891	-48.93368	0.9	99490988	33896.81180858612
495	-343.01428	-343.01428	-40.391056	-48.93508	3.863157	37.40137	-71.539825	-48.934364	0.2	99691987	33955.78541827202
496	-315.25424	-315.25424	8.928396	-48.932106	3.909073	31.189445	-96.52105	-48.930943	0.6	99893001	34014.79847455025
497	-289.3292	-289.3292	8.221632	-48.94935	3.829051	24.096148	-72.404434	-48.94848	0.4	100094001	34073.65629839897
498	-266.15887	-266.15887	8.985636	-48.937046	3.8394089	27.391039	-67.27588	-48.935646	0.9	100294983	34132.32611656189
499	-379.14392	-379.14392	12.2382145	-48.963882	3.814229	28.329594	-81.38069	-48.96254	0.5	100495991	34192.059284448624
