Epoch	EpRet	EpRealRet	TestEpRet	AverageQ1	StdQ1	MaxQ1	MinQ1	Q2	TestSuccess	TotalEnvInteracts	TotalTime
0	-647.2028	-647.2028	-446.1416	-42.948093	11.415196	15.068862	-92.29088	-42.99029	0.0	196991	113.24059009552002
1	-633.4712	-633.4712	-405.97415	-42.098736	14.188778	20.382614	-73.96623	-42.099243	0.0	397991	235.46158719062805
2	-653.73615	-653.73615	-523.41364	-43.750427	12.780249	11.251277	-77.62186	-43.747055	0.0	598991	351.2490327358246
3	-600.4098	-600.4098	-415.7931	-43.644073	12.919772	14.939951	-79.60776	-43.64235	0.0	799991	467.52893567085266
4	-613.4654	-613.4654	-583.81335	-43.25788	13.498096	14.864703	-78.17117	-43.256546	0.0	1000991	587.4761996269226
5	-634.7135	-634.7135	-396.24246	-43.92439	12.8319235	19.821814	-70.40117	-43.924625	0.0	1201991	707.9957313537598
6	-564.89404	-564.89404	-436.89493	-44.486217	12.074314	21.955544	-78.128265	-44.48569	0.0	1402991	827.4841642379761
7	-659.99	-659.99	-530.8456	-44.343014	12.224027	18.49306	-73.99489	-44.340508	0.0	1603991	941.8487811088562
8	-607.1132	-607.1132	-406.68683	-44.638634	11.813977	16.31418	-68.4903	-44.6376	0.0	1804991	1063.6409859657288
9	-559.7941	-559.7941	-641.83923	-44.72634	11.59445	16.22262	-67.329124	-44.724186	0.0	2005991	1181.6699483394623
10	-566.6653	-566.6653	-495.8031	-44.761898	11.50276	48.23735	-66.936775	-44.75932	0.0	2206991	1300.7222964763641
11	-636.1415	-636.1415	-481.2174	-44.957867	11.220302	13.151057	-66.7382	-44.957043	0.0	2407991	1419.5511498451233
12	-584.7869	-584.7869	-496.1369	-45.100784	11.004441	19.952015	-73.240685	-45.09773	0.0	2608991	1539.3598444461823
13	-586.56024	-586.56024	-524.1332	-45.172554	10.9836855	20.022337	-80.1179	-45.16998	0.0	2809991	1658.8880774974823
14	-640.147	-640.147	-539.08185	-45.41981	10.612327	26.868256	-74.15432	-45.418545	0.0	3010991	1775.0203144550323
15	-623.26575	-623.26575	-558.1484	-45.66648	10.181598	19.805048	-68.11865	-45.664833	0.0	3211991	1894.5484507083893
16	-646.1279	-646.1279	-409.26852	-45.85305	9.924978	17.756626	-75.82911	-45.85272	0.0	3412991	2015.945962190628
17	-630.0744	-630.0744	-575.7807	-46.1893	9.337168	19.104532	-69.275215	-46.188915	0.0	3613991	2133.341589450836
18	-656.64557	-656.64557	-436.51843	-46.40122	8.97238	22.00847	-69.80931	-46.402336	0.0	3814991	2255.9875774383545
19	-603.7568	-603.7568	-484.08157	-46.54859	8.749048	19.576004	-66.5038	-46.549583	0.0	4015989	2384.2583560943604
20	-614.8383	-614.8383	-504.18362	-46.678688	8.565007	16.03749	-67.697784	-46.67927	0.0	4216991	2506.0434279441833
21	-612.7913	-612.7913	-572.9805	-46.744854	8.529337	19.459097	-68.6411	-46.744984	0.0	4417991	2628.7279312610626
22	-615.1336	-615.1336	-544.89386	-46.81434	8.454638	18.516554	-69.62542	-46.813786	0.0	4618991	2750.484173297882
23	-587.1052	-587.1052	-604.607	-46.828743	8.472902	26.546219	-69.629585	-46.829254	0.0	4819991	2870.789340734482
24	-603.76746	-603.76746	-451.3193	-46.88085	8.391896	17.072954	-66.20255	-46.880424	0.0	5020991	2987.8868062496185
25	-505.8044	-505.8044	-400.76135	-46.94537	8.32748	19.773321	-62.928177	-46.94549	0.0	5221991	3104.5546140670776
26	-542.4406	-542.4406	-469.71857	-47.06141	8.104952	13.972047	-69.98996	-47.062283	0.0	5422991	3225.128162622452
27	-619.0361	-619.0361	-569.08734	-47.15488	7.972054	19.701458	-69.652695	-47.156326	0.0	5623991	3344.0157628059387
28	-572.50885	-572.50885	-473.1123	-47.28567	7.718331	23.46207	-65.26875	-47.286907	0.0	5824991	3464.106602191925
29	-625.771	-625.771	-542.0608	-47.356396	7.5778418	18.982847	-64.96043	-47.35633	0.0	6025985	3584.438387155533
30	-558.8223	-558.8223	-510.91504	-47.44771	7.4100046	18.355875	-66.64345	-47.448086	0.0	6226991	3708.8620252609253
31	-645.1308	-645.1308	-421.55124	-47.52599	7.2530613	37.570282	-65.17516	-47.526756	0.0	6427984	3827.34476685524
32	-615.86584	-615.86584	-547.6877	-47.587013	7.142049	19.868797	-74.80331	-47.58708	0.0	6628991	3948.567896604538
33	-484.7726	-484.7726	-585.14667	-47.63753	7.035873	21.182308	-62.263905	-47.63696	0.0	6829983	4068.514753341675
34	-665.8297	-665.8297	-458.6507	-47.712784	6.857503	20.269032	-64.94792	-47.712566	0.0	7030991	4194.030798912048
35	-606.6453	-606.6453	-466.0007	-47.742912	6.779123	17.300037	-68.40117	-47.742973	0.0	7231989	4315.971297979355
36	-646.27435	-646.27435	-405.54803	-47.831276	6.588365	34.88524	-75.506874	-47.830627	0.0	7432991	4438.844794988632
37	-520.498	-520.498	-487.61926	-47.890564	6.429581	18.363758	-61.996273	-47.89143	0.0	7633991	4564.889710903168
38	-582.7393	-582.7393	-540.5518	-47.93002	6.3664722	24.28712	-65.4561	-47.930244	0.0	7834983	4693.054194450378
39	-554.53076	-554.53076	-409.15625	-47.969078	6.3264513	17.895739	-64.545815	-47.968594	0.0	8035991	4818.2728588581085
40	-546.8781	-546.8781	-366.6594	-47.993923	6.2551613	20.205898	-74.087616	-47.993958	0.0	8236991	4938.053227901459
41	-518.9002	-518.9002	-477.88095	-48.04461	6.1420636	22.549564	-66.29681	-48.043903	0.0	8437991	5061.239201784134
42	-570.18854	-570.18854	-478.4351	-48.083202	6.040907	16.886791	-63.707897	-48.083454	0.0	8638991	5185.466425180435
43	-602.6858	-602.6858	-494.81024	-48.172073	5.8590207	14.168477	-67.14587	-48.172337	0.0	8839991	5310.806189775467
44	-576.8741	-576.8741	-682.69916	-48.21471	5.747563	21.317509	-63.20063	-48.214176	0.0	9040991	5431.357922554016
45	-606.793	-606.793	-382.12024	-48.218483	5.7549257	24.159746	-66.50057	-48.218117	0.0	9241991	5552.865521669388
46	-592.56665	-592.56665	-451.94318	-48.280136	5.6109715	24.224592	-64.273994	-48.280327	0.0	9442991	5670.285318851471
47	-575.28326	-575.28326	-565.72034	-48.34153	5.4807887	17.863642	-71.73566	-48.34115	0.0	9643991	5790.620100259781
48	-594.74554	-594.74554	-566.4314	-48.364468	5.4154673	20.510868	-69.61608	-48.36445	0.0	9844988	5906.204661369324
49	-508.12894	-508.12894	-420.312	-48.39984	5.2992663	20.954157	-65.23132	-48.399628	0.0	10045982	6022.326893091202
50	-506.27313	-506.27313	-371.13956	-48.43892	5.228543	16.344696	-63.219864	-48.438766	0.0	10246989	6137.8439700603485
51	-529.26263	-529.26263	-440.95303	-48.466022	5.180793	18.91256	-63.35445	-48.466248	0.0	10447991	6253.456378936768
52	-530.2237	-530.2237	-342.15164	-48.48119	5.1297946	15.426329	-61.36374	-48.48162	0.0	10648991	6369.223945379257
53	-506.7539	-506.7539	-465.26575	-48.515415	5.0656586	16.73832	-66.6278	-48.515316	0.0	10849983	6484.211445569992
54	-595.5031	-595.5031	-245.04013	-48.54714	4.9770064	15.808362	-62.53504	-48.547295	0.0	11050991	6598.387973070145
55	-609.5361	-609.5361	-435.37244	-48.582634	4.872185	23.360989	-65.40653	-48.582817	0.0	11251991	6712.928773880005
56	-649.64874	-649.64874	-511.4092	-48.615475	4.788444	25.099129	-64.2911	-48.615322	0.0	11452991	6826.850688934326
57	-600.4882	-600.4882	-409.06458	-48.64105	4.7241025	17.030167	-61.867805	-48.64135	0.0	11653991	6941.733651638031
58	-604.6694	-604.6694	-505.43936	-48.678978	4.622095	17.243387	-63.562347	-48.67919	0.0	11854991	7055.797451496124
59	-594.12915	-594.12915	-424.15674	-48.70274	4.575797	17.013271	-60.487877	-48.702477	0.0	12055991	7169.7087943553925
60	-544.4021	-544.4021	-469.79474	-48.73626	4.478693	14.908852	-65.10855	-48.73631	0.0	12256982	7283.636758327484
61	-589.2036	-589.2036	-578.7541	-48.753292	4.4610167	14.552755	-63.326763	-48.753654	0.0	12457991	7398.592418670654
62	-595.57166	-595.57166	-523.3819	-48.764946	4.4059954	19.205572	-63.54539	-48.764866	0.0	12658991	7513.296251773834
63	-575.7154	-575.7154	-611.4332	-48.8114	4.3144317	21.504702	-61.54314	-48.81174	0.0	12859991	7627.533773422241
64	-549.84576	-549.84576	-616.7958	-48.8395	4.234606	19.010931	-59.668358	-48.83981	0.0	13060991	7741.332634449005
65	-587.6417	-587.6417	-520.9182	-48.846188	4.2432384	21.90957	-61.533134	-48.84608	0.0	13261991	7855.808929204941
66	-615.05994	-615.05994	-414.01016	-48.892853	4.101673	32.30544	-61.66131	-48.892788	0.0	13462991	7971.244972229004
67	-581.84454	-581.84454	-425.84308	-48.925262	4.0295005	18.972206	-62.928543	-48.925346	0.0	13663991	8086.201763629913
68	-606.7776	-606.7776	-487.1161	-48.93609	3.999914	25.824694	-60.210964	-48.936447	0.0	13864991	8200.172496557236
69	-535.5055	-535.5055	-397.66605	-48.960384	3.9254234	14.712325	-59.2014	-48.960606	0.0	14065991	8315.153144359589
70	-604.4162	-604.4162	-529.6237	-48.97978	3.8738205	14.562048	-59.93763	-48.97998	0.0	14266991	8429.588548898697
71	-572.1561	-572.1561	-372.5294	-48.99713	3.8097003	23.148281	-60.340855	-48.99774	0.0	14467991	8543.77728152275
72	-570.94116	-570.94116	-451.01477	-49.01798	3.7580593	13.187016	-58.647884	-49.01824	0.0	14668991	8657.035162448883
73	-565.97205	-565.97205	-432.71667	-49.0503	3.6551385	10.026524	-65.56845	-49.051033	0.0	14869991	8771.350930213928
74	-549.99396	-549.99396	-514.95026	-49.064743	3.5846326	9.870767	-61.811756	-49.065197	0.0	15070989	8883.733384847641
75	-553.25916	-553.25916	-430.69034	-49.096863	3.4770586	20.38008	-60.798576	-49.097	0.0	15271991	8996.845427036285
76	-548.8289	-548.8289	-449.90448	-49.11021	3.44627	13.513715	-58.644394	-49.1103	0.0	15472991	9109.927556753159
77	-557.6767	-557.6767	-393.8135	-49.13834	3.3612907	14.337318	-61.594147	-49.138233	0.0	15673991	9223.185416221619
78	-564.8884	-564.8884	-538.2667	-49.139236	3.3393486	15.725956	-59.16768	-49.139133	0.0	15874991	9339.079483747482
79	-517.64905	-517.64905	-446.4102	-49.155663	3.2752154	15.180353	-60.141605	-49.155716	0.0	16075991	9453.035864591599
80	-545.66675	-545.66675	-520.5468	-49.17589	3.2161734	8.1476	-58.799603	-49.176308	0.0	16276991	9572.404504299164
81	-541.96106	-541.96106	-459.418	-49.186085	3.1762779	8.177836	-62.236984	-49.186085	0.0	16477991	9686.621690273285
82	-534.36755	-534.36755	-579.8697	-49.217392	3.0979369	12.3326845	-62.000725	-49.217407	0.0	16678986	9799.205936431885
83	-615.10803	-615.10803	-478.06415	-49.22104	3.0696428	8.461612	-63.252964	-49.221214	0.0	16879991	9912.236891031265
84	-682.88275	-682.88275	-571.3305	-49.230957	3.060803	9.770348	-59.435253	-49.23135	0.0	17080991	10026.300018310547
85	-656.91595	-656.91595	-559.90625	-49.25486	2.9808736	13.239178	-58.045708	-49.25514	0.0	17281990	10139.910680770874
86	-572.1772	-572.1772	-616.0922	-49.256588	2.980782	12.264082	-60.716095	-49.25693	0.0	17482991	10253.218940258026
87	-592.6853	-592.6853	-574.34705	-49.27617	2.9177601	14.454056	-58.776367	-49.276356	0.0	17683991	10366.315461397171
88	-630.026	-630.026	-547.97675	-49.289757	2.8714786	26.716274	-58.668526	-49.289772	0.0	17884991	10478.91832947731
89	-581.8885	-581.8885	-434.2866	-49.303833	2.8210032	5.8737288	-57.93142	-49.30372	0.0	18085991	10592.400762319565
90	-588.93866	-588.93866	-445.29843	-49.31824	2.7926326	14.108207	-57.68363	-49.31858	0.0	18286982	10704.809520244598
91	-502.05692	-502.05692	-490.77097	-49.32684	2.751428	7.857339	-59.553474	-49.326775	0.0	18487986	10817.195942401886
92	-541.71136	-541.71136	-587.29156	-49.33887	2.7234187	13.195521	-60.611168	-49.339054	0.0	18688991	10929.497237443924
93	-558.45685	-558.45685	-505.59836	-49.35751	2.6552708	12.226755	-58.756638	-49.35756	0.0	18889991	11043.586403369904
94	-645.2745	-645.2745	-542.2373	-49.3653	2.6225753	6.710859	-60.970314	-49.365513	0.0	19090983	11157.741077184677
95	-590.1461	-590.1461	-538.59076	-49.37606	2.6044466	18.924551	-59.706978	-49.375893	0.0	19291988	11271.401510238647
96	-612.472	-612.472	-644.8613	-49.392307	2.5312054	13.737801	-59.046394	-49.392277	0.0	19492991	11385.156368255615
97	-601.50916	-601.50916	-386.58997	-49.40674	2.476887	7.0423374	-56.46325	-49.407135	0.0	19693991	11498.146546840668
98	-577.01654	-577.01654	-392.2631	-49.401173	2.4882042	9.019693	-63.8226	-49.401108	0.0	19894984	11611.944197416306
99	-534.8715	-534.8715	-411.6511	-49.411182	2.4596238	15.443778	-56.940567	-49.411472	0.0	20095983	11726.361777305603
100	-575.65063	-575.65063	-530.37085	-49.428627	2.4065237	8.965983	-57.84867	-49.428226	0.0	20296991	11840.466317653656
101	-604.0461	-604.0461	-596.39703	-49.43785	2.3739996	12.89547	-57.42676	-49.437786	0.0	20497991	11954.434371471405
102	-520.11646	-520.11646	-638.82196	-49.441273	2.3645353	17.601103	-59.392746	-49.441135	0.0	20698981	12068.152139663696
103	-510.1946	-510.1946	-611.88556	-49.43792	2.373465	13.761032	-58.198616	-49.437935	0.0	20899991	12186.919475317001
104	-516.2309	-516.2309	-462.35684	-49.45764	2.3075826	6.1816177	-59.00738	-49.4577	0.0	21100981	12303.830106019974
105	-548.84686	-548.84686	-389.38153	-49.474163	2.2664244	18.652342	-59.01022	-49.47424	0.0	21301991	12418.337410449982
106	-534.9737	-534.9737	-287.78714	-49.474445	2.258512	17.334457	-59.777657	-49.474533	0.0	21502991	12533.136518239975
107	-558.23706	-558.23706	-452.51624	-49.47541	2.2491155	2.9992452	-56.968674	-49.47555	0.0	21703991	12647.948089838028
108	-523.1351	-523.1351	-458.00418	-49.48677	2.2300103	19.95977	-61.000214	-49.486645	0.0	21904991	12761.794672489166
109	-558.3877	-558.3877	-301.53345	-49.48963	2.196011	-3.8827806	-56.37376	-49.489933	0.0	22105991	12876.287324666977
110	-569.2879	-569.2879	-317.4053	-49.500156	2.1854784	11.288469	-56.759186	-49.50032	0.0	22306991	12990.58356142044
111	-455.72653	-455.72653	-377.17987	-49.50914	2.141267	9.425752	-61.28976	-49.50908	0.0	22507991	13104.704822778702
112	-498.8117	-498.8117	-388.58505	-49.509884	2.1439335	4.094555	-58.04423	-49.51016	0.0	22708986	13217.71735239029
113	-483.16104	-483.16104	-447.30753	-49.515186	2.1291745	9.761745	-57.717567	-49.515137	0.0	22909990	13331.389045715332
114	-557.4452	-557.4452	-386.00516	-49.52361	2.093522	4.9103947	-56.669044	-49.523888	0.0	23110991	13445.68657708168
115	-470.95798	-470.95798	-271.0286	-49.52306	2.0886307	-7.123661	-58.497566	-49.523018	0.0	23311991	13559.533203363419
116	-496.7554	-496.7554	-336.06155	-49.526684	2.0847244	-10.384494	-57.081074	-49.526707	0.0	23512982	13673.720560312271
117	-472.88898	-472.88898	-570.00287	-49.53507	2.0534093	-11.834081	-56.512154	-49.53551	0.0	23713989	13787.255569696426
118	-509.57993	-509.57993	-446.79453	-49.540367	2.037815	-7.7362475	-56.287003	-49.54031	0.0	23914991	13901.621847867966
119	-458.4904	-458.4904	-400.69415	-49.55171	2.006562	2.4687579	-57.76924	-49.551857	0.0	24115982	14015.314913272858
120	-597.0248	-597.0248	-513.4596	-49.553932	1.9906701	-0.62540245	-55.930916	-49.553715	0.0	24316991	14129.35753250122
121	-596.4559	-596.4559	-591.24054	-49.554085	1.9911497	-0.84549403	-56.31569	-49.554176	0.0	24517991	14242.784575939178
122	-575.4105	-575.4105	-441.92484	-49.555996	1.9756378	-12.665237	-56.58081	-49.55612	0.0	24718991	14356.853313922882
123	-532.7325	-532.7325	-430.8797	-49.57218	1.9190382	-11.766246	-57.24159	-49.572124	0.0	24919991	14471.673310279846
124	-598.2433	-598.2433	-365.00098	-49.57762	1.9173857	-8.77742	-59.330124	-49.57753	0.0	25120991	14586.823073625565
125	-518.57306	-518.57306	-425.11884	-49.585724	1.8876818	-13.234341	-55.71136	-49.585728	0.0	25321990	14701.054752588272
126	-473.04315	-473.04315	-453.18005	-49.58576	1.869016	-13.175165	-58.05681	-49.585896	0.0	25522991	14815.546515464783
127	-560.7066	-560.7066	-346.53	-49.583824	1.8862671	-11.654624	-60.17653	-49.583633	0.0	25723991	14930.492084026337
128	-573.433	-573.433	-476.3295	-49.59407	1.8504975	-11.528699	-59.265274	-49.594143	0.0	25924991	15046.17247390747
129	-538.32635	-538.32635	-297.82224	-49.596447	1.8361663	-10.431352	-55.94442	-49.5964	0.0	26125982	15160.439238786697
130	-568.49805	-568.49805	-400.22452	-49.606163	1.797837	-3.88126	-56.52735	-49.60612	0.0	26326991	15274.591574192047
131	-560.1442	-560.1442	-369.73917	-49.603565	1.807601	-8.808729	-56.3432	-49.603382	0.0	26527991	15388.149119615555
132	-555.92694	-555.92694	-383.5535	-49.61249	1.7729021	-10.828079	-55.862087	-49.612694	0.0	26728991	15502.472549438477
133	-563.6145	-563.6145	-423.1179	-49.613514	1.7670624	-14.443802	-57.5951	-49.613335	0.0	26929991	15617.350140810013
134	-512.9352	-512.9352	-469.66437	-49.616093	1.751105	-10.9928875	-56.153687	-49.61602	0.0	27130983	15732.73762011528
135	-549.38916	-549.38916	-404.76892	-49.61625	1.7576072	-12.783393	-57.78704	-49.616325	0.0	27331991	15845.919211864471
136	-546.7848	-546.7848	-444.52567	-49.62104	1.7370764	-12.361259	-57.454285	-49.620735	0.0	27532991	15960.606350660324
137	-536.0847	-536.0847	-360.34793	-49.62309	1.7271727	-12.24679	-58.309616	-49.623196	0.0	27733987	16074.338385820389
138	-519.47974	-519.47974	-448.3581	-49.62886	1.704753	-12.404806	-58.1479	-49.628532	0.0	27934991	16187.630096912384
139	-442.24274	-442.24274	-405.99704	-49.633217	1.684928	-13.247388	-56.624226	-49.633324	0.0	28135991	16301.14740562439
140	-539.0185	-539.0185	-265.9565	-49.634525	1.6762922	-12.03507	-56.211098	-49.634495	0.0	28336991	16413.701043128967
141	-507.63867	-507.63867	-354.97232	-49.64351	1.6508313	-14.858468	-56.616306	-49.643536	0.0	28537991	16528.553589105606
142	-582.3807	-582.3807	-344.33313	-49.636528	1.6632425	-16.765585	-55.68456	-49.63605	0.0	28738991	16642.8868432045
143	-535.9279	-535.9279	-482.0366	-49.64485	1.6428043	-16.776155	-55.6242	-49.644943	0.0	28939991	16765.24537754059
144	-521.177	-521.177	-395.35794	-49.64032	1.6537402	-16.922089	-59.31512	-49.640053	0.0	29140991	16891.2354824543
145	-571.5563	-571.5563	-450.0795	-49.645493	1.6395578	-13.522645	-56.564777	-49.64541	0.0	29341991	17009.361538648605
146	-560.1068	-560.1068	-404.53812	-49.648727	1.6227938	-10.366261	-55.263313	-49.648533	0.0	29542991	17133.345763206482
147	-553.4396	-553.4396	-356.12433	-49.652744	1.617345	-5.0492	-55.37901	-49.65273	0.0	29743991	17251.561193466187
148	-590.5759	-590.5759	-506.6372	-49.661762	1.5812336	-14.933662	-58.351616	-49.66158	0.0	29944991	17376.04807782173
149	-575.3184	-575.3184	-385.3307	-49.661392	1.57948	-10.017716	-56.148983	-49.661434	0.0	30145986	17495.500773906708
150	-569.5104	-569.5104	-406.72513	-49.66611	1.5575444	-17.254925	-56.104347	-49.66607	0.0	30346991	17618.857773065567
151	-630.96674	-630.96674	-451.09326	-49.66684	1.5550174	-14.919085	-55.72389	-49.666805	0.0	30547991	17742.622884511948
152	-527.5161	-527.5161	-551.7514	-49.671787	1.5321774	-13.647642	-54.933765	-49.67168	0.0	30748991	17865.95163154602
153	-559.5391	-559.5391	-492.39706	-49.67628	1.5233576	-17.923553	-55.513664	-49.676464	0.0	30949991	17985.594871759415
154	-582.3013	-582.3013	-381.3447	-49.68044	1.5091859	-6.150614	-54.2662	-49.68019	0.0	31150991	18114.886481285095
155	-576.9542	-576.9542	-492.42117	-49.68228	1.5000255	-13.761538	-56.295055	-49.68222	0.0	31351991	18241.87232041359
156	-621.75494	-621.75494	-467.17303	-49.683956	1.4971735	-14.068152	-54.94137	-49.68404	0.0	31552989	18363.440661907196
157	-588.4454	-588.4454	-487.3115	-49.682972	1.4992476	-11.908026	-55.55217	-49.682972	0.0	31753990	18483.911227464676
158	-585.78827	-585.78827	-456.99774	-49.689217	1.4742386	-4.566854	-55.0324	-49.689293	0.0	31954991	18608.202119350433
159	-604.89386	-604.89386	-422.24258	-49.69112	1.4669384	-3.2299678	-58.054024	-49.691013	0.0	32155984	18734.053297281265
160	-587.9115	-587.9115	-487.6943	-49.692413	1.4520712	-9.598931	-54.817238	-49.692333	0.0	32356991	18854.78058385849
161	-566.4005	-566.4005	-447.68866	-49.696297	1.441296	-9.690701	-55.278114	-49.696163	0.0	32557988	18975.33826971054
162	-579.22314	-579.22314	-507.56036	-49.69131	1.4591675	-5.144101	-54.42846	-49.691315	0.0	32758991	19096.747575998306
163	-591.11786	-591.11786	-511.48273	-49.701107	1.4169773	-7.4313345	-56.41026	-49.70105	0.0	32959991	19216.765504837036
164	-584.33057	-584.33057	-428.9329	-49.704025	1.4046317	-14.11832	-55.62685	-49.703903	0.0	33160991	19340.040410995483
165	-590.42096	-590.42096	-373.9589	-49.70409	1.4060514	-5.1730046	-56.507694	-49.703945	0.0	33361984	19468.536408424377
166	-535.98315	-535.98315	-519.53687	-49.70236	1.4138553	-2.7709079	-56.60972	-49.702538	0.0	33562991	19591.57329273224
167	-592.2106	-592.2106	-477.0474	-49.704117	1.4032544	-15.450166	-57.101532	-49.70397	0.0	33763991	19716.920045614243
168	-530.0065	-530.0065	-290.82523	-49.708492	1.3787438	1.6536438	-54.42599	-49.708527	0.0	33964991	19835.3766040802
169	-390.0456	-390.0456	-251.29497	-49.710773	1.3760022	-12.258364	-57.282166	-49.710575	0.0	34165991	19958.429963588715
170	-520.6492	-520.6492	-256.1585	-49.713478	1.3647631	-20.53441	-55.192783	-49.713493	0.0	34366991	20088.74966454506
171	-407.78378	-407.78378	-260.1638	-49.712494	1.3685938	-15.697649	-54.853386	-49.712406	0.0	34567991	20213.41759610176
172	-537.0127	-537.0127	-208.4937	-49.717186	1.3540853	-13.394794	-54.366295	-49.71719	0.0	34768988	20336.848134994507
173	-476.33395	-476.33395	-482.9155	-49.719353	1.3463966	-23.363153	-53.65981	-49.719215	0.0	34969982	20459.928691625595
174	-566.38654	-566.38654	-479.86835	-49.72117	1.3439476	-19.021671	-57.37907	-49.721077	0.0	35170991	20583.553293466568
175	-515.59674	-515.59674	-517.6772	-49.72012	1.344174	-17.273903	-53.813416	-49.720192	0.0	35371991	20708.151076555252
176	-546.333	-546.333	-415.96103	-49.725513	1.3238342	-22.668262	-55.196045	-49.72547	0.0	35572987	20832.856046438217
177	-538.5785	-538.5785	-351.73276	-49.725456	1.3214222	-20.6173	-54.47801	-49.725285	0.0	35773982	20956.563465356827
178	-528.3244	-528.3244	-416.80716	-49.72704	1.3218164	-11.306754	-56.68976	-49.72708	0.0	35974982	21077.143135786057
179	-555.2498	-555.2498	-597.40765	-49.72642	1.3258018	-15.668481	-54.056465	-49.726402	0.0	36175991	21200.963182926178
180	-482.49628	-482.49628	-412.24744	-49.729923	1.3176169	-13.972562	-56.49849	-49.729786	0.0	36376985	21328.858864545822
181	-500.59976	-500.59976	-527.35535	-49.730824	1.304688	-13.29019	-54.561283	-49.73097	0.0	36577991	21455.75677061081
182	-497.57343	-497.57343	-433.64554	-49.737843	1.2875504	-10.377165	-54.046368	-49.737766	0.0	36778991	21577.783816576004
183	-490.55048	-490.55048	-281.93423	-49.734497	1.2874054	-17.043652	-54.23794	-49.734253	0.0	36979991	21700.059551000595
184	-506.36664	-506.36664	-383.36356	-49.74087	1.2762839	-11.726009	-55.525383	-49.740753	0.0	37180981	21826.908982992172
185	-514.4213	-514.4213	-403.13095	-49.738163	1.2770078	-19.82867	-55.054558	-49.73819	0.0	37381981	21952.99009513855
186	-474.53464	-474.53464	-318.12473	-49.739685	1.2774082	-17.176287	-53.526047	-49.739544	0.0	37582991	22075.77562880516
187	-502.44614	-502.44614	-347.8657	-49.742683	1.2532489	-20.36144	-53.790928	-49.74271	0.0	37783981	22204.090119838715
188	-468.40024	-468.40024	-360.68713	-49.74539	1.2458855	-22.351234	-53.258522	-49.745296	0.0	37984991	22333.974726438522
189	-431.6392	-431.6392	-215.73671	-49.747524	1.2391876	-20.005383	-54.49867	-49.747295	0.0	38185991	22457.07416677475
190	-421.24316	-421.24316	-347.61633	-49.750965	1.2345458	-21.389214	-53.48432	-49.75091	0.0	38386991	22582.237282514572
191	-448.3216	-448.3216	-255.01918	-49.749435	1.246456	-13.2569475	-53.549507	-49.749504	0.0	38587991	22720.92610859871
192	-451.16962	-451.16962	-320.01138	-49.75084	1.2325377	-19.315016	-54.395355	-49.750675	0.0	38788991	22856.53047132492
193	-509.625	-509.625	-468.66052	-49.751858	1.2284554	-16.546661	-53.616783	-49.751705	0.0	38989991	22985.951817035675
194	-555.6495	-555.6495	-472.67667	-49.757164	1.2121458	-22.407846	-54.23124	-49.757015	0.0	39190991	23111.651348352432
195	-593.77783	-593.77783	-456.63593	-49.755695	1.2173935	-17.75172	-53.505085	-49.755665	0.0	39391991	23237.89557981491
196	-529.0004	-529.0004	-424.7083	-49.760357	1.1981992	-20.90371	-53.61874	-49.760246	0.0	39592991	23363.435611009598
197	-531.6179	-531.6179	-419.23535	-49.759773	1.200396	-19.973566	-53.79179	-49.759743	0.0	39793987	23495.84259200096
198	-554.37695	-554.37695	-361.89188	-49.75828	1.2044832	-21.316887	-53.122463	-49.758198	0.0	39994991	23623.216611146927
199	-518.5145	-518.5145	-423.89474	-49.762268	1.181428	-21.604008	-53.79576	-49.762177	0.0	40195991	23760.759838342667
200	-494.406	-494.406	-422.11673	-49.76334	1.1884146	-22.067822	-53.672123	-49.763252	0.0	40396991	23891.523061990738
201	-521.7545	-521.7545	-361.36417	-49.76683	1.1763715	-21.414818	-52.992382	-49.76681	0.0	40597982	24025.098746538162
202	-549.67737	-549.67737	-407.5653	-49.764122	1.184209	-21.935877	-53.377323	-49.764088	0.0	40798991	24157.082247018814
203	-522.7654	-522.7654	-456.34747	-49.767406	1.1591666	-21.459969	-53.653946	-49.767467	0.0	40999991	24290.2473654747
204	-511.54004	-511.54004	-510.73798	-49.767082	1.1666492	-21.580963	-52.59054	-49.76684	0.0	41200991	24426.564302444458
205	-483.51465	-483.51465	-469.79187	-49.772118	1.1454356	-23.58758	-52.95431	-49.772087	0.0	41401990	24552.589801073074
206	-517.29285	-517.29285	-320.90744	-49.772026	1.1429769	-20.982426	-53.4724	-49.772007	0.0	41602991	24676.283221960068
207	-525.22864	-525.22864	-418.02032	-49.76974	1.1506425	-20.130486	-53.243553	-49.76955	0.0	41803991	24804.34596800804
208	-553.68286	-553.68286	-328.8573	-49.77152	1.141125	-24.38558	-53.2519	-49.771626	0.0	42004991	24937.650099515915
209	-541.72876	-541.72876	-378.3281	-49.773426	1.1387113	-18.328985	-53.055923	-49.77317	0.0	42205991	25063.885498046875
210	-534.11615	-534.11615	-328.26132	-49.775585	1.132591	-24.584345	-53.048775	-49.77564	0.0	42406991	25188.26755976677
211	-587.2654	-587.2654	-404.93124	-49.774555	1.1303911	-14.898409	-52.924286	-49.774548	0.0	42607991	25314.8526699543
212	-506.3432	-506.3432	-457.0257	-49.774967	1.1288092	-22.430286	-54.427258	-49.7749	0.0	42808988	25440.46192216873
213	-580.93713	-580.93713	-483.37894	-49.778675	1.1150013	-22.260612	-53.146236	-49.778587	0.0	43009990	25566.845818281174
214	-475.48706	-475.48706	-435.68887	-49.777557	1.1125826	-22.352917	-52.932007	-49.777477	0.0	43210991	25695.20459508896
215	-501.68475	-501.68475	-416.95917	-49.77826	1.1074417	-17.972391	-53.1531	-49.778408	0.0	43411986	25822.5725274086
216	-551.7813	-551.7813	-295.65063	-49.77845	1.1018294	-21.874187	-53.356537	-49.778324	0.0	43612983	25954.968632936478
217	-516.5167	-516.5167	-412.23026	-49.779232	1.1038147	-21.680326	-53.805996	-49.77916	0.0	43813991	26081.4492354393
218	-494.5706	-494.5706	-474.8996	-49.779907	1.0942616	-17.257036	-53.241886	-49.77986	0.0	44014990	26212.386914491653
219	-582.1765	-582.1765	-378.67834	-49.776405	1.105236	-15.535084	-53.57538	-49.776466	0.0	44215991	26337.36144566536
220	-551.8823	-551.8823	-438.2717	-49.780834	1.0907384	-21.815136	-53.17001	-49.780758	0.0	44416991	26461.597289562225
221	-553.46814	-553.46814	-374.67316	-49.77921	1.0957868	-23.571636	-53.23591	-49.779118	0.0	44617987	26590.24188733101
222	-464.21405	-464.21405	-192.1329	-49.78157	1.0915483	-24.557777	-52.830532	-49.7815	0.0	44818987	26711.655329465866
223	-467.25925	-467.25925	-199.00238	-49.783684	1.0765954	-21.237	-52.78812	-49.7837	0.0	45019991	26829.67151093483
224	-476.4224	-476.4224	-249.42398	-49.78551	1.0739394	-23.630741	-53.048687	-49.78552	0.0	45220991	26947.608713388443
225	-390.69376	-390.69376	-280.13522	-49.7875	1.0647732	-19.07117	-53.229137	-49.787476	0.0	45421983	27062.901586055756
226	-425.19528	-425.19528	-310.7377	-49.787193	1.0664344	-22.335438	-52.983143	-49.787262	0.0	45622991	27177.989629268646
227	-473.87524	-473.87524	-189.06789	-49.785934	1.0629562	-22.217438	-54.108128	-49.78594	0.0	45823981	27294.874313354492
228	-487.47992	-487.47992	0.0	-49.78753	1.063896	-20.50549	-54.42405	-49.78748	0.0	46024991	27410.76059293747
229	-392.5017	-392.5017	-227.27188	-49.79159	1.0444986	-20.851818	-53.105946	-49.79164	0.0	46225981	27525.897617816925
230	-401.64276	-401.64276	-220.29811	-49.789944	1.0580645	-21.35611	-53.350708	-49.789894	0.0	46426991	27641.373448848724
231	-358.01312	-358.01312	-70.17328	-49.79102	1.0481657	-24.598959	-53.585533	-49.791046	0.0	46627991	27754.999060869217
232	-380.72305	-380.72305	-323.41696	-49.7896	1.0571036	-24.740128	-53.40002	-49.78964	0.0	46828991	27868.277089357376
233	-409.99417	-409.99417	-120.112915	-49.791885	1.0457717	-26.690197	-54.229317	-49.791893	0.0	47029991	27982.11091542244
234	-373.76117	-373.76117	-206.4455	-49.793842	1.0414935	-27.844318	-53.590652	-49.79384	0.0	47230981	28095.889350891113
235	-429.12347	-429.12347	-214.80304	-49.79485	1.037009	-25.492435	-53.16374	-49.794857	0.0	47431991	28210.139959335327
236	-405.56747	-405.56747	-399.53143	-49.79475	1.041216	-25.006966	-53.976307	-49.794697	0.0	47632991	28324.659115314484
237	-487.8189	-487.8189	-265.19122	-49.793835	1.0442117	-25.014605	-53.554295	-49.793888	0.0	47833991	28439.53347349167
238	-424.75067	-424.75067	-303.48117	-49.797462	1.032915	-24.711666	-54.29185	-49.797394	0.0	48034985	28553.852504730225
239	-343.7684	-343.7684	-192.96469	-49.7949	1.0405527	-25.777304	-53.822113	-49.794956	0.0	48235991	28667.501321554184
240	-381.25363	-381.25363	-249.80678	-49.79359	1.0412942	-23.337006	-54.246014	-49.793602	0.0	48436986	28781.519270181656
241	-382.91632	-382.91632	-289.1092	-49.796547	1.0355892	-29.716114	-53.025948	-49.79654	0.0	48637981	28895.074805259705
242	-458.1286	-458.1286	-387.98447	-49.799232	1.0251673	-23.852951	-54.03269	-49.799194	0.0	48838991	29011.219254255295
243	-376.06668	-376.06668	-256.4792	-49.799393	1.0252632	-24.256586	-54.748978	-49.799484	0.0	49039981	29124.813590765
244	-419.81934	-419.81934	-382.48553	-49.799603	1.0265816	-24.839375	-53.69156	-49.799538	0.0	49240982	29239.789531707764
245	-366.1034	-366.1034	-260.61502	-49.802044	1.015136	-25.174057	-53.08993	-49.80205	0.0	49441991	29353.497720718384
246	-402.76755	-402.76755	-276.51566	-49.7987	1.0314351	-23.428907	-53.476784	-49.79878	0.0	49642983	29467.244053840637
247	-414.4551	-414.4551	-346.74265	-49.80397	1.0091323	-22.253082	-54.143726	-49.803886	0.0	49843985	29581.385877609253
248	-417.81918	-417.81918	-235.37973	-49.802994	1.009517	-22.03994	-53.60152	-49.80303	0.0	50044983	29695.267255544662
249	-505.20468	-505.20468	-382.35733	-49.803066	1.0132493	-18.916313	-53.019375	-49.80296	0.0	50245987	29809.023323059082
250	-438.69208	-438.69208	-214.66841	-49.802223	1.018023	-24.62527	-57.381016	-49.802273	0.0	50446981	29923.047926425934
251	-400.7199	-400.7199	-483.55334	-49.801575	1.0107776	-28.077248	-53.92241	-49.801613	0.0	50647981	30037.356676101685
252	-470.8269	-470.8269	-325.4912	-49.803852	1.002603	-25.258457	-54.795116	-49.803753	0.0	50848984	30151.203619480133
253	-410.2613	-410.2613	-374.08533	-49.806164	0.9937905	-20.54942	-54.85534	-49.806274	0.0	51049986	30265.44834470749
254	-436.89902	-436.89902	-351.12003	-49.804245	1.0048612	-27.364708	-54.401794	-49.80426	0.0	51250991	30379.633123397827
255	-424.59976	-424.59976	-193.3707	-49.805923	0.99117255	-24.693115	-54.747734	-49.805885	0.0	51451991	30494.912938833237
256	-428.81046	-428.81046	-242.82104	-49.807045	0.995883	-20.563524	-54.02935	-49.807045	0.0	51652984	30609.109807014465
257	-421.22665	-421.22665	-337.61053	-49.80587	0.9970896	-24.939411	-54.00521	-49.805878	0.0	51853991	30721.656403541565
258	-413.2606	-413.2606	-182.80049	-49.80778	0.9867979	-27.34864	-56.7675	-49.807865	0.0	52054991	30834.87202644348
259	-454.58707	-454.58707	-276.16782	-49.810917	0.9778489	-28.28452	-58.11082	-49.810875	0.0	52255991	30948.324751615524
260	-484.54688	-484.54688	-215.82526	-49.81057	0.97522736	-24.3014	-55.38668	-49.810677	0.0	52456991	31062.238250255585
261	-478.2462	-478.2462	-259.39096	-49.81162	0.96879125	-30.293114	-54.343838	-49.811512	0.0	52657981	31176.971994400024
262	-446.34775	-446.34775	-345.25296	-49.809456	0.9767754	-28.686665	-54.26668	-49.809464	0.0	52858991	31290.633897781372
263	-379.11807	-379.11807	-300.04022	-49.813446	0.96320975	-29.243252	-52.721878	-49.813454	0.0	53059981	31404.761775255203
264	-407.26425	-407.26425	-295.7627	-49.812473	0.9684083	-26.02512	-59.92849	-49.812424	0.0	53260986	31519.334810733795
265	-396.0106	-396.0106	-235.25035	-49.812748	0.9646788	-27.217926	-53.295055	-49.812733	0.0	53461991	31632.783562660217
266	-406.96988	-406.96988	-217.05762	-49.81423	0.96016717	-26.598621	-58.91842	-49.814217	0.0	53662991	31747.258505821228
267	-388.77747	-388.77747	-213.78131	-49.8139	0.95731324	-27.74873	-54.262096	-49.81384	0.0	53863984	31860.806627750397
268	-425.4736	-425.4736	-183.91212	-49.813644	0.9560827	-27.859083	-53.643295	-49.813572	0.0	54064991	31976.170038700104
269	-430.89395	-430.89395	-214.43716	-49.814213	0.95140886	-28.921427	-57.599552	-49.81423	0.0	54265991	32102.970183372498
270	-363.22595	-363.22595	-72.67591	-49.813877	0.95453244	-27.35075	-54.498386	-49.813858	0.0	54466981	32224.937258005142
271	-450.22772	-450.22772	-228.20946	-49.811554	0.95852923	-29.990767	-53.03584	-49.81159	0.0	54667991	32349.445499181747
272	-435.28265	-435.28265	-180.41586	-49.81368	0.9586614	-27.942688	-54.133614	-49.813625	0.0	54868991	32479.58221244812
273	-418.51413	-418.51413	-263.50436	-49.81483	0.9533035	-27.604324	-55.252182	-49.81482	0.0	55069991	32611.94834780693
274	-429.3053	-429.3053	-365.65564	-49.817425	0.93922186	-26.933693	-59.988216	-49.8175	0.0	55270991	32733.236665964127
275	-333.11673	-333.11673	-156.67613	-49.813683	0.9569215	-26.28895	-56.443592	-49.813732	0.0	55471988	32856.52256441116
276	-420.43124	-420.43124	-180.31535	-49.817047	0.9371624	-23.461279	-56.222073	-49.816956	0.0	55672991	32985.755735874176
277	-346.69113	-346.69113	-105.89111	-49.818504	0.93435156	-22.681992	-55.376705	-49.81846	0.0	55873981	33115.61043047905
278	-430.85425	-430.85425	-242.05614	-49.816303	0.94372267	-24.23383	-54.120255	-49.8163	0.0	56074991	33247.90341591835
279	-360.0999	-360.0999	-207.14238	-49.81728	0.93773884	-22.56815	-54.884853	-49.817226	0.0	56275981	33380.63484978676
280	-417.01956	-417.01956	-216.67978	-49.819298	0.93337595	-30.335258	-55.13573	-49.81926	0.0	56476991	33506.15316438675
281	-389.16934	-389.16934	-23.951887	-49.81792	0.93752193	-30.237766	-52.487114	-49.81786	0.0	56677981	33632.517651319504
282	-344.4872	-344.4872	-37.93372	-49.81668	0.9397296	-29.988302	-52.91173	-49.81671	0.0	56878981	33759.55602002144
283	-394.95267	-394.95267	-81.36847	-49.818523	0.9248462	-31.102354	-53.71346	-49.818474	0.0	57079991	33883.66367530823
284	-366.05054	-366.05054	-143.68057	-49.816643	0.93748647	-29.268812	-57.136757	-49.81658	0.0	57280991	34013.88703584671
285	-334.61618	-334.61618	-43.802452	-49.81998	0.9252867	-25.606434	-53.10958	-49.81996	0.0	57481981	34149.36825680733
286	-405.26218	-405.26218	-118.52463	-49.818935	0.92791915	-19.453562	-54.21305	-49.818943	0.0	57682984	34274.65153884888
287	-361.30237	-361.30237	-0.03934364	-49.818443	0.9366935	-27.321732	-52.332993	-49.818268	0.0	57883991	34415.88949036598
288	-344.72626	-344.72626	-97.8989	-49.816788	0.93563294	-25.183262	-53.428036	-49.81689	0.0	58084986	34541.31876540184
289	-435.8915	-435.8915	-166.44354	-49.817497	0.9309596	-27.590311	-53.580647	-49.817455	0.0	58285981	34674.1914973259
290	-418.0125	-418.0125	-246.26196	-49.820377	0.9237567	-27.309195	-53.365757	-49.820305	0.0	58486991	34804.52681899071
291	-379.38007	-379.38007	-153.03722	-49.820625	0.9177683	-29.844584	-53.657726	-49.82066	0.0	58687986	34933.02971410751
292	-369.05472	-369.05472	-95.80413	-49.82052	0.9157254	-28.248413	-52.39639	-49.820465	0.0	58888991	35057.960613012314
293	-432.1858	-432.1858	-110.94715	-49.819065	0.92449814	-26.709946	-52.518677	-49.81915	0.0	59089991	35187.65639448166
294	-406.7575	-406.7575	-342.2293	-49.82026	0.919341	-26.457176	-52.438736	-49.82013	0.0	59290991	35313.992334127426
295	-428.68594	-428.68594	-135.67558	-49.820786	0.9152627	-24.176449	-52.829502	-49.82077	0.0	59491981	35441.071596860886
296	-437.547	-437.547	-214.74706	-49.822765	0.9058447	-27.465378	-52.904587	-49.822666	0.0	59692991	35561.200040102005
297	-379.85757	-379.85757	-269.46524	-49.824734	0.90542495	-25.636429	-54.379295	-49.824726	0.0	59893989	35688.26898217201
298	-360.3952	-360.3952	-163.30063	-49.823185	0.9034228	-27.328428	-52.62185	-49.823177	0.0	60094991	35812.279473781586
299	-366.73984	-366.73984	-189.3335	-49.822075	0.90830034	-26.03512	-52.42008	-49.822056	0.0	60295991	35944.33281540871
300	-384.92633	-384.92633	-233.20566	-49.82165	0.9099799	-24.258633	-52.735794	-49.82163	0.0	60496981	36073.02175974846
301	-320.58563	-320.58563	-278.6202	-49.824383	0.8963619	-23.964449	-53.787266	-49.82433	0.0	60697981	36202.90255498886
302	-401.17538	-401.17538	-373.59357	-49.82692	0.8931233	-25.252941	-52.848907	-49.826862	0.0	60898982	36325.72031593323
303	-411.27954	-411.27954	-55.371178	-49.82346	0.90699846	-26.396084	-52.72133	-49.82348	0.0	61099981	36445.95847916603
304	-367.84903	-367.84903	-387.07648	-49.823154	0.9022167	-27.183735	-52.36283	-49.823128	0.0	61300991	36575.32823443413
305	-317.6012	-317.6012	-259.59402	-49.822968	0.90353054	-24.954706	-52.563385	-49.823124	0.0	61501981	36694.76174378395
306	-422.60895	-422.60895	-147.68423	-49.824993	0.89084256	-27.900946	-52.602005	-49.824776	0.0	61702991	36812.128526210785
307	-400.3094	-400.3094	-181.68669	-49.825855	0.8902796	-26.9174	-53.350258	-49.825855	0.0	61903991	36936.968903541565
308	-321.56204	-321.56204	-147.96681	-49.82526	0.8903291	-26.243061	-52.769073	-49.82526	0.0	62104987	37057.8045938015
309	-367.48788	-367.48788	-105.78188	-49.826405	0.8865601	-25.301798	-52.54369	-49.8264	0.0	62305981	37186.27269625664
310	-406.2899	-406.2899	-128.91953	-49.824547	0.89186394	-29.319124	-52.80452	-49.824543	0.0	62506981	37309.4640519619
311	-409.86664	-409.86664	-56.62025	-49.82441	0.8867009	-28.401855	-52.64272	-49.82436	0.0	62707991	37428.24865269661
312	-343.51697	-343.51697	-99.69207	-49.824505	0.89568716	-28.136475	-52.44135	-49.82454	0.0	62908981	37546.89633536339
313	-341.16876	-341.16876	-211.65778	-49.825626	0.88368154	-25.76284	-52.5508	-49.825542	0.0	63109981	37670.3909034729
314	-393.75854	-393.75854	-203.22247	-49.82351	0.8914267	-28.78941	-52.4439	-49.823532	0.0	63310990	37792.8232691288
315	-307.21155	-307.21155	-51.678905	-49.82484	0.8874672	-24.726364	-52.51977	-49.8248	0.0	63511991	37914.231367349625
316	-323.76956	-323.76956	-173.05952	-49.82566	0.88439775	-25.94165	-53.23945	-49.82562	0.0	63712991	38047.3905582428
317	-352.1841	-352.1841	-65.324066	-49.82759	0.87710315	-26.964018	-54.084625	-49.827515	0.0	63913991	38168.052411317825
318	-385.4375	-385.4375	-186.18275	-49.825516	0.8857964	-29.86615	-52.564472	-49.82558	0.0	64114991	38283.506635427475
319	-365.5273	-365.5273	-224.3398	-49.825996	0.8754558	-29.643162	-54.241863	-49.82597	0.0	64315981	38402.1514942646
320	-384.79044	-384.79044	-124.42564	-49.827015	0.8754243	-29.842773	-53.039326	-49.827103	0.0	64516981	38523.25817346573
321	-319.68027	-319.68027	-291.84915	-49.826233	0.875879	-29.083645	-53.115616	-49.82621	0.0	64717981	38645.15559339523
322	-293.10327	-293.10327	-3.021552	-49.82571	0.8797275	-27.349308	-53.140648	-49.82563	0.0	64918981	38767.80299901962
323	-307.18506	-307.18506	0.4760355	-49.8258	0.87551427	-26.390759	-52.266712	-49.82578	0.0	65119981	38897.634882450104
324	-369.0685	-369.0685	-211.45126	-49.826782	0.871978	-29.188454	-53.457672	-49.826748	0.0	65320984	39020.79526424408
325	-309.70233	-309.70233	-244.18935	-49.826538	0.87403494	-26.015299	-52.578827	-49.826515	0.0	65521982	39146.33128428459
326	-350.47296	-350.47296	-127.25803	-49.82452	0.870784	-24.39587	-52.607567	-49.824543	0.0	65722991	39271.43793010712
327	-271.26477	-271.26477	-69.25038	-49.824802	0.8795309	-26.951916	-52.279415	-49.824894	0.0	65923982	39393.89806485176
328	-366.37546	-366.37546	-53.25439	-49.826256	0.86762106	-29.186869	-52.538513	-49.826202	0.0	66124991	39515.494334459305
329	-307.5998	-307.5998	-18.226618	-49.825035	0.8717944	-31.48219	-52.859688	-49.825012	0.0	66325991	39636.65064287186
330	-324.40256	-324.40256	-196.4976	-49.829067	0.8636164	-28.385628	-52.676846	-49.828995	0.0	66526981	39755.57710456848
331	-249.54546	-249.54546	-93.04878	-49.82709	0.8629883	-28.967188	-52.627087	-49.82714	0.0	66727982	39876.66266298294
332	-303.31473	-303.31473	-127.94256	-49.82659	0.87114155	-28.595087	-52.569023	-49.826637	0.0	66928981	40006.20079112053
333	-331.9423	-331.9423	-69.35303	-49.82935	0.86041695	-29.661913	-52.30693	-49.82914	0.0	67129984	40129.86162233353
334	-344.07147	-344.07147	-136.09624	-49.827442	0.8661858	-28.360867	-53.044853	-49.827576	0.0	67330991	40257.64756965637
335	-350.03864	-350.03864	-208.25415	-49.82514	0.8770681	-26.74781	-52.756638	-49.825035	0.0	67531981	40389.843240737915
336	-307.46823	-307.46823	-46.98737	-49.82694	0.86556655	-25.63534	-52.492393	-49.82698	0.0	67732981	40512.95131993294
337	-336.86896	-336.86896	-48.04633	-49.82779	0.8609338	-29.413128	-52.556183	-49.82781	0.0	67933989	40640.49308562279
338	-316.00253	-316.00253	-16.274284	-49.829105	0.8533051	-28.608198	-52.74954	-49.82905	0.0	68134981	40760.65594100952
339	-337.9333	-337.9333	-105.6148	-49.829556	0.8553131	-27.615173	-52.31835	-49.829453	0.0	68335981	40880.509539842606
340	-336.94516	-336.94516	-146.0081	-49.82883	0.8585149	-28.825216	-52.97524	-49.82895	0.0	68536987	41009.387266635895
341	-337.05814	-337.05814	-226.44125	-49.829483	0.84988374	-28.946959	-52.572033	-49.829456	0.0	68737987	41139.70946764946
342	-337.07104	-337.07104	-127.892235	-49.829357	0.8541781	-31.572674	-52.463417	-49.829296	0.0	68938986	41267.26990151405
343	-324.92267	-324.92267	-205.44962	-49.828125	0.8608759	-26.044138	-52.063126	-49.828175	0.0	69139982	41392.00339245796
344	-354.51926	-354.51926	-298.57065	-49.830917	0.8439025	-28.96518	-52.660393	-49.831005	0.0	69340982	41519.39863872528
345	-295.51392	-295.51392	-137.96977	-49.827515	0.8577541	-27.714605	-52.602646	-49.827415	0.0	69541991	41648.57868862152
346	-362.02423	-362.02423	-193.21065	-49.82926	0.8550441	-27.795258	-52.381245	-49.829147	0.0	69742991	41769.633788108826
347	-379.19766	-379.19766	-140.60233	-49.83138	0.84103584	-27.792088	-52.432007	-49.831383	0.0	69943991	41893.40928506851
348	-309.90057	-309.90057	-176.91624	-49.827217	0.85055363	-28.567493	-52.70413	-49.827225	0.0	70144982	42015.94170475006
349	-345.40457	-345.40457	-101.229904	-49.830883	0.84831476	-26.19966	-53.992554	-49.830902	0.0	70345991	42145.30333304405
350	-403.9294	-403.9294	-39.248768	-49.828804	0.8496995	-26.783222	-52.74846	-49.828854	0.0	70546991	42274.433955430984
351	-334.0883	-334.0883	-139.8028	-49.830376	0.84284633	-26.679163	-52.236073	-49.830353	0.0	70747982	42411.79195570946
352	-405.3518	-405.3518	-173.72612	-49.82954	0.8428949	-25.167538	-53.13832	-49.829464	0.0	70948981	42550.828610658646
353	-394.89932	-394.89932	-185.86383	-49.829506	0.84309894	-25.270258	-52.847515	-49.829605	0.0	71149982	42676.502356767654
354	-386.74222	-386.74222	-257.6592	-49.82716	0.8512215	-24.780107	-52.70289	-49.827114	0.0	71350991	42806.0031683445
355	-385.08994	-385.08994	-133.80058	-49.828262	0.84764016	-25.510307	-52.75388	-49.82818	0.0	71551982	42942.507652044296
356	-345.5375	-345.5375	-46.024662	-49.83051	0.8394592	-27.806026	-53.833485	-49.83065	0.0	71752981	43077.31410527229
357	-437.631	-437.631	-349.32922	-49.830433	0.84003145	-25.31779	-53.35213	-49.830296	0.0	71953981	43202.41000056267
358	-403.23538	-403.23538	-83.79632	-49.82814	0.84620565	-25.612858	-53.008167	-49.82817	0.0	72154982	43318.45884037018
359	-367.09552	-367.09552	-291.08575	-49.830143	0.83726686	-25.812485	-52.893295	-49.83013	0.0	72355981	43434.38417339325
360	-364.2959	-364.2959	-305.60223	-49.830154	0.83537775	-26.726332	-52.692074	-49.830315	0.0	72556991	43551.96644163132
361	-441.09518	-441.09518	-302.1523	-49.82827	0.84004754	-27.505966	-53.89181	-49.828114	0.0	72757991	43667.54095745087
362	-395.25266	-395.25266	-115.4147	-49.828236	0.83785653	-28.507828	-53.208748	-49.828312	0.0	72958985	43782.84879040718
363	-424.34085	-424.34085	-311.24377	-49.826916	0.83817077	-28.203896	-52.861694	-49.826885	0.0	73159988	43898.1831715107
364	-422.7377	-422.7377	-106.30665	-49.82842	0.8334639	-28.869606	-54.19636	-49.828495	0.0	73360982	44013.68608164787
365	-402.36356	-402.36356	-350.62485	-49.828037	0.8391007	-30.502398	-53.300133	-49.827965	0.0	73561991	44128.96103429794
366	-346.7415	-346.7415	-164.34413	-49.82907	0.8352351	-30.892448	-52.791008	-49.829063	0.0	73762991	44243.109224796295
367	-371.81183	-371.81183	-169.96474	-49.82941	0.83462065	-26.155031	-55.352226	-49.829376	0.0	73963991	44356.52497410774
368	-354.1741	-354.1741	-273.5797	-49.827682	0.83515424	-30.199808	-53.705917	-49.82767	0.0	74164982	44471.83894658089
369	-474.68884	-474.68884	-305.99457	-49.828865	0.83633024	-29.201214	-52.905445	-49.828865	0.0	74365991	44586.243314027786
370	-458.1572	-458.1572	-337.43112	-49.826992	0.8327643	-29.54281	-55.084396	-49.82703	0.0	74566982	44701.258598804474
371	-488.4646	-488.4646	-303.69705	-49.829067	0.829229	-33.335785	-53.7319	-49.829002	0.0	74767991	44814.725378751755
372	-366.16974	-366.16974	-244.82085	-49.82852	0.8318511	-31.735188	-53.597008	-49.828564	0.0	74968985	44928.24197483063
373	-305.14023	-305.14023	-92.77564	-49.82862	0.8316271	-24.721045	-52.36377	-49.828583	0.0	75169981	45040.644601106644
374	-379.6515	-379.6515	-156.14926	-49.828297	0.8361286	-30.291773	-53.14564	-49.828293	0.0	75370991	45153.49775457382
375	-414.67392	-414.67392	-262.2715	-49.829113	0.8225485	-28.581995	-53.577484	-49.8291	0.0	75571987	45266.53730010986
376	-362.85184	-362.85184	-184.42036	-49.829025	0.8244404	-32.021873	-53.816505	-49.828995	0.0	75772982	45378.74467396736
377	-347.5705	-347.5705	-120.33196	-49.830185	0.8322195	-28.270494	-53.21637	-49.830215	0.0	75973991	45491.380088567734
378	-386.61026	-386.61026	-85.00266	-49.823357	0.84451705	-26.845188	-53.11132	-49.8234	0.0	76174984	45604.35188269615
379	-390.20178	-390.20178	-119.00406	-49.82589	0.8416058	-30.599895	-52.776352	-49.825863	0.0	76375982	45716.67165136337
380	-370.97318	-370.97318	-151.52077	-49.82642	0.83216786	-27.63848	-53.054657	-49.826454	0.0	76576991	45830.22372221947
381	-420.48602	-420.48602	-231.87787	-49.827488	0.8275787	-31.279375	-53.67152	-49.827446	0.0	76777988	45943.69659495354
382	-416.58063	-416.58063	-238.48488	-49.827408	0.8296748	-29.482622	-52.39102	-49.827415	0.0	76978991	46056.70953607559
383	-354.15552	-354.15552	-199.6721	-49.82616	0.83144265	-30.716688	-52.61699	-49.826157	0.0	77179986	46169.16977787018
384	-411.22665	-411.22665	-144.79013	-49.826122	0.8282589	-32.923447	-52.73506	-49.8261	0.0	77380991	46281.70959210396
385	-332.49527	-332.49527	-130.93665	-49.823833	0.832428	-32.09553	-53.14225	-49.823948	0.0	77581991	46393.83796262741
386	-408.49625	-408.49625	-144.41956	-49.8257	0.827082	-31.540457	-53.882824	-49.82564	0.0	77782991	46506.31723380089
387	-357.9785	-357.9785	-139.45123	-49.82606	0.8273804	-25.304686	-53.20057	-49.82604	0.0	77983991	46617.868930101395
388	-391.91965	-391.91965	-236.11989	-49.82592	0.8256004	-32.484184	-52.088673	-49.82587	0.0	78184982	46728.769318819046
389	-336.15485	-336.15485	-105.00986	-49.824677	0.83392465	-31.540936	-53.148445	-49.824837	0.0	78385991	46837.987770318985
390	-369.7192	-369.7192	-154.76201	-49.82639	0.8240316	-28.756058	-52.62361	-49.82632	0.0	78586982	46948.83664751053
391	-370.41614	-370.41614	-143.47845	-49.826538	0.8268412	-31.613743	-52.682007	-49.826633	0.0	78787983	47059.83539748192
392	-415.01883	-415.01883	-227.90347	-49.8263	0.8278551	-29.359335	-53.077995	-49.82629	0.0	78988991	47171.688677072525
393	-302.2083	-302.2083	-40.693905	-49.827442	0.8150651	-28.185665	-52.339043	-49.82753	0.0	79189991	47281.66854071617
394	-379.14987	-379.14987	-217.34311	-49.82528	0.8310754	-26.80898	-52.78161	-49.82518	0.0	79390981	47391.72574877739
395	-392.4746	-392.4746	-346.27838	-49.825977	0.832648	-31.39616	-52.86457	-49.825935	0.0	79591982	47501.70933842659
396	-347.3412	-347.3412	-120.79676	-49.824036	0.83047014	-29.58448	-53.086544	-49.82412	0.0	79792982	47612.22979640961
397	-398.0413	-398.0413	-193.7287	-49.823658	0.8311386	-34.009098	-53.065865	-49.823658	0.0	79993982	47722.82121706009
398	-356.7074	-356.7074	-363.17853	-49.822697	0.8295124	-31.912453	-52.973606	-49.82267	0.1	80194991	47832.41151690483
399	-315.83884	-315.83884	-244.83052	-49.824604	0.83142674	-26.964619	-52.220413	-49.82461	0.0	80395991	47942.29867196083
400	-407.2465	-407.2465	-63.278137	-49.82379	0.8356987	-32.956985	-52.240543	-49.823837	0.0	80596991	48051.866314888
401	-326.39587	-326.39587	-149.09868	-49.824047	0.8315037	-30.640533	-53.637012	-49.824062	0.0	80797991	48161.21373844147
402	-351.07333	-351.07333	-98.727486	-49.821087	0.840418	-26.952972	-52.495495	-49.82109	0.0	80998982	48270.23631429672
403	-369.17218	-369.17218	-127.157326	-49.82581	0.8241847	-33.351955	-52.635197	-49.825687	0.0	81199985	48380.26887130737
404	-372.19275	-372.19275	-178.04266	-49.823288	0.83372027	-32.02079	-53.080753	-49.823273	0.0	81400982	48490.48136973381
405	-345.7585	-345.7585	-62.675575	-49.822456	0.83183664	-32.18523	-52.401333	-49.822487	0.0	81601981	48600.235619306564
406	-399.445	-399.445	-285.26718	-49.82151	0.84246516	-34.19255	-52.95639	-49.82165	0.0	81802991	48709.842801094055
407	-349.77374	-349.77374	-89.22802	-49.82329	0.83033204	-33.41799	-53.385998	-49.82332	0.0	82003982	48819.711905002594
408	-394.71747	-394.71747	-95.670265	-49.82216	0.83504236	-28.550129	-53.78471	-49.822163	0.1	82204991	48929.35628294945
