Epoch	EpRet	EpRealRet	TestEpRet	AverageQ1	StdQ1	MaxQ1	MinQ1	Q2	TestSuccess	TotalEnvInteracts	TotalTime
0	-128.74695	-128.74695	-102.391106	-47.419983	7.257893	-0.08700091	-106.65609	-47.449512	0.0	196981	102.1444981098175
1	-151.10915	-151.10915	-40.034565	-49.898598	1.0448737	-33.956253	-62.064045	-49.899197	0.0	397983	205.9403555393219
2	-139.7555	-139.7555	-77.742035	-49.922752	0.74312454	-39.40269	-60.0416	-49.92303	0.0	598981	309.36448073387146
3	-135.72386	-135.72386	-18.596241	-49.92409	0.7375271	-39.36307	-56.861282	-49.924282	0.0	799981	411.55314111709595
4	-153.56407	-153.56407	-45.227844	-49.930542	0.74960476	-37.346115	-58.611286	-49.930603	0.0	1000982	514.1522781848907
5	-172.63486	-172.63486	-107.22336	-49.899933	0.8001424	-35.432365	-63.840866	-49.900032	0.0	1201983	617.2593457698822
6	-165.88388	-165.88388	-88.13421	-49.842846	0.9364148	-34.32446	-60.752125	-49.84258	0.0	1402984	720.2937281131744
7	-164.04483	-164.04483	-84.37939	-49.827274	1.000197	-36.313004	-54.77105	-49.82705	0.0	1603983	826.0960545539856
8	-175.7493	-175.7493	-89.09877	-49.822254	0.99054134	-37.45861	-60.791485	-49.8223	0.0	1804982	930.8157737255096
9	-175.94478	-175.94478	-147.05817	-49.80361	1.0485129	-36.838123	-56.81171	-49.803444	0.0	2005981	1035.8692381381989
10	-157.93398	-157.93398	-74.946754	-49.783546	1.1359065	-36.47315	-61.605522	-49.78354	0.0	2206982	1142.4992315769196
11	-171.54195	-171.54195	-56.52344	-49.79222	1.1291286	-36.089844	-55.551147	-49.792377	0.0	2407984	1247.5218110084534
12	-161.38911	-161.38911	-90.058586	-49.799282	1.12101	-35.99132	-57.647915	-49.799522	0.0	2608984	1353.9610135555267
13	-170.72882	-170.72882	-73.5426	-49.800945	1.1139672	-36.150906	-54.737366	-49.801056	0.0	2809981	1459.7190444469452
14	-179.80753	-179.80753	-43.034367	-49.801067	1.0885587	-36.39348	-55.719276	-49.80133	0.0	3010982	1566.5847399234772
15	-173.82336	-173.82336	-57.303524	-49.794445	1.0991992	-36.159424	-54.519592	-49.794476	0.0	3211983	1671.032514333725
16	-179.0754	-179.0754	-80.06739	-49.788277	1.1316345	-36.16301	-54.146534	-49.788403	0.0	3412981	1775.40291929245
17	-188.18828	-188.18828	-76.83329	-49.777737	1.175641	-36.04667	-73.127914	-49.777863	0.0	3613983	1879.9155690670013
18	-171.27455	-171.27455	-43.970272	-49.780804	1.1682739	-36.387848	-54.52054	-49.7807	0.0	3814983	1985.6954061985016
19	-171.56831	-171.56831	-82.58568	-49.7829	1.1649361	-36.50751	-56.417027	-49.78339	0.0	4015983	2088.4781053066254
20	-160.22942	-160.22942	-47.173794	-49.766636	1.1957122	-36.186584	-61.49767	-49.766907	0.0	4216982	2191.9680156707764
21	-170.89378	-170.89378	-64.95824	-49.762066	1.2025628	-35.820522	-53.338383	-49.76223	0.0	4417982	2294.832124233246
22	-199.26965	-199.26965	-76.82363	-49.75393	1.2296324	-35.760098	-56.609352	-49.754078	0.0	4618983	2398.138622522354
23	-167.64151	-167.64151	-83.22776	-49.748013	1.2474446	-35.42148	-55.179188	-49.748234	0.0	4819983	2501.7118966579437
24	-165.20772	-165.20772	-60.725266	-49.74192	1.2646682	-35.557915	-54.068623	-49.742073	0.1	5020985	2605.2574429512024
25	-159.40485	-159.40485	-118.15151	-49.731987	1.2824765	-35.206303	-54.056812	-49.732235	0.0	5221984	2705.8984389305115
26	-166.9587	-166.9587	-100.10659	-49.7253	1.2998847	-34.63548	-54.240265	-49.72551	0.0	5422984	2807.316195487976
27	-183.32675	-183.32675	-121.56936	-49.7082	1.3347265	-35.38883	-56.243816	-49.708263	0.0	5623984	2909.216866493225
28	-162.71617	-162.71617	-64.15968	-49.69662	1.3630863	-33.86924	-66.01993	-49.696793	0.0	5824982	3012.6021625995636
29	-155.43323	-155.43323	-120.99842	-49.693512	1.4009941	-25.045107	-55.35252	-49.693535	0.0	6025982	3114.649765253067
30	-184.42043	-184.42043	-114.58445	-49.68569	1.4544865	-8.424554	-55.537422	-49.68567	0.1	6226983	3216.104691028595
31	-173.63057	-173.63057	-57.39897	-49.66507	1.574921	-0.31088	-55.58144	-49.66486	0.0	6427981	3317.2060148715973
32	-190.84299	-190.84299	-71.88277	-49.625153	1.6770967	0.1939385	-57.25135	-49.62509	0.0	6628988	3421.2363522052765
33	-160.15154	-160.15154	-76.27228	-49.664715	1.4737115	-21.08071	-56.24714	-49.664825	0.0	6829982	3523.442452430725
34	-160.32631	-160.32631	-56.34203	-49.658535	1.4551027	-26.516523	-63.92001	-49.658676	0.0	7030983	3625.206617116928
35	-199.55183	-199.55183	-57.41171	-49.661682	1.4431664	-32.396713	-53.391357	-49.66182	0.0	7231982	3727.7543103694916
36	-172.83397	-172.83397	-45.194355	-49.660206	1.4500334	-35.75779	-55.806316	-49.66013	0.0	7432982	3829.7648751735687
37	-173.82005	-173.82005	-83.32341	-49.655983	1.4591913	-33.107376	-55.76838	-49.65606	0.0	7633982	3930.813320875168
38	-157.56664	-157.56664	-134.67062	-49.64426	1.4816496	-31.997513	-54.75254	-49.64419	0.0	7834983	4033.1498453617096
39	-177.19453	-177.19453	-134.51572	-49.62815	1.5217928	-29.841986	-53.81529	-49.6281	0.0	8035983	4134.389466524124
40	-164.6072	-164.6072	-87.79016	-49.54668	1.7734265	-30.976746	-53.5807	-49.546764	0.0	8236984	4235.238584518433
41	-189.67499	-189.67499	-115.08445	-49.43618	2.1046376	-28.712147	-53.70068	-49.43627	0.1	8437987	4336.3868362903595
42	-197.17928	-197.17928	-165.14186	-49.477654	2.0072873	-23.004045	-55.912113	-49.477802	0.0	8638982	4436.189679861069
43	-177.36932	-177.36932	-210.24731	-49.5028	1.940672	-14.407521	-55.38993	-49.502537	0.0	8839984	4539.949118375778
44	-202.41266	-202.41266	-152.066	-49.490776	1.9949496	-5.163164	-54.74126	-49.49085	0.0	9040987	4646.413579940796
45	-187.96246	-187.96246	-211.15	-49.49077	2.04204	-0.46772286	-54.144337	-49.49108	0.0	9241987	4749.288498163223
46	-195.47159	-195.47159	-105.72692	-49.48372	2.0761962	1.3214091	-55.64268	-49.483997	0.0	9442984	4851.868731498718
47	-221.82759	-221.82759	-182.10127	-49.459084	2.1612394	1.5591174	-54.465202	-49.459	0.1	9643991	4953.371848106384
48	-195.35074	-195.35074	-102.39761	-49.456593	2.1682363	2.3103719	-55.417793	-49.456455	0.0	9844986	5053.63841509819
49	-191.53723	-191.53723	-129.36363	-49.455517	2.1622624	2.6481864	-53.64624	-49.45555	0.0	10045982	5154.555880069733
50	-168.95634	-168.95634	-139.00531	-49.44407	2.2577112	4.024324	-53.58746	-49.443848	0.0	10246983	5258.028970956802
51	-218.82368	-218.82368	-124.49875	-49.461422	2.1984408	4.6637034	-53.61791	-49.46113	0.0	10447984	5359.512109041214
52	-164.18976	-164.18976	-71.62202	-49.43673	2.2985141	8.738299	-53.89064	-49.43631	0.3	10648986	5462.216327667236
53	-170.1585	-170.1585	-109.85931	-49.434307	2.3412468	9.5964575	-57.8514	-49.43411	0.0	10849983	5564.468517780304
54	-168.27907	-168.27907	-106.507256	-49.423275	2.3285644	7.716057	-54.65479	-49.422478	0.0	11050982	5663.249811172485
55	-187.41362	-187.41362	-118.05769	-49.4056	2.4303539	6.2527924	-57.931534	-49.40516	0.0	11251982	5763.870074748993
56	-201.25117	-201.25117	-131.79567	-49.409863	2.5113616	14.063842	-56.026722	-49.410103	0.1	11452991	5864.014842987061
57	-173.39615	-173.39615	-92.06296	-49.375294	2.6925387	7.1128645	-59.11656	-49.375305	0.0	11653983	5965.729548931122
58	-209.84366	-209.84366	-54.6488	-49.339005	2.8870366	9.689528	-55.616352	-49.33973	0.3	11854989	6069.61639213562
59	-180.69753	-180.69753	-95.825905	-49.33331	2.991394	9.423134	-58.5042	-49.333294	0.2	12055985	6175.184051990509
60	-207.4278	-207.4278	-105.7084	-49.304356	3.0684621	10.105677	-60.911755	-49.304184	0.0	12256982	6276.233776092529
61	-197.79033	-197.79033	-130.40714	-49.26335	3.1568642	9.743539	-61.68945	-49.26381	0.2	12457986	6377.509133577347
62	-175.53427	-175.53427	-179.53139	-49.245583	3.2559013	7.653577	-60.035755	-49.245323	0.2	12658988	6483.848300933838
63	-188.59175	-188.59175	-179.6432	-49.227745	3.3435504	13.176627	-60.94154	-49.227703	0.1	12859982	6590.060097932816
64	-186.6568	-186.6568	-206.06552	-49.19758	3.496896	17.609156	-55.973896	-49.197002	0.0	13060982	6691.979115486145
65	-185.56133	-185.56133	-163.07896	-49.184647	3.6222196	28.46218	-56.849453	-49.18356	0.2	13261983	6792.510840177536
66	-219.69533	-219.69533	-83.38225	-49.213444	3.5283747	29.72567	-55.509525	-49.213104	0.1	13462985	6895.428195714951
67	-164.60017	-164.60017	-120.23167	-49.18633	3.6235578	35.49577	-54.12569	-49.18526	0.4	13663983	6997.359072446823
68	-190.06674	-190.06674	-91.06742	-49.141853	3.7430696	30.750027	-55.57393	-49.140068	0.2	13864983	7100.032221317291
69	-191.1056	-191.1056	-85.302124	-49.131737	3.7689633	26.499254	-54.21369	-49.130745	0.4	14065983	7204.864375114441
70	-179.65631	-179.65631	-82.70269	-49.15957	3.7123675	17.172447	-53.965427	-49.158405	0.1	14266983	7304.508343935013
71	-196.21245	-196.21245	-85.22083	-49.17795	3.6544757	25.482265	-54.129097	-49.17674	0.1	14467986	7405.974237442017
72	-175.2112	-175.2112	-144.20604	-49.193726	3.6140177	41.668743	-54.03849	-49.19251	0.2	14668985	7508.356820344925
73	-186.17116	-186.17116	-51.432873	-49.150295	3.718607	30.420923	-55.43464	-49.14885	0.1	14869986	7610.049072980881
74	-192.60489	-192.60489	-71.40235	-49.132866	3.7532418	26.653292	-55.005753	-49.13134	0.2	15070983	7714.303149461746
75	-208.89503	-208.89503	-61.13429	-49.137592	3.7653975	35.956837	-55.68271	-49.136864	0.3	15271982	7803.530279874802
76	-178.11298	-178.11298	-48.052467	-49.12715	3.7833629	44.934345	-56.25661	-49.12645	0.4	15472981	7878.306270599365
77	-200.97821	-200.97821	-62.54567	-49.088436	3.9218864	41.961685	-57.30393	-49.08665	0.5	15673989	7947.7859582901
78	-161.92451	-161.92451	-32.73268	-49.066513	3.9854221	25.174578	-57.580482	-49.06549	0.3	15874984	8018.6130294799805
79	-165.85114	-165.85114	-16.679611	-49.0682	3.9723487	33.72541	-57.08512	-49.06672	0.7	16075981	8088.518855333328
80	-162.01357	-162.01357	-53.155277	-49.08027	3.9695904	31.418482	-55.684258	-49.079716	0.3	16276983	8157.9865481853485
81	-208.63979	-208.63979	-97.12348	-49.09708	3.9274852	38.99042	-57.806583	-49.096046	0.5	16477986	8224.984527111053
82	-210.07312	-210.07312	-76.38903	-49.133568	3.7822373	46.776672	-56.85974	-49.132168	0.1	16678984	8290.61334657669
83	-188.40034	-188.40034	-26.989618	-49.116478	3.8648841	36.74866	-57.201427	-49.115612	0.5	16879985	8356.753236293793
84	-162.83038	-162.83038	-45.268017	-49.112408	3.861458	37.314335	-54.857204	-49.110764	0.4	17080982	8422.301518678665
85	-181.96938	-181.96938	-61.31704	-49.09805	3.884501	30.188585	-54.60442	-49.097034	0.6	17281986	8489.437175273895
86	-190.97592	-190.97592	-56.697018	-49.09177	3.882517	33.164974	-56.826	-49.091038	0.5	17482983	8557.477934360504
87	-170.00703	-170.00703	-94.80954	-49.084816	3.9290183	37.51552	-56.431656	-49.08309	0.4	17683981	8626.677068948746
88	-163.62135	-163.62135	-62.499435	-49.07941	3.9392738	34.36692	-54.72326	-49.078712	0.3	17884983	8694.780106067657
89	-175.36546	-175.36546	-70.579285	-49.07158	3.9653325	50.080902	-55.490425	-49.070732	0.5	18085983	8764.300643444061
90	-192.94847	-192.94847	-117.06909	-49.029392	4.114457	38.428947	-55.70163	-49.028435	0.3	18286986	8833.898485660553
91	-197.48154	-197.48154	-167.23195	-49.03257	4.0602584	68.50184	-56.53672	-49.031673	0.4	18487983	8901.565783977509
92	-202.90668	-202.90668	-155.12909	-49.043472	4.0702953	43.98712	-55.13458	-49.043037	0.4	18688981	8968.80564045906
93	-239.45035	-239.45035	-86.242485	-49.041	4.122448	40.002274	-55.93126	-49.040325	0.7	18889990	9035.726015329361
94	-191.60768	-191.60768	-61.92487	-49.06054	4.062117	38.270355	-55.138794	-49.060524	0.7	19090985	9102.656424045563
95	-229.30652	-229.30652	-110.13071	-49.054585	4.060881	34.158573	-57.323864	-49.05393	0.3	19291991	9169.510506868362
96	-201.37083	-201.37083	-68.06361	-49.035244	4.158319	33.204636	-55.509857	-49.034393	0.6	19492986	9236.820923089981
97	-216.39516	-216.39516	-86.31522	-49.009026	4.264565	35.743332	-57.673157	-49.009212	0.4	19693991	9304.063690662384
98	-179.05351	-179.05351	-125.41535	-49.030903	4.1782746	34.20548	-58.027103	-49.030502	0.3	19894987	9372.287578821182
99	-204.54692	-204.54692	-73.720634	-49.020153	4.2202744	24.452301	-54.851486	-49.019592	0.8	20095991	9439.919105052948
100	-214.05072	-214.05072	-136.03075	-49.008053	4.2992945	52.53812	-57.10485	-49.007347	0.4	20296981	9510.135180234909
101	-167.00397	-167.00397	-194.37631	-49.00055	4.2794185	28.861015	-56.9583	-49.000248	0.3	20497983	9582.497183322906
102	-216.709	-216.709	-168.85156	-48.99901	4.3203754	29.19408	-56.062107	-48.998356	0.3	20698982	9648.68555688858
103	-196.55522	-196.55522	-99.54063	-48.990818	4.367584	30.704136	-54.601284	-48.990284	0.6	20899982	9720.613169670105
104	-178.95877	-178.95877	-75.07514	-48.96749	4.454107	26.624208	-55.01895	-48.966766	0.6	21100982	9792.506304264069
105	-197.48326	-197.48326	-71.82225	-48.952915	4.481096	42.40446	-54.69663	-48.952225	0.5	21301984	9863.201346874237
106	-173.73322	-173.73322	-88.98613	-48.931366	4.54733	27.593676	-59.060005	-48.930683	0.5	21502989	9931.714452028275
107	-230.40332	-230.40332	-146.15224	-48.944496	4.5051317	26.354939	-58.177597	-48.943752	0.4	21703985	10002.020367145538
108	-180.68959	-180.68959	-128.72392	-48.94476	4.4801445	34.59407	-57.06003	-48.944424	0.3	21904982	10073.014586925507
109	-194.19412	-194.19412	-123.39465	-48.936806	4.5173225	43.926937	-57.63616	-48.935673	0.5	22105983	10140.787609100342
110	-181.4119	-181.4119	-120.89734	-48.91494	4.5692964	35.839542	-55.671623	-48.91435	0.5	22306987	10209.783638238907
111	-176.50487	-176.50487	-171.5034	-48.90656	4.5614476	41.224834	-56.653503	-48.90589	0.3	22507987	10278.80387043953
112	-179.99863	-179.99863	-128.11937	-48.87654	4.645242	36.636642	-57.85684	-48.875557	0.4	22708981	10349.32574415207
113	-168.6374	-168.6374	-110.61328	-48.87618	4.6492124	32.170433	-56.631878	-48.876274	0.6	22909990	10417.691657543182
114	-187.91219	-187.91219	-88.076294	-48.87219	4.679573	34.786774	-57.275375	-48.87127	0.7	23110986	10485.005084753036
115	-182.78357	-182.78357	-61.99718	-48.839684	4.7628636	33.480038	-58.50697	-48.83896	0.7	23311982	10551.632747888565
116	-163.45595	-163.45595	-111.79456	-48.81889	4.823388	32.611897	-56.98014	-48.818455	0.7	23512991	10621.391289710999
117	-210.9741	-210.9741	-74.98344	-48.79474	4.8517947	37.750874	-57.910324	-48.794132	0.6	23713989	10694.224339008331
118	-208.35033	-208.35033	-52.734413	-48.780468	4.966736	40.283806	-58.15788	-48.780415	0.7	23914983	10763.586243867874
119	-191.7578	-191.7578	-117.68562	-48.789803	4.909047	26.133137	-58.266808	-48.789078	0.5	24115985	10835.127409934998
120	-160.46863	-160.46863	-89.104485	-48.7821	4.9298987	23.230246	-54.88285	-48.78148	0.8	24316983	10905.499183893204
121	-189.0589	-189.0589	-151.73654	-48.75409	4.992684	41.774902	-58.34227	-48.7536	0.3	24517983	10974.303550481796
122	-189.12158	-189.12158	-107.376976	-48.73667	4.9916644	41.580246	-57.205704	-48.73624	0.7	24718985	11042.656665563583
123	-191.63416	-191.63416	-85.0902	-48.727863	4.9981303	32.600662	-55.82	-48.72759	0.6	24919981	11111.408832550049
124	-189.58244	-189.58244	-84.68881	-48.69733	5.0890236	62.020607	-58.909054	-48.696804	0.7	25120985	11182.263822317123
125	-158.881	-158.881	-43.127415	-48.67817	5.112993	24.016205	-59.591072	-48.677864	0.8	25321983	11253.512932300568
126	-186.4603	-186.4603	-64.30317	-48.639347	5.184031	50.182053	-59.109505	-48.638565	0.7	25522981	11323.867676258087
127	-220.10901	-220.10901	-79.167595	-48.627007	5.228337	27.935064	-60.29283	-48.627064	0.4	25723983	11394.086529493332
128	-194.19975	-194.19975	-132.72484	-48.62392	5.230023	24.190395	-58.229187	-48.62364	0.5	25924981	11465.758527040482
129	-194.163	-194.163	-77.387474	-48.609337	5.2738104	31.985031	-60.432743	-48.609093	0.7	26125991	11551.964547395706
130	-170.41203	-170.41203	-95.95075	-48.577095	5.332824	19.066278	-60.493977	-48.576286	0.6	26326983	11625.67890048027
131	-168.59898	-168.59898	-25.351625	-48.573586	5.3772535	37.84402	-59.54208	-48.57329	0.8	26527982	11700.656356573105
132	-196.50723	-196.50723	-52.435997	-48.556377	5.4120803	36.68966	-62.244762	-48.556065	0.7	26728989	11772.704504489899
133	-189.87856	-189.87856	-60.6688	-48.52492	5.5355196	29.401077	-58.996826	-48.524715	0.6	26929982	11843.600850820541
134	-220.3294	-220.3294	-32.277336	-48.536884	5.4757123	38.00478	-57.903255	-48.536446	0.7	27130991	11919.714839458466
135	-172.59583	-172.59583	-87.86096	-48.529118	5.4688582	41.457333	-58.86999	-48.528778	0.6	27331986	11993.411788225174
136	-163.55481	-163.55481	-3.8512306	-48.489906	5.574899	29.715368	-58.72109	-48.48956	0.9	27532984	12066.136063098907
137	-198.96524	-198.96524	-33.28298	-48.480473	5.6242476	37.499718	-57.04614	-48.480076	0.8	27733984	12136.669827222824
138	-184.81935	-184.81935	-32.002098	-48.464516	5.648849	25.875767	-60.888428	-48.464146	0.9	27934986	12208.727615594864
139	-158.9447	-158.9447	-65.945625	-48.43696	5.744033	33.508446	-67.56432	-48.436703	0.7	28135983	12280.553530931473
140	-209.45667	-209.45667	-26.527657	-48.419365	5.762153	26.874836	-57.643295	-48.418903	0.8	28336986	12353.833409547806
141	-152.62764	-152.62764	-77.39949	-48.360268	5.8552194	22.307034	-60.126205	-48.360172	0.5	28537981	12419.291969776154
142	-129.65596	-129.65596	-9.463108	-48.316174	5.976925	37.386684	-59.947376	-48.315567	0.9	28738982	12485.208526849747
143	-178.78647	-178.78647	-7.3007283	-48.29146	6.001532	22.256918	-60.494946	-48.290565	0.9	28939981	12552.751161813736
144	-175.36417	-175.36417	-28.645422	-48.26774	6.033116	25.907965	-60.43897	-48.26693	0.8	29140985	12619.830825328827
145	-184.6896	-184.6896	-81.707214	-48.263523	6.0296597	34.934475	-60.247757	-48.26288	0.6	29341983	12687.154567241669
146	-175.29204	-175.29204	8.310488	-48.27352	6.0354857	25.265495	-60.815685	-48.272934	1.0	29542983	12752.819316864014
147	-170.63283	-170.63283	-59.266026	-48.255253	6.0862546	31.810553	-60.738644	-48.25553	0.7	29743991	12820.187848329544
148	-159.39471	-159.39471	-41.44812	-48.27553	6.0343857	41.090614	-59.006832	-48.274815	0.7	29944985	12887.86656165123
149	-172.00824	-172.00824	-62.276688	-48.243793	6.1268296	38.15733	-61.881584	-48.243694	0.8	30145981	12954.421181678772
150	-179.80392	-179.80392	-49.637894	-48.205853	6.146597	23.594799	-59.969234	-48.20546	0.8	30346983	13023.941360473633
151	-179.76305	-179.76305	-27.822264	-48.230408	6.108862	27.582062	-60.656857	-48.22987	0.8	30547988	13092.76959323883
152	-181.51128	-181.51128	-38.21074	-48.21687	6.168164	20.743023	-61.337383	-48.216454	0.8	30748984	13160.880851268768
153	-166.61215	-166.61215	-14.53241	-48.21298	6.1718955	27.537762	-60.39628	-48.212204	0.9	30949991	13227.011089801788
154	-167.39867	-167.39867	-60.548275	-48.240646	6.112369	23.568844	-61.2095	-48.240597	0.7	31150984	13298.643562555313
155	-198.53242	-198.53242	-3.443981	-48.203384	6.1922326	27.14329	-60.85394	-48.203323	1.0	31351991	13366.13483953476
156	-196.27824	-196.27824	-22.603498	-48.202915	6.19975	45.219643	-62.309696	-48.202663	0.9	31552984	13439.655964374542
157	-188.10583	-188.10583	7.591057	-48.197014	6.213541	24.215626	-59.905113	-48.197205	1.0	31753988	13507.25556230545
158	-164.92572	-164.92572	-37.22064	-48.21036	6.187554	23.443405	-64.13156	-48.210213	0.8	31954983	13576.532312631607
159	-171.77011	-171.77011	6.117969	-48.18857	6.250159	22.983593	-59.94278	-48.188026	1.0	32155983	13643.980400800705
160	-171.57475	-171.57475	2.5908296	-48.18242	6.2464232	21.448769	-60.323627	-48.182327	1.0	32356981	13711.945781707764
161	-153.30267	-153.30267	-80.78426	-48.153946	6.2938004	26.212807	-59.861214	-48.15339	0.6	32557991	13783.490140676498
162	-173.7225	-173.7225	-25.213966	-48.160877	6.2776	25.417246	-70.91643	-48.16067	0.8	32758982	13858.577219724655
163	-160.25172	-160.25172	-12.586703	-48.132706	6.3637285	31.308329	-61.691055	-48.13227	0.9	32959991	13925.014540195465
164	-133.55103	-133.55103	-18.333387	-48.131115	6.3123164	25.070457	-65.46196	-48.13117	0.9	33160982	13999.503970861435
165	-183.36316	-183.36316	-21.407106	-48.109158	6.3988514	25.703562	-62.009876	-48.10905	0.9	33361988	14067.70013475418
166	-152.79747	-152.79747	-14.176583	-48.07069	6.488908	28.110813	-62.961704	-48.070175	0.9	33562988	14136.233524799347
167	-160.9455	-160.9455	-15.55267	-48.0819	6.4530373	24.047598	-61.517754	-48.08142	0.9	33763986	14204.877346038818
168	-138.72632	-138.72632	-59.557213	-48.067898	6.504436	27.29793	-62.821243	-48.067516	0.7	33964989	14274.424367427826
169	-157.98071	-157.98071	-15.1595955	-48.066578	6.482705	20.191608	-61.10684	-48.066196	0.9	34165983	14341.81367611885
170	-173.81293	-173.81293	3.7478232	-47.999836	6.648036	29.251753	-62.71961	-47.99995	1.0	34366991	14408.103904247284
171	-136.79477	-136.79477	5.094718	-48.003048	6.639462	24.640995	-63.012676	-48.002403	1.0	34567982	14477.272468090057
172	-135.84358	-135.84358	-35.801826	-47.98371	6.6866026	26.980217	-64.144	-47.984333	0.8	34768983	14563.607125997543
173	-135.76315	-135.76315	-31.836248	-47.971325	6.7164335	22.408867	-60.99321	-47.970703	0.8	34969981	14645.519009113312
174	-169.18947	-169.18947	-52.47958	-47.983513	6.667537	22.350117	-62.30297	-47.98333	0.7	35170981	14723.49410033226
175	-184.44229	-184.44229	-10.64146	-47.9955	6.679229	19.997715	-62.145008	-47.994648	0.9	35371981	14797.573908090591
176	-127.12322	-127.12322	-4.8020673	-47.983253	6.7106123	31.617313	-61.243782	-47.9833	1.0	35572982	14870.039684772491
177	-139.25877	-139.25877	-7.685259	-47.962	6.763626	39.993843	-62.873913	-47.96266	1.0	35773985	14940.783182144165
178	-162.0875	-162.0875	-16.384052	-47.928173	6.848914	23.79171	-61.769005	-47.927536	0.9	35974982	15013.98872923851
179	-136.96335	-136.96335	-71.656975	-47.913414	6.891556	34.14224	-65.89861	-47.91358	0.6	36175985	15094.799518346786
180	-153.56493	-153.56493	-31.11246	-47.893543	6.88172	28.572447	-65.41342	-47.89344	0.9	36376983	15171.585796117783
181	-136.71869	-136.71869	-3.5740166	-47.88324	6.918921	27.321106	-63.940186	-47.883724	1.0	36577981	15245.698022127151
182	-167.02351	-167.02351	12.058616	-47.866127	6.969741	27.621216	-64.49854	-47.86636	1.0	36778982	15316.747553110123
183	-187.1804	-187.1804	6.6385326	-47.849987	6.988793	25.075172	-68.41197	-47.84951	1.0	36979984	15388.273300886154
184	-167.80565	-167.80565	-11.135434	-47.81673	7.0428376	23.909857	-65.2832	-47.817383	0.9	37180984	15460.141491651535
185	-155.75882	-155.75882	3.8274286	-47.81741	7.047447	27.30998	-64.37864	-47.8175	1.0	37381982	15537.266369819641
186	-169.62627	-169.62627	4.0975924	-47.80506	7.0588055	26.035248	-61.883766	-47.804676	1.0	37582985	15607.015341043472
187	-114.41866	-114.41866	-13.423018	-47.762108	7.1400065	30.66923	-62.327023	-47.762394	1.0	37783989	15675.385910987854
188	-159.18423	-159.18423	-20.837152	-47.73473	7.170524	25.638517	-64.84875	-47.735306	0.9	37984991	15748.02323436737
189	-170.95543	-170.95543	-14.847961	-47.768284	7.0895	24.064146	-61.17745	-47.768696	0.9	38185991	15827.842257022858
190	-184.74583	-184.74583	-25.825768	-47.777153	7.083895	29.78175	-66.959	-47.77704	0.8	38386990	15903.167667150497
191	-178.85611	-178.85611	0.1553496	-47.730663	7.183908	30.268692	-62.898388	-47.73163	1.0	38587985	15972.2952439785
192	-170.1133	-170.1133	-16.076403	-47.743286	7.1407137	28.529146	-61.72542	-47.7428	0.8	38788991	16047.072155952454
193	-132.72539	-132.72539	-27.232536	-47.730873	7.161725	24.03407	-66.53283	-47.731113	0.9	38989991	16121.937305688858
194	-132.92056	-132.92056	-36.436848	-47.700985	7.2151875	26.825104	-62.385788	-47.701637	0.8	39190991	16195.835174798965
195	-139.16582	-139.16582	-4.55548	-47.699585	7.213784	28.426588	-63.637535	-47.699677	0.9	39391981	16268.661210536957
196	-154.37476	-154.37476	-27.635588	-47.681705	7.2639875	31.640434	-64.01006	-47.682552	0.8	39592991	16339.562001466751
197	-145.56776	-145.56776	-3.6551743	-47.670795	7.282786	30.132359	-61.312172	-47.67081	0.9	39793984	16408.833853006363
198	-163.89183	-163.89183	-25.634296	-47.668648	7.2902164	26.306639	-63.050655	-47.66882	0.8	39994984	16479.46132183075
199	-144.39095	-144.39095	1.378056	-47.64214	7.359755	22.543512	-62.909996	-47.642235	1.0	40195981	16550.511402845383
200	-162.35924	-162.35924	-17.829699	-47.6119	7.370792	23.839157	-63.776066	-47.612553	0.9	40396981	16620.052489995956
201	-154.99432	-154.99432	1.3530736	-47.63261	7.352932	45.603767	-63.402668	-47.632328	0.9	40597986	16694.417907953262
202	-120.966286	-120.966286	1.0958174	-47.620937	7.3338833	27.070473	-61.34884	-47.621292	1.0	40798984	16764.562078475952
203	-136.5578	-136.5578	-26.305387	-47.57939	7.4395757	23.708601	-64.34306	-47.579544	0.8	40999983	16836.15484547615
204	-138.69826	-138.69826	-34.311836	-47.58405	7.4293075	23.670214	-66.85316	-47.584587	0.7	41200986	16907.523497343063
205	-137.15971	-137.15971	-37.994354	-47.59933	7.3978453	22.4399	-63.8459	-47.599064	0.8	41401983	16979.15990614891
206	-149.81961	-149.81961	-25.809893	-47.57538	7.476294	35.88154	-63.957603	-47.57575	0.8	41602982	17051.09148669243
207	-122.57478	-122.57478	5.1235657	-47.531765	7.541173	25.744562	-62.43702	-47.532726	1.0	41803983	17121.3248898983
208	-184.25056	-184.25056	-43.13526	-47.535286	7.5244284	22.522583	-66.850426	-47.535435	0.8	42004983	17193.293561935425
209	-134.33406	-134.33406	-25.070637	-47.508305	7.584508	25.158228	-65.00598	-47.50817	0.8	42205985	17263.594489097595
210	-109.83712	-109.83712	6.90363	-47.514706	7.5508676	19.202642	-64.75745	-47.514614	1.0	42406986	17333.989904165268
211	-123.86412	-123.86412	-9.593204	-47.485767	7.6100497	24.795269	-66.713974	-47.48692	0.9	42607983	17402.784062862396
212	-135.94432	-135.94432	-9.677581	-47.470177	7.619836	29.375504	-63.395813	-47.469906	1.0	42808988	17474.47728252411
213	-151.06891	-151.06891	-4.7820525	-47.44953	7.6683736	27.478407	-63.458206	-47.44985	0.9	43009988	17543.120172023773
214	-127.67243	-127.67243	-18.97014	-47.501263	7.57925	35.50591	-65.01229	-47.50088	0.8	43210984	17612.181076288223
215	-114.37473	-114.37473	-48.11095	-47.458363	7.666043	31.294935	-65.49337	-47.45848	0.7	43411985	17680.873919725418
216	-152.57368	-152.57368	-15.961286	-47.42794	7.7268734	30.118832	-63.828823	-47.427574	0.8	43612981	17749.992025375366
217	-187.753	-187.753	-3.5275614	-47.43271	7.6980247	34.23681	-66.710754	-47.43325	1.0	43813987	17818.775063037872
218	-137.53706	-137.53706	-2.7304373	-47.418346	7.714216	22.782442	-64.98494	-47.41882	0.9	44014981	17887.77990436554
219	-136.66182	-136.66182	-33.440586	-47.406784	7.742048	26.876122	-65.370636	-47.406948	0.8	44215981	17956.88106226921
220	-128.41847	-128.41847	-5.077759	-47.39315	7.7692127	22.868587	-64.462715	-47.393353	1.0	44416985	18025.875034332275
221	-140.36436	-140.36436	-5.353479	-47.339424	7.837755	26.421955	-62.44735	-47.33973	1.0	44617983	18095.00054049492
222	-174.74396	-174.74396	-1.4134431	-47.336662	7.828976	25.990526	-67.12249	-47.337006	0.9	44818989	18164.348782539368
223	-131.26234	-131.26234	12.81511	-47.339325	7.843672	33.02811	-65.41172	-47.339333	1.0	45019984	18232.210466861725
224	-154.6677	-154.6677	10.735208	-47.33762	7.8519964	22.288822	-63.770103	-47.338062	1.0	45220985	18300.34765601158
225	-136.34534	-136.34534	8.668213	-47.31166	7.891823	29.322557	-68.465034	-47.31205	1.0	45421981	18368.262471675873
226	-149.91693	-149.91693	-11.206714	-47.299976	7.894927	28.173195	-64.18471	-47.300125	0.9	45622986	18436.209693670273
227	-137.1388	-137.1388	-21.955017	-47.327923	7.856987	30.496395	-62.70039	-47.327976	0.8	45823983	18504.201354265213
228	-156.83916	-156.83916	-38.67628	-47.333782	7.8570075	26.051031	-67.40864	-47.33366	0.9	46024984	18571.59392619133
229	-159.75233	-159.75233	-4.3180776	-47.288685	7.9140186	28.829386	-63.932865	-47.288765	0.9	46225991	18638.785135746002
230	-134.67525	-134.67525	-15.595938	-47.278877	7.95377	25.05629	-62.65106	-47.2792	0.9	46426987	18706.45605134964
231	-130.36574	-130.36574	-10.387657	-47.29136	7.913184	29.059864	-64.77532	-47.291744	0.9	46627982	18773.80313181877
232	-167.5877	-167.5877	12.269614	-47.317608	7.8547955	26.601978	-64.06136	-47.317646	1.0	46828984	18841.160008907318
233	-175.64435	-175.64435	-8.485493	-47.26531	7.9615374	21.325663	-67.87327	-47.266457	0.9	47029987	18908.374364376068
234	-144.92096	-144.92096	-5.256417	-47.269894	7.9616275	35.81704	-64.97704	-47.269947	0.9	47230982	18975.671400785446
235	-153.14879	-153.14879	2.7303212	-47.266277	7.9659967	27.391005	-75.50758	-47.266556	1.0	47431984	19042.91627430916
236	-128.50932	-128.50932	10.017149	-47.27769	7.9281693	23.644855	-73.321815	-47.27846	1.0	47632988	19110.627035856247
237	-106.82237	-106.82237	10.35638	-47.21347	8.0265665	29.578812	-63.878822	-47.21428	1.0	47833983	19177.56996154785
238	-169.23834	-169.23834	5.296098	-47.21506	8.029785	25.160639	-66.54594	-47.21568	1.0	48034989	19244.581629753113
239	-143.89465	-143.89465	13.756693	-47.20015	8.049441	33.727955	-65.171906	-47.201153	1.0	48235982	19312.15390586853
240	-122.67146	-122.67146	11.400961	-47.20051	8.060657	32.430557	-64.08346	-47.20059	1.0	48436984	19379.390936613083
241	-121.64624	-121.64624	10.059163	-47.13395	8.157308	27.739946	-67.08062	-47.1347	1.0	48637983	19446.603868722916
242	-132.18013	-132.18013	-6.600928	-47.162735	8.089992	25.910887	-65.52055	-47.16291	0.9	48838983	19513.138871192932
243	-101.544525	-101.544525	-2.7762716	-47.155804	8.090026	32.818947	-64.14158	-47.156548	0.9	49039982	19580.01699233055
244	-119.38979	-119.38979	9.603528	-47.134983	8.141605	22.75905	-64.77894	-47.136333	1.0	49240982	19646.970558404922
245	-170.50023	-170.50023	8.854943	-47.086525	8.215596	23.843433	-65.16698	-47.08662	1.0	49441985	19713.955772399902
246	-179.15572	-179.15572	9.903682	-47.10652	8.201584	25.015488	-69.74808	-47.107056	1.0	49642981	19780.639057397842
247	-136.7226	-136.7226	-7.077081	-47.123734	8.147596	28.839487	-69.50059	-47.124577	0.9	49843981	19847.397274017334
248	-159.86958	-159.86958	-2.17531	-47.107727	8.195639	28.418322	-65.7215	-47.10868	0.9	50044984	19914.79036283493
249	-124.08785	-124.08785	5.2751403	-47.092632	8.229394	24.078623	-63.782658	-47.093086	1.0	50245982	19981.90741801262
250	-118.482796	-118.482796	10.917123	-47.08996	8.212205	26.259611	-65.073586	-47.091805	1.0	50446984	20048.053500175476
251	-152.21193	-152.21193	9.532283	-47.076622	8.246821	23.771671	-64.35773	-47.077374	1.0	50647985	20114.52170562744
252	-95.31291	-95.31291	11.066433	-47.07238	8.253651	24.8856	-69.99682	-47.07269	1.0	50848987	20181.32314300537
253	-166.64102	-166.64102	5.6797214	-47.058426	8.290235	28.643702	-73.6177	-47.059235	1.0	51049990	20247.462606191635
254	-122.4025	-122.4025	-3.1859536	-47.048393	8.304836	26.845684	-67.15214	-47.04959	0.9	51250981	20313.965284109116
255	-135.71846	-135.71846	-5.7706246	-47.038433	8.310792	31.016253	-71.85304	-47.039333	1.0	51451983	20380.669774532318
256	-126.68379	-126.68379	7.9754963	-47.05041	8.311653	30.980595	-67.52566	-47.0513	1.0	51652981	20447.098025083542
257	-141.70279	-141.70279	-2.5842583	-47.0433	8.285571	32.198162	-64.00582	-47.044014	0.9	51853989	20513.586308002472
258	-149.64127	-149.64127	-4.3442645	-47.0476	8.301776	63.617157	-63.627514	-47.048416	1.0	52054986	20579.912302017212
259	-143.5094	-143.5094	1.1056343	-47.032993	8.354426	44.281425	-64.389496	-47.0333	1.0	52255983	20645.80789065361
260	-143.86441	-143.86441	-1.4305917	-47.051758	8.296033	31.37515	-66.19424	-47.05232	0.9	52456984	20712.32422566414
261	-127.34739	-127.34739	-19.07069	-46.995598	8.386917	26.885067	-68.63832	-46.995953	0.9	52657984	20779.217555761337
262	-158.01846	-158.01846	6.227762	-47.010235	8.368061	32.67353	-67.12048	-47.01227	1.0	52858989	20846.646287202835
263	-134.71342	-134.71342	-4.3465276	-47.010155	8.406937	26.260956	-67.54143	-47.010147	0.9	53059984	20912.950082063675
264	-107.18987	-107.18987	12.365139	-47.01263	8.343081	23.910355	-63.539158	-47.01421	1.0	53260982	20979.584053516388
265	-124.590996	-124.590996	-10.247663	-46.99608	8.379795	24.26492	-68.21157	-46.99597	0.9	53461982	21045.82112812996
266	-149.5691	-149.5691	-28.6661	-46.996788	8.359301	33.61711	-67.128235	-46.998737	0.7	53662989	21112.718049764633
267	-130.63489	-130.63489	11.662067	-46.946415	8.471959	30.50249	-68.674126	-46.94659	1.0	53863985	21178.28920149803
268	-121.801834	-121.801834	12.573196	-46.942276	8.443357	26.324448	-65.58914	-46.943714	1.0	54064981	21244.306859493256
269	-138.78671	-138.78671	2.643461	-46.96197	8.396214	25.41544	-67.63658	-46.962196	1.0	54265983	21309.98301410675
270	-127.98435	-127.98435	-1.1114799	-46.912815	8.501508	25.965282	-66.38778	-46.91442	0.9	54466983	21376.373511314392
271	-123.34346	-123.34346	-1.733862	-46.899086	8.509117	26.893513	-64.45902	-46.89882	0.9	54667987	21442.427671194077
272	-163.01703	-163.01703	-1.5995858	-46.873432	8.557684	28.002617	-64.99529	-46.87384	0.9	54868991	21508.685530424118
273	-146.50742	-146.50742	2.9755561	-46.836536	8.604723	28.5929	-63.193214	-46.837406	0.9	55069987	21574.81297826767
274	-137.70831	-137.70831	0.38723087	-46.84992	8.588721	34.52294	-69.550255	-46.850754	1.0	55270982	21640.86419391632
275	-114.44693	-114.44693	-1.7849832	-46.84238	8.584123	37.917522	-63.687897	-46.842587	0.9	55471985	21706.987587928772
276	-148.84148	-148.84148	12.27542	-46.850925	8.582527	26.338863	-68.52928	-46.85158	1.0	55672985	21772.93146300316
277	-119.28996	-119.28996	3.6227534	-46.83101	8.579787	36.72047	-63.691055	-46.831482	0.9	55873987	21839.872444152832
278	-164.38846	-164.38846	9.3855715	-46.8289	8.607501	44.510616	-72.226654	-46.83002	1.0	56074986	21905.67346048355
279	-120.49728	-120.49728	7.1321745	-46.82743	8.616067	31.104097	-66.31055	-46.827736	1.0	56275990	21972.11472582817
280	-128.52495	-128.52495	6.6781907	-46.834713	8.629307	23.979233	-65.84104	-46.835087	1.0	56476981	22037.919208049774
281	-135.35197	-135.35197	10.051501	-46.835648	8.619719	31.415903	-65.01632	-46.837254	1.0	56677981	22103.980634450912
282	-132.83691	-132.83691	8.304061	-46.80556	8.653955	31.4987	-64.52531	-46.805294	1.0	56878983	22169.853992700577
283	-129.04291	-129.04291	5.9938674	-46.804897	8.636877	23.790459	-71.14863	-46.805275	0.9	57079983	22235.863768339157
284	-141.05428	-141.05428	4.407047	-46.811455	8.625438	27.22962	-65.95817	-46.811424	1.0	57280983	22302.839871168137
285	-173.41196	-173.41196	11.253672	-46.805862	8.618335	31.702911	-74.18717	-46.80685	1.0	57481991	22369.247108459473
286	-147.41496	-147.41496	-4.949654	-46.79414	8.647205	23.594297	-66.17126	-46.794834	1.0	57682986	22435.36143374443
287	-94.81968	-94.81968	-15.259277	-46.79112	8.657668	31.86448	-65.04536	-46.791126	0.9	57883981	22501.56506252289
288	-136.12065	-136.12065	-6.978266	-46.748875	8.7264385	28.408371	-66.970795	-46.74986	0.9	58084983	22567.279776334763
289	-138.08734	-138.08734	-12.490818	-46.765896	8.681991	43.971287	-67.65374	-46.765846	0.9	58285984	22633.395905017853
290	-145.2007	-145.2007	7.2728744	-46.767403	8.670804	29.694965	-72.73037	-46.767582	1.0	58486983	22699.174572229385
291	-145.84033	-145.84033	11.6095915	-46.73512	8.738223	30.273352	-63.290367	-46.735733	1.0	58687989	22765.540677547455
292	-152.29974	-152.29974	12.705109	-46.749783	8.689976	30.358131	-64.252365	-46.74998	1.0	58888986	22832.276763677597
293	-144.41158	-144.41158	14.90484	-46.795864	8.632184	25.31662	-63.995514	-46.79602	1.0	59089984	22898.705970287323
294	-115.34589	-115.34589	11.812601	-46.7391	8.731924	25.00166	-67.51867	-46.73959	1.0	59290982	22964.408206939697
295	-155.04512	-155.04512	-15.144993	-46.7573	8.695271	32.554024	-69.045944	-46.75696	0.8	59491989	23030.520228385925
296	-171.81444	-171.81444	9.085008	-46.7467	8.718694	32.667995	-71.812	-46.74724	1.0	59692983	23096.24383711815
297	-118.97709	-118.97709	7.3340244	-46.75196	8.716172	36.440716	-67.00469	-46.752148	1.0	59893983	23162.34011244774
298	-118.894646	-118.894646	9.092477	-46.73668	8.721293	26.555931	-72.10293	-46.737427	1.0	60094987	23228.54691386223
299	-130.02145	-130.02145	-3.850003	-46.716633	8.749512	38.644688	-70.5745	-46.715733	0.9	60295987	23294.70887517929
300	-123.79962	-123.79962	6.117381	-46.704823	8.736594	30.893131	-68.31714	-46.705563	1.0	60496982	23360.591670274734
301	-134.67944	-134.67944	-4.147152	-46.69102	8.746321	23.26862	-67.17418	-46.691956	0.9	60697981	23426.772468328476
302	-113.59686	-113.59686	9.068511	-46.66227	8.81064	57.16812	-63.13005	-46.66146	1.0	60898983	23492.914662599564
303	-131.15944	-131.15944	9.845651	-46.68492	8.7436	53.474873	-66.71199	-46.686268	1.0	61099982	23559.010067224503
304	-114.40363	-114.40363	-1.1529158	-46.652332	8.834296	31.668732	-65.77174	-46.651497	0.9	61300984	23624.629548549652
305	-107.63188	-107.63188	-11.29507	-46.63669	8.822304	27.111656	-66.97471	-46.636757	0.9	61501985	23690.07306957245
306	-173.16907	-173.16907	6.4302425	-46.58109	8.9037	33.13295	-68.83725	-46.581593	1.0	61702981	23755.739775896072
307	-124.16553	-124.16553	12.100336	-46.580086	8.886903	27.887966	-66.19431	-46.58047	1.0	61903991	23822.39988565445
308	-109.59955	-109.59955	5.8887467	-46.609432	8.865275	44.746376	-70.493256	-46.60886	1.0	62104988	23887.776836633682
309	-123.05548	-123.05548	-14.498241	-46.596462	8.845284	28.854078	-67.786545	-46.598648	0.8	62305990	23953.93133711815
310	-153.39642	-153.39642	-2.5574672	-46.56304	8.917537	59.885395	-70.157104	-46.562572	0.9	62506983	24019.610064029694
311	-130.33588	-130.33588	-19.70489	-46.57898	8.903566	36.007008	-66.382065	-46.579803	0.8	62707984	24085.68502521515
312	-130.3436	-130.3436	-12.763679	-46.572876	8.91011	27.929169	-73.99368	-46.57249	0.8	62908981	24151.958512544632
313	-176.42732	-176.42732	6.4701824	-46.55112	8.92089	25.690168	-67.17639	-46.551975	1.0	63109990	24217.765764713287
314	-101.88335	-101.88335	6.8040037	-46.504288	8.9614725	26.577255	-70.35366	-46.504234	1.0	63310985	24283.358196496964
315	-134.55833	-134.55833	10.834946	-46.54947	8.929801	30.467554	-67.6183	-46.550297	1.0	63511983	24349.785868644714
316	-155.20757	-155.20757	12.819317	-46.564438	8.904111	25.653904	-67.95711	-46.564217	1.0	63712983	24415.81382083893
317	-179.80907	-179.80907	-7.2704635	-46.53025	8.936722	26.22967	-68.46802	-46.530243	0.9	63913984	24481.79357123375
318	-120.314	-120.314	9.124287	-46.54456	8.922611	27.62657	-64.34094	-46.54459	1.0	64114987	24547.77655029297
319	-153.89584	-153.89584	9.8987875	-46.532417	8.930726	28.14767	-71.34496	-46.532215	1.0	64315991	24613.855484485626
320	-120.71878	-120.71878	3.0982673	-46.50587	8.962851	34.652473	-68.50916	-46.50608	1.0	64516987	24680.533510684967
321	-156.38396	-156.38396	13.482906	-46.50259	8.984083	33.42638	-68.19995	-46.50275	1.0	64717983	24746.763178110123
322	-137.83313	-137.83313	8.005987	-46.51045	8.983825	31.058525	-71.64161	-46.510456	1.0	64918984	24812.725054740906
323	-127.6466	-127.6466	-2.8618424	-46.516026	8.972133	38.414745	-66.37714	-46.51764	0.9	65119986	24879.153592586517
324	-125.99309	-125.99309	13.6267605	-46.468307	9.01422	30.712524	-68.08146	-46.468002	1.0	65320991	24945.272478818893
325	-129.91698	-129.91698	-5.822502	-46.473656	9.015849	29.670246	-65.27934	-46.47343	0.9	65521983	25011.299027442932
326	-154.644	-154.644	-11.751416	-46.443886	9.054702	33.122467	-69.342674	-46.444687	1.0	65722991	25077.138969182968
327	-136.162	-136.162	3.9718528	-46.41451	9.079452	26.989798	-67.40877	-46.415802	1.0	65923983	25143.170776844025
328	-154.87471	-154.87471	10.447735	-46.42332	9.072438	26.656845	-65.531784	-46.423035	1.0	66124982	25209.557201385498
329	-126.32424	-126.32424	-6.202688	-46.44898	9.046174	27.701052	-66.332596	-46.45042	0.9	66325991	25276.37266278267
330	-141.9043	-141.9043	12.481598	-46.435528	9.059135	32.263126	-72.25865	-46.43468	1.0	66526986	25342.537417173386
331	-147.04529	-147.04529	13.372985	-46.41435	9.078825	33.328476	-71.048836	-46.41569	1.0	66727984	25408.794180631638
332	-144.20503	-144.20503	8.553852	-46.43836	9.05007	43.682716	-68.22991	-46.43923	1.0	66928981	25474.45304274559
333	-179.72382	-179.72382	13.064395	-46.41363	9.110771	29.232416	-66.01296	-46.413036	1.0	67129991	25540.609743356705
334	-137.54712	-137.54712	-16.732073	-46.417984	9.069133	28.10457	-65.1977	-46.41947	0.8	67330991	25607.171554088593
335	-146.90263	-146.90263	-2.3611114	-46.415546	9.073311	30.585705	-66.77799	-46.41641	0.9	67531983	25673.146360874176
336	-122.582214	-122.582214	12.840758	-46.40983	9.092969	30.60529	-70.40664	-46.410286	1.0	67732985	25739.088186740875
337	-137.99162	-137.99162	7.014152	-46.408573	9.059915	30.134472	-67.30363	-46.409016	1.0	67933991	25804.907784461975
338	-126.60609	-126.60609	10.07911	-46.39516	9.123765	35.65904	-73.341545	-46.394535	1.0	68134981	25870.94034099579
339	-129.03102	-129.03102	2.2534454	-46.372456	9.1304655	31.538027	-67.24661	-46.372585	0.9	68335981	25936.350294828415
340	-128.59572	-128.59572	12.900944	-46.370926	9.113951	25.500933	-69.64462	-46.371857	1.0	68536984	26001.77907037735
341	-123.22939	-123.22939	10.228105	-46.377384	9.122685	26.365099	-76.537834	-46.378624	1.0	68737984	26066.922191143036
342	-90.40392	-90.40392	11.1131	-46.37112	9.092399	29.938658	-69.636505	-46.37158	1.0	68938981	26132.14854645729
343	-142.95563	-142.95563	11.605468	-46.35706	9.153298	26.067036	-69.85328	-46.357246	1.0	69139981	26197.380724191666
344	-202.17157	-202.17157	-3.737504	-46.358624	9.133432	31.242907	-68.51302	-46.359882	0.9	69340983	26262.951160669327
345	-122.77751	-122.77751	-25.319477	-46.352337	9.19142	32.70595	-67.39108	-46.353775	0.8	69541982	26329.081855773926
346	-109.41337	-109.41337	9.200652	-46.365932	9.16205	29.751167	-66.93704	-46.36588	1.0	69742987	26395.352438926697
347	-101.69982	-101.69982	3.818222	-46.323147	9.189102	54.237293	-68.19939	-46.32327	1.0	69943988	26460.979076385498
348	-132.39572	-132.39572	-10.169002	-46.30329	9.223879	29.786392	-66.717575	-46.303684	0.9	70144982	26526.90718817711
349	-157.34732	-157.34732	-2.81706	-46.3141	9.207823	27.566364	-66.66262	-46.31312	0.9	70345983	26592.625245571136
350	-126.59046	-126.59046	-14.832699	-46.33723	9.169265	54.98578	-70.68165	-46.33944	0.8	70546986	26658.43949985504
351	-133.13493	-133.13493	4.3967743	-46.307816	9.188099	32.65393	-69.76342	-46.308754	1.0	70747991	26723.95141196251
352	-114.335686	-114.335686	11.807221	-46.29743	9.1981535	28.636812	-63.477345	-46.297054	1.0	70948981	26789.29369688034
353	-156.56123	-156.56123	-11.788181	-46.297554	9.196521	36.00664	-68.01314	-46.298862	0.8	71149989	26855.024309635162
354	-143.99315	-143.99315	8.581913	-46.27834	9.242625	35.5224	-71.04195	-46.27898	1.0	71350986	26921.075770139694
355	-132.71982	-132.71982	4.1311703	-46.291363	9.216161	46.546177	-68.559265	-46.29213	1.0	71551984	26986.896792173386
356	-118.00834	-118.00834	-3.8441162	-46.270794	9.230362	30.453114	-67.3418	-46.27212	0.9	71752983	27052.976794481277
357	-139.38087	-139.38087	15.493545	-46.251144	9.250635	35.35083	-68.33757	-46.251987	1.0	71953985	27118.337201356888
358	-147.49826	-147.49826	-1.7175487	-46.28976	9.18883	27.971693	-73.48496	-46.29043	1.0	72154985	27183.88867497444
359	-159.6788	-159.6788	10.520273	-46.265614	9.227861	28.955462	-70.845	-46.266384	1.0	72355991	27249.321330070496
360	-105.909134	-105.909134	9.270744	-46.26854	9.231116	32.877384	-77.17237	-46.26927	1.0	72556981	27316.374227762222
361	-95.26152	-95.26152	-27.879622	-46.23199	9.291929	26.41492	-69.76439	-46.232536	0.8	72757991	27382.307079076767
362	-150.14536	-150.14536	14.142108	-46.223446	9.270921	25.20691	-92.18489	-46.224174	1.0	72958984	27447.660509824753
363	-142.59865	-142.59865	14.165379	-46.264217	9.212946	31.009556	-76.743744	-46.26511	1.0	73159991	27514.028542995453
364	-101.725945	-101.725945	12.99344	-46.244408	9.278684	26.77932	-67.96161	-46.245182	1.0	73360981	27579.371418237686
365	-113.85139	-113.85139	11.50819	-46.231834	9.310588	27.545696	-65.70206	-46.233097	1.0	73561983	27644.779715538025
366	-127.61035	-127.61035	10.886359	-46.227154	9.3001375	23.56696	-67.208046	-46.228775	1.0	73762985	27710.15677666664
367	-137.69061	-137.69061	10.647021	-46.248207	9.2312	26.099892	-66.04019	-46.248417	1.0	73963985	27775.334585666656
368	-157.82188	-157.82188	0.96007323	-46.21068	9.284428	36.973007	-66.45008	-46.21157	0.9	74164982	27840.638955116272
369	-117.585526	-117.585526	13.604486	-46.17495	9.370213	30.405968	-70.87011	-46.17662	1.0	74365983	27906.042595624924
370	-122.405975	-122.405975	12.38927	-46.187275	9.32287	29.520164	-67.52029	-46.187485	1.0	74566981	27971.427633047104
371	-109.30615	-109.30615	11.41781	-46.2015	9.312506	28.308193	-67.816986	-46.202766	1.0	74767981	28036.932969093323
372	-138.30864	-138.30864	12.841464	-46.18094	9.349837	33.69033	-68.131	-46.180614	1.0	74968983	28102.41990017891
373	-127.446976	-127.446976	9.245315	-46.18311	9.325115	30.561796	-68.09096	-46.183727	1.0	75169981	28167.686654806137
374	-148.91748	-148.91748	-18.323591	-46.199272	9.321863	30.399527	-76.20586	-46.198513	0.8	75370984	28233.364679813385
375	-123.83004	-123.83004	10.821857	-46.175377	9.328544	43.287773	-68.43302	-46.177067	1.0	75571981	28299.15829348564
376	-139.53839	-139.53839	8.07481	-46.16082	9.340554	31.676813	-70.8714	-46.161835	1.0	75772987	28364.519819259644
377	-151.41803	-151.41803	9.271927	-46.139545	9.384086	24.664198	-68.12889	-46.14147	1.0	75973988	28429.224977493286
378	-173.90062	-173.90062	2.0685034	-46.132652	9.402083	25.03351	-68.82605	-46.13286	1.0	76174991	28494.34734940529
379	-137.31412	-137.31412	2.8270972	-46.170544	9.35183	33.4245	-67.32111	-46.171227	0.9	76375982	28560.016169309616
380	-108.58499	-108.58499	10.517329	-46.14363	9.373129	24.452877	-66.4561	-46.143337	1.0	76576982	28624.473697900772
381	-134.32895	-134.32895	6.3141923	-46.145092	9.386492	44.82878	-67.656	-46.14678	1.0	76777991	28689.916947841644
382	-104.55088	-104.55088	-6.8106084	-46.16786	9.389482	39.94245	-67.76536	-46.167786	0.9	76978982	28755.27409172058
383	-116.50617	-116.50617	6.923919	-46.150417	9.345018	29.885178	-64.942604	-46.15177	1.0	77179981	28820.627737283707
384	-131.57713	-131.57713	13.171954	-46.163845	9.33038	42.021416	-66.78982	-46.162846	1.0	77380989	28885.564602136612
385	-154.35031	-154.35031	10.276977	-46.16201	9.352028	27.328648	-68.04029	-46.16297	1.0	77581983	28950.97662305832
386	-149.97598	-149.97598	7.0776887	-46.117672	9.44198	32.414875	-65.80444	-46.118645	1.0	77782985	29015.825243234634
387	-155.7272	-155.7272	12.670144	-46.1435	9.38048	30.036636	-68.740555	-46.14435	1.0	77983981	29080.72993159294
388	-129.0186	-129.0186	3.7712898	-46.153473	9.361178	31.024153	-69.98319	-46.153454	1.0	78184990	29145.84206676483
389	-133.31064	-133.31064	9.848719	-46.104156	9.441063	82.991	-64.91367	-46.104263	1.0	78385985	29211.315676927567
390	-114.00181	-114.00181	11.806655	-46.099606	9.405716	42.89969	-67.10133	-46.099987	1.0	78586983	29276.423513174057
391	-132.6817	-132.6817	4.768521	-46.109074	9.385793	40.56839	-69.51223	-46.109364	1.0	78787991	29341.679722070694
392	-111.749084	-111.749084	-7.8488345	-46.090023	9.428609	33.129116	-68.57835	-46.090137	1.0	78988986	29406.789176940918
393	-134.50467	-134.50467	5.265324	-46.071125	9.437293	28.796864	-67.60581	-46.07198	1.0	79189981	29471.734750032425
394	-135.46164	-135.46164	-18.541513	-46.050568	9.499581	32.170124	-69.89212	-46.05168	0.9	79390983	29536.7009165287
395	-175.416	-175.416	-4.4600463	-46.068783	9.449838	45.829346	-68.233185	-46.068844	0.9	79591983	29601.910255908966
396	-170.79729	-170.79729	-18.946867	-46.099056	9.398614	37.44426	-66.679565	-46.100643	0.8	79792991	29666.82703924179
397	-112.49571	-112.49571	10.113125	-46.08799	9.44508	32.24908	-66.064285	-46.08948	1.0	79993987	29732.250370502472
398	-86.739655	-86.739655	-3.2901535	-46.069073	9.419345	31.006268	-67.74753	-46.06961	0.9	80194982	29797.40584921837
399	-115.82282	-115.82282	13.011552	-46.067158	9.453072	44.54802	-70.29887	-46.067097	1.0	80395985	29863.31585764885
400	-138.67331	-138.67331	15.2229185	-46.062557	9.477547	41.5757	-67.570145	-46.06375	1.0	80596991	29928.50648856163
401	-147.1993	-147.1993	9.405519	-46.05515	9.440211	31.086258	-65.663155	-46.05467	1.0	80797984	29993.787623882294
402	-136.98898	-136.98898	-2.5506117	-46.066822	9.45476	46.46546	-70.04326	-46.069466	0.9	80998982	30059.101539611816
403	-120.22715	-120.22715	10.114212	-46.01602	9.511567	34.199043	-75.75282	-46.015064	1.0	81199982	30123.999219417572
404	-118.33277	-118.33277	11.049428	-46.053776	9.43878	25.99926	-71.83718	-46.05535	1.0	81400991	30188.60179233551
405	-116.55205	-116.55205	12.195278	-46.02683	9.496089	44.24299	-68.932045	-46.027023	1.0	81601982	30253.317182779312
406	-122.728264	-122.728264	12.781909	-45.97904	9.55411	37.896217	-68.383026	-45.978607	1.0	81802989	30318.127615213394
407	-142.27007	-142.27007	6.5494094	-45.989597	9.541153	28.192806	-67.85068	-45.990685	1.0	82003983	30382.848878622055
408	-125.482414	-125.482414	-5.375181	-45.990536	9.520688	34.082138	-68.455826	-45.99146	0.9	82204983	30447.831817626953
409	-148.06075	-148.06075	9.994293	-45.999027	9.526139	33.39583	-80.84738	-45.999153	1.0	82405981	30512.593462228775
410	-152.13913	-152.13913	4.025045	-46.006546	9.501602	35.077187	-69.661385	-46.005985	0.9	82606986	30577.123215913773
411	-125.57543	-125.57543	15.08497	-46.000347	9.5025	54.38638	-66.676636	-46.0008	1.0	82807982	30641.925216913223
412	-137.49991	-137.49991	12.386053	-46.0134	9.475524	28.334908	-71.377106	-46.01564	1.0	83008981	30706.88207244873
413	-137.0771	-137.0771	13.416363	-45.997616	9.496682	25.270437	-70.210655	-45.99821	1.0	83209984	30771.705013275146
414	-141.20798	-141.20798	-12.633445	-45.994698	9.498191	108.22056	-66.33542	-45.994896	0.8	83410981	30836.87557220459
415	-112.987206	-112.987206	-2.4921093	-45.99987	9.489267	78.734116	-66.44496	-46.00149	0.9	83611984	30901.507271528244
416	-123.23935	-123.23935	7.0807467	-45.979523	9.5316725	84.42707	-67.29539	-45.98028	1.0	83812991	30966.27189397812
417	-126.78754	-126.78754	11.321152	-45.95837	9.572301	51.854736	-67.49735	-45.95846	1.0	84013985	31031.125915288925
418	-117.53501	-117.53501	10.943997	-45.936153	9.541086	33.781185	-71.895836	-45.93652	1.0	84214984	31095.628942489624
419	-147.13208	-147.13208	0.42983162	-45.955997	9.546286	36.662346	-72.21345	-45.957325	0.9	84415988	31160.325758457184
420	-162.48111	-162.48111	-3.5335503	-45.96095	9.549553	29.829655	-76.526535	-45.96083	0.9	84616982	31225.330872297287
421	-130.47905	-130.47905	11.683258	-45.958717	9.51799	37.720432	-73.24289	-45.95998	1.0	84817986	31290.096170663834
422	-123.41703	-123.41703	11.70041	-45.93972	9.548938	34.451084	-69.16838	-45.941833	1.0	85018991	31355.563769817352
423	-117.42828	-117.42828	12.144912	-45.939247	9.548471	35.750313	-67.270035	-45.93849	1.0	85219983	31420.30062198639
424	-136.85751	-136.85751	11.51592	-45.90119	9.598827	27.545845	-69.8385	-45.9031	1.0	85420984	31484.806713581085
425	-135.5654	-135.5654	10.086508	-45.946766	9.551605	26.31498	-68.248245	-45.94788	1.0	85621986	31549.985968351364
426	-155.10791	-155.10791	13.018451	-45.94311	9.545726	51.132835	-72.16346	-45.94303	1.0	85822986	31614.594160079956
427	-107.44881	-107.44881	7.4259048	-45.917553	9.563562	58.84179	-71.64873	-45.91813	1.0	86023991	31679.843239307404
428	-93.124794	-93.124794	11.868824	-45.863674	9.666095	29.063255	-68.698326	-45.864765	1.0	86224987	31744.422782182693
429	-135.68425	-135.68425	14.631619	-45.90119	9.582422	34.250626	-71.677956	-45.901623	1.0	86425986	31809.434470891953
430	-119.07837	-119.07837	13.576071	-45.877396	9.6483135	35.583984	-67.7458	-45.878376	1.0	86626983	31875.105535268784
431	-124.87661	-124.87661	13.016678	-45.898808	9.610582	35.95296	-70.9193	-45.899532	1.0	86827982	31940.19399523735
432	-120.02675	-120.02675	13.497928	-45.887077	9.6184225	31.572044	-67.61018	-45.886864	1.0	87028984	32004.720146656036
433	-126.43757	-126.43757	13.715121	-45.88629	9.637168	30.04276	-68.89469	-45.887566	1.0	87229986	32069.966118335724
434	-140.79767	-140.79767	13.146384	-45.897205	9.609232	49.466465	-68.24313	-45.898876	1.0	87430983	32134.87773489952
435	-126.16274	-126.16274	-4.800094	-45.851006	9.64416	34.595104	-67.639404	-45.85069	0.9	87631991	32199.98782801628
436	-126.00308	-126.00308	-2.3135462	-45.85759	9.6328745	25.808426	-69.86095	-45.857872	0.9	87832984	32264.841908216476
437	-164.34073	-164.34073	11.527421	-45.845726	9.655729	32.86317	-67.34049	-45.84515	1.0	88033983	32329.853095769882
438	-128.95074	-128.95074	13.231995	-45.869457	9.596614	30.32654	-65.12271	-45.87123	1.0	88234985	32395.15398168564
439	-162.08376	-162.08376	13.595623	-45.874302	9.593596	29.180538	-82.08224	-45.876537	1.0	88435987	32460.019466876984
440	-121.82348	-121.82348	-4.3832517	-45.866177	9.649022	34.75315	-75.79216	-45.86611	0.9	88636982	32525.08255672455
441	-124.87065	-124.87065	4.599503	-45.83309	9.678373	30.162584	-68.52856	-45.835464	1.0	88837987	32590.048107624054
442	-122.39759	-122.39759	10.837814	-45.83959	9.6665745	29.492237	-73.5792	-45.83826	1.0	89038984	32654.971087694168
443	-139.01013	-139.01013	12.062041	-45.853638	9.610001	42.96466	-77.56758	-45.856213	1.0	89239985	32720.38139629364
444	-123.36597	-123.36597	-1.3930625	-45.792957	9.711704	33.6019	-67.74765	-45.793354	0.9	89440984	32789.41518831253
445	-129.6091	-129.6091	13.267496	-45.786766	9.733209	31.273556	-68.01802	-45.788677	1.0	89641987	32855.0097424984
446	-121.2997	-121.2997	0.60772246	-45.81418	9.659736	32.852524	-66.56385	-45.81371	1.0	89842982	32919.627128601074
447	-128.87003	-128.87003	10.171859	-45.819668	9.656169	29.322624	-69.75185	-45.820335	1.0	90043988	32984.004125118256
448	-105.93035	-105.93035	-13.610675	-45.778225	9.717095	30.955223	-67.54477	-45.77946	0.8	90244983	33048.55640292168
449	-131.95164	-131.95164	11.835799	-45.78842	9.708325	31.713211	-77.32228	-45.787052	1.0	90445991	33113.17337846756
450	-92.88326	-92.88326	13.468972	-45.769962	9.717007	31.274734	-69.9529	-45.772247	1.0	90646990	33178.34362769127
451	-96.13117	-96.13117	11.085994	-45.806053	9.694318	29.038422	-66.783424	-45.805695	1.0	90847983	33242.8134098053
452	-102.520905	-102.520905	-7.1374435	-45.76516	9.733592	41.308033	-68.155876	-45.766376	0.9	91048983	33307.88685011864
453	-126.661125	-126.661125	3.6928878	-45.77394	9.743845	29.027925	-66.01169	-45.77637	1.0	91249984	33372.70134449005
454	-124.29995	-124.29995	12.336642	-45.764805	9.738815	27.774319	-70.113205	-45.766384	1.0	91450983	33437.39711833
455	-139.62543	-139.62543	13.884408	-45.796387	9.672176	44.264664	-70.52338	-45.79632	1.0	91651984	33502.47224974632
456	-156.75954	-156.75954	12.278732	-45.77129	9.737158	38.443153	-66.82808	-45.772167	1.0	91852985	33567.2523958683
457	-96.58768	-96.58768	0.5591268	-45.76132	9.738981	29.958364	-69.96899	-45.761635	1.0	92053984	33632.016287088394
458	-103.68053	-103.68053	11.828158	-45.765556	9.752205	30.901781	-71.59326	-45.76611	1.0	92254983	33696.90241646767
459	-106.59533	-106.59533	1.7741063	-45.75852	9.732702	28.692802	-71.4854	-45.759247	0.9	92455981	33761.526369810104
460	-96.75796	-96.75796	10.699508	-45.762074	9.720444	45.916706	-69.64538	-45.764027	1.0	92656985	33826.43108701706
461	-151.31938	-151.31938	9.417258	-45.73805	9.756355	48.326317	-67.56525	-45.73822	1.0	92857982	33890.91714286804
462	-138.10341	-138.10341	6.5663953	-45.733532	9.774559	33.525036	-66.091225	-45.734814	1.0	93058983	33955.06625676155
463	-117.56472	-117.56472	7.1136613	-45.70099	9.806765	34.787827	-66.30658	-45.701702	1.0	93259982	34019.58921122551
464	-78.21782	-78.21782	2.3846195	-45.74244	9.752421	44.739265	-65.037155	-45.74164	1.0	93460989	34083.92771220207
465	-136.95502	-136.95502	11.815155	-45.702225	9.8183775	34.07068	-65.861404	-45.7032	1.0	93661983	34147.98417329788
466	-115.6241	-115.6241	13.44244	-45.732193	9.788705	28.982164	-69.186264	-45.732803	1.0	93862983	34212.86810398102
467	-121.24424	-121.24424	3.3365812	-45.687126	9.821186	35.230682	-68.73285	-45.6895	1.0	94063982	34277.41089344025
468	-127.83176	-127.83176	13.983445	-45.700863	9.785292	34.47063	-70.677864	-45.70088	1.0	94264984	34342.2941904068
469	-144.66708	-144.66708	12.164545	-45.6673	9.865441	52.285892	-71.46523	-45.667007	1.0	94465983	34406.64958143234
470	-123.489914	-123.489914	13.991535	-45.71372	9.799812	40.570755	-68.562416	-45.715652	1.0	94666983	34471.33301305771
471	-139.03021	-139.03021	-0.9324087	-45.697243	9.818336	95.27682	-70.21746	-45.697197	0.9	94867983	34535.769314050674
472	-158.1145	-158.1145	13.502542	-45.670116	9.853047	77.08223	-66.90807	-45.672062	1.0	95068983	34599.78888273239
473	-135.93697	-135.93697	13.038148	-45.673523	9.835597	55.110664	-71.0885	-45.67295	1.0	95269981	34664.03674030304
474	-110.6305	-110.6305	13.045523	-45.699387	9.8080225	68.65826	-67.72959	-45.699432	1.0	95470981	34727.54686450958
475	-111.10696	-111.10696	13.911762	-45.692226	9.806163	57.14957	-70.2508	-45.69453	1.0	95671991	34791.68811297417
476	-141.10469	-141.10469	-3.4451675	-45.67471	9.825132	65.662544	-72.55674	-45.675335	0.9	95872985	34856.234639167786
477	-126.000114	-126.000114	13.70871	-45.66206	9.854535	43.917637	-76.66859	-45.66155	1.0	96073991	34920.34843707085
478	-139.17653	-139.17653	12.866764	-45.648647	9.879464	54.956577	-71.929695	-45.651367	1.0	96274981	34984.916959524155
479	-103.75041	-103.75041	10.137011	-45.621136	9.875123	48.56406	-68.97747	-45.621185	1.0	96475985	35049.63071012497
480	-108.950516	-108.950516	12.340621	-45.6055	9.913104	42.128494	-65.93185	-45.605816	1.0	96676987	35113.656133174896
481	-119.51117	-119.51117	12.203834	-45.648952	9.868233	39.379997	-68.20185	-45.64914	1.0	96877986	35177.88469791412
482	-111.986145	-111.986145	8.870562	-45.660957	9.846546	40.837402	-67.563835	-45.663483	1.0	97078982	35242.31169104576
483	-129.62839	-129.62839	13.273925	-45.61144	9.900078	45.31299	-73.05668	-45.610645	1.0	97279981	35306.710676431656
484	-88.035255	-88.035255	5.561778	-45.61192	9.910474	41.149006	-70.73079	-45.614033	1.0	97480985	35371.947016477585
485	-148.54913	-148.54913	11.326797	-45.633698	9.879416	44.895107	-68.575294	-45.633404	1.0	97681982	35436.369183301926
486	-97.182274	-97.182274	-3.556775	-45.595394	9.882814	34.31945	-73.74811	-45.596592	0.9	97882982	35500.75777602196
487	-124.789246	-124.789246	12.079062	-45.588463	9.93995	37.153183	-68.52419	-45.588383	1.0	98083981	35565.687247514725
488	-160.55154	-160.55154	12.449865	-45.58938	9.942589	37.336693	-69.247025	-45.590363	1.0	98284984	35629.81609892845
489	-132.62535	-132.62535	-3.1492536	-45.5897	9.968638	33.677906	-70.1992	-45.59155	0.9	98485981	35694.27974009514
490	-115.728874	-115.728874	8.569145	-45.615414	9.891262	27.533148	-77.02829	-45.61565	1.0	98686981	35758.3248693943
491	-141.02394	-141.02394	13.801913	-45.583363	9.915412	58.23452	-81.94978	-45.58556	1.0	98887982	35822.720670223236
492	-119.32614	-119.32614	11.8582115	-45.571568	9.940844	43.479534	-72.82239	-45.57018	1.0	99088985	35887.42962861061
493	-126.161285	-126.161285	11.686283	-45.607426	9.897824	40.575645	-67.04787	-45.609715	1.0	99289987	35951.492319107056
494	-144.311	-144.311	12.631118	-45.59781	9.897147	38.600266	-69.34839	-45.596596	1.0	99490991	36015.53900361061
495	-105.66475	-105.66475	14.06824	-45.55801	9.978653	56.62878	-66.14871	-45.55909	1.0	99691984	36080.22028851509
496	-112.21037	-112.21037	9.66726	-45.57457	9.926354	34.61419	-70.35986	-45.57551	1.0	99892983	36144.41352844238
497	-141.42935	-141.42935	11.5216465	-45.554996	9.95246	52.20175	-65.23002	-45.55378	1.0	100093981	36208.92173218727
498	-117.52425	-117.52425	11.782658	-45.557472	9.953563	38.511055	-71.2301	-45.55839	1.0	100294983	36273.4447658062
499	-139.6234	-139.6234	12.458139	-45.570015	9.913549	35.381065	-68.42066	-45.572037	1.0	100495983	36337.95340800285
