Epoch	EpRet	EpRealRet	TestEpRet	AverageQ1	StdQ1	MaxQ1	MinQ1	Q2	TestSuccess	TotalEnvInteracts	TotalTime
0	-159.38153	-159.38153	-32.621914	-46.553856	7.98299	-0.072519355	-114.31888	-46.569435	0.0	196983	81.95529270172119
1	-184.79596	-184.79596	-107.554085	-49.752167	1.463723	-33.969986	-60.732784	-49.75241	0.0	397981	166.43222379684448
2	-177.0516	-177.0516	-69.234215	-49.711212	1.4761082	-34.207237	-56.12485	-49.711395	0.0	598985	253.74754071235657
3	-162.6689	-162.6689	-46.171085	-49.686638	1.5805154	-33.167824	-54.533947	-49.6869	0.0	799990	342.54544591903687
4	-165.51247	-165.51247	-107.76377	-49.666065	1.5686537	-33.616116	-55.895226	-49.66619	0.0	1000986	434.7852075099945
5	-165.04062	-165.04062	-56.485596	-49.643547	1.6045996	-36.123234	-67.97111	-49.64372	0.0	1201981	524.8266603946686
6	-189.66844	-189.66844	-68.46976	-49.526478	2.2578084	4.1621914	-68.68888	-49.525665	0.0	1402986	617.8387792110443
7	-176.35915	-176.35915	-58.873817	-49.509743	2.5236828	3.3157158	-56.388916	-49.509872	0.0	1603984	709.065664768219
8	-157.26329	-157.26329	-62.315243	-49.533974	2.4179363	5.8182845	-54.773598	-49.53374	0.0	1804983	802.8787107467651
9	-170.17416	-170.17416	-67.54799	-49.480373	2.4726973	6.1540594	-56.676056	-49.479885	0.0	2005985	895.4110174179077
10	-172.86713	-172.86713	-86.64234	-49.461563	2.5176551	9.094876	-54.28345	-49.46121	0.1	2206985	989.5510814189911
11	-167.80872	-167.80872	-28.232882	-49.476295	2.4563463	12.687103	-56.13322	-49.475883	0.0	2407982	1082.8215382099152
12	-149.64725	-149.64725	-85.1138	-49.497868	2.412149	7.225748	-57.664703	-49.498	0.0	2608983	1176.6834847927094
13	-166.1022	-166.1022	-104.63978	-49.490288	2.3799717	13.681617	-56.489185	-49.490044	0.0	2809982	1270.266170501709
14	-168.3583	-168.3583	-37.09314	-49.487988	2.380617	9.060872	-53.459694	-49.488075	0.0	3010983	1364.8051300048828
15	-173.46826	-173.46826	-84.66895	-49.50234	2.288476	12.782395	-54.77871	-49.502243	0.0	3211983	1458.8104526996613
16	-164.99922	-164.99922	-56.216087	-49.487312	2.3320274	11.59254	-54.83321	-49.48702	0.0	3412983	1555.0535259246826
17	-140.45074	-140.45074	-48.468277	-49.428207	2.570929	6.842139	-54.8634	-49.427536	0.0	3613982	1658.2742104530334
18	-156.74812	-156.74812	-80.351265	-49.326572	2.9527178	8.548405	-60.26248	-49.32524	0.0	3814981	1757.840986251831
19	-203.08127	-203.08127	-67.65379	-49.356304	2.877505	6.832358	-59.50667	-49.355824	0.1	4015982	1855.1145310401917
20	-176.7148	-176.7148	-73.446945	-49.349274	2.8800354	11.490408	-57.374016	-49.34915	0.1	4216983	1951.8047013282776
21	-142.67857	-142.67857	-62.63959	-49.338074	2.9359326	5.096321	-58.840153	-49.33791	0.0	4417983	2048.1246111392975
22	-154.13022	-154.13022	-35.837585	-49.305855	3.111685	9.323309	-57.04755	-49.30581	0.0	4618981	2142.4847559928894
23	-190.13039	-190.13039	-71.24278	-49.304756	3.2005026	11.568188	-57.997314	-49.30478	0.1	4819984	2236.5440752506256
24	-172.58861	-172.58861	-57.290005	-49.285095	3.2455144	17.497103	-59.37934	-49.284893	0.1	5020984	2330.8171734809875
25	-157.16211	-157.16211	-44.474865	-49.30682	3.206165	9.557898	-55.52567	-49.307343	0.0	5221986	2421.419743537903
26	-154.93266	-154.93266	-46.717728	-49.318825	3.167909	12.089465	-54.535843	-49.319134	0.3	5422982	2513.8575983047485
27	-159.83272	-159.83272	-96.92713	-49.32355	3.1441686	18.221714	-59.873856	-49.324024	0.1	5623983	2606.2683322429657
28	-165.52904	-165.52904	-109.4591	-49.240353	3.4526055	15.106312	-61.03864	-49.240635	0.0	5824984	2699.5892808437347
29	-177.04459	-177.04459	-38.136692	-49.20255	3.580338	12.293022	-55.31866	-49.203148	0.2	6025982	2794.9367876052856
30	-202.36772	-202.36772	-46.256176	-49.200947	3.604401	19.251045	-58.54254	-49.20151	0.0	6226981	2887.545969724655
31	-155.63506	-155.63506	-95.406075	-49.214134	3.5523534	13.413599	-55.9824	-49.214607	0.2	6427982	2983.4952776432037
32	-204.59526	-204.59526	-75.619934	-49.23848	3.4416165	10.757866	-55.84985	-49.238712	0.3	6628982	3082.4517397880554
33	-173.40846	-173.40846	-44.652554	-49.253143	3.3688161	19.07358	-55.658268	-49.253513	0.2	6829982	3176.105990409851
34	-163.64651	-163.64651	-56.975708	-49.283356	3.3102927	23.273407	-56.027897	-49.283836	0.2	7030982	3267.0634722709656
35	-149.33292	-149.33292	-32.425114	-49.279205	3.263726	24.984116	-59.459923	-49.279327	0.4	7231982	3359.3275022506714
36	-185.86664	-185.86664	-39.431156	-49.269917	3.2787805	19.836878	-58.42718	-49.26992	0.1	7432981	3451.3315103054047
37	-170.88274	-170.88274	-59.262	-49.24613	3.3197951	25.573618	-54.96901	-49.246384	0.1	7633982	3545.8080587387085
38	-172.48326	-172.48326	-49.115047	-49.211895	3.4309475	15.754942	-62.11926	-49.21214	0.0	7834982	3643.672996520996
39	-162.9974	-162.9974	-54.25889	-49.16477	3.5774777	18.697586	-55.16894	-49.16459	0.3	8035985	3740.728532075882
40	-171.1347	-171.1347	-32.133602	-49.1763	3.5419261	20.830746	-54.76815	-49.176537	0.2	8236986	3836.4731199741364
41	-144.4452	-144.4452	-31.824785	-49.182873	3.589309	20.037554	-53.885967	-49.182636	0.2	8437981	3931.491239309311
42	-160.641	-160.641	-47.14094	-49.130657	3.742759	18.127625	-56.52859	-49.130222	0.1	8638983	4025.8893699645996
43	-165.93329	-165.93329	-59.08807	-49.112057	3.8057413	19.057331	-54.84584	-49.11169	0.1	8839984	4121.970809221268
44	-153.57657	-153.57657	-118.512794	-49.08076	3.8706872	17.743921	-56.479176	-49.079967	0.2	9040987	4217.67591714859
45	-190.13663	-190.13663	-55.435856	-49.05262	4.0029616	17.136587	-54.963165	-49.052322	0.5	9241985	4315.150572299957
46	-183.99117	-183.99117	-37.15624	-49.034508	4.0828114	27.157377	-56.09263	-49.03444	0.4	9442985	4410.887929201126
47	-188.77827	-188.77827	-79.89893	-49.01395	4.1962743	20.519054	-55.92785	-49.01444	0.2	9643983	4507.852836608887
48	-159.87854	-159.87854	-77.47407	-49.02914	4.1879673	14.844128	-59.51275	-49.02917	0.3	9844982	4601.127316474915
49	-219.86745	-219.86745	-78.85949	-49.04056	4.144577	18.785385	-54.946438	-49.040707	0.3	10045983	4695.729955196381
50	-182.77126	-182.77126	-118.67068	-49.030563	4.2098155	17.828064	-57.53153	-49.030502	0.4	10246982	4790.381060361862
51	-155.81818	-155.81818	-60.26404	-49.03345	4.201778	19.951624	-55.016037	-49.033783	0.2	10447984	4885.674008131027
52	-188.21799	-188.21799	-47.114357	-48.999134	4.2820263	18.901735	-57.433956	-48.998955	0.6	10648981	4982.1003205776215
53	-196.40555	-196.40555	-73.008354	-49.02735	4.200136	15.658467	-54.686123	-49.027924	0.5	10849984	5076.248416662216
54	-170.92047	-170.92047	-140.72609	-49.022797	4.2117424	14.813828	-55.486275	-49.02327	0.2	11050981	5170.525625705719
55	-182.71933	-182.71933	-123.52368	-49.003616	4.2257175	26.481138	-57.69686	-49.004032	0.3	11251983	5263.64627456665
56	-179.34406	-179.34406	-90.82751	-48.97924	4.2757735	17.558132	-57.292244	-48.979446	0.4	11452987	5365.978270769119
57	-186.4359	-186.4359	-43.987106	-48.923576	4.4181695	30.044357	-56.352943	-48.924595	0.6	11653985	5465.997408628464
58	-175.70474	-175.70474	-107.97307	-48.903885	4.536253	21.732626	-57.58252	-48.90486	0.4	11854988	5566.25688457489
59	-175.24374	-175.24374	-68.63421	-48.88734	4.5829663	18.836721	-56.275135	-48.887802	0.7	12055984	5670.336395978928
60	-185.2686	-185.2686	-24.964537	-48.87265	4.658582	14.896117	-57.384567	-48.873142	0.7	12256983	5769.807535409927
61	-214.12639	-214.12639	-102.53433	-48.84274	4.7184954	15.8430605	-57.206223	-48.84274	0.6	12457985	5862.2481989860535
62	-200.60033	-200.60033	-133.99922	-48.779152	4.814201	17.314781	-57.21853	-48.779266	0.4	12658981	5952.064756631851
63	-214.13351	-214.13351	-74.95179	-48.77442	4.838763	20.630953	-56.790848	-48.77452	0.6	12859988	6042.246479272842
64	-218.54594	-218.54594	-63.104958	-48.783756	4.832114	20.661339	-58.43818	-48.783653	0.6	13060985	6131.20511674881
65	-192.23438	-192.23438	-151.71959	-48.75461	4.917453	17.399776	-59.9949	-48.75494	0.4	13261986	6220.184109687805
66	-209.33516	-209.33516	-141.35074	-48.768593	4.8980484	19.342035	-56.29491	-48.76884	0.4	13462986	6308.744311332703
67	-195.17844	-195.17844	-84.2102	-48.723125	5.025339	18.888939	-59.21318	-48.723232	0.3	13663981	6397.001018047333
68	-178.54498	-178.54498	-92.04945	-48.69488	5.098453	19.255209	-58.37809	-48.695038	0.6	13864986	6484.670053243637
69	-171.68532	-171.68532	-94.87754	-48.674034	5.134141	21.911913	-57.9246	-48.67411	0.6	14065981	6572.4183123111725
70	-208.06723	-208.06723	-89.34724	-48.64669	5.255107	18.601007	-59.6781	-48.646835	0.6	14266984	6660.139576435089
71	-213.045	-213.045	-160.15488	-48.65275	5.2616835	16.367786	-57.338913	-48.652447	0.3	14467981	6748.373466968536
72	-176.36469	-176.36469	-75.61054	-48.623665	5.309536	24.61222	-58.398342	-48.623726	0.7	14668981	6836.141728401184
73	-210.89383	-210.89383	-39.179108	-48.590126	5.4002676	18.405485	-59.65567	-48.589977	0.7	14869984	6923.684978246689
74	-193.07661	-193.07661	-59.918423	-48.54595	5.493874	18.0313	-57.780716	-48.545635	0.8	15070986	7010.756368160248
75	-168.86008	-168.86008	-42.662334	-48.53139	5.560688	18.44711	-59.273167	-48.53141	0.7	15271986	7097.571968793869
76	-177.35094	-177.35094	-114.03549	-48.492157	5.6155853	22.438446	-57.83023	-48.49175	0.5	15472986	7184.345443487167
77	-195.40163	-195.40163	-77.90772	-48.489166	5.652565	18.076982	-59.52819	-48.488686	0.6	15673985	7271.024333000183
78	-175.9592	-175.9592	-37.038425	-48.46776	5.703868	23.782917	-58.734108	-48.467663	0.9	15874985	7357.608521699905
79	-202.18916	-202.18916	-113.875755	-48.462566	5.669956	25.545486	-60.51252	-48.46168	0.6	16075990	7444.73037147522
80	-207.38214	-207.38214	-45.007473	-48.487926	5.6373305	22.333824	-61.870594	-48.487705	0.7	16276991	7531.461233377457
81	-218.3714	-218.3714	-42.145977	-48.44927	5.7520843	20.68359	-62.639385	-48.44857	0.9	16477981	7618.180823087692
82	-203.42036	-203.42036	-63.876537	-48.445168	5.7609406	24.96997	-62.765995	-48.44489	0.8	16678981	7704.7932143211365
83	-150.81328	-150.81328	-143.78084	-48.447235	5.7528152	16.792742	-59.723362	-48.44692	0.4	16879981	7791.436933517456
84	-186.47224	-186.47224	-77.55493	-48.422813	5.8200717	19.267584	-61.265892	-48.422493	0.7	17080991	7878.124658823013
85	-232.69252	-232.69252	-63.886852	-48.418095	5.7999	23.814318	-57.60626	-48.417618	0.7	17281983	7964.37299823761
86	-183.1773	-183.1773	-128.64218	-48.43427	5.7606335	20.097881	-58.855156	-48.4338	0.5	17482983	8050.050463438034
87	-170.46744	-170.46744	-147.22128	-48.41319	5.7962084	18.908934	-62.14425	-48.412197	0.3	17683981	8135.880860567093
88	-214.15436	-214.15436	-43.00943	-48.40556	5.850005	19.892984	-60.362656	-48.40515	0.8	17884983	8222.149104118347
89	-144.1835	-144.1835	-41.043392	-48.412506	5.8110604	25.712519	-59.75453	-48.41174	0.8	18085991	8307.927230596542
90	-162.41815	-162.41815	-62.845444	-48.343033	6.014554	21.435415	-60.526817	-48.34239	0.7	18286989	8393.347559928894
91	-170.45775	-170.45775	-34.295273	-48.342518	6.0024056	27.103691	-60.370476	-48.34195	0.7	18487984	8478.844598770142
92	-174.47955	-174.47955	-38.277554	-48.296337	6.0963655	18.94928	-60.079918	-48.295803	0.8	18688990	8564.564178943634
93	-181.61362	-181.61362	-114.68062	-48.297253	6.100237	20.418863	-59.49768	-48.29642	0.5	18889982	8650.4660115242
94	-190.4741	-190.4741	-85.56911	-48.2898	6.1266828	19.644407	-60.95375	-48.28927	0.5	19090985	8736.414369344711
95	-179.05902	-179.05902	-106.76795	-48.290665	6.1294985	17.046144	-60.233517	-48.289547	0.6	19291984	8821.807240962982
96	-173.72522	-173.72522	-70.99028	-48.244053	6.235939	24.937056	-59.9954	-48.242653	0.6	19492982	8907.209120750427
97	-162.23064	-162.23064	-144.73021	-48.251743	6.2244763	19.66851	-59.969124	-48.25139	0.4	19693981	8993.162771224976
98	-150.98366	-150.98366	-68.36833	-48.235367	6.2323394	21.048235	-60.136658	-48.234234	0.7	19894983	9079.164835214615
99	-169.03732	-169.03732	-45.40976	-48.196167	6.317216	18.467203	-60.654537	-48.19516	0.7	20095991	9164.571620941162
100	-240.3069	-240.3069	-115.17776	-48.172802	6.346942	26.690422	-61.660126	-48.172314	0.7	20296989	9250.686707019806
101	-168.71526	-168.71526	-81.3968	-48.18537	6.3653793	25.473692	-63.230835	-48.18398	0.6	20497984	9336.534539937973
102	-193.72258	-193.72258	-111.56715	-48.178226	6.403603	18.326391	-62.26843	-48.177834	0.6	20698983	9421.605758428574
103	-186.35233	-186.35233	-53.363205	-48.150658	6.462039	30.071564	-65.891975	-48.149624	0.7	20899986	9506.776022434235
104	-161.88994	-161.88994	-82.44997	-48.14963	6.4417896	18.147617	-60.07884	-48.14854	0.6	21100981	9592.49660539627
105	-194.27342	-194.27342	-61.136852	-48.143536	6.4436183	22.265253	-59.40321	-48.14211	0.7	21301991	9679.171214580536
106	-176.30334	-176.30334	-46.47604	-48.115955	6.486118	23.515532	-63.07492	-48.114586	0.8	21502990	9764.600787878036
107	-180.45273	-180.45273	-98.07422	-48.13131	6.440878	20.603937	-61.129673	-48.129837	0.6	21703982	9850.788341999054
108	-169.19484	-169.19484	-38.428604	-48.1068	6.5266724	23.81419	-60.897545	-48.10574	0.8	21904982	9936.464212417603
109	-205.98798	-205.98798	-24.70174	-48.102123	6.5444927	19.414774	-60.618294	-48.101215	0.8	22105988	10022.201705932617
110	-195.94603	-195.94603	-116.298805	-48.08996	6.504673	28.262592	-59.949635	-48.08841	0.6	22306985	10107.63584113121
111	-193.36824	-193.36824	-10.644293	-48.07856	6.547658	19.226898	-61.861927	-48.076607	0.9	22507981	10193.03411245346
112	-209.28273	-209.28273	-48.811947	-48.08364	6.5462823	20.116945	-61.133675	-48.08234	0.8	22708984	10278.74078321457
113	-170.10814	-170.10814	-20.454498	-48.06337	6.5419097	21.643423	-60.154438	-48.06172	0.9	22909981	10363.8914706707
114	-208.49725	-208.49725	-78.711266	-48.031345	6.627718	17.679811	-62.386475	-48.02959	0.6	23110989	10448.97299170494
115	-193.54659	-193.54659	-73.386604	-48.02347	6.620089	17.693796	-61.396793	-48.021614	0.6	23311989	10534.38726234436
116	-171.90216	-171.90216	-83.73704	-47.966946	6.718319	23.678373	-66.1019	-47.965775	0.6	23512991	10619.9242105484
117	-187.00871	-187.00871	-48.937626	-47.97493	6.7262177	18.463543	-67.13801	-47.97434	0.7	23713982	10704.85115647316
118	-168.52768	-168.52768	-19.110474	-47.95657	6.7123284	17.853905	-60.51924	-47.95474	0.8	23914987	10790.001623868942
119	-157.06195	-157.06195	-38.912464	-47.941837	6.7238874	22.02417	-62.744343	-47.9399	0.8	24115982	10874.544637203217
120	-187.73787	-187.73787	-63.96729	-47.954796	6.7364554	18.926449	-60.406048	-47.953636	0.7	24316991	10959.400880098343
121	-186.31967	-186.31967	-62.239063	-47.931736	6.7693896	19.250666	-61.251366	-47.930912	0.6	24517985	11044.730567216873
122	-181.41463	-181.41463	-64.87521	-47.885826	6.8476806	16.649363	-60.0504	-47.88497	0.7	24718981	11129.733203411102
123	-188.17088	-188.17088	-25.55694	-47.88996	6.841789	18.85258	-61.126545	-47.888798	0.8	24919983	11214.976741790771
124	-174.40633	-174.40633	-56.52184	-47.888195	6.835432	17.586672	-62.979675	-47.88662	0.8	25120991	11300.401609182358
125	-177.48296	-177.48296	-36.20931	-47.84836	6.9293194	19.926756	-62.596455	-47.847183	0.7	25321991	11385.919679641724
126	-184.47173	-184.47173	-67.96111	-47.85719	6.8900175	18.357292	-60.54376	-47.855297	0.7	25522986	11471.361363172531
127	-215.13861	-215.13861	-54.74499	-47.86983	6.9093747	24.47431	-63.352844	-47.868362	0.7	25723983	11556.997656583786
128	-175.95699	-175.95699	-39.090485	-47.863174	6.9416943	25.817062	-63.71152	-47.86229	0.7	25924983	11642.48568558693
129	-151.95686	-151.95686	-9.575995	-47.851074	6.944586	20.230213	-63.52027	-47.850094	1.0	26125981	11727.996811628342
130	-176.95168	-176.95168	-60.309933	-47.813366	6.995784	18.049984	-64.12016	-47.81213	0.6	26326991	11813.691945791245
131	-176.96773	-176.96773	-75.315155	-47.804504	7.0155444	24.389814	-64.08458	-47.803547	0.6	26527986	11899.100807189941
132	-146.29005	-146.29005	-54.11359	-47.798504	6.96552	24.264181	-61.574722	-47.797585	0.7	26728982	11984.281662225723
133	-155.26825	-155.26825	-74.19301	-47.742416	7.054991	25.631365	-62.056362	-47.74195	0.6	26929983	12074.624551057816
134	-162.34486	-162.34486	-34.788837	-47.74415	7.062781	22.694569	-62.281776	-47.743248	0.8	27130982	12166.895046710968
135	-153.05443	-153.05443	-11.84812	-47.736492	7.114822	19.981373	-62.82526	-47.735065	0.9	27331981	12256.043612003326
136	-172.8256	-172.8256	-39.557835	-47.725185	7.1408625	28.339203	-62.80349	-47.723732	0.8	27532985	12345.789282560349
137	-200.72998	-200.72998	-11.843347	-47.742195	7.103677	23.272514	-61.64921	-47.741108	0.9	27733991	12434.790937185287
138	-166.73235	-166.73235	-39.009953	-47.745373	7.097448	18.51947	-61.694424	-47.74322	0.8	27934991	12522.098723649979
139	-163.97002	-163.97002	-8.818019	-47.759678	7.1110415	18.704407	-63.87288	-47.75841	1.0	28135991	12611.999679327011
140	-188.35475	-188.35475	-50.37251	-47.72577	7.12362	17.318092	-62.580704	-47.725163	0.8	28336983	12706.882430553436
141	-185.98746	-185.98746	-55.88447	-47.731895	7.144939	18.361351	-65.556175	-47.73058	0.6	28537982	12800.568618297577
142	-136.36787	-136.36787	-9.859113	-47.68259	7.197656	22.806637	-62.800766	-47.681473	0.9	28738986	12891.54436326027
143	-171.52553	-171.52553	13.235848	-47.654396	7.2419987	21.565338	-61.027824	-47.653748	1.0	28939983	12981.3148021698
144	-157.56917	-157.56917	-6.8652883	-47.6424	7.282928	38.409374	-71.18512	-47.641838	0.9	29140983	13074.095905780792
145	-183.19261	-183.19261	10.1843195	-47.653614	7.283544	21.420809	-65.6684	-47.65275	1.0	29341981	13164.841133594513
146	-192.54662	-192.54662	-5.1896915	-47.63732	7.2941384	26.911457	-76.782524	-47.636215	0.9	29542985	13253.57365655899
147	-168.71246	-168.71246	7.754723	-47.648457	7.270968	19.36752	-65.099365	-47.647366	1.0	29743991	13342.513261556625
148	-165.56389	-165.56389	8.649741	-47.662197	7.238092	23.043777	-63.764877	-47.661655	1.0	29944983	13431.580707550049
149	-194.43292	-194.43292	-9.794711	-47.638935	7.278985	20.85903	-64.06234	-47.637665	0.9	30145984	13519.708003282547
150	-209.21855	-209.21855	3.689344	-47.63265	7.3141975	19.891987	-63.401142	-47.631874	1.0	30346983	13607.937021255493
151	-166.23424	-166.23424	-18.648277	-47.627945	7.311603	18.405315	-62.633385	-47.627453	0.9	30547982	13696.923881530762
152	-144.51393	-144.51393	-6.0315385	-47.59691	7.387262	22.603115	-64.7714	-47.59542	0.9	30748984	13785.163133859634
153	-186.9426	-186.9426	8.718253	-47.628796	7.3013086	20.75456	-63.592155	-47.627644	1.0	30949991	13875.724874973297
154	-209.50285	-209.50285	-7.254645	-47.59794	7.3293505	21.247149	-63.309464	-47.59733	0.9	31150983	13963.29502081871
155	-201.16313	-201.16313	-3.9629617	-47.589317	7.332196	21.078638	-65.3395	-47.587944	0.9	31351991	14051.953518629074
156	-176.86943	-176.86943	-71.69416	-47.557716	7.387014	18.966442	-63.06664	-47.557014	0.8	31552984	14139.810681819916
157	-212.49849	-212.49849	-10.664615	-47.57558	7.366873	22.6475	-61.930588	-47.57329	0.9	31753982	14229.169875860214
158	-191.2183	-191.2183	-2.9295142	-47.57441	7.3328433	23.211466	-62.89978	-47.5737	1.0	31954988	14320.53937458992
159	-180.42838	-180.42838	-10.551322	-47.597244	7.3353605	21.127064	-69.28251	-47.59682	0.9	32155989	14413.32018327713
160	-145.18834	-145.18834	3.2819932	-47.555264	7.4002366	18.463436	-65.7586	-47.554245	1.0	32356989	14503.699088335037
161	-152.07452	-152.07452	12.033044	-47.58943	7.3285704	17.153254	-65.29266	-47.58864	1.0	32557984	14593.468976736069
162	-152.95966	-152.95966	-12.615351	-47.564255	7.376613	16.733034	-62.500263	-47.56353	0.9	32758984	14683.554367542267
163	-150.73051	-150.73051	-12.32615	-47.51019	7.4642315	18.100212	-65.8102	-47.50963	0.9	32959987	14771.72605729103
164	-163.09654	-163.09654	3.7964842	-47.515087	7.432537	19.354156	-71.98805	-47.51398	1.0	33160982	14860.096967935562
165	-192.9555	-192.9555	9.325837	-47.51915	7.432724	21.389025	-63.266407	-47.519016	1.0	33361984	14949.311300992966
166	-158.25891	-158.25891	-19.723661	-47.493343	7.5077987	37.11038	-65.33756	-47.49438	0.9	33562991	15038.1334502697
167	-172.99904	-172.99904	-27.936079	-47.48032	7.5047193	18.693913	-71.82687	-47.48113	0.9	33763986	15126.928587913513
168	-161.58528	-161.58528	-2.034169	-47.46774	7.524846	21.759203	-64.50564	-47.467777	0.9	33964984	15217.201717853546
169	-182.49707	-182.49707	-7.5117245	-47.47009	7.555531	17.685713	-72.82391	-47.471256	0.9	34165985	15306.15277171135
170	-180.05008	-180.05008	10.435757	-47.466953	7.5572186	20.9888	-63.028065	-47.46826	1.0	34366984	15396.721182584763
171	-166.89818	-166.89818	-9.549398	-47.442043	7.603874	22.690706	-79.41265	-47.442116	1.0	34567991	15486.132511854172
172	-165.8873	-165.8873	-7.9734325	-47.446793	7.5594015	18.91673	-65.81549	-47.447678	0.9	34768983	15577.453483343124
173	-154.33893	-154.33893	-16.852371	-47.43737	7.537316	22.753572	-72.69553	-47.439133	0.9	34969983	15671.037536859512
174	-201.86942	-201.86942	8.42479	-47.399765	7.6081905	18.787895	-71.94298	-47.399418	1.0	35170983	15761.594563007355
175	-167.08296	-167.08296	-5.010014	-47.40832	7.577174	24.190153	-68.67295	-47.41006	0.9	35371986	15852.833365440369
176	-163.9825	-163.9825	-22.789618	-47.418324	7.5782113	21.300869	-67.93852	-47.41897	0.8	35572983	15954.72996377945
177	-168.1743	-168.1743	7.161141	-47.426346	7.5565896	28.597599	-64.52496	-47.427994	1.0	35773982	16056.23635149002
178	-150.90016	-150.90016	-27.163338	-47.412205	7.5774393	22.151108	-68.06613	-47.412876	0.8	35974983	16157.32173871994
179	-175.28653	-175.28653	7.5128255	-47.409225	7.604933	16.28966	-70.08371	-47.410427	1.0	36175982	16253.702264547348
180	-184.0139	-184.0139	7.6869807	-47.41812	7.6045394	21.878841	-66.5042	-47.419407	1.0	36376985	16345.44008398056
181	-164.81187	-164.81187	-18.44803	-47.38552	7.652405	20.903482	-83.3486	-47.387375	1.0	36577983	16442.26802921295
182	-121.98818	-121.98818	-2.0535986	-47.375507	7.632165	20.38813	-63.151833	-47.376457	0.9	36778987	16540.3729531765
183	-201.51367	-201.51367	-0.93823874	-47.36881	7.668258	18.814922	-67.58946	-47.37031	0.9	36979981	16636.89088177681
184	-147.11185	-147.11185	8.460111	-47.36843	7.630345	20.426435	-76.99829	-47.36957	1.0	37180984	16730.904566526413
185	-145.32347	-145.32347	-19.855412	-47.35897	7.718794	23.445974	-66.296616	-47.35949	0.9	37381984	16828.01291036606
186	-157.62483	-157.62483	1.4732661	-47.35738	7.689083	20.330082	-74.19833	-47.360363	1.0	37582982	16924.247435331345
187	-179.06306	-179.06306	-42.457096	-47.36411	7.6607695	22.820168	-69.98357	-47.36589	0.8	37783982	17022.065865516663
188	-172.90297	-172.90297	4.965795	-47.339336	7.6913342	19.9007	-68.281525	-47.340755	1.0	37984991	17118.89039325714
189	-139.88156	-139.88156	-2.254706	-47.30265	7.7306576	21.757215	-72.12757	-47.30415	1.0	38185987	17216.96649312973
190	-146.08563	-146.08563	9.220025	-47.297485	7.739795	28.617722	-68.38605	-47.297714	1.0	38386986	17312.887938022614
191	-126.30056	-126.30056	5.097137	-47.2806	7.7836175	24.535334	-69.38653	-47.283478	1.0	38587983	17408.567928552628
192	-187.70494	-187.70494	-8.74949	-47.298656	7.7755594	35.907608	-67.30481	-47.30064	0.9	38788982	17503.20966053009
193	-154.26724	-154.26724	-19.737104	-47.279243	7.8133993	32.43491	-66.8041	-47.28087	0.9	38989983	17599.61483001709
194	-166.78935	-166.78935	-11.656607	-47.30241	7.770455	34.603317	-75.2303	-47.303394	0.9	39190988	17693.80784535408
195	-162.96185	-162.96185	-7.6697907	-47.2717	7.8211584	25.1707	-70.29143	-47.273315	0.9	39391991	17794.40977883339
196	-157.74867	-157.74867	-15.8516245	-47.24969	7.8515587	21.712564	-66.962105	-47.251923	0.9	39592985	17892.48636984825
197	-186.16818	-186.16818	-27.052385	-47.26065	7.834449	19.687647	-65.290504	-47.2629	0.8	39793991	17995.542774915695
198	-136.35074	-136.35074	5.9738483	-47.257164	7.8526244	19.102571	-70.222534	-47.259525	1.0	39994982	18096.797757864
199	-148.5115	-148.5115	6.575411	-47.249302	7.856102	21.023108	-71.44788	-47.25055	1.0	40195982	18196.329444169998
