Epoch	EpRet	EpRealRet	TestEpRet	AverageQ1	StdQ1	MaxQ1	MinQ1	Q2	TestSuccess	TotalEnvInteracts	TotalTime
0	-30.548613	-30.548613	0.0	-46.976055	8.335786	0.011337008	-53.54361	-46.909676	0.0	196981	28.667652130126953
1	-31.0406	-31.0406	0.0	-49.945732	0.18897697	-48.641052	-50.707497	-49.945824	0.0	397981	57.833542346954346
2	-28.967178	-28.967178	0.0	-49.92502	0.2649409	-48.14292	-50.53138	-49.925056	0.0	598981	87.01906657218933
3	-26.845675	-26.845675	0.0	-49.893085	0.34459925	-47.74494	-50.76786	-49.89309	0.0	799981	117.02489376068115
4	-23.73235	-23.73235	0.0	-49.855827	0.41989845	-47.67022	-50.930214	-49.85585	0.0	1000981	147.05870461463928
5	-24.177044	-24.177044	0.0	-49.863262	0.39799112	-47.658302	-50.86814	-49.863297	0.0	1201981	178.6009864807129
6	-26.491924	-26.491924	0.0	-49.86806	0.37402356	-47.92639	-50.728645	-49.8681	0.0	1402981	210.4613378047943
7	-27.345304	-27.345304	0.0	-49.813683	0.67079926	-40.194096	-52.747433	-49.813828	0.0	1603981	243.23556280136108
8	-26.638748	-26.638748	0.0	-49.841434	1.0369762	-34.86927	-53.46637	-49.84179	0.0	1804981	276.13189792633057
9	-27.338842	-27.338842	0.0	-49.864193	1.190978	-24.420336	-53.29232	-49.863735	0.0	2005981	309.8948791027069
10	-26.984404	-26.984404	0.0	-49.86005	1.564554	-13.881449	-52.836575	-49.859745	0.0	2206981	343.62640047073364
11	-28.549492	-28.549492	0.0	-49.853634	1.719746	-5.983226	-52.524254	-49.853405	0.0	2407981	377.9237468242645
12	-25.225426	-25.225426	0.0	-49.854546	1.8704704	-0.78340906	-52.012657	-49.85468	0.0	2608981	412.51431941986084
13	-26.671274	-26.671274	0.0	-49.832787	1.9639573	0.30664614	-51.794765	-49.83291	0.0	2809981	447.90757727622986
14	-27.626936	-27.626936	0.0	-49.81519	1.9631716	0.57885385	-51.631145	-49.815304	0.0	3010981	483.51714968681335
15	-25.648252	-25.648252	0.0	-49.81552	1.8618964	1.0268523	-51.482086	-49.81552	0.0	3211981	518.6496412754059
16	-25.15978	-25.15978	0.0	-49.82168	1.7074996	1.2900527	-51.32403	-49.821644	0.0	3412981	554.3204615116119
17	-26.07382	-26.07382	0.0	-49.78605	1.6712879	0.86529875	-52.986244	-49.786453	1.0	3613981	589.8797705173492
18	-29.531488	-29.531488	0.0	-49.808174	1.6693093	-0.015711434	-53.07082	-49.808666	0.0	3814981	626.9268262386322
19	-26.610092	-26.610092	0.0	-49.817802	1.6640383	0.5058186	-52.998062	-49.81808	0.0	4015981	663.4397599697113
20	-25.118624	-25.118624	7.196182	-49.599712	2.1846154	2.2351017	-54.994415	-49.601044	1.0	4216981	700.7858154773712
21	-23.725933	-23.725933	0.0	-49.557228	2.5312133	0.6876221	-55.126408	-49.55805	0.0	4417981	737.8213276863098
22	-22.791414	-22.791414	-2.5083468	-49.512344	2.5935178	1.6358745	-55.33122	-49.512478	0.0	4618981	774.99431848526
23	-25.26708	-25.26708	-2.5351157	-49.434288	2.8739946	2.1295822	-57.188995	-49.433994	0.0	4819981	812.7869827747345
24	-26.396465	-26.396465	-4.1265593	-49.436035	3.062227	3.5436642	-56.399384	-49.434853	0.0	5020981	850.5327658653259
25	-24.203249	-24.203249	-7.0194087	-49.413647	3.11114	5.1377673	-57.92263	-49.413807	0.0	5221981	887.7459621429443
26	-28.268536	-28.268536	6.7373796	-49.363354	3.4431183	3.5651329	-57.145267	-49.363052	1.0	5422981	925.5029196739197
27	-28.419685	-28.419685	6.332211	-49.347225	3.7211893	3.0812087	-57.423473	-49.347134	1.0	5623981	962.9751543998718
28	-26.377998	-26.377998	6.450885	-49.333847	3.870847	7.0541806	-57.550076	-49.333694	1.0	5824981	1000.5298535823822
29	-25.414515	-25.414515	-4.219452	-49.281918	3.989792	8.188028	-56.97268	-49.281223	0.0	6025981	1038.8035261631012
30	-28.696972	-28.696972	-4.449902	-49.301556	3.9726393	6.07375	-56.989162	-49.301895	0.0	6226981	1076.5030663013458
31	-26.200708	-26.200708	-4.895621	-49.31629	3.9513385	8.853201	-57.718414	-49.3165	0.0	6427981	1114.8073852062225
32	-27.848717	-27.848717	-3.4158022	-49.307133	3.9708676	8.491723	-57.107296	-49.307407	0.0	6628981	1152.9140226840973
33	-27.391184	-27.391184	-4.0897713	-49.305534	4.0233283	6.943899	-57.705494	-49.306522	0.0	6829981	1191.3270847797394
34	-25.667608	-25.667608	-4.9366803	-49.305046	4.0906506	8.572326	-59.591373	-49.304417	0.0	7030981	1229.6903989315033
35	-25.028837	-25.028837	-4.150693	-49.305107	4.100412	8.261361	-57.7335	-49.305447	0.0	7231981	1268.0321371555328
36	-30.19253	-30.19253	-5.3290296	-49.28381	4.1836905	9.358815	-57.53484	-49.283787	0.0	7432981	1308.3978536128998
37	-23.938042	-23.938042	-4.483636	-49.240364	4.2832956	9.566443	-58.620388	-49.240738	0.0	7633981	1346.3495740890503
38	-26.376656	-26.376656	-4.734322	-49.234444	4.321377	10.127846	-57.76632	-49.235123	0.0	7834981	1384.8374145030975
39	-26.619263	-26.619263	-4.8228297	-49.211838	4.3821125	9.070498	-58.101284	-49.21197	0.0	8035981	1423.9810152053833
40	-29.496782	-29.496782	-4.5816073	-49.223427	4.297226	8.461072	-58.018166	-49.22421	0.0	8236981	1464.0767576694489
41	-25.19501	-25.19501	-4.0940394	-49.2243	4.282915	7.6629667	-58.35937	-49.22498	1.0	8437981	1504.4542016983032
42	-26.286964	-26.286964	-3.6176658	-49.188694	4.441392	9.819748	-58.196247	-49.18968	1.0	8638981	1544.7843720912933
43	-28.464096	-28.464096	-4.9482536	-49.17838	4.4853134	8.521746	-59.6859	-49.17919	1.0	8839981	1583.219678401947
44	-26.075611	-26.075611	-3.5861158	-49.18269	4.550093	8.966318	-59.025154	-49.18348	1.0	9040981	1622.4972958564758
45	-25.56868	-25.56868	-4.8475413	-49.170208	4.591664	11.531666	-58.8011	-49.170773	1.0	9241981	1661.568274974823
46	-26.547539	-26.547539	-5.1707983	-49.189026	4.5659943	12.01487	-58.890533	-49.19009	1.0	9442981	1701.0100984573364
47	-29.326323	-29.326323	-4.8527436	-49.20248	4.572895	10.526315	-58.986156	-49.203197	1.0	9643981	1740.2808196544647
48	-25.895191	-25.895191	-4.8828883	-49.222828	4.502231	13.096972	-59.131596	-49.222713	1.0	9844981	1780.6642825603485
49	-24.155067	-24.155067	-4.525342	-49.200256	4.5441074	14.058384	-59.994244	-49.20065	1.0	10045981	1819.1644122600555
50	-22.973726	-22.973726	-3.0692666	-49.11907	4.838108	16.290583	-59.23406	-49.119778	1.0	10246981	1858.477154493332
51	-28.737865	-28.737865	-4.6814313	-49.09242	4.908342	15.3157	-59.85943	-49.092514	0.0	10447981	1898.3757421970367
52	-27.459797	-27.459797	-3.2722208	-49.076447	4.9823127	17.616055	-59.6662	-49.07738	1.0	10648981	1937.6566126346588
53	-25.819618	-25.819618	-3.5660958	-49.033768	5.0767975	16.922422	-60.592083	-49.03392	1.0	10849981	1978.5995445251465
54	-28.22378	-28.22378	-4.3794103	-49.015995	5.0563245	18.519875	-59.692444	-49.015114	1.0	11050981	2016.7057800292969
55	-26.490067	-26.490067	-4.109137	-49.036728	5.012201	15.476272	-59.81275	-49.03751	1.0	11251981	2055.9330961704254
56	-27.61227	-27.61227	-4.357414	-49.035976	5.029409	16.24567	-59.723797	-49.035656	1.0	11452981	2095.152027130127
57	-28.803164	-28.803164	-2.6238482	-49.03786	5.0013666	17.41473	-60.732883	-49.03856	1.0	11653981	2135.445727586746
58	-27.825308	-27.825308	-3.5659063	-49.035065	5.059153	16.463995	-60.2285	-49.035122	1.0	11854981	2174.9391434192657
59	-27.062153	-27.062153	-3.4506218	-49.062565	4.9788103	14.904938	-59.53869	-49.062912	1.0	12055981	2215.020029067993
60	-24.98324	-24.98324	-3.6426156	-49.037334	5.087434	13.727768	-59.50883	-49.038136	1.0	12256981	2254.659024000168
61	-25.974228	-25.974228	-3.1265032	-49.07145	5.019038	13.61318	-59.89388	-49.071407	1.0	12457981	2293.533730983734
62	-28.990517	-28.990517	-4.134781	-49.03722	5.0923796	18.083786	-60.40817	-49.038033	1.0	12658981	2332.5044095516205
63	-26.389437	-26.389437	-3.2683136	-49.05191	5.041966	14.204986	-60.276962	-49.053375	1.0	12859981	2372.9471340179443
64	-24.094648	-24.094648	-3.6733057	-49.038925	5.074924	17.682013	-64.86205	-49.03984	1.0	13060981	2413.326493501663
65	-24.453005	-24.453005	-3.2081354	-49.065746	4.9569974	15.435569	-66.73226	-49.066906	1.0	13261981	2453.3602147102356
66	-27.732624	-27.732624	-3.1682322	-49.052837	5.0505366	16.479412	-61.775784	-49.052998	1.0	13462981	2492.2368083000183
67	-25.722717	-25.722717	-3.0396044	-49.02055	5.183288	17.229631	-65.74915	-49.02128	1.0	13663981	2532.17244720459
68	-25.252966	-25.252966	-3.074063	-49.019226	5.202175	15.877797	-63.252594	-49.01964	1.0	13864981	2572.02494597435
69	-25.770796	-25.770796	-3.7073166	-48.9909	5.3205757	17.220478	-62.437706	-48.9914	1.0	14065981	2612.0249965190887
70	-27.009502	-27.009502	-3.9566507	-49.00331	5.3335204	22.7074	-60.47318	-49.004147	1.0	14266981	2651.3991656303406
71	-28.896364	-28.896364	-4.0259824	-49.00004	5.406607	16.738943	-60.27982	-49.00007	1.0	14467981	2691.4868953227997
72	-26.536465	-26.536465	-2.8059402	-49.00273	5.431032	22.004208	-60.89536	-49.002663	1.0	14668981	2731.3962802886963
73	-27.34533	-27.34533	-3.6331642	-48.97554	5.538985	21.905918	-59.951023	-48.97582	1.0	14869981	2771.193394422531
74	-24.379549	-24.379549	-3.733178	-49.000328	5.522969	17.312492	-61.726395	-49.000454	1.0	15070981	2811.2078671455383
75	-27.757408	-27.757408	-3.5671768	-48.991714	5.5629883	18.09938	-62.803963	-48.991524	1.0	15271981	2850.7586266994476
76	-27.737494	-27.737494	-3.641286	-48.952076	5.7206254	24.466522	-62.99171	-48.952152	1.0	15472981	2890.246421813965
77	-29.253794	-29.253794	-3.8314943	-48.94167	5.748132	17.165186	-60.72372	-48.94064	1.0	15673981	2930.424223423004
78	-24.269835	-24.269835	-3.5735917	-48.937977	5.793621	16.931635	-61.01526	-48.938683	1.0	15874981	2969.27392411232
79	-30.698153	-30.698153	-3.559658	-48.968678	5.7446647	22.294832	-60.938133	-48.96841	1.0	16075981	3010.177936077118
80	-23.640526	-23.640526	-3.5605361	-48.962547	5.787395	20.828108	-62.854095	-48.9631	1.0	16276981	3049.5395963191986
81	-26.98895	-26.98895	-3.431089	-48.948452	5.8349466	23.586386	-61.84399	-48.94822	1.0	16477981	3090.1815416812897
82	-24.142235	-24.142235	-4.1715846	-48.944298	5.8410497	19.676353	-60.923157	-48.944035	1.0	16678981	3129.797139644623
83	-28.334864	-28.334864	-3.9334037	-48.93174	5.9010262	20.463545	-60.404602	-48.932354	1.0	16879981	3170.8854167461395
84	-27.485052	-27.485052	-3.174114	-48.9202	5.931562	21.113768	-60.24258	-48.920746	1.0	17080981	3210.9274156093597
85	-28.487566	-28.487566	-2.831283	-48.94231	5.877843	19.918211	-61.111946	-48.94182	1.0	17281981	3251.4648365974426
86	-22.849087	-22.849087	-3.61484	-48.930206	5.9029293	17.170137	-61.608147	-48.930855	1.0	17482981	3296.659487247467
87	-27.73126	-27.73126	-4.089702	-48.904324	6.03158	24.494913	-60.15403	-48.9046	1.0	17683981	3336.2364931106567
88	-24.446707	-24.446707	-3.4827828	-48.89198	6.067742	21.79526	-62.461254	-48.892616	1.0	17884981	3379.1168649196625
89	-30.30497	-30.30497	-3.2450287	-48.868183	6.1017346	20.19829	-59.67451	-48.867577	1.0	18085981	3419.604124069214
90	-27.552969	-27.552969	-3.5883722	-48.861904	6.1638308	18.604637	-61.262726	-48.862263	1.0	18286981	3459.9435555934906
91	-27.005806	-27.005806	-2.8153155	-48.86181	6.12099	25.30569	-60.013775	-48.862404	1.0	18487981	3499.1658532619476
92	-28.453447	-28.453447	-3.569908	-48.86142	6.0719256	20.832363	-60.10961	-48.862045	1.0	18688981	3540.3515844345093
93	-26.861729	-26.861729	-3.8001258	-48.859104	6.1049757	19.031334	-60.61738	-48.85897	1.0	18889981	3579.508512020111
94	-24.866055	-24.866055	-3.3910017	-48.866463	6.046749	16.720005	-61.56189	-48.86564	1.0	19090981	3619.8417687416077
95	-27.94724	-27.94724	-3.6512039	-48.87428	6.067245	20.576244	-60.69404	-48.87509	1.0	19291981	3659.862859725952
96	-25.26622	-25.26622	-4.006906	-48.88701	6.010445	21.752306	-60.521248	-48.887486	1.0	19492981	3700.544360399246
97	-25.343206	-25.343206	-3.5718865	-48.86969	6.062515	20.755985	-60.5065	-48.869415	1.0	19693981	3740.231146812439
98	-26.558235	-26.558235	-3.6163285	-48.85608	6.0884557	18.725164	-61.156162	-48.85671	1.0	19894981	3780.54461479187
99	-25.533691	-25.533691	-2.8746989	-48.829716	6.175945	19.957523	-61.322445	-48.83012	1.0	20095981	3819.77529835701
100	-28.523235	-28.523235	-3.1395936	-48.823147	6.183497	19.020868	-60.828487	-48.822723	1.0	20296981	3863.969682455063
101	-27.340216	-27.340216	-3.124022	-48.824753	6.187839	22.546558	-62.55863	-48.824566	0.0	20497981	3903.918383836746
102	-27.156933	-27.156933	-2.8829613	-48.793312	6.24885	18.854607	-61.511845	-48.793663	0.0	20698981	3945.2390801906586
103	-27.242212	-27.242212	-3.4608636	-48.800175	6.227746	18.167393	-62.010975	-48.800552	0.0	20899981	3985.470978498459
