Epoch	EpRet	EpRealRet	TestEpRet	AverageQ1	StdQ1	MaxQ1	MinQ1	Q2	TestSuccess	TotalEnvInteracts	TotalTime
0	-235.86688	-235.86688	-229.31996	-41.296036	11.321513	-0.10070731	-58.81606	-41.303127	0.0	196995	78.54866623878479
1	-246.19052	-246.19052	-68.76959	-49.99906	0.2649136	-45.896374	-55.904125	-49.998936	0.0	397982	135.86642956733704
2	-229.99454	-229.99454	-280.6135	-49.999317	0.21162613	-47.11084	-53.031353	-49.999443	0.0	599001	198.02900648117065
3	-269.15128	-269.15128	-293.84915	-49.999462	0.19237639	-47.005566	-53.075024	-49.99949	0.0	800001	260.43491077423096
4	-235.5847	-235.5847	0.0	-49.99952	0.18344058	-42.894527	-56.98704	-49.99954	0.0	1000981	322.94869661331177
5	-214.08844	-214.08844	-282.9314	-49.999615	0.15833394	-46.15119	-53.530807	-49.999535	0.0	1202001	390.999977350235
6	-285.6548	-285.6548	-277.4884	-49.999683	0.15635388	-44.50797	-54.431313	-49.999718	0.0	1403001	456.9295127391815
7	-286.08444	-286.08444	-286.09616	-49.99969	0.1384775	-46.959694	-53.213768	-49.99968	0.0	1604001	527.5997190475464
8	-285.52856	-285.52856	-227.35567	-49.999737	0.13278803	-47.361927	-53.44276	-49.99977	0.0	1805001	601.5908267498016
9	-278.9905	-278.9905	-282.83884	-49.999786	0.122595936	-46.253647	-54.15039	-49.999794	0.0	2006001	676.6062042713165
10	-273.55957	-273.55957	-237.8357	-49.99978	0.106665164	-47.976795	-52.635788	-49.99977	0.0	2207001	746.0640258789062
11	-284.38577	-284.38577	-275.62833	-49.999855	0.10193789	-47.801025	-52.557453	-49.999863	0.0	2408001	813.9988808631897
12	-286.2658	-286.2658	-149.08003	-49.999847	0.09616774	-46.858383	-53.254326	-49.999817	0.0	2608992	880.2662355899811
13	-268.94516	-268.94516	-248.34521	-49.99989	0.09649777	-46.736706	-52.467644	-49.999847	0.0	2809990	951.8791289329529
14	-280.9585	-280.9585	-292.1778	-49.999855	0.08741503	-48.212574	-52.428234	-49.999874	0.0	3011001	1021.7993528842926
15	-274.18707	-274.18707	-124.12305	-49.999905	0.08147825	-48.037193	-51.63774	-49.9999	0.0	3212001	1089.3153858184814
16	-279.23236	-279.23236	-267.6917	-49.999878	0.082427256	-47.188442	-54.044285	-49.999912	0.0	3413001	1156.8834762573242
17	-312.54413	-312.54413	-300.5593	-49.999935	0.07245491	-48.490707	-51.95286	-49.99995	0.0	3614001	1225.3574500083923
18	-294.90192	-294.90192	-244.8542	-49.99991	0.07466012	-48.286877	-52.0625	-49.99988	0.0	3814982	1296.0563328266144
19	-303.57642	-303.57642	-170.50262	-49.999912	0.07327741	-48.4183	-52.19076	-49.9999	0.0	4016001	1368.357970237732
20	-279.6717	-279.6717	-345.74054	-49.999928	0.06736945	-49.13802	-50.88683	-49.999943	0.0	4216981	1437.000164270401
21	-307.2054	-307.2054	-349.7744	-49.99995	0.06507154	-49.016384	-50.932945	-49.999958	0.0	4418001	1503.6264307498932
22	-290.50568	-290.50568	-308.9447	-49.999928	0.06705272	-48.757183	-50.960278	-49.999943	0.0	4618989	1574.308935880661
23	-321.5027	-321.5027	-311.971	-49.999966	0.065485634	-49.123203	-51.154484	-49.99989	0.0	4820001	1652.0968520641327
24	-304.21112	-304.21112	-322.1274	-49.999928	0.06682047	-48.857094	-51.266888	-49.999928	0.0	5021001	1728.0704898834229
25	-298.5286	-298.5286	-293.30627	-49.999905	0.06653322	-48.839672	-51.017464	-49.999935	0.0	5221985	1805.6440012454987
26	-299.31924	-299.31924	-316.2266	-49.999958	0.06332861	-49.25734	-50.74686	-49.999947	0.0	5422992	1880.744173526764
27	-310.8951	-310.8951	-339.63824	-49.999886	0.062136028	-49.335308	-50.65864	-49.999943	0.0	5624000	1947.9761164188385
28	-299.8307	-299.8307	-234.33986	-49.99999	0.061680946	-49.034233	-50.597603	-49.999912	0.0	5825001	2019.8423521518707
29	-289.58246	-289.58246	-311.12802	-49.99994	0.0628118	-48.87397	-50.774944	-49.999947	0.0	6025986	2092.2969036102295
30	-303.48038	-303.48038	-329.7828	-49.999924	0.06258943	-49.315556	-50.66137	-49.999954	0.0	6227001	2168.067596912384
31	-315.3543	-315.3543	-380.314	-49.999954	0.06348951	-49.271408	-50.728374	-49.999924	0.0	6428001	2243.5793178081512
32	-326.88293	-326.88293	-386.79758	-49.999954	0.06005885	-49.015938	-51.137062	-49.999916	0.0	6629001	2318.201281785965
33	-290.92123	-290.92123	-193.24074	-49.999947	0.059612166	-49.238438	-50.652714	-49.99996	0.0	6829986	2391.740488767624
34	-252.44037	-252.44037	-22.10177	-49.99993	0.059523966	-49.216866	-50.713734	-49.999943	0.0	7030986	2463.377989053726
35	-277.77277	-277.77277	-327.66418	-49.999943	0.060437605	-49.137535	-50.738163	-49.99993	0.0	7232001	2527.5499589443207
36	-302.48322	-302.48322	-125.92759	-49.99994	0.060208593	-49.276997	-50.74092	-49.999943	0.0	7432992	2594.2032771110535
37	-318.62854	-318.62854	-255.78897	-49.99994	0.062343284	-49.308056	-50.689938	-49.999924	0.0	7634001	2661.2073702812195
38	-316.81677	-316.81677	-353.76077	-49.99995	0.061693247	-49.294476	-50.781334	-49.99994	0.0	7835001	2727.371265888214
39	-324.3765	-324.3765	-345.84778	-49.999954	0.063677356	-49.08559	-51.281063	-49.9999	0.0	8036001	2802.3788216114044
40	-292.42102	-292.42102	-242.8295	-49.999935	0.06797389	-49.03531	-51.046318	-49.999935	0.0	8237001	2875.4390885829926
41	-310.19333	-310.19333	-222.9422	-49.999928	0.06317166	-48.729	-51.107533	-49.999928	0.0	8438001	2948.2586493492126
42	-308.42154	-308.42154	-342.21188	-49.99931	0.11526577	-46.5545	-52.768044	-49.999313	0.0	8638996	3021.141626358032
43	-289.4445	-289.4445	-220.9269	-49.99863	0.12228856	-48.179848	-51.57859	-49.998627	0.0	8839993	3095.103799343109
44	-282.52496	-282.52496	-324.44998	-49.998547	0.11059765	-47.646152	-51.50095	-49.998554	0.0	9041001	3168.6025533676147
45	-277.00803	-277.00803	-333.3604	-49.998703	0.12111711	-47.70743	-51.68532	-49.99869	0.0	9241994	3243.8116414546967
46	-308.20856	-308.20856	-65.02881	-49.998394	0.11664602	-48.200565	-51.617752	-49.9984	0.0	9443001	3313.3484394550323
47	-300.14374	-300.14374	-309.80737	-49.998028	0.13674277	-47.930065	-52.054768	-49.998028	0.0	9644001	3387.8664281368256
48	-300.80228	-300.80228	-308.9348	-49.997223	0.14174205	-47.886242	-51.88374	-49.997204	0.0	9845001	3452.591211795807
49	-301.03012	-301.03012	-310.90286	-49.997837	0.13017148	-48.12942	-52.033443	-49.99787	0.0	10046001	3518.871131181717
50	-286.03058	-286.03058	-309.8751	-49.997982	0.13090733	-47.85543	-51.578117	-49.997963	0.0	10247001	3583.477801322937
51	-308.82745	-308.82745	-310.61496	-49.997482	0.13506389	-47.54283	-52.327194	-49.997475	0.0	10448001	3649.343029499054
52	-293.60995	-293.60995	-326.21924	-49.996357	0.15010545	-47.197758	-52.623226	-49.99638	0.0	10649001	3716.101451396942
53	-237.99539	-237.99539	-148.37122	-49.997726	0.12598312	-48.06297	-52.08761	-49.997715	0.0	10849981	3782.515347957611
54	-215.28236	-215.28236	-66.9575	-49.998516	0.11438483	-47.962883	-51.602684	-49.998634	0.0	11051001	3847.9028046131134
55	-299.81177	-299.81177	-298.65344	-49.997494	0.13653925	-47.831818	-51.624393	-49.99746	0.0	11251991	3913.6363186836243
56	-303.9418	-303.9418	-310.60794	-49.99814	0.117042325	-47.54558	-51.549664	-49.99816	0.0	11453001	3981.5421059131622
57	-311.5497	-311.5497	-320.28732	-49.998417	0.11706902	-46.999794	-51.753845	-49.99843	0.0	11653991	4052.313731431961
58	-290.81107	-290.81107	-329.28757	-49.99837	0.12003406	-45.68338	-51.68724	-49.9984	0.0	11854999	4121.525065660477
59	-288.64273	-288.64273	-299.4293	-49.998238	0.123241976	-44.01144	-51.986126	-49.998272	0.0	12056001	4189.503476142883
60	-298.4591	-298.4591	-334.31616	-49.998234	0.12467635	-41.94818	-52.00754	-49.998283	0.0	12257001	4257.397150993347
61	-298.42432	-298.42432	-290.48468	-49.998226	0.11920707	-43.642628	-51.807648	-49.998234	0.0	12458001	4325.042394399643
62	-326.40796	-326.40796	-299.11426	-49.99791	0.13400716	-37.978394	-51.313145	-49.99795	0.0	12659001	4392.188958406448
63	-301.91263	-301.91263	-346.77524	-49.99701	0.14882182	-33.893295	-51.757618	-49.997066	0.1	12859987	4462.527591228485
64	-310.02805	-310.02805	-307.13474	-49.9958	0.17274961	-31.924278	-52.053207	-49.99584	0.0	13061001	4535.817584276199
65	-306.51483	-306.51483	-308.71652	-49.99319	0.21734494	-29.07023	-53.30981	-49.993217	0.0	13262001	4618.787118196487
66	-309.23553	-309.23553	-342.58035	-49.992207	0.26310837	-24.664873	-52.930878	-49.992203	0.0	13462981	4696.726383686066
67	-305.46774	-305.46774	-361.02942	-49.9848	0.38345027	-18.571554	-52.307842	-49.984848	0.0	13664001	4776.280344724655
68	-329.17108	-329.17108	-338.2011	-49.977585	0.541614	-11.985393	-52.373856	-49.977627	0.0	13865001	4850.931735277176
69	-340.85336	-340.85336	-268.21463	-49.97202	0.64728856	-8.087841	-54.080605	-49.97207	0.0	14066001	4927.69638133049
70	-335.46817	-335.46817	-326.1231	-49.969086	0.6866273	-6.340401	-54.585876	-49.96912	0.0	14267001	5008.527312994003
71	-313.954	-313.954	-366.6048	-49.975353	0.61220586	-3.499917	-61.604267	-49.975304	0.0	14468001	5091.5438187122345
72	-320.52173	-320.52173	-257.83502	-49.993202	0.31857786	-17.400297	-54.252552	-49.993183	0.0	14668983	5171.511333227158
73	-324.9856	-324.9856	-300.9739	-49.98203	0.5168608	-5.0156364	-56.155922	-49.982025	0.0	14870001	5247.7717628479
74	-328.2012	-328.2012	-338.51077	-49.95692	0.7875384	-2.4325595	-54.422485	-49.956917	0.0	15071001	5324.922737121582
75	-321.8416	-321.8416	-324.5878	-49.978313	0.5394745	-9.857737	-58.414425	-49.978207	0.0	15271997	5401.507614374161
76	-332.12323	-332.12323	-333.31686	-49.982815	0.4965674	-6.4328313	-55.65494	-49.982834	0.0	15473001	5480.994475841522
77	-318.85535	-318.85535	-319.4169	-49.97368	0.60767055	-6.4049535	-55.845936	-49.973614	0.0	15674001	5558.903925657272
78	-340.18362	-340.18362	-311.29343	-49.97131	0.67647755	-0.10109553	-64.46062	-49.971336	0.0	15875001	5635.317332983017
79	-320.42755	-320.42755	-300.8377	-49.98839	0.42385575	-2.6237688	-54.75996	-49.98833	0.1	16076001	5708.802595615387
80	-319.59818	-319.59818	-322.2411	-49.97834	0.54503846	1.4130405	-57.456684	-49.978336	0.0	16277001	5784.158554553986
81	-298.8236	-298.8236	-343.53958	-49.96194	0.78188306	3.3451788	-54.869247	-49.961823	0.0	16478001	5859.504433870316
82	-306.46848	-306.46848	-317.57153	-49.962585	0.77356154	-0.6952582	-56.11834	-49.962494	0.0	16678984	5936.3499636650085
83	-284.7214	-284.7214	-321.36102	-49.991505	0.39386323	-4.458314	-56.171753	-49.991543	0.0	16880001	6015.063743591309
84	-279.77078	-279.77078	-314.38528	-49.981697	0.57232064	-5.0576305	-53.56701	-49.981636	0.0	17080983	6093.428289413452
85	-307.86072	-307.86072	-135.58829	-49.984577	0.53102946	4.49815	-54.977524	-49.98452	0.0	17282001	6168.253378868103
86	-268.41122	-268.41122	-315.74548	-49.975723	0.64588356	-5.2319565	-53.72197	-49.97571	0.0	17483001	6246.415333271027
87	-298.04822	-298.04822	-311.99265	-49.982937	0.49492136	-4.5797296	-55.472767	-49.982834	0.0	17683986	6331.646585702896
88	-301.61597	-301.61597	-307.3926	-49.98691	0.44815332	-9.5195465	-54.671616	-49.986954	0.0	17885001	6410.465558052063
89	-291.51562	-291.51562	-250.39403	-49.98601	0.45075166	-12.257944	-55.36997	-49.98593	0.0	18086001	6492.550056219101
90	-303.56506	-303.56506	-294.446	-49.991528	0.35963026	-11.913314	-57.023117	-49.99152	0.0	18286995	6579.342826604843
91	-316.3097	-316.3097	-273.2747	-49.979904	0.5532586	5.4874883	-54.4538	-49.97987	0.0	18488001	6666.7099022865295
92	-325.77823	-325.77823	-271.79904	-49.98385	0.5124839	2.708759	-54.061512	-49.983776	0.0	18688987	6752.08721613884
93	-323.78156	-323.78156	-243.71147	-49.983044	0.5680981	8.1807	-53.80901	-49.9829	0.0	18890001	6831.30629825592
94	-313.43982	-313.43982	-313.9883	-49.983532	0.5531513	0.3968519	-54.647163	-49.98355	0.0	19090996	6907.361027240753
95	-309.68692	-309.68692	-230.98712	-49.9885	0.44745323	-5.9298663	-56.501774	-49.988403	0.0	19292001	6980.233828783035
96	-307.0568	-307.0568	-182.027	-49.988712	0.4436883	-5.5695395	-57.650295	-49.98872	0.0	19493001	7048.115609884262
97	-319.60605	-319.60605	-313.0953	-49.98947	0.43232185	-6.9516144	-57.340946	-49.989426	0.0	19694001	7118.035843372345
98	-297.4524	-297.4524	-321.8916	-49.988735	0.4461464	-4.1225276	-55.99049	-49.98879	0.0	19895001	7184.425670385361
99	-305.97284	-305.97284	-372.73282	-49.987164	0.45570356	-7.382909	-56.034035	-49.987152	0.0	20096001	7256.246395111084
100	-316.27164	-316.27164	-323.91028	-49.985233	0.47542232	-1.3727419	-54.878574	-49.985218	0.0	20297001	7336.490443468094
101	-345.3322	-345.3322	-319.59436	-49.986412	0.4826333	-4.3805375	-55.207123	-49.98635	0.0	20498000	7402.680828809738
102	-318.59335	-318.59335	-325.73996	-49.992565	0.31167874	-9.660029	-56.866547	-49.99258	0.0	20699001	7465.127144098282
103	-335.5285	-335.5285	-317.24692	-49.99698	0.17356718	-7.795906	-57.113346	-49.997086	0.0	20900001	7528.191522598267
104	-326.4444	-326.4444	-326.17212	-49.995594	0.20906362	-4.6317983	-55.363075	-49.995632	0.0	21101001	7591.539512634277
105	-323.80798	-323.80798	-315.51486	-49.991337	0.3295924	-6.397773	-56.56582	-49.991302	0.0	21302001	7656.437442064285
106	-336.73218	-336.73218	-314.57877	-49.984947	0.4706843	-5.5366936	-52.584927	-49.984882	0.0	21502998	7719.30650639534
107	-321.5454	-321.5454	-310.39484	-49.988926	0.3725917	-3.6159954	-55.53824	-49.988815	0.0	21704001	7782.071480989456
108	-336.66534	-336.66534	-309.89832	-49.987827	0.40830714	1.7241083	-54.619793	-49.987793	0.0	21904987	7845.596670389175
109	-332.9923	-332.9923	-310.83884	-49.989544	0.3612736	-12.911661	-59.388138	-49.989567	0.0	22106001	7908.462050437927
110	-301.18192	-301.18192	-352.0588	-49.987137	0.42610294	-1.6260259	-56.16621	-49.98712	0.0	22306992	7970.640624523163
111	-318.6278	-318.6278	-350.23264	-49.99381	0.27488923	-4.9995737	-58.149933	-49.99387	0.0	22507986	8033.354522228241
112	-295.73984	-295.73984	-330.59097	-49.993584	0.26017842	-17.637949	-52.8358	-49.993553	0.0	22708985	8095.704165697098
113	-306.29523	-306.29523	-300.46268	-49.995228	0.24448752	-11.92391	-57.78002	-49.995293	0.0	22910001	8158.847337722778
114	-301.71725	-301.71725	-254.41454	-49.993366	0.2921946	-8.464355	-53.507793	-49.993267	0.0	23111001	8221.042864561081
115	-322.50403	-322.50403	-334.29642	-49.991203	0.3596279	-0.3039052	-54.360626	-49.991238	0.0	23312001	8283.975423336029
116	-305.60074	-305.60074	-300.94604	-49.993614	0.29197654	-8.135746	-57.67563	-49.99373	0.0	23513001	8344.451305150986
117	-304.54492	-304.54492	-348.79248	-49.995174	0.23357525	-5.0562286	-55.705544	-49.995144	0.0	23714001	8404.864943742752
118	-314.7713	-314.7713	-349.2276	-49.99515	0.24811292	-16.321793	-54.0068	-49.995186	0.0	23914990	8465.898317098618
119	-337.32544	-337.32544	-317.5037	-49.99518	0.23728356	-4.0224676	-56.412113	-49.995182	0.0	24116001	8526.324710130692
120	-332.06543	-332.06543	-322.6157	-49.99025	0.36822373	-2.530502	-52.39081	-49.990185	0.0	24317001	8587.152073860168
121	-326.1925	-326.1925	-347.64188	-49.99024	0.37683025	-4.768753	-51.951656	-49.990173	0.0	24517991	8647.958406448364
122	-327.7496	-327.7496	-308.15167	-49.9888	0.40410924	-1.7376577	-52.422874	-49.988823	0.0	24719001	8708.47005701065
123	-315.52255	-315.52255	-351.47488	-49.989365	0.39790502	-3.9001594	-52.734833	-49.989254	0.0	24920001	8769.239914178848
124	-314.48022	-314.48022	-315.55353	-49.989914	0.39329857	-1.7116499	-53.407516	-49.989937	0.0	25121001	8829.137814998627
125	-322.34192	-322.34192	-347.99887	-49.992355	0.30535966	-13.069214	-52.341675	-49.992355	0.0	25322001	8889.563081979752
126	-329.2591	-329.2591	-324.2674	-49.99394	0.2615963	-8.532368	-52.794662	-49.993958	0.0	25522992	8949.919948339462
127	-313.9646	-313.9646	-321.303	-49.98978	0.38748094	-7.760288	-52.530506	-49.989754	0.0	25724001	9010.725559711456
128	-316.08942	-316.08942	-343.56302	-49.990536	0.37858653	-3.817376	-52.18062	-49.990505	0.0	25925001	9071.166775465012
129	-317.29922	-317.29922	-348.95178	-49.991695	0.29641554	-17.09468	-52.348637	-49.99181	0.0	26126001	9131.676815748215
130	-323.2	-323.2	-345.1768	-49.995827	0.17839354	-16.62699	-52.7658	-49.99584	0.0	26327001	9191.764128446579
131	-326.7806	-326.7806	-326.04636	-49.996655	0.14675623	-7.6506734	-52.277157	-49.99664	0.0	26527987	9252.281042575836
132	-335.1487	-335.1487	-339.0819	-49.99457	0.21923992	-9.100401	-52.237637	-49.994595	0.0	26729001	9312.932250261307
133	-314.43134	-314.43134	-348.73898	-49.991352	0.31793457	-5.0291953	-51.94848	-49.991383	0.0	26930001	9373.08188533783
134	-318.61707	-318.61707	-242.23433	-49.99112	0.3440075	-8.085271	-52.73955	-49.991074	0.0	27131001	9433.178122997284
135	-307.92957	-307.92957	-243.48412	-49.99214	0.31264076	-7.601698	-52.8743	-49.9921	0.0	27332001	9493.088081359863
136	-307.8095	-307.8095	-303.13202	-49.99041	0.34278378	-6.0988197	-52.819107	-49.990448	0.0	27533001	9553.117391109467
137	-306.97324	-306.97324	-297.88354	-49.988586	0.3800777	-10.80447	-52.741985	-49.988544	0.0	27734001	9613.504623413086
138	-327.75183	-327.75183	-346.42917	-49.990093	0.3640834	-5.518037	-53.09085	-49.99007	0.0	27934983	9673.504694700241
139	-320.66162	-320.66162	-296.34317	-49.991505	0.31707835	-14.488521	-52.989857	-49.991493	0.0	28136001	9732.97469496727
140	-323.7549	-323.7549	-295.04938	-49.987232	0.4158572	-4.909482	-53.591484	-49.987217	0.0	28337001	9793.365571260452
141	-329.26028	-329.26028	-325.24808	-49.991016	0.32488352	-8.060958	-52.66294	-49.990974	0.0	28538001	9853.653364181519
142	-313.4715	-313.4715	-270.4063	-49.992195	0.33176798	-8.04545	-52.795265	-49.99222	0.0	28738992	9913.20228600502
143	-320.95743	-320.95743	-320.79053	-49.991673	0.33940256	-8.691709	-53.178196	-49.991634	0.0	28940001	9973.25440120697
144	-319.00726	-319.00726	-317.3264	-49.992832	0.26811	-10.8128805	-53.03523	-49.992832	0.0	29141001	10033.07464170456
145	-340.8332	-340.8332	-311.4369	-49.99171	0.33522445	-3.8078785	-52.689026	-49.991707	0.0	29342001	10093.21857881546
146	-325.49805	-325.49805	-310.5749	-49.99192	0.30878568	-11.923419	-52.612507	-49.991917	0.0	29543001	10153.403660535812
147	-339.26868	-339.26868	-315.8119	-49.99449	0.21018896	-16.386469	-52.15255	-49.994442	0.0	29744001	10213.543314218521
148	-342.88684	-342.88684	-318.0322	-49.99051	0.3434707	-7.3302627	-52.868755	-49.990494	0.0	29945001	10273.515192747116
149	-334.64926	-334.64926	-313.3493	-49.99117	0.33108735	-9.381901	-52.632	-49.991188	0.0	30146001	10333.554466962814
150	-328.04782	-328.04782	-322.79684	-49.99166	0.34414768	-8.075186	-52.26005	-49.99168	0.0	30347001	10394.4406478405
151	-332.7278	-332.7278	-336.17468	-49.99331	0.2567096	-8.949561	-52.86881	-49.993286	0.0	30547994	10454.677068710327
152	-331.49808	-331.49808	-368.44235	-49.990536	0.3527705	-1.4529717	-52.232582	-49.99058	0.0	30748997	10514.606906414032
153	-326.5003	-326.5003	-316.18948	-49.992226	0.3104896	-13.126325	-52.15164	-49.992218	0.0	30950001	10574.101180315018
154	-323.19498	-323.19498	-353.93353	-49.99144	0.33856454	-6.5317574	-53.096806	-49.99141	0.0	31151001	10634.141593456268
155	-339.30505	-339.30505	-353.69934	-49.99214	0.30683073	-13.200351	-52.19356	-49.992153	0.0	31352001	10693.855403661728
156	-337.0197	-337.0197	-346.77914	-49.990814	0.34241474	-5.198522	-52.509163	-49.990807	0.0	31552999	10753.783013343811
157	-351.70786	-351.70786	-343.43164	-49.991127	0.35395423	-2.3124857	-52.058136	-49.991158	0.0	31753998	10813.967053413391
158	-345.76157	-345.76157	-347.564	-49.993923	0.24721529	-7.115305	-53.24683	-49.99389	0.0	31955001	10874.433397054672
159	-324.881	-324.881	-344.30954	-49.997517	0.1019308	-35.198494	-52.02236	-49.997494	0.0	32156001	10934.73308134079
160	-325.70206	-325.70206	-344.37973	-49.996315	0.17130816	-10.867404	-51.817844	-49.99637	0.0	32357001	10994.701874017715
161	-329.2967	-329.2967	-349.6014	-49.991337	0.3100199	-8.736362	-52.25247	-49.991352	0.0	32557992	11054.602181911469
162	-322.49692	-322.49692	-346.4256	-49.99345	0.28365424	-8.153553	-51.707653	-49.9934	0.0	32759001	11114.320119857788
163	-339.91727	-339.91727	-339.26566	-49.992615	0.28728285	-9.832971	-52.59028	-49.992615	0.0	32960001	11174.391103506088
164	-347.61285	-347.61285	-342.39096	-49.99068	0.31927365	-7.599985	-51.422985	-49.99069	0.0	33161001	11234.588486671448
165	-339.15607	-339.15607	-342.43524	-49.992157	0.32068366	-7.5704813	-51.58327	-49.992184	0.0	33362001	11295.280961990356
166	-327.18314	-327.18314	-341.58035	-49.99001	0.3571753	-9.048612	-52.128067	-49.990025	0.0	33562988	11355.474429368973
167	-337.953	-337.953	-345.58047	-49.991215	0.35162246	-7.338705	-51.9748	-49.991234	0.0	33764001	11415.36613035202
168	-353.73175	-353.73175	-335.94238	-49.990707	0.35760775	-6.8102455	-52.48622	-49.990726	0.0	33965001	11475.047984600067
169	-346.21814	-346.21814	-343.82294	-49.989033	0.37817585	-9.002348	-52.93194	-49.98902	0.0	34166001	11534.851360797882
170	-328.78323	-328.78323	-333.67297	-49.99135	0.3208077	-1.9286721	-54.092606	-49.991314	0.0	34367001	11594.80396771431
171	-337.9696	-337.9696	-339.54544	-49.98891	0.3955014	-3.4678726	-51.680504	-49.988914	0.0	34568001	11654.488382816315
172	-327.7389	-327.7389	-338.83423	-49.98945	0.38311684	-6.692794	-51.68511	-49.98944	0.0	34768988	11714.109090805054
173	-334.55286	-334.55286	-338.1523	-49.992252	0.33311054	-8.33469	-51.622597	-49.99222	0.0	34970001	11774.004158496857
174	-317.9999	-317.9999	-345.58383	-49.992863	0.30235288	-9.768158	-52.942482	-49.99286	0.0	35170994	11834.197878837585
175	-335.1197	-335.1197	-260.87134	-49.993336	0.2789593	-10.159838	-52.11038	-49.99337	0.0	35372001	11893.942606210709
176	-335.6487	-335.6487	-347.99182	-49.98803	0.4077392	1.8254335	-51.64755	-49.988045	0.0	35573001	11953.567220449448
177	-338.9223	-338.9223	-333.8508	-49.990597	0.33962056	-11.602778	-51.341072	-49.990604	0.0	35773997	12013.21982049942
178	-340.32224	-340.32224	-342.91232	-49.992687	0.30079275	-6.891605	-51.873535	-49.992702	0.0	35975001	12073.164478302002
179	-336.22125	-336.22125	-341.17734	-49.989582	0.38280484	-1.7656279	-51.43884	-49.989597	0.0	36176001	12133.20934176445
180	-315.82468	-315.82468	-341.13138	-49.99339	0.30545095	-10.401385	-51.990704	-49.993324	0.0	36376991	12193.403537273407
181	-345.5907	-345.5907	-342.4019	-49.99029	0.3894383	-7.40954	-51.8419	-49.9903	0.0	36578001	12253.234891653061
182	-343.53818	-343.53818	-343.42438	-49.988686	0.4258517	-5.7332	-52.509964	-49.988693	0.0	36779001	12313.300729513168
183	-338.99487	-338.99487	-336.11612	-49.990326	0.34847304	-3.435526	-51.772205	-49.99033	0.0	36980001	12373.014095067978
184	-343.96722	-343.96722	-340.49564	-49.989243	0.40645596	-7.3975606	-51.635612	-49.989212	0.0	37181001	12432.845699310303
185	-329.93253	-329.93253	-344.2769	-49.990593	0.33846232	-0.93397874	-51.450607	-49.990593	0.0	37382001	12492.176767110825
186	-310.787	-310.787	-345.9106	-49.987934	0.42315277	-9.323141	-51.834732	-49.987972	0.0	37583001	12551.444301128387
187	-333.19324	-333.19324	-350.03317	-49.993526	0.27291444	-15.337955	-51.819363	-49.993477	0.0	37783999	12611.416818380356
188	-331.87375	-331.87375	-338.6677	-49.99241	0.33880562	-6.548673	-51.747482	-49.99246	0.0	37985001	12671.241420269012
189	-331.11758	-331.11758	-335.79477	-49.987606	0.43228525	-6.1699433	-52.171646	-49.9876	0.0	38186001	12730.900097370148
190	-337.07648	-337.07648	-349.09415	-49.9917	0.35267755	-7.7550488	-53.208775	-49.991684	0.0	38386984	12790.477215528488
191	-349.3861	-349.3861	-345.2478	-49.99005	0.38478982	-0.59023905	-52.65335	-49.990105	0.0	38588001	12850.211391687393
192	-347.64737	-347.64737	-348.27258	-49.988605	0.4187819	-10.4071	-51.849327	-49.988503	0.0	38789001	12909.364455461502
193	-348.47153	-348.47153	-316.9364	-49.991116	0.34839267	-4.927904	-53.50807	-49.991177	0.0	38990001	12968.673276424408
194	-337.1688	-337.1688	-360.44193	-49.989674	0.39839268	-3.9893217	-52.662952	-49.989613	0.0	39191001	13028.106663227081
195	-317.8584	-317.8584	-350.05124	-49.993843	0.26644313	-11.137541	-51.979595	-49.99394	0.0	39392001	13089.090138673782
196	-325.16907	-325.16907	-362.47046	-49.99254	0.31161985	-3.527668	-53.1247	-49.99254	0.0	39593001	13148.631030321121
197	-320.98727	-320.98727	-375.31018	-49.98972	0.3868649	-2.6919212	-51.875835	-49.98961	0.0	39793991	13208.372384548187
198	-322.17435	-322.17435	-375.39618	-49.991116	0.35533875	3.713317	-52.22686	-49.99118	0.0	39994988	13267.934942245483
199	-313.0032	-313.0032	-382.91885	-49.995087	0.2190589	-18.793009	-51.596832	-49.99501	0.0	40195991	13327.219356536865
200	-336.11276	-336.11276	-378.49384	-49.994553	0.26296428	-13.356654	-51.760025	-49.99454	0.0	40397001	13386.561319589615
201	-327.83096	-327.83096	-380.83026	-49.99078	0.37160665	-3.0809026	-51.95047	-49.990757	0.0	40598001	13446.071616649628
202	-323.08728	-323.08728	-375.38214	-49.990047	0.39028665	-1.0408702	-52.23667	-49.990093	0.0	40799001	13505.900422811508
203	-327.22833	-327.22833	-334.8357	-49.99107	0.34910253	-7.716111	-52.39493	-49.99106	0.0	41000001	13565.442174196243
204	-314.2788	-314.2788	-306.11642	-49.991013	0.33681065	-0.74312395	-52.486156	-49.990944	0.0	41200995	13625.843280553818
205	-307.02124	-307.02124	-306.67053	-49.99135	0.3208073	-6.746503	-52.05223	-49.991367	0.0	41402001	13685.490081071854
206	-334.83673	-334.83673	-326.66977	-49.988544	0.4219878	-6.384705	-53.3619	-49.98853	0.0	41602995	13745.057235479355
207	-340.06482	-340.06482	-347.1752	-49.989082	0.40807885	-2.7986605	-52.07337	-49.98902	0.0	41804001	13804.758422136307
208	-335.9627	-335.9627	-350.23776	-49.991467	0.38621292	-3.1224163	-51.830765	-49.99151	0.0	42005001	13864.57894229889
209	-333.12485	-333.12485	-344.14636	-49.994926	0.23526204	-7.823917	-51.35014	-49.994896	0.0	42206001	13923.984690666199
210	-332.18787	-332.18787	-337.05847	-49.99322	0.28763792	-8.93157	-52.475426	-49.9932	0.0	42407001	13984.059260129929
211	-302.67233	-302.67233	-348.04688	-49.990116	0.3745608	-10.375341	-52.72649	-49.990093	0.0	42607986	14043.423094272614
212	-333.96884	-333.96884	-321.889	-49.991188	0.35520896	0.8638005	-53.57636	-49.991215	0.0	42809001	14102.898972034454
213	-319.22836	-319.22836	-340.80676	-49.997375	0.10737067	-26.97508	-52.822243	-49.99726	0.0	43009994	14162.763747215271
214	-321.17163	-321.17163	-330.33154	-49.996223	0.1223844	-28.218658	-52.130886	-49.99633	0.0	43211001	14222.970485210419
215	-313.26486	-313.26486	-307.4063	-49.99385	0.25279942	-6.2163587	-52.273914	-49.993877	0.0	43412001	14282.071207284927
216	-309.12015	-309.12015	-354.82623	-49.992825	0.2885399	-2.928257	-52.531616	-49.9928	0.0	43613001	14341.537675380707
217	-320.68414	-320.68414	-320.42786	-49.99557	0.20320912	-17.815538	-53.436184	-49.995583	0.0	43814001	14401.074655294418
218	-328.9111	-328.9111	-332.4208	-49.996006	0.19019997	-2.738916	-54.115517	-49.995968	0.0	44015001	14460.90445804596
219	-316.56406	-316.56406	-326.2981	-49.99307	0.2863263	-9.31584	-54.483902	-49.99316	0.0	44216001	14520.13400554657
220	-325.39026	-325.39026	-266.91702	-49.993378	0.29292965	-5.6625166	-53.03714	-49.9934	0.0	44417001	14579.658853769302
221	-333.43323	-333.43323	-330.0222	-49.994534	0.23328982	-15.674013	-51.352962	-49.99453	0.0	44617996	14639.816586256027
222	-330.81357	-330.81357	-349.87473	-49.99371	0.25883427	-4.133409	-52.687805	-49.99373	0.0	44819001	14699.67554306984
223	-335.5041	-335.5041	-359.60208	-49.99501	0.22982927	-12.045532	-52.68909	-49.994987	0.0	45020001	14759.274028301239
224	-357.55353	-357.55353	-340.36038	-49.99672	0.17371626	-18.708199	-53.83397	-49.9967	0.0	45221001	14818.774940252304
225	-312.83615	-312.83615	-343.04626	-49.994522	0.24134004	-19.018631	-52.74458	-49.994453	0.0	45422001	14880.658867835999
226	-327.35153	-327.35153	-333.35983	-49.992733	0.30731228	-12.616491	-53.42339	-49.992752	0.0	45623001	14939.93519616127
227	-308.3915	-308.3915	-307.66238	-49.993587	0.29153004	-10.661278	-54.26756	-49.99361	0.0	45824001	14999.069265127182
228	-335.0766	-335.0766	-364.29977	-49.994297	0.22043943	-11.680989	-52.14569	-49.994305	0.0	46025001	15058.171720981598
229	-332.09097	-332.09097	-361.65723	-49.99345	0.32601812	-7.1194634	-53.53199	-49.993504	0.0	46226001	15117.493207931519
230	-340.30023	-340.30023	-374.38974	-49.9924	0.34640005	-1.0048246	-52.657715	-49.99238	0.0	46427001	15176.829711198807
231	-323.06516	-323.06516	-364.95114	-49.991962	0.3427242	-5.6003737	-52.362125	-49.991974	0.0	46628001	15236.078741312027
232	-326.41	-326.41	-375.4461	-49.991245	0.33922172	-1.2195327	-52.120903	-49.991173	0.0	46829001	15296.015100002289
233	-340.34756	-340.34756	-370.5177	-49.990788	0.3447443	-10.157099	-52.833954	-49.990772	0.0	47030001	15355.257678747177
234	-349.0145	-349.0145	-386.72366	-49.99191	0.34957814	-8.366871	-51.696716	-49.991917	0.0	47231001	15414.531033754349
235	-347.59412	-347.59412	-384.5743	-49.992687	0.31484473	-8.690719	-51.314068	-49.992687	0.0	47432001	15474.052666425705
236	-344.0409	-344.0409	-375.37616	-49.99088	0.37594685	-8.354743	-52.073917	-49.990883	0.0	47633001	15533.466096639633
237	-342.34692	-342.34692	-319.00583	-49.99362	0.2919742	-15.461113	-52.54392	-49.99363	0.0	47834001	15592.988586187363
238	-323.63046	-323.63046	-317.28513	-49.99543	0.22627985	-14.908866	-51.645683	-49.99545	0.0	48035001	15652.604787111282
239	-342.64853	-342.64853	-355.73526	-49.99357	0.28768566	-9.368306	-51.719944	-49.993538	0.0	48236001	15711.622482299805
240	-329.23016	-329.23016	-318.0706	-49.99209	0.32200995	2.16486	-52.05519	-49.992046	0.0	48437001	15771.05081486702
241	-319.61984	-319.61984	-336.65677	-49.99326	0.29273793	0.26003802	-51.85355	-49.993233	0.0	48638001	15830.88275051117
242	-336.79507	-336.79507	-350.05673	-49.994232	0.27017924	-6.786419	-51.922226	-49.99426	0.0	48839001	15890.065158605576
243	-345.4947	-345.4947	-348.7716	-49.992252	0.30243573	-4.784334	-52.887268	-49.992264	0.0	49040001	15950.059144973755
244	-335.5767	-335.5767	-312.31808	-49.99197	0.3483382	-3.8566465	-51.53808	-49.991993	0.0	49241000	16009.353727340698
245	-332.42776	-332.42776	-317.27557	-49.99386	0.29659593	-8.29594	-52.548916	-49.993855	0.0	49442000	16068.865917682648
246	-340.49612	-340.49612	-323.7521	-49.990818	0.39230365	-5.5610085	-54.403053	-49.990772	0.0	49643001	16128.704209566116
247	-332.1346	-332.1346	-321.0165	-49.993774	0.2683344	-12.557249	-52.022766	-49.993774	0.0	49843994	16188.141723632812
248	-316.7333	-316.7333	-321.0961	-49.993412	0.30974913	-14.257086	-52.913837	-49.993427	0.0	50045001	16247.285836935043
249	-323.8719	-323.8719	-312.33096	-49.992332	0.34115773	-8.941528	-51.403496	-49.99233	0.0	50246001	16306.87610244751
250	-336.07288	-336.07288	-321.76688	-49.995438	0.20580806	-18.009058	-53.334175	-49.995476	0.0	50447001	16366.223912477493
251	-333.95316	-333.95316	-316.52768	-49.99158	0.35304272	-1.6354274	-52.32206	-49.99152	0.0	50647991	16425.50924539566
252	-323.3908	-323.3908	-326.22946	-49.991043	0.38416654	-9.240301	-51.643295	-49.99104	0.0	50849001	16484.782718896866
253	-319.41513	-319.41513	-323.27756	-49.991516	0.3586718	-10.461964	-52.119244	-49.991493	0.0	51049994	16543.906572580338
254	-309.74084	-309.74084	-319.0947	-49.99469	0.24403515	-18.346336	-53.642147	-49.994724	0.0	51251001	16603.22411084175
255	-317.48712	-317.48712	-313.66232	-49.992096	0.3099459	-4.274792	-52.510212	-49.99212	0.0	51451988	16664.50286078453
256	-322.3375	-322.3375	-315.7002	-49.99137	0.37182724	-7.2261105	-53.014515	-49.991318	0.0	51652990	16725.80349802971
257	-322.25003	-322.25003	-318.00705	-49.997395	0.11768247	-32.43171	-54.513912	-49.997368	0.0	51854001	16786.645687818527
258	-334.64066	-334.64066	-315.34946	-49.997704	0.098132856	-35.293823	-51.72233	-49.997646	0.0	52055001	16849.33867764473
259	-343.94125	-343.94125	-317.04907	-49.997055	0.09685195	-35.30765	-51.416206	-49.997105	0.0	52255989	16911.614206790924
260	-333.1036	-333.1036	-320.92682	-49.998295	0.10064414	-17.177423	-51.91755	-49.998276	0.0	52457001	16974.25980401039
261	-334.95517	-334.95517	-318.98196	-49.99772	0.0987792	-22.052862	-51.618973	-49.997723	0.0	52657997	17036.7881834507
262	-325.4806	-325.4806	-326.8228	-49.997482	0.10492517	-25.77638	-51.619476	-49.997482	0.0	52859001	17098.7670109272
263	-332.63077	-332.63077	-314.9893	-49.998035	0.077082306	-41.69731	-51.373913	-49.998035	0.0	53060001	17162.47404360771
264	-343.37277	-343.37277	-314.81454	-49.99733	0.12939417	-1.4986799	-51.62847	-49.99739	0.0	53261001	17225.460092544556
265	-322.83398	-322.83398	-320.41116	-49.99772	0.09229056	-15.239239	-51.88804	-49.997684	0.0	53462001	17290.03902053833
266	-332.47058	-332.47058	-318.16217	-49.998238	0.09026992	-27.010967	-50.9882	-49.998222	0.0	53663001	17353.39031147957
267	-330.1165	-330.1165	-317.1343	-49.998516	0.10260786	-7.6047983	-51.713005	-49.998512	0.0	53864001	17417.392436027527
268	-322.8153	-322.8153	-321.1967	-49.99719	0.12139017	5.117505	-51.083862	-49.99719	0.0	54064989	17481.56817340851
269	-304.08142	-304.08142	-315.422	-49.99753	0.12182276	0.28399968	-51.258163	-49.997543	0.0	54266001	17545.145533800125
270	-335.77884	-335.77884	-313.91135	-49.998005	0.12706572	4.2904377	-50.846188	-49.998005	0.0	54466993	17609.699678182602
271	-330.38425	-330.38425	-321.47025	-49.9976	0.08750752	-39.23631	-51.343323	-49.997593	0.0	54668001	17674.355050086975
272	-329.17087	-329.17087	-319.46722	-49.997375	0.08959217	-19.156189	-50.97924	-49.99738	0.0	54869001	17739.51972270012
273	-336.45157	-336.45157	-324.4251	-49.998367	0.114628404	-0.4008441	-51.14377	-49.99836	0.0	55070001	17803.87325167656
274	-328.21768	-328.21768	-319.1412	-49.997826	0.0842259	-37.794113	-51.4026	-49.99782	0.0	55271001	17868.594524621964
275	-334.1228	-334.1228	-320.0586	-49.997772	0.09500199	-27.088345	-51.341717	-49.997746	0.0	55472001	17933.093678712845
276	-326.50586	-326.50586	-318.88864	-49.99708	0.13432881	-3.0687308	-50.92161	-49.99708	0.0	55673001	17997.449107646942
277	-342.09036	-342.09036	-317.1363	-49.99797	0.12203071	13.24928	-51.407135	-49.997974	0.0	55874001	18062.156872987747
278	-318.96158	-318.96158	-321.70157	-49.997658	0.09650608	-9.311857	-50.926357	-49.997627	0.0	56075001	18126.461888313293
279	-320.30807	-320.30807	-315.25366	-49.997986	0.11602356	-6.770931	-51.07901	-49.997993	0.0	56276001	18191.593267679214
280	-336.5183	-336.5183	-314.31226	-49.998474	0.109021194	-2.8311303	-50.98021	-49.998478	0.0	56477001	18256.50117635727
281	-340.47723	-340.47723	-322.63513	-49.99855	0.10626036	4.6675615	-50.945297	-49.998512	0.0	56677997	18321.918300390244
282	-351.77307	-351.77307	-319.196	-49.99866	0.06745226	-44.34376	-50.88539	-49.998646	0.0	56879001	18386.73240995407
283	-337.11896	-337.11896	-308.78323	-49.99833	0.14269654	13.218643	-51.123505	-49.998325	0.0	57080001	18452.3948366642
284	-325.3469	-325.3469	-314.38846	-49.998302	0.12166872	-8.19281	-51.22836	-49.99828	0.0	57281001	18517.865280151367
285	-336.37057	-336.37057	-316.02554	-49.99861	0.08500646	-10.243325	-51.175625	-49.998608	0.0	57482001	18582.38961982727
286	-309.73178	-309.73178	-318.66226	-49.997284	0.12594283	-2.6314647	-50.902515	-49.997257	0.0	57683001	18647.371687412262
287	-333.74887	-333.74887	-316.90134	-49.99808	0.10992187	2.1551557	-51.039967	-49.998074	0.0	57884001	18712.54670405388
288	-336.9962	-336.9962	-319.3338	-49.998096	0.10023848	-5.6291046	-50.892048	-49.998055	0.0	58085001	18777.347853422165
289	-326.27908	-326.27908	-321.00882	-49.997906	0.11867492	1.0623195	-51.002506	-49.99788	0.0	58286001	18842.613286972046
290	-340.20828	-340.20828	-318.98947	-49.99763	0.12247566	-2.051251	-51.052338	-49.99762	0.0	58487001	18907.28356528282
291	-332.81586	-332.81586	-316.1426	-49.997395	0.14750819	-6.555786	-51.593636	-49.997375	0.0	58688001	18972.056844234467
292	-347.18332	-347.18332	-319.43124	-49.99737	0.19475265	4.702201	-51.484737	-49.997337	0.0	58889001	19036.99555516243
293	-338.2675	-338.2675	-312.85925	-49.998493	0.0683151	-42.49281	-51.076984	-49.998486	0.0	59089999	19101.778703451157
294	-319.67014	-319.67014	-318.0234	-49.99768	0.1373316	0.88993716	-51.03316	-49.997665	0.0	59291001	19166.910819768906
295	-354.1803	-354.1803	-317.00598	-49.997875	0.10329897	-10.444214	-51.08542	-49.99785	0.0	59492001	19232.40741586685
296	-339.65552	-339.65552	-318.30804	-49.997643	0.0856561	-20.725693	-51.00456	-49.997635	0.0	59693001	19297.601468086243
297	-339.17422	-339.17422	-318.37518	-49.997883	0.12662986	10.758207	-50.81081	-49.99784	0.0	59894001	19362.79190349579
298	-344.63388	-344.63388	-316.31042	-49.9977	0.08206211	-43.198994	-51.02348	-49.997684	0.0	60095001	19428.340809106827
299	-323.65454	-323.65454	-323.55032	-49.99752	0.09496513	-18.88552	-50.86664	-49.997513	0.0	60296000	19492.509746313095
300	-330.83423	-330.83423	-316.7305	-49.9985	0.07800774	-14.974728	-50.779335	-49.998497	0.0	60497001	19558.002299308777
301	-326.68567	-326.68567	-320.54822	-49.99736	0.1107505	-19.20297	-50.96532	-49.997356	0.0	60697986	19622.44407224655
302	-328.36505	-328.36505	-316.36935	-49.997322	0.11285361	5.0827637	-50.89348	-49.997284	0.0	60899001	19687.177529335022
303	-322.12558	-322.12558	-320.91034	-49.99754	0.082773075	-25.455805	-51.44001	-49.99756	0.0	61100001	19751.706009864807
304	-319.87872	-319.87872	-316.50418	-49.99738	0.14024086	4.2832513	-51.03932	-49.997356	0.0	61301001	19816.825333595276
305	-325.87323	-325.87323	-314.16794	-49.99817	0.0807938	-27.43824	-51.422718	-49.99816	0.0	61502001	19881.638357162476
306	-333.95496	-333.95496	-320.7151	-49.997177	0.10744731	-8.611682	-51.182964	-49.997154	0.0	61703001	19946.556913375854
307	-328.90097	-328.90097	-319.41156	-49.996376	0.10970106	-13.170405	-50.97877	-49.996365	0.0	61903992	20011.291469573975
308	-331.39993	-331.39993	-321.7426	-49.998253	0.08731197	-13.788186	-50.84418	-49.99824	0.0	62105001	20076.691381692886
309	-329.74567	-329.74567	-321.4168	-49.998108	0.16098331	3.7192304	-51.243687	-49.99802	0.0	62305999	20142.426721811295
310	-335.55133	-335.55133	-324.9228	-49.996334	0.10859262	-25.138369	-50.920444	-49.99639	0.0	62506987	20207.723334550858
311	-317.1266	-317.1266	-315.3783	-49.99778	0.11948725	2.8441918	-51.3982	-49.99778	0.0	62708001	20273.332448482513
312	-327.78378	-327.78378	-316.17154	-49.997272	0.11083641	0.21428275	-51.961487	-49.99723	0.0	62909001	20338.69813799858
313	-340.38965	-340.38965	-323.9742	-49.99659	0.13663377	-1.5798773	-50.94889	-49.996574	0.0	63110001	20403.44608592987
314	-337.27646	-337.27646	-316.9238	-49.99753	0.14987825	6.5211787	-51.399925	-49.99751	0.0	63311001	20468.31617331505
315	-327.6749	-327.6749	-321.32556	-49.99745	0.09631931	-23.610943	-51.042366	-49.997437	0.0	63511995	20533.376487016678
316	-328.54022	-328.54022	-321.4963	-49.997665	0.09399447	-31.412836	-51.01304	-49.997654	0.0	63713001	20598.05760526657
317	-326.13474	-326.13474	-314.89868	-49.99702	0.15264691	-0.21806109	-50.95056	-49.997	0.0	63913997	20663.684583425522
318	-333.57758	-333.57758	-319.5989	-49.99774	0.0963071	-28.380932	-50.99704	-49.99772	0.0	64115001	20728.73733663559
319	-310.60815	-310.60815	-322.82547	-49.99731	0.14156005	-2.5412574	-51.380898	-49.997284	0.0	64315998	20793.47214603424
320	-346.12286	-346.12286	-314.47943	-49.99675	0.18488692	8.889465	-51.37742	-49.996742	0.0	64517001	20858.835794210434
321	-331.9466	-331.9466	-311.2493	-49.99801	0.11716904	-1.3714473	-51.078518	-49.99801	0.0	64718001	20923.804773569107
322	-340.5877	-340.5877	-318.75247	-49.99729	0.15202713	1.9350966	-51.417507	-49.99728	0.0	64919001	20988.595819473267
323	-326.79892	-326.79892	-316.79562	-49.99757	0.12666108	5.9998903	-51.687115	-49.997578	0.0	65120001	21053.49995613098
324	-324.09906	-324.09906	-319.6758	-49.99739	0.13682364	-1.8134907	-51.668602	-49.997364	0.0	65321001	21118.309245586395
325	-325.91193	-325.91193	-314.51257	-49.99808	0.14793949	10.707023	-52.00803	-49.998085	0.0	65521990	21183.21138238907
326	-333.05832	-333.05832	-317.64572	-49.997234	0.15615681	2.6627808	-51.09985	-49.9972	0.0	65723001	21249.204735517502
327	-337.4219	-337.4219	-313.67004	-49.99775	0.12070466	-21.169548	-52.229065	-49.997734	0.0	65924001	21314.554090499878
328	-333.0322	-333.0322	-316.85074	-49.996525	0.15550016	-22.188358	-51.443523	-49.996532	0.0	66125001	21379.58993411064
329	-343.9318	-343.9318	-311.27145	-49.99766	0.13047922	-5.098052	-50.785343	-49.997654	0.0	66326001	21445.397501945496
330	-321.06308	-321.06308	-318.8073	-49.99737	0.13153973	-2.7383492	-51.32375	-49.99736	0.0	66527001	21510.36462712288
331	-327.70105	-327.70105	-315.25375	-49.99668	0.17224063	3.1127343	-51.092396	-49.99669	0.0	66728001	21576.10414004326
332	-324.85187	-324.85187	-317.36932	-49.99749	0.13473651	-20.414062	-51.146885	-49.997444	0.0	66928994	21641.469636917114
333	-327.6708	-327.6708	-321.06442	-49.996994	0.15580349	-14.803185	-51.493237	-49.99701	0.0	67130001	21706.53123855591
334	-344.148	-344.148	-350.06445	-49.99757	0.140228	0.97076356	-52.06479	-49.99757	0.0	67331001	21771.907801389694
335	-328.07062	-328.07062	-322.13962	-49.996464	0.1542749	-3.8295739	-51.662483	-49.996456	0.0	67531994	21837.765905618668
336	-325.65598	-325.65598	-261.70486	-49.997677	0.11669353	-21.883253	-51.643692	-49.99768	0.0	67732988	21903.2630507946
337	-293.05118	-293.05118	-253.13657	-49.996063	0.18512365	0.91792774	-51.795662	-49.99605	0.0	67933984	21968.60955429077
338	-318.45648	-318.45648	-249.76202	-49.99828	0.08377423	-33.171608	-51.03811	-49.998272	0.0	68135001	22034.136872768402
339	-293.6759	-293.6759	-266.01675	-49.996582	0.14057495	7.7275457	-51.316544	-49.99657	0.0	68336001	22101.610949993134
340	-285.4712	-285.4712	-286.45502	-49.997776	0.13795152	-6.9759884	-51.864277	-49.99779	0.0	68537001	22166.91385626793
341	-295.17355	-295.17355	-285.10092	-49.997715	0.13330688	3.6274858	-51.30364	-49.997707	0.0	68738001	22231.744325876236
342	-318.09946	-318.09946	-252.50479	-49.997444	0.100907564	-21.337833	-51.486656	-49.997444	0.0	68938998	22297.31475520134
343	-310.92444	-310.92444	-238.55185	-49.99804	0.12831634	4.5819054	-51.604836	-49.997997	0.0	69139988	22362.510510206223
344	-309.62408	-309.62408	-305.88876	-49.99681	0.13878341	1.9147028	-51.90606	-49.99678	0.0	69341001	22427.819994211197
345	-288.04968	-288.04968	-302.27814	-49.997635	0.12096168	-0.37685764	-51.763588	-49.997616	0.0	69542001	22493.155804395676
346	-295.75128	-295.75128	-234.22354	-49.997234	0.12924127	-1.557916	-53.674576	-49.997204	0.0	69743001	22558.210189819336
347	-317.52106	-317.52106	-304.18048	-49.996983	0.09803003	-17.570745	-51.543053	-49.99696	0.0	69944001	22623.442118644714
348	-315.01212	-315.01212	-326.26422	-49.996815	0.08849435	-35.33921	-51.637737	-49.99678	0.0	70145001	22688.72929430008
349	-327.05032	-327.05032	-326.93854	-49.996864	0.108986095	-13.185974	-51.06862	-49.996853	0.0	70345999	22753.991490602493
350	-311.3669	-311.3669	-311.8634	-49.99799	0.1125534	1.2845988	-51.312172	-49.997974	0.0	70547000	22819.892604112625
351	-318.5808	-318.5808	-329.55624	-49.99726	0.09793411	-33.00458	-52.079033	-49.99725	0.0	70748001	22885.633026599884
352	-323.38467	-323.38467	-277.34903	-49.997234	0.11911835	3.2429671	-52.058292	-49.997253	0.0	70949001	22951.45411491394
353	-310.3184	-310.3184	-328.90305	-49.997875	0.124907404	-1.175244	-51.288464	-49.99787	0.0	71150001	23017.74427819252
354	-306.59637	-306.59637	-326.89597	-49.997826	0.07785794	-39.005703	-52.039787	-49.997818	0.0	71351001	23082.915306568146
355	-324.12595	-324.12595	-321.78284	-49.998074	0.08250743	-34.635216	-51.468613	-49.99807	0.0	71552001	23147.846245765686
356	-326.14053	-326.14053	-310.6133	-49.996685	0.13421838	-3.9172707	-53.03762	-49.99664	0.0	71753000	23212.937215805054
357	-327.6947	-327.6947	-331.30328	-49.997154	0.11883793	0.38189578	-51.545956	-49.997116	0.0	71954001	23277.712232351303
358	-323.31143	-323.31143	-329.80835	-49.997128	0.14158535	12.418985	-52.162857	-49.99714	0.0	72155001	23343.04686307907
359	-320.67987	-320.67987	-323.7764	-49.997746	0.11437018	-3.9776914	-51.152107	-49.99772	0.0	72356001	23408.613509655
360	-314.3954	-314.3954	-309.86777	-49.99785	0.13827069	6.565276	-52.33292	-49.99781	0.0	72556992	23474.151054382324
361	-320.2554	-320.2554	-304.70462	-49.99795	0.105700426	-23.769978	-51.11105	-49.99791	0.0	72758001	23539.711983203888
362	-305.5043	-305.5043	-328.7055	-49.997448	0.09534859	-2.8881435	-51.93994	-49.997482	0.0	72959001	23604.8625497818
363	-313.9939	-313.9939	-326.74484	-49.997902	0.14224796	5.9860272	-51.550686	-49.997887	0.0	73160001	23670.522473335266
364	-317.13205	-317.13205	-321.1352	-49.997295	0.110946625	-25.19516	-51.405937	-49.997253	0.0	73361001	23736.010898828506
365	-312.58463	-312.58463	-315.34964	-49.99701	0.13598022	6.120558	-51.08594	-49.997005	0.0	73562001	23801.397256851196
366	-314.09833	-314.09833	-315.17642	-49.996983	0.13380864	2.558032	-50.911194	-49.997005	0.0	73762988	23867.030662059784
367	-317.9665	-317.9665	-326.28787	-49.997944	0.12727194	-7.0127673	-51.720013	-49.99787	0.0	73964001	23932.787771701813
368	-315.49014	-315.49014	-330.5793	-49.997025	0.12232639	-17.341814	-51.11385	-49.996983	0.0	74165001	23997.82945394516
369	-312.46924	-312.46924	-328.15695	-49.99724	0.12901776	7.1306386	-52.51714	-49.99721	0.0	74365997	24063.059909582138
370	-317.80634	-317.80634	-292.4199	-49.997677	0.110239565	2.7406774	-52.167217	-49.997673	0.0	74567001	24129.193201065063
371	-332.24786	-332.24786	-327.93332	-49.997993	0.0738971	-40.9512	-51.456684	-49.99801	0.0	74767987	24194.921889781952
372	-304.12567	-304.12567	-322.3005	-49.997234	0.12913239	-1.8729951	-51.56097	-49.997173	0.0	74968989	24260.402153491974
373	-312.85095	-312.85095	-299.7922	-49.997917	0.10040497	-3.2447708	-51.48607	-49.997963	0.0	75170001	24325.9129550457
374	-283.79782	-283.79782	-296.6809	-49.997658	0.12015375	-0.37076557	-51.097996	-49.99761	0.0	75370983	24391.408670425415
375	-318.78372	-318.78372	-305.5951	-49.99833	0.090703405	-14.8447695	-51.03137	-49.998318	0.0	75572001	24456.65750360489
376	-295.56668	-295.56668	-242.09908	-49.99733	0.1395392	7.143486	-51.326218	-49.997334	0.0	75773001	24521.767280101776
377	-293.62137	-293.62137	-249.8987	-49.99723	0.09045725	-28.503004	-51.6618	-49.997234	0.0	75973995	24586.384056329727
378	-302.0985	-302.0985	-312.16254	-49.99681	0.14205539	5.7329836	-50.900486	-49.996777	0.0	76175001	24652.09054660797
379	-289.02063	-289.02063	-304.51498	-49.99695	0.11897919	8.78295	-51.40763	-49.99694	0.0	76375993	24717.251853704453
380	-311.40463	-311.40463	-257.79193	-49.997414	0.09887702	-9.058156	-51.00354	-49.997402	0.0	76577001	24782.350574970245
381	-263.67584	-263.67584	-260.8584	-49.99697	0.13626543	3.9248157	-51.890057	-49.996944	0.0	76777992	24847.53917813301
382	-274.82153	-274.82153	-300.3176	-49.99713	0.13320458	9.484698	-50.82704	-49.99713	0.0	76979001	24912.88299894333
383	-307.76636	-307.76636	-294.17697	-49.998013	0.13006046	0.901304	-52.486214	-49.99799	0.0	77180001	24978.33251810074
384	-321.5786	-321.5786	-336.44232	-49.998066	0.11794666	6.466495	-52.27797	-49.998016	0.0	77380995	25044.091409683228
385	-325.16003	-325.16003	-334.17148	-49.99712	0.11029123	1.9324765	-51.178482	-49.997158	0.0	77582001	25110.234718322754
386	-291.17358	-291.17358	-333.76773	-49.998024	0.1264856	11.933671	-51.51119	-49.99797	0.0	77783001	25175.543419361115
387	-315.18335	-315.18335	-334.0456	-49.997883	0.106764294	-10.050287	-51.546	-49.997925	0.0	77984001	25241.41295027733
388	-313.95667	-313.95667	-283.62967	-49.99772	0.07579561	-38.721634	-51.456947	-49.997715	0.0	78185001	25306.839307308197
389	-311.86963	-311.86963	-248.61427	-49.996872	0.15123408	8.736901	-51.39262	-49.99684	0.0	78386001	25371.962930202484
390	-319.47842	-319.47842	-285.60788	-49.997578	0.14496064	-6.7713766	-51.363937	-49.997574	0.0	78587001	25436.486481189728
391	-317.05975	-317.05975	-311.31174	-49.996704	0.09350813	-22.423744	-50.953674	-49.996693	0.0	78787992	25501.147841215134
392	-294.84946	-294.84946	-327.3121	-49.99712	0.12946473	0.32476008	-51.1104	-49.997124	0.0	78988987	25565.875292301178
393	-302.2174	-302.2174	-301.23978	-49.996952	0.13054703	3.3167439	-51.302296	-49.996994	0.0	79190001	25632.87238240242
394	-294.7108	-294.7108	-338.92874	-49.99696	0.112827934	-17.462795	-51.041508	-49.99691	0.0	79391001	25698.046273469925
395	-314.48407	-314.48407	-317.33163	-49.99651	0.12776375	1.2873108	-51.25032	-49.996586	0.0	79592001	25763.76486635208
396	-304.2077	-304.2077	-302.23154	-49.996414	0.11159187	-5.894929	-51.016163	-49.9963	0.0	79793001	25827.92707657814
397	-299.8069	-299.8069	-278.0533	-49.996727	0.0995233	-22.21569	-51.690456	-49.99675	0.0	79994001	25892.933285951614
398	-287.97745	-287.97745	-306.23572	-49.997223	0.08189426	-33.11666	-51.481754	-49.99719	0.0	80194986	25957.952766418457
399	-298.26816	-298.26816	-300.07977	-49.99728	0.10956411	-20.22669	-51.10029	-49.997284	0.0	80396001	26022.166575670242
400	-307.79877	-307.79877	-317.72885	-49.99794	0.094806224	-11.869187	-50.838585	-49.997917	0.0	80597001	26086.87580895424
401	-292.93195	-292.93195	-331.38815	-49.99763	0.09923208	-16.852905	-51.26093	-49.997627	0.0	80798001	26151.74924302101
402	-291.4141	-291.4141	-280.2624	-49.99701	0.11751552	-5.2867084	-51.944283	-49.996983	0.0	80999001	26216.422639131546
403	-268.29105	-268.29105	-289.67603	-49.9963	0.108357325	-18.581644	-50.830235	-49.996254	0.0	81199986	26281.017845630646
404	-260.0156	-260.0156	-261.27698	-49.997562	0.12111765	-9.662545	-50.930035	-49.997543	0.0	81401001	26345.60573077202
405	-269.3512	-269.3512	-283.78342	-49.99749	0.11415397	-5.764853	-51.756397	-49.997494	0.0	81602001	26410.159848451614
406	-265.84805	-265.84805	-322.1884	-49.99738	0.11128671	1.8656927	-51.22868	-49.99739	0.0	81803001	26474.51923084259
407	-299.21378	-299.21378	-292.5133	-49.997097	0.1282729	11.181553	-51.717594	-49.99713	0.0	82004001	26539.110095500946
408	-308.97696	-308.97696	-315.7993	-49.996677	0.17099869	0.29475784	-51.206787	-49.996574	0.0	82205001	26604.326023101807
409	-300.26233	-300.26233	-315.9116	-49.99794	0.108187765	-3.1962442	-50.822647	-49.997955	0.0	82405991	26669.66570544243
410	-265.00876	-265.00876	-294.79724	-49.997364	0.09402064	-22.18005	-50.899437	-49.997326	0.0	82606982	26734.157995462418
411	-291.83026	-291.83026	-319.41638	-49.99721	0.11669329	-13.457853	-51.124203	-49.997257	0.0	82807985	26799.257264137268
412	-260.01096	-260.01096	-281.30054	-49.99657	0.14783488	0.8091985	-51.710884	-49.99653	0.0	83009001	26864.098526000977
413	-290.64005	-290.64005	-316.03708	-49.997818	0.08116201	-18.363972	-50.845436	-49.997833	0.0	83210001	26929.13460445404
414	-299.76904	-299.76904	-299.67282	-49.997807	0.12188582	0.8478935	-51.159267	-49.99772	0.0	83411001	26994.326266765594
415	-296.6462	-296.6462	-281.4407	-49.997818	0.10435495	-1.6954911	-50.978504	-49.997894	0.0	83611984	27058.956762313843
416	-265.11755	-265.11755	-304.07544	-49.996593	0.12474562	-1.950692	-51.700512	-49.996544	0.0	83812989	27123.513986587524
417	-312.2548	-312.2548	-320.92758	-49.9981	0.08716537	-14.866686	-51.131283	-49.998142	0.0	84014001	27188.627640008926
418	-297.08987	-297.08987	-332.65488	-49.997246	0.118457146	-2.6731505	-50.94991	-49.997227	0.0	84215001	27254.03466486931
419	-320.40518	-320.40518	-295.10257	-49.997086	0.100880444	-6.2571898	-51.979954	-49.997086	0.0	84416001	27318.880923748016
420	-312.95636	-312.95636	-319.1558	-49.99703	0.111655794	-14.491859	-51.05042	-49.99702	0.0	84617001	27383.67662858963
421	-311.946	-311.946	-329.97177	-49.997208	0.11514444	-6.78675	-51.74105	-49.99718	0.0	84818001	27448.46566081047
422	-304.76746	-304.76746	-360.69476	-49.997223	0.13646409	10.241615	-51.460743	-49.997185	0.0	85019001	27513.614842891693
423	-307.3026	-307.3026	-334.7366	-49.996864	0.118408486	-5.0642505	-50.93839	-49.996857	0.0	85220001	27579.188596725464
424	-317.38297	-317.38297	-327.41257	-49.997154	0.14250578	-6.028977	-51.09471	-49.997112	0.0	85421001	27643.95575928688
425	-298.61728	-298.61728	-334.26413	-49.997734	0.15338103	13.413864	-51.580574	-49.997734	0.0	85622001	27708.627384901047
426	-279.3629	-279.3629	-298.76852	-49.997787	0.10337938	1.4760181	-50.966393	-49.997776	0.0	85822990	27772.982793331146
427	-292.95032	-292.95032	-302.61795	-49.996777	0.10650696	-12.648493	-51.06347	-49.996765	0.0	86024001	27837.75621700287
428	-302.7401	-302.7401	-349.17493	-49.998085	0.114106365	-15.325328	-51.455315	-49.99809	0.0	86224998	27902.88673067093
429	-308.41934	-308.41934	-307.14987	-49.99635	0.16153903	6.696287	-51.028667	-49.996346	0.0	86426001	27967.92767071724
430	-292.37476	-292.37476	-295.8425	-49.997368	0.123147175	2.482792	-51.205612	-49.997272	0.0	86626996	28032.912947893143
431	-312.2322	-312.2322	-305.41858	-49.996815	0.16485833	2.2124915	-51.17243	-49.996784	0.0	86828001	28097.769795179367
432	-321.60733	-321.60733	-317.48276	-49.99732	0.136742	2.2677288	-51.134434	-49.997288	0.0	87029000	28162.44194149971
433	-295.73685	-295.73685	-300.06796	-49.99649	0.14542311	11.0937195	-51.190025	-49.99648	0.0	87230001	28227.216981887817
434	-305.6492	-305.6492	-304.62445	-49.99722	0.079834566	-32.226395	-51.18515	-49.997173	0.0	87431001	28292.273829698563
435	-294.0868	-294.0868	-318.3844	-49.996483	0.0955371	-24.685879	-51.981865	-49.996525	0.0	87631990	28357.843623638153
436	-310.13397	-310.13397	-320.42703	-49.99707	0.07932561	-31.397146	-51.703224	-49.997063	0.0	87832989	28423.202753782272
437	-308.05865	-308.05865	-318.2447	-49.99719	0.13453244	-2.8658834	-51.021847	-49.99717	0.0	88033998	28488.59306383133
438	-294.44122	-294.44122	-321.91382	-49.997158	0.104654536	-14.325573	-50.935722	-49.997166	0.0	88235001	28553.128358840942
439	-301.44235	-301.44235	-315.72803	-49.997387	0.080090314	-32.103954	-51.438225	-49.997375	0.0	88435998	28618.180327415466
440	-318.68634	-318.68634	-317.1698	-49.99775	0.124395914	-5.6333427	-50.939182	-49.997692	0.0	88637001	28683.247772216797
441	-310.9369	-310.9369	-316.8683	-49.996944	0.101723894	-2.7904863	-51.593693	-49.996967	0.0	88838001	28748.707677841187
442	-302.48367	-302.48367	-316.40036	-49.996895	0.14206234	3.0701303	-51.2061	-49.996902	0.0	89038985	28813.809541225433
443	-291.32822	-291.32822	-315.55496	-49.997524	0.109012134	-10.398277	-52.021854	-49.997528	0.0	89239984	28878.919801950455
444	-314.95166	-314.95166	-319.316	-49.99737	0.14056352	12.095345	-52.082672	-49.997364	0.0	89441001	28944.230226039886
445	-305.7235	-305.7235	-316.3388	-49.9967	0.10679833	-12.533719	-51.487446	-49.996693	0.0	89642001	29009.342076539993
446	-302.69632	-302.69632	-316.54648	-49.996452	0.12904875	-12.135796	-51.068336	-49.996407	0.0	89843001	29074.81802034378
447	-288.94717	-288.94717	-313.30124	-49.99718	0.11736842	-2.6136045	-51.699394	-49.99717	0.0	90043984	29139.48796749115
448	-305.09964	-305.09964	-325.81305	-49.9972	0.11663277	-2.9004736	-51.18631	-49.9972	0.0	90244985	29203.974511384964
449	-309.10422	-309.10422	-321.70364	-49.996716	0.0866084	-28.94322	-51.213547	-49.996685	0.0	90445990	29269.181136369705
450	-319.23	-319.23	-320.28006	-49.99727	0.09883906	-19.518173	-51.040344	-49.99726	0.0	90647001	29335.344327926636
451	-305.70108	-305.70108	-316.99533	-49.997555	0.08207062	-26.859346	-50.97237	-49.99754	0.0	90848001	29399.851791381836
452	-312.9539	-312.9539	-317.6586	-49.99845	0.08679737	-14.456913	-50.85947	-49.998436	0.0	91049001	29464.834921598434
453	-310.57574	-310.57574	-322.15866	-49.997166	0.09154144	-19.877195	-51.030434	-49.99717	0.0	91250001	29530.01006627083
454	-302.66748	-302.66748	-312.38968	-49.997044	0.099068165	-11.9880905	-51.202103	-49.997036	0.0	91451001	29595.090527534485
455	-310.2923	-310.2923	-319.76624	-49.997013	0.14953412	2.4475536	-51.597893	-49.997013	0.0	91652001	29660.058877944946
456	-303.05768	-303.05768	-317.0051	-49.99751	0.10153228	-6.9326677	-51.51335	-49.99752	0.0	91852991	29724.833889961243
457	-297.2516	-297.2516	-315.01056	-49.997303	0.12805153	-0.858968	-51.19966	-49.99726	0.0	92053987	29789.39800620079
458	-314.21445	-314.21445	-316.552	-49.997128	0.1053286	-7.5624614	-50.88496	-49.997147	0.0	92255001	29854.57187628746
459	-311.28516	-311.28516	-318.91653	-49.996723	0.10711703	-10.5589285	-50.866653	-49.996758	0.0	92456001	29919.488225221634
460	-313.64853	-313.64853	-325.04456	-49.997276	0.074092075	-32.870865	-51.674404	-49.99725	0.0	92657001	29984.135927915573
461	-311.9628	-311.9628	-319.2764	-49.99765	0.07989809	-20.31097	-51.09455	-49.997654	0.0	92857993	30049.11581301689
462	-290.8894	-290.8894	-319.40475	-49.997242	0.08242345	-32.621265	-52.438744	-49.99721	0.0	93059000	30114.779166936874
463	-302.60947	-302.60947	-313.44684	-49.997307	0.09418948	-4.626238	-50.96791	-49.997326	0.0	93260001	30180.52520632744
464	-308.7466	-308.7466	-314.6393	-49.997593	0.080446884	-32.48771	-50.976913	-49.99759	0.0	93461001	30246.02881360054
465	-312.2713	-312.2713	-316.22922	-49.99665	0.1029836	-14.786419	-51.59225	-49.996647	0.0	93662001	30310.904725313187
466	-329.11243	-329.11243	-321.8286	-49.99747	0.09603255	-18.670856	-51.523834	-49.997494	0.0	93863001	30375.860291481018
467	-320.281	-320.281	-329.25314	-49.997673	0.08837003	-14.614871	-50.827282	-49.99763	0.0	94063989	30440.685570955276
468	-299.13812	-299.13812	-317.42136	-49.99706	0.08436182	-21.619118	-50.83257	-49.997055	0.0	94265001	30504.88257241249
469	-307.5404	-307.5404	-317.4844	-49.997063	0.10098175	-15.111233	-51.67342	-49.99704	0.0	94466001	30569.427354335785
470	-303.99887	-303.99887	-319.59207	-49.996296	0.11790948	4.2937756	-50.7796	-49.99631	0.0	94667001	30634.80818462372
471	-306.16284	-306.16284	-316.17416	-49.997505	0.100393124	-0.37100184	-50.940662	-49.9975	0.0	94867989	30699.542595863342
472	-318.72253	-318.72253	-317.99393	-49.996857	0.11197214	-1.2509999	-51.385296	-49.996853	0.0	95069001	30764.21027612686
473	-313.99527	-313.99527	-312.2116	-49.996822	0.11220456	-7.157772	-50.654423	-49.996822	0.0	95270001	30828.754055261612
474	-299.7504	-299.7504	-316.90878	-49.996918	0.14152862	12.189471	-51.448517	-49.9969	0.0	95471001	30893.615310907364
475	-307.27695	-307.27695	-315.40897	-49.9974	0.12273245	-3.6799603	-50.850754	-49.9974	0.0	95672001	30958.71213746071
476	-310.83557	-310.83557	-318.24796	-49.998146	0.086761884	-24.15824	-51.323193	-49.998116	0.0	95873001	31023.68386530876
477	-309.21252	-309.21252	-319.056	-49.997246	0.09255576	-8.501541	-50.98558	-49.99724	0.0	96073997	31089.055334568024
478	-306.1782	-306.1782	-320.30057	-49.996975	0.11500323	-5.06527	-51.587334	-49.996994	0.0	96275001	31155.078944206238
479	-313.7374	-313.7374	-316.44876	-49.997757	0.09206131	-15.870415	-50.974087	-49.99774	0.0	96476001	31219.997141599655
480	-289.69778	-289.69778	-317.06024	-49.99701	0.10650591	-14.233432	-51.882572	-49.996998	0.0	96676982	31284.62718486786
481	-303.9823	-303.9823	-321.44455	-49.997112	0.13103986	-1.3987381	-54.26596	-49.99708	0.0	96877985	31349.18118953705
482	-292.01913	-292.01913	-320.06424	-49.996704	0.14705233	10.713934	-51.2749	-49.996727	0.0	97079001	31414.271516561508
483	-313.78943	-313.78943	-317.60648	-49.997223	0.11224293	-20.022346	-52.073364	-49.99727	0.0	97279996	31479.14923262596
484	-315.43195	-315.43195	-317.49893	-49.9972	0.093464635	-17.531715	-50.84066	-49.997192	0.0	97480987	31544.05197620392
485	-296.00516	-296.00516	-319.2206	-49.996784	0.14936155	6.3505526	-52.629242	-49.996773	0.0	97681997	31608.751154899597
486	-314.70016	-314.70016	-314.9893	-49.99676	0.10692049	-8.8363495	-51.057877	-49.99676	0.0	97882989	31675.329641342163
487	-323.42648	-323.42648	-312.84372	-49.995712	0.117869705	-6.790906	-50.958305	-49.995693	0.0	98084001	31742.126567840576
488	-310.14075	-310.14075	-313.8373	-49.9974	0.07092074	-45.61023	-51.05397	-49.997387	0.0	98284984	31807.000164985657
489	-306.92706	-306.92706	-313.8536	-49.996807	0.13626185	-6.061132	-51.963024	-49.996803	0.0	98486001	31872.438688755035
490	-299.23944	-299.23944	-316.04422	-49.997387	0.108149216	-4.312071	-50.714935	-49.99739	0.0	98687001	31937.916029930115
491	-300.43552	-300.43552	-312.95157	-49.99678	0.07676669	-35.03535	-50.9747	-49.996796	0.0	98888001	32003.570814609528
492	-299.84305	-299.84305	-311.10583	-49.996387	0.13109325	9.31601	-51.151764	-49.996414	0.0	99089001	32069.716267824173
493	-318.80145	-318.80145	-322.48654	-49.996323	0.12501808	-14.59302	-51.54256	-49.996292	0.0	99290001	32135.340969324112
494	-298.26248	-298.26248	-317.26093	-49.99728	0.088965565	-16.581396	-50.940132	-49.99729	0.0	99491001	32200.457178354263
495	-317.91785	-317.91785	-318.42703	-49.996796	0.09805606	-13.625864	-50.864433	-49.996773	0.0	99692001	32265.39671087265
496	-302.23315	-302.23315	-314.02634	-49.99751	0.07488008	-34.378376	-50.81561	-49.99753	0.0	99892999	32330.219014167786
497	-295.71307	-295.71307	-316.50702	-49.99774	0.09875504	-6.743495	-51.488083	-49.99776	0.0	100094001	32395.38129043579
498	-324.27118	-324.27118	-316.74457	-49.99695	0.13237788	-1.4916512	-51.087406	-49.99693	0.0	100295001	32460.289901971817
499	-311.19446	-311.19446	-321.56012	-49.99763	0.07808004	-25.303303	-51.54566	-49.99766	0.0	100496001	32524.81654906273
