Epoch	EpRet	EpRealRet	TestEpRet	AverageQ1	StdQ1	MaxQ1	MinQ1	Q2	TestSuccess	TotalEnvInteracts	TotalTime
0	-1091.0162	-1091.0162	-866.0691	-47.94746	8.184443	-0.10192184	-209.83385	-47.981907	0.0	197001	78.06749248504639
1	-1057.9508	-1057.9508	-1435.7119	-49.917336	0.72506654	-33.50304	-62.495182	-49.917416	0.0	397983	158.55733919143677
2	-1073.9868	-1073.9868	-1315.5732	-49.91218	0.77131337	-31.297012	-55.76056	-49.912296	0.0	599001	236.86271119117737
3	-1058.3618	-1058.3618	-1027.2095	-49.899967	0.88248247	-28.615929	-53.710052	-49.900257	0.0	799994	307.3954794406891
4	-1314.6965	-1314.6965	-1011.3541	-49.895718	0.9559586	-24.970402	-56.514996	-49.895634	0.0	1001001	383.98313760757446
5	-1139.4098	-1139.4098	-1173.9639	-49.897617	0.9683836	-21.04242	-54.33023	-49.89768	0.0	1201985	455.6350064277649
6	-1142.9066	-1142.9066	-823.6465	-49.903183	0.92871356	-16.92988	-56.023056	-49.903336	0.0	1403001	530.7886860370636
7	-1312.0	-1312.0	-1826.5637	-49.89932	0.93944657	-13.42401	-56.82418	-49.89933	0.0	1604001	606.8152549266815
8	-1094.4274	-1094.4274	-1164.6034	-49.893127	1.0413717	-1.1033977	-57.736927	-49.89333	0.0	1805001	679.6429724693298
9	-1029.0009	-1029.0009	-1127.6914	-49.88209	1.1997406	5.512575	-58.234703	-49.88216	0.0	2005984	752.2541613578796
10	-1126.999	-1126.999	-1029.5839	-49.878815	1.2630918	9.750917	-57.03979	-49.878956	0.0	2206983	826.1578767299652
11	-1123.8678	-1123.8678	-739.363	-49.885593	1.2238324	14.339581	-56.54432	-49.88557	0.0	2407994	898.7800278663635
12	-1023.4071	-1023.4071	-924.8549	-49.893112	1.130985	13.578196	-54.81002	-49.893063	0.0	2608984	971.5819873809814
13	-1092.5255	-1092.5255	-1039.0032	-49.89076	1.160406	13.486138	-56.958755	-49.890713	0.0	2809990	1045.6382637023926
14	-1029.0898	-1029.0898	-730.09143	-49.896626	1.0788125	18.736126	-56.633984	-49.896645	0.0	3011001	1115.9465453624725
15	-1139.3813	-1139.3813	-1131.8407	-49.898945	1.0824858	15.143422	-57.943233	-49.89889	0.0	3211991	1191.3762407302856
16	-1182.9519	-1182.9519	-1302.566	-49.912827	0.84137046	7.872461	-54.71701	-49.912743	0.0	3413001	1266.1102073192596
17	-1074.4973	-1074.4973	-1034.6533	-49.9057	0.98969096	16.899902	-60.63785	-49.90563	0.0	3613984	1339.2321755886078
18	-806.6625	-806.6625	-1134.6671	-49.913315	0.9238255	14.239014	-55.123837	-49.91318	0.0	3814992	1416.5829045772552
19	-1081.6167	-1081.6167	-1005.1975	-49.9126	0.9448993	17.669287	-55.46969	-49.91268	0.0	4016001	1492.0699677467346
20	-957.59344	-957.59344	-282.65582	-49.914852	0.95985866	12.120074	-53.85607	-49.914734	0.0	4216987	1565.4038662910461
21	-1030.9415	-1030.9415	-476.10046	-49.911983	0.99869794	17.697422	-56.104454	-49.912174	0.0	4418001	1639.5043280124664
22	-1047.847	-1047.847	-1230.5288	-49.918476	0.91146797	10.380887	-54.95263	-49.918594	0.0	4619001	1721.3278896808624
23	-1087.9144	-1087.9144	-590.30804	-49.916653	0.9373265	19.517145	-56.120026	-49.91653	0.0	4820001	1793.9388070106506
24	-867.2352	-867.2352	-93.4217	-49.9274	0.77558476	5.0247574	-55.93404	-49.92747	0.0	5020981	1870.9852738380432
25	-698.2458	-698.2458	-212.26929	-49.928936	0.7476425	3.0867295	-57.641575	-49.92887	0.0	5221993	1945.9775092601776
26	-834.3497	-834.3497	-756.0244	-49.924946	0.85635895	11.589221	-55.855686	-49.924953	0.0	5422985	2024.1134614944458
27	-886.4201	-886.4201	-660.24927	-49.926018	0.8867904	10.695158	-53.871704	-49.92607	0.0	5624001	2105.1401064395905
28	-625.6218	-625.6218	-629.7564	-49.92448	0.85659826	8.618876	-56.700195	-49.924465	0.0	5825001	2178.7906987667084
29	-850.7289	-850.7289	-444.43094	-49.92571	0.85485834	13.073625	-53.547955	-49.92563	0.0	6025988	2253.4753227233887
30	-944.8024	-944.8024	-373.70734	-49.92766	0.82012045	18.661602	-58.189495	-49.927605	0.0	6227001	2333.164826154709
31	-1038.4211	-1038.4211	-904.1178	-49.931293	0.7636559	17.490759	-54.697964	-49.931347	0.0	6427984	2412.587811231613
32	-672.1911	-672.1911	0.0	-49.93118	0.7378385	10.156966	-57.006813	-49.931145	0.0	6628999	2488.4067845344543
33	-570.26764	-570.26764	-339.1406	-49.932236	0.76990634	5.2476664	-52.83525	-49.932224	0.0	6829983	2563.2558195590973
34	-755.66016	-755.66016	-589.78827	-49.931744	0.73982203	11.938311	-56.308064	-49.93179	0.0	7030989	2634.4053995609283
35	-811.2042	-811.2042	-883.79456	-49.933933	0.7263748	4.182736	-53.61213	-49.93389	0.0	7232001	2707.934889793396
36	-801.89264	-801.89264	-176.62096	-49.93787	0.63111705	-2.5000718	-53.08821	-49.937843	0.0	7433001	2779.0793681144714
37	-884.4054	-884.4054	-923.5107	-49.938538	0.5910384	-19.062637	-52.193905	-49.938477	0.0	7634001	2859.8720359802246
38	-845.8013	-845.8013	-814.62775	-49.939926	0.5808028	-14.389095	-52.1486	-49.939953	0.0	7835001	2935.4068188667297
39	-571.5989	-571.5989	-61.47688	-49.93808	0.587386	-15.987223	-52.71893	-49.938026	0.0	8035981	3009.5343968868256
40	-632.18066	-632.18066	-300.8684	-49.938194	0.5976044	-6.090938	-53.230015	-49.938114	0.0	8236988	3084.9441225528717
41	-901.7511	-901.7511	-1095.004	-49.933823	0.64304256	-6.0515776	-54.664276	-49.93379	0.0	8437993	3158.934113740921
42	-1061.5333	-1061.5333	-1109.6884	-49.93323	0.65617543	-1.0931277	-52.502586	-49.93322	0.0	8639000	3233.570568084717
43	-885.0784	-885.0784	-902.5301	-49.931477	0.6719838	-5.5425754	-52.6143	-49.931484	0.0	8840001	3309.0188953876495
44	-817.09924	-817.09924	-717.4085	-49.93058	0.6865583	-1.498714	-52.993683	-49.93043	0.0	9040986	3386.436514854431
45	-915.1744	-915.1744	-778.0793	-49.928837	0.7209316	4.773573	-52.464443	-49.928867	0.0	9242001	3462.7765374183655
46	-887.75635	-887.75635	-558.11505	-49.929375	0.66821575	1.9284161	-53.033806	-49.92935	0.0	9442984	3537.977953195572
47	-858.8324	-858.8324	-347.6117	-49.928085	0.6944985	1.8058378	-52.72763	-49.92809	0.0	9644001	3610.594988822937
48	-847.5518	-847.5518	-580.71234	-49.930054	0.69031286	2.7410932	-52.689274	-49.92997	0.0	9845001	3683.3261289596558
49	-893.3402	-893.3402	-803.40393	-49.926693	0.7350005	6.6012073	-52.210037	-49.926697	0.0	10045983	3757.652459859848
50	-938.9494	-938.9494	-594.5315	-49.929977	0.710038	5.277838	-52.613644	-49.929977	0.0	10246991	3831.2568612098694
51	-895.9157	-895.9157	-878.0146	-49.9311	0.6864743	12.824372	-52.24856	-49.93108	0.0	10447982	3907.9776825904846
52	-922.2781	-922.2781	-290.845	-49.93126	0.62154895	-3.1162674	-52.361965	-49.93133	0.0	10648982	3988.244868040085
53	-881.698	-881.698	-679.4639	-49.92825	0.62762505	-10.148396	-51.895634	-49.92814	0.0	10849981	4064.4050047397614
54	-650.1796	-650.1796	-928.14966	-49.92865	0.6347087	-9.6703205	-52.215862	-49.928654	0.0	11050996	4140.820963144302
55	-802.8515	-802.8515	-405.89923	-49.928593	0.6439708	-3.947337	-52.375675	-49.928635	0.0	11251981	4210.9801824092865
56	-616.8546	-616.8546	-674.2967	-49.927624	0.6712048	1.9152776	-52.044086	-49.927578	0.0	11452983	4284.786674499512
57	-596.35455	-596.35455	-596.7671	-49.925396	0.6759903	6.4297314	-51.64808	-49.92545	0.0	11653982	4358.285297393799
58	-659.4258	-659.4258	-1156.2003	-49.925564	0.6847176	3.3684433	-52.34131	-49.925564	0.0	11854981	4429.227515220642
59	-847.9305	-847.9305	-523.1562	-49.92443	0.6810285	3.4203572	-51.707794	-49.924385	0.0	12056001	4499.869831800461
60	-731.0185	-731.0185	-417.35535	-49.922302	0.7178757	2.5988233	-51.986115	-49.922203	0.0	12256995	4572.306645393372
61	-760.88007	-760.88007	-597.89905	-49.922134	0.753289	6.3194304	-52.084846	-49.92221	0.0	12457983	4644.898816347122
62	-614.52423	-614.52423	-315.97882	-49.923035	0.7265432	7.0991325	-53.395256	-49.923084	0.0	12658983	4717.104058265686
63	-778.0884	-778.0884	-386.49075	-49.925587	0.6893314	8.998733	-52.61294	-49.92559	0.0	12859983	4790.493039608002
64	-514.25916	-514.25916	-115.474846	-49.923573	0.70063823	1.3672745	-52.16593	-49.923565	0.0	13060983	4867.797730445862
65	-740.35657	-740.35657	-916.72656	-49.923595	0.69742405	5.809396	-52.3818	-49.923553	0.0	13261998	4948.1546239852905
66	-602.97284	-602.97284	-2322.491	-49.920094	0.7427847	3.4065895	-52.644154	-49.920147	0.0	13462987	5021.519764661789
67	-967.1614	-967.1614	-1241.139	-49.92231	0.7120548	0.43650657	-52.125237	-49.92225	0.0	13663989	5094.579658269882
68	-929.36304	-929.36304	-1059.1466	-49.91936	0.7364719	3.799419	-53.94183	-49.919327	0.0	13864981	5168.557934999466
69	-970.5404	-970.5404	-873.447	-49.919754	0.6897831	-3.236044	-55.24317	-49.919884	0.0	14066001	5242.9189994335175
70	-871.75464	-871.75464	-1441.4215	-49.919815	0.72386223	3.5845454	-53.94926	-49.919758	0.0	14266997	5321.727019786835
71	-680.93225	-680.93225	-1248.878	-49.9198	0.69326913	0.5062759	-54.496693	-49.919712	0.0	14467990	5395.392925024033
72	-792.2825	-792.2825	-1159.525	-49.92135	0.66534394	-7.6361656	-52.959724	-49.92145	0.0	14668995	5487.023006677628
73	-627.1472	-627.1472	-868.2935	-49.919132	0.6871876	6.099807	-54.624493	-49.91921	0.0	14869981	5596.583737373352
74	-407.75275	-407.75275	-31.252047	-49.920017	0.68220687	2.374652	-52.326702	-49.919945	0.0	15070987	5698.743032217026
75	-555.1262	-555.1262	-11.299148	-49.919785	0.6846458	4.733989	-53.60591	-49.9198	0.0	15271983	5792.111673593521
76	-554.425	-554.425	-12.019031	-49.919865	0.6803858	-4.4226365	-52.068523	-49.919903	0.0	15472983	5874.482377767563
77	-409.30124	-409.30124	-15.0952635	-49.91917	0.6884013	4.159752	-52.22671	-49.919144	0.0	15673987	5960.751252889633
78	-559.42114	-559.42114	-7.8643694	-49.91859	0.6906726	9.278775	-52.299633	-49.918564	0.0	15874984	6042.282045841217
79	-479.99905	-479.99905	-8.711456	-49.918972	0.7030383	6.0297303	-52.51767	-49.91894	0.0	16075985	6125.230104207993
80	-431.81937	-431.81937	-7.567206	-49.915916	0.7399763	4.1432266	-52.425632	-49.915955	0.0	16276981	6209.107615232468
81	-496.64282	-496.64282	-371.20532	-49.91571	0.74740404	6.893906	-52.288918	-49.91563	0.0	16477982	6289.954977273941
82	-564.9298	-564.9298	-28.322834	-49.91453	0.75566113	3.8498344	-51.760895	-49.914597	0.0	16678981	6364.5281982421875
83	-423.66248	-423.66248	-39.224606	-49.912178	0.74233985	5.810317	-52.722897	-49.912144	0.0	16879982	6431.561972618103
84	-625.45197	-625.45197	-45.624363	-49.912457	0.7434664	0.51139265	-52.352886	-49.91244	0.0	17080983	6498.352075815201
85	-718.6308	-718.6308	-11.813854	-49.913372	0.7022391	6.037427	-51.72475	-49.91331	0.0	17282001	6564.741024255753
86	-544.3767	-544.3767	-55.408657	-49.914753	0.6860132	6.99677	-52.251186	-49.914776	0.0	17482985	6630.90722823143
87	-573.7832	-573.7832	-23.083332	-49.915287	0.668417	0.7151919	-52.738983	-49.915306	0.0	17683988	6696.859753608704
88	-703.28186	-703.28186	-34.976887	-49.91541	0.66326606	0.9605174	-53.15443	-49.915417	0.0	17884983	6763.402821063995
89	-482.76242	-482.76242	-239.4787	-49.911617	0.6980698	1.6437485	-52.886898	-49.91157	0.0	18085985	6828.4337701797485
90	-511.97586	-511.97586	-103.38252	-49.912212	0.6585982	-11.922308	-51.95736	-49.91224	0.0	18287001	6893.872142076492
91	-539.94336	-539.94336	-11.513503	-49.91143	0.66292393	-20.04315	-52.80503	-49.911434	0.0	18487984	6959.506812334061
92	-441.97522	-441.97522	-39.897938	-49.91175	0.6651931	-13.724175	-53.209373	-49.911747	0.0	18688989	7024.7383642196655
93	-547.5988	-547.5988	-30.506014	-49.910034	0.66289365	-20.165443	-52.082996	-49.910053	0.0	18889983	7090.982989788055
94	-507.32297	-507.32297	-176.68646	-49.912434	0.6528958	-24.723701	-52.712322	-49.912415	0.0	19090983	7157.539519071579
95	-487.20917	-487.20917	-45.271935	-49.90876	0.6841975	-19.109552	-52.303635	-49.908806	0.0	19292001	7224.098680496216
96	-619.3247	-619.3247	-18.822386	-49.90884	0.6844355	-20.577435	-52.57191	-49.908745	0.0	19493001	7289.890134572983
97	-563.3309	-563.3309	-58.110302	-49.910732	0.65714717	-15.642602	-51.985294	-49.910732	0.0	19693986	7354.27978348732
98	-536.06256	-536.06256	-127.67397	-49.90876	0.6781616	-5.85474	-52.152412	-49.908836	0.0	19895001	7418.782686710358
99	-515.0827	-515.0827	-43.33422	-49.909927	0.6794271	-4.8396034	-52.029915	-49.90995	0.0	20095998	7482.985022783279
100	-558.53577	-558.53577	-58.328514	-49.90815	0.6951247	-1.1595646	-52.280197	-49.9081	0.0	20296983	7547.248797178268
101	-704.7096	-704.7096	-25.538929	-49.908985	0.6773713	-5.970338	-53.775414	-49.90898	0.0	20498001	7611.209777832031
102	-542.2028	-542.2028	-24.361841	-49.907936	0.67918	-16.570427	-52.451065	-49.90792	0.0	20698983	7675.727516651154
103	-442.4136	-442.4136	-20.672583	-49.906944	0.6785155	-25.406662	-52.723354	-49.906963	0.0	20899987	7741.584934473038
104	-430.04062	-430.04062	-131.7213	-49.908375	0.66972893	-22.201777	-51.92944	-49.908367	0.1	21100982	7805.814532518387
105	-697.38403	-697.38403	-71.56285	-49.905506	0.6909478	-16.579218	-52.359207	-49.905502	0.0	21302001	7870.760108709335
106	-372.03143	-372.03143	-14.5597925	-49.905396	0.6813518	-11.722424	-52.258293	-49.90541	0.0	21502996	7934.697445869446
107	-320.22272	-320.22272	-41.60476	-49.905018	0.6747689	-19.576584	-52.086678	-49.905045	0.0	21703983	7998.190455198288
108	-491.58905	-491.58905	-7.3678007	-49.90696	0.6698371	-20.293827	-52.330082	-49.90694	0.0	21904988	8062.479989051819
109	-376.10474	-376.10474	-13.528732	-49.905132	0.676469	-15.847125	-51.745644	-49.905117	0.0	22105982	8126.128037214279
110	-524.275	-524.275	-3.791166	-49.90329	0.679854	-23.457624	-52.736614	-49.903225	0.0	22306981	8190.399544477463
111	-350.3632	-350.3632	-2.504397	-49.9056	0.66160256	-23.381334	-51.893253	-49.905693	0.0	22508001	8253.84968495369
112	-507.07474	-507.07474	0.6496719	-49.902885	0.6736403	-27.429087	-52.85816	-49.902866	0.0	22709001	8318.222551584244
113	-505.8287	-505.8287	-4.3505225	-49.90376	0.6706797	-26.086184	-52.11555	-49.90383	0.0	22909991	8381.781845331192
114	-454.2999	-454.2999	2.1324208	-49.901207	0.6854128	-21.52273	-52.9344	-49.9011	0.0	23110985	8445.769199609756
115	-472.42737	-472.42737	-3.632919	-49.90301	0.68363434	-17.422426	-51.9544	-49.903114	0.0	23311981	8509.048958301544
116	-345.93567	-345.93567	-1.3662609	-49.90085	0.6856507	-25.116516	-52.614315	-49.900883	0.0	23512984	8572.312999486923
117	-490.51523	-490.51523	-121.07464	-49.902504	0.6735534	-25.257812	-52.155	-49.902515	0.0	23713981	8635.601575374603
118	-480.7373	-480.7373	4.268105	-49.901577	0.67811227	-15.993133	-51.736584	-49.901554	0.0	23914982	8699.922233104706
119	-379.94226	-379.94226	5.6880536	-49.900246	0.69234484	-12.552309	-51.996677	-49.900303	0.0	24115981	8764.048920869827
120	-430.3984	-430.3984	-1.5605515	-49.8977	0.7072738	-12.598939	-51.8872	-49.897762	0.0	24316981	8828.530869960785
121	-315.3255	-315.3255	6.5404553	-49.8991	0.69598126	-19.038769	-52.337116	-49.899025	0.0	24517991	8892.634716510773
122	-509.24353	-509.24353	4.6277924	-49.899776	0.68724847	-16.605354	-51.8587	-49.899826	0.0	24718985	8957.083456039429
123	-361.66382	-361.66382	-5.7479744	-49.900078	0.69569784	-14.38437	-55.536148	-49.900112	0.0	24919984	9021.127916097641
124	-380.2232	-380.2232	1.1523666	-49.89958	0.70434445	-13.664018	-51.975296	-49.899624	0.0	25120982	9084.999944925308
125	-382.79013	-382.79013	0.10017128	-49.89684	0.71269995	-6.139736	-52.39421	-49.89676	0.0	25321987	9149.611288309097
126	-375.35837	-375.35837	3.8951833	-49.89906	0.6983194	-13.486952	-52.433636	-49.899097	0.0	25522982	9213.600322723389
127	-453.00894	-453.00894	5.805473	-49.898773	0.684628	-30.055002	-52.64505	-49.898815	0.0	25723987	9277.183444023132
128	-267.0361	-267.0361	3.729564	-49.90005	0.6829111	-24.183502	-52.46644	-49.90013	0.0	25924981	9340.758218288422
129	-387.86426	-387.86426	-0.86922854	-49.895905	0.70738006	-31.561836	-51.758236	-49.895947	0.0	26125982	9404.41227388382
130	-310.59683	-310.59683	3.2676795	-49.89643	0.7016063	-32.69966	-52.557053	-49.896397	0.0	26326982	9468.142534732819
131	-455.22028	-455.22028	5.6410146	-49.895462	0.7102412	-32.76338	-53.548565	-49.895466	0.0	26527992	9532.55208992958
132	-495.6048	-495.6048	3.4083738	-49.89486	0.7122788	-17.420444	-53.331715	-49.89496	0.0	26729001	9596.663338661194
133	-445.70633	-445.70633	1.0511274	-49.8947	0.70885664	-20.062767	-53.38346	-49.89473	0.0	26929982	9659.77553153038
134	-444.8139	-444.8139	3.328013	-49.8984	0.69080424	-33.4533	-52.663097	-49.89838	0.0	27131001	9723.439265012741
135	-462.12036	-462.12036	-1.1022263	-49.893932	0.71575934	-29.94819	-52.878075	-49.89393	0.0	27331985	9786.85113453865
136	-344.34854	-344.34854	8.32032	-49.896603	0.6971158	-28.427172	-52.610588	-49.89661	0.0	27532988	9850.964912176132
137	-409.51245	-409.51245	-3.1134896	-49.894447	0.71028054	-32.69477	-51.81127	-49.89449	0.0	27734001	9914.64353775978
138	-297.16068	-297.16068	-26.161266	-49.89318	0.7134012	-32.30837	-53.099377	-49.893166	0.0	27935001	9977.715090990067
139	-355.63583	-355.63583	-2.8114583	-49.891907	0.71702594	-29.858673	-52.113125	-49.89192	0.0	28135983	10040.786562204361
140	-421.1768	-421.1768	5.7873225	-49.890778	0.7251386	-27.781507	-52.451767	-49.89079	0.0	28336983	10104.816495418549
141	-385.27634	-385.27634	3.7115319	-49.89237	0.72084045	-14.158652	-54.49258	-49.892387	0.0	28537993	10168.660741329193
142	-422.30328	-422.30328	0.24932052	-49.888947	0.7570117	-9.473824	-55.632812	-49.888958	0.0	28738988	10234.183008670807
143	-370.7578	-370.7578	-0.5444901	-49.89253	0.72524667	-12.8822365	-51.965588	-49.89261	0.0	28939982	10297.970170497894
144	-370.7451	-370.7451	0.9497744	-49.889957	0.73191464	-16.300388	-52.180588	-49.88989	0.0	29140983	10361.113008022308
145	-296.65384	-296.65384	-0.4532959	-49.88724	0.7535719	-4.275508	-52.018185	-49.88717	0.0	29341982	10424.724578380585
146	-346.97452	-346.97452	-2.8521502	-49.88925	0.73910147	-1.242288	-52.19828	-49.889355	0.0	29543001	10488.262264251709
147	-315.8923	-315.8923	-5.3154693	-49.88816	0.73144615	-14.600797	-52.358242	-49.888165	0.0	29744001	10552.535184621811
148	-373.77612	-373.77612	-3.9130676	-49.89131	0.7244073	-11.109927	-53.097942	-49.89135	0.0	29944982	10616.427600383759
149	-389.33563	-389.33563	3.1833913	-49.88822	0.7399482	-5.5072536	-52.766838	-49.888195	0.0	30146001	10680.788074016571
150	-428.1589	-428.1589	-3.8786879	-49.88759	0.75473315	1.6598282	-52.23332	-49.88762	0.0	30346995	10744.789972543716
151	-378.5925	-378.5925	5.155391	-49.887253	0.7594198	2.3002565	-53.012672	-49.887226	0.0	30547989	10808.923780441284
152	-385.14996	-385.14996	1.3760973	-49.88414	0.8089457	1.9133677	-52.563602	-49.88419	0.0	30748981	10872.296139240265
153	-321.94342	-321.94342	6.1888967	-49.886166	0.77492857	0.2422347	-52.13543	-49.886204	0.0	30949982	10935.507103919983
154	-400.97516	-400.97516	5.558266	-49.88461	0.7685297	-3.2289615	-54.222942	-49.88463	0.0	31151001	10999.357813835144
155	-340.22433	-340.22433	0.6546867	-49.885914	0.7685316	7.0676584	-52.753994	-49.88583	0.0	31351981	11062.653003454208
156	-281.0186	-281.0186	2.8879023	-49.885788	0.736012	-19.916405	-52.897614	-49.885902	0.0	31552982	11126.769497871399
157	-469.18414	-469.18414	1.6766206	-49.88578	0.725405	-10.870629	-52.63284	-49.885723	0.0	31753983	11190.70510172844
158	-375.57578	-375.57578	0.12147438	-49.885303	0.721941	-10.860537	-53.313324	-49.885395	0.0	31954984	11254.627045154572
159	-491.2081	-491.2081	4.022476	-49.883186	0.7467296	-14.750321	-52.49315	-49.883224	0.0	32155983	11319.030647039413
160	-299.21512	-299.21512	0.6675072	-49.88522	0.74109834	-15.798254	-53.592804	-49.885277	0.0	32356982	11382.490311861038
161	-369.2334	-369.2334	-20.333395	-49.882492	0.77011615	-6.6175814	-52.620625	-49.88252	0.0	32557982	11446.758312940598
162	-439.61142	-439.61142	-9.767354	-49.881554	0.77667624	-5.135462	-56.112732	-49.881493	0.0	32758990	11512.36170244217
163	-358.07474	-358.07474	-19.943325	-49.880802	0.7598513	-5.748002	-52.683674	-49.880882	0.0	32960001	11576.961210489273
164	-378.18564	-378.18564	-8.163703	-49.88044	0.78973997	-0.00962162	-53.05846	-49.880444	0.0	33160982	11641.646958827972
165	-427.73965	-427.73965	-28.06488	-49.88104	0.7850697	16.063198	-55.18427	-49.88112	0.0	33362001	11706.610093593597
166	-547.0072	-547.0072	1.4116927	-49.88154	0.8010176	6.9396434	-53.000275	-49.881508	0.0	33563001	11771.967653274536
167	-456.22284	-456.22284	-16.2536	-49.876465	0.8147607	3.4053495	-52.66128	-49.87647	0.0	33764001	11836.465540647507
168	-411.28693	-411.28693	-30.742525	-49.88069	0.7820142	1.8638695	-54.397606	-49.880783	0.0	33964985	11901.149579048157
169	-522.55066	-522.55066	-33.166718	-49.878956	0.77933663	3.8711517	-53.377357	-49.879	0.0	34165989	11964.908390522003
170	-366.1155	-366.1155	-42.767593	-49.878994	0.77313375	2.5195408	-53.34679	-49.879025	0.0	34366987	12028.697608709335
171	-459.3243	-459.3243	-38.607132	-49.876915	0.7893115	6.697057	-54.26619	-49.87684	0.0	34567999	12092.69685125351
172	-331.69968	-331.69968	-47.138515	-49.877323	0.8224815	11.633568	-52.741737	-49.87738	0.0	34768987	12156.43769288063
173	-408.16513	-408.16513	-30.29369	-49.876904	0.8188775	3.0995555	-53.88378	-49.87682	0.0	34969992	12220.709561347961
174	-446.44675	-446.44675	-39.418484	-49.87878	0.7911315	3.0017366	-52.350998	-49.878822	0.0	35171001	12285.266647338867
175	-465.41406	-465.41406	-12.263407	-49.878517	0.78273964	2.0183368	-52.81837	-49.87849	0.0	35371984	12350.070280075073
176	-481.91116	-481.91116	-11.946156	-49.876762	0.7836011	3.6730566	-52.929153	-49.87687	0.0	35572997	12414.729530334473
177	-406.4208	-406.4208	-33.201138	-49.87867	0.73101157	-2.7161016	-52.993793	-49.878674	0.0	35774001	12479.294948339462
178	-346.8715	-346.8715	-14.922256	-49.877544	0.7065168	-20.706896	-53.212044	-49.87746	0.0	35975001	12543.215958595276
179	-336.39478	-336.39478	-20.977493	-49.87745	0.71919286	-10.899117	-53.85964	-49.877636	0.0	36175990	12608.071500301361
180	-425.89304	-425.89304	-20.242048	-49.878227	0.7210626	-11.761153	-53.748955	-49.87811	0.0	36376981	12672.84722995758
181	-376.4454	-376.4454	-18.053734	-49.874676	0.7401842	-9.91021	-54.167656	-49.87472	0.0	36577985	12737.403483867645
182	-493.2923	-493.2923	-19.773726	-49.875027	0.7378153	-11.734777	-54.013973	-49.875076	0.0	36779001	12802.26253414154
183	-412.74973	-412.74973	-52.808548	-49.875397	0.7393557	-8.873623	-53.782207	-49.87543	0.0	36979986	12866.72675871849
184	-361.05188	-361.05188	-160.9484	-49.87454	0.74401885	-20.10464	-53.75673	-49.87457	0.0	37180982	12931.647655010223
185	-584.3259	-584.3259	-171.16893	-49.877014	0.7370858	-18.610949	-53.513206	-49.87705	0.0	37381997	12996.204922676086
186	-492.33047	-492.33047	-113.3909	-49.877407	0.7382452	-15.467648	-53.7716	-49.87749	0.0	37582986	13060.538875818253
187	-472.8736	-472.8736	-64.16596	-49.87446	0.74292284	-25.57792	-54.314545	-49.87442	0.0	37784001	13124.120870828629
188	-619.17206	-619.17206	-58.240807	-49.87407	0.7496948	-27.47171	-53.921364	-49.874134	0.0	37984988	13188.904490947723
189	-535.8258	-535.8258	-80.40032	-49.875305	0.7467925	-32.025997	-54.022083	-49.875286	0.0	38185989	13253.582383871078
190	-496.60114	-496.60114	-14.52074	-49.873352	0.75217474	-30.836794	-54.66429	-49.87337	0.0	38386984	13317.884499073029
191	-422.0371	-422.0371	-23.532372	-49.875957	0.7433789	-30.896906	-53.55166	-49.87602	0.0	38588001	13382.015378952026
192	-399.4845	-399.4845	-35.548912	-49.87075	0.76677746	-23.637213	-53.833763	-49.870773	0.0	38788984	13446.420475959778
193	-473.4794	-473.4794	-18.342882	-49.874886	0.7550744	-28.304836	-56.2074	-49.874916	0.0	38989983	13510.945863723755
194	-333.5721	-333.5721	-9.550449	-49.871845	0.77040225	-23.899014	-53.71995	-49.871906	0.0	39190983	13575.286921739578
195	-328.61618	-328.61618	2.344212	-49.870403	0.7709491	-28.80009	-53.279476	-49.870426	0.0	39391982	13639.064583301544
196	-345.0851	-345.0851	-50.376266	-49.87467	0.76088953	-30.168554	-54.302185	-49.87477	0.0	39592981	13703.716774463654
197	-321.64178	-321.64178	-144.76129	-49.87108	0.77317715	-30.839964	-55.752865	-49.871037	0.0	39793983	13768.21767950058
198	-461.25085	-461.25085	-17.742435	-49.873524	0.7589401	-32.283875	-54.61899	-49.873524	0.0	39995001	13832.74992799759
199	-357.34763	-357.34763	-3.051361	-49.871723	0.7740942	-28.071676	-53.62859	-49.871773	0.0	40195982	13896.869147539139
200	-294.24005	-294.24005	3.4722898	-49.87157	0.77312666	-27.998022	-55.504734	-49.87173	0.0	40396988	13960.89779472351
201	-345.07767	-345.07767	0.67045915	-49.871464	0.77998036	-29.02984	-53.481228	-49.871384	0.0	40597990	14025.228940725327
202	-439.5576	-439.5576	-3.6378736	-49.871464	0.7754079	-29.990458	-53.853363	-49.87146	0.0	40798989	14089.591436862946
203	-443.85654	-443.85654	7.765039	-49.870358	0.77852815	-32.79961	-54.590137	-49.87046	0.0	40999982	14153.414385318756
204	-529.8927	-529.8927	-16.284895	-49.872063	0.7767838	-30.886103	-54.644028	-49.87213	0.0	41201001	14217.213604688644
205	-469.32852	-469.32852	7.287878	-49.8707	0.7772743	-30.916859	-53.69138	-49.87064	0.0	41401998	14281.738452672958
206	-397.66214	-397.66214	-5.90132	-49.869274	0.79174906	-30.802853	-54.33657	-49.869343	0.0	41602982	14345.117853164673
207	-444.12265	-444.12265	-27.46521	-49.867176	0.7934931	-31.174252	-53.81771	-49.86718	0.0	41803981	14408.891741991043
208	-342.7095	-342.7095	6.366211	-49.866463	0.7985678	-27.38319	-54.0023	-49.866547	0.0	42005001	14472.50938129425
209	-474.65308	-474.65308	7.696341	-49.86803	0.7918767	-35.51789	-53.64671	-49.867977	0.0	42206001	14536.681732654572
210	-344.70862	-344.70862	-1.4405684	-49.865482	0.799927	-32.37352	-55.653606	-49.865524	0.0	42406982	14600.16027021408
211	-384.2859	-384.2859	5.320415	-49.867516	0.79306144	-30.866955	-54.80534	-49.867542	0.0	42607997	14664.127151489258
212	-300.6841	-300.6841	-3.0342329	-49.868	0.790225	-33.89122	-53.402615	-49.86805	0.0	42808982	14728.787123680115
213	-341.60934	-341.60934	-1.2983177	-49.865067	0.8049927	-35.6908	-53.115406	-49.865047	0.0	43009983	14791.801109790802
214	-446.6108	-446.6108	4.9744935	-49.865704	0.8014476	-35.658634	-54.17286	-49.865772	0.0	43210985	14854.96546292305
215	-341.75284	-341.75284	4.603879	-49.86865	0.79086185	-33.828083	-53.960342	-49.868744	0.0	43411989	14917.912319660187
216	-307.04486	-307.04486	-8.1084585	-49.867508	0.79647344	-34.820362	-53.924297	-49.867462	0.0	43612982	14980.85636639595
217	-367.09253	-367.09253	-1.9106846	-49.864475	0.8068281	-35.38675	-54.44964	-49.864494	0.0	43813983	15043.680963277817
218	-351.64355	-351.64355	3.880348	-49.868725	0.79338163	-32.44637	-55.015244	-49.868744	0.0	44014982	15106.307759046555
219	-340.47437	-340.47437	7.5853486	-49.86656	0.79812896	-34.890644	-54.111008	-49.86656	0.0	44215981	15169.49167752266
220	-363.4635	-363.4635	2.3175397	-49.86614	0.79979366	-32.098835	-56.148117	-49.866116	0.0	44416982	15232.087262868881
221	-330.45007	-330.45007	-0.27910745	-49.867966	0.80030304	-34.190216	-53.616016	-49.86813	0.0	44617982	15294.52612066269
222	-472.56873	-472.56873	-12.923663	-49.866	0.80336684	-33.320244	-54.150814	-49.86597	0.0	44818992	15356.795657873154
223	-431.29358	-431.29358	4.9279294	-49.867264	0.7997312	-34.54232	-54.48612	-49.867195	0.0	45019985	15418.977834701538
224	-368.9097	-368.9097	0.3279277	-49.86648	0.80240643	-33.94689	-54.690716	-49.86656	0.0	45220983	15481.387318372726
225	-325.1163	-325.1163	-2.9373298	-49.866203	0.7983429	-34.102222	-53.855457	-49.86627	0.0	45421982	15544.113075971603
226	-347.59485	-347.59485	-7.319793	-49.8655	0.803901	-32.348373	-54.547096	-49.8655	0.0	45622981	15606.088057518005
227	-299.39178	-299.39178	6.6249986	-49.863693	0.80922234	-32.96403	-54.573334	-49.86368	0.0	45823997	15668.567915678024
228	-290.28156	-290.28156	-30.83123	-49.86715	0.79983187	-34.64298	-54.57498	-49.867153	0.0	46024982	15730.318476676941
229	-345.0767	-345.0767	-14.240494	-49.862865	0.8130694	-32.045387	-55.177803	-49.862926	0.0	46225983	15791.956172466278
230	-284.93036	-284.93036	-13.456699	-49.862675	0.8182426	-31.119822	-53.138336	-49.862732	0.0	46426985	15853.573012113571
231	-271.751	-271.751	5.2261615	-49.863083	0.8166597	-31.822895	-55.657326	-49.863075	0.0	46627991	15915.389488458633
232	-386.81232	-386.81232	5.2252126	-49.86182	0.8221747	-33.03718	-55.205406	-49.861824	0.0	46828982	15977.404094934464
233	-340.26926	-340.26926	-3.0166857	-49.860794	0.8201174	-33.944683	-53.91665	-49.86086	0.0	47029982	16039.138011932373
234	-418.46317	-418.46317	6.7295136	-49.862305	0.81877047	-35.15392	-53.926884	-49.862286	0.0	47231001	16101.002131223679
235	-334.90652	-334.90652	3.9341543	-49.863365	0.8136109	-32.950253	-53.77217	-49.863564	0.0	47431984	16162.318550109863
236	-399.2509	-399.2509	6.4784656	-49.862316	0.8135716	-32.143505	-53.170834	-49.86224	0.0	47632983	16224.185116767883
237	-352.46664	-352.46664	4.9968386	-49.861626	0.81482023	-33.17017	-54.09054	-49.86171	0.0	47833994	16286.619660615921
238	-429.6455	-429.6455	6.6574845	-49.860935	0.81875014	-31.466557	-54.243626	-49.860935	0.0	48034982	16348.265990018845
239	-283.5616	-283.5616	4.148959	-49.85947	0.8276415	-34.36222	-53.750957	-49.85944	0.0	48235982	16411.192845106125
240	-312.1933	-312.1933	-6.7206416	-49.85949	0.8230372	-32.485497	-54.950184	-49.85953	0.0	48436983	16472.880214691162
241	-384.66104	-384.66104	7.013869	-49.859314	0.8266174	-31.471262	-56.06787	-49.85939	0.0	48638000	16535.823476314545
242	-426.89304	-426.89304	-27.949812	-49.860283	0.8274326	-30.812378	-53.400116	-49.860283	0.0	48838989	16597.659145355225
243	-306.51962	-306.51962	1.6760972	-49.85979	0.8182239	-33.43055	-53.918198	-49.85974	0.0	49039986	16659.460102796555
244	-306.32022	-306.32022	-57.872486	-49.858585	0.8233687	-33.260136	-53.689068	-49.858692	0.0	49240981	16721.05219769478
245	-377.50488	-377.50488	-22.736357	-49.85928	0.82601035	-32.93047	-54.801582	-49.85925	0.0	49441991	16782.629693746567
246	-354.64792	-354.64792	-0.6099302	-49.85668	0.8331299	-32.13465	-54.261578	-49.856728	0.0	49642991	16844.129386901855
247	-341.79364	-341.79364	7.727145	-49.858093	0.83277214	-33.01207	-54.106884	-49.85816	0.0	49843982	16905.647423267365
248	-367.09384	-367.09384	5.0048566	-49.858772	0.826089	-33.215862	-54.230465	-49.858803	0.0	50045001	16967.38007068634
249	-347.85196	-347.85196	-5.6788564	-49.85938	0.82540244	-32.61703	-56.07927	-49.85937	0.0	50245981	17029.86955165863
250	-358.20618	-358.20618	7.8503337	-49.858162	0.8282427	-34.60108	-55.13004	-49.858185	0.0	50446981	17091.417219161987
251	-316.3164	-316.3164	8.289046	-49.85808	0.82945555	-31.0064	-54.31898	-49.858086	0.0	50647981	17153.618707180023
252	-314.0583	-314.0583	7.6109056	-49.854664	0.84158814	-34.204166	-53.2998	-49.85472	0.0	50848988	17215.566608190536
253	-297.12097	-297.12097	8.431927	-49.854187	0.8469024	-32.6491	-54.191895	-49.854095	0.0	51049994	17277.641838550568
254	-281.83514	-281.83514	-0.57151836	-49.85836	0.82979155	-32.838333	-54.714336	-49.858433	0.0	51250982	17339.65205168724
255	-318.42545	-318.42545	4.715934	-49.854805	0.8417981	-34.240852	-53.920948	-49.854893	0.0	51451985	17401.58823657036
256	-257.49084	-257.49084	4.6651626	-49.85594	0.83715075	-32.711304	-53.678177	-49.855846	0.0	51652987	17463.723165512085
257	-377.11035	-377.11035	5.8108697	-49.853485	0.8489944	-30.927158	-53.521946	-49.853558	0.0	51854001	17525.409252405167
258	-414.03683	-414.03683	7.238155	-49.853996	0.8440583	-33.291435	-53.870533	-49.854042	0.0	52054987	17587.14994907379
259	-375.05954	-375.05954	5.0613666	-49.85282	0.8463935	-32.72343	-53.69873	-49.852844	0.0	52255988	17648.674946546555
260	-352.71628	-352.71628	-20.012804	-49.85458	0.8394993	-33.426838	-54.37553	-49.854523	0.0	52456983	17711.269862174988
261	-285.75293	-285.75293	7.603047	-49.851524	0.8549186	-32.16415	-53.574665	-49.851498	0.0	52657983	17773.158332824707
262	-373.6544	-373.6544	-6.9400787	-49.85395	0.8456968	-31.104954	-54.843853	-49.853992	0.0	52859001	17835.00817656517
263	-245.84953	-245.84953	-4.1252875	-49.850723	0.85695624	-30.384275	-56.280502	-49.850754	0.0	53059982	17897.041357040405
264	-315.78336	-315.78336	6.094856	-49.85462	0.8457726	-28.693373	-53.036568	-49.85455	0.0	53260982	17959.218822717667
265	-356.37286	-356.37286	8.3175	-49.852894	0.8485761	-31.648092	-53.896748	-49.852974	0.0	53461990	18021.401725053787
266	-222.18933	-222.18933	8.302933	-49.85283	0.84743524	-32.30707	-54.203552	-49.852856	0.0	53662990	18082.99856376648
267	-305.6181	-305.6181	1.8098998	-49.852314	0.8534085	-30.483032	-53.329067	-49.852337	0.0	53863983	18144.486312389374
268	-266.96774	-266.96774	4.782863	-49.852425	0.8542564	-30.476505	-55.354843	-49.852516	0.0	54065000	18206.916872024536
269	-385.97348	-385.97348	2.773074	-49.851543	0.85707486	-29.302048	-53.32141	-49.85146	0.0	54265982	18269.99725294113
270	-395.8652	-395.8652	6.136028	-49.851192	0.8572778	-30.06291	-53.718475	-49.851322	0.0	54466993	18332.74761414528
271	-321.2916	-321.2916	3.8960218	-49.84971	0.8581109	-30.936256	-53.247036	-49.849697	0.0	54667983	18394.38966536522
272	-296.4455	-296.4455	5.1308436	-49.851883	0.8554449	-30.215029	-54.378925	-49.851852	0.0	54868982	18456.532367944717
273	-278.67004	-278.67004	7.449855	-49.8525	0.85130256	-30.36248	-54.147083	-49.85247	0.0	55070001	18518.407383203506
274	-244.47733	-244.47733	6.7505245	-49.8496	0.8619987	-29.814861	-53.60207	-49.849735	0.0	55270987	18579.93643140793
275	-246.16248	-246.16248	2.0139253	-49.852776	0.85687506	-26.098316	-53.05465	-49.852806	0.0	55471982	18641.39742231369
276	-333.85593	-333.85593	8.276658	-49.847862	0.873852	-25.301022	-54.219307	-49.847847	0.0	55672990	18703.64061307907
277	-263.9115	-263.9115	5.6235957	-49.850315	0.8573113	-25.965622	-53.584484	-49.850273	0.0	55873981	18766.564408779144
278	-284.0284	-284.0284	-7.6480937	-49.850822	0.86122644	-23.471151	-54.123703	-49.850895	0.0	56074982	18829.62428164482
279	-350.3172	-350.3172	6.99626	-49.849564	0.86738193	-21.932646	-52.988426	-49.849594	0.0	56276000	18891.471801519394
280	-420.21695	-420.21695	5.271982	-49.84915	0.8656797	-23.448519	-55.48813	-49.849224	0.0	56476995	18953.104522705078
281	-290.34433	-290.34433	4.917994	-49.84963	0.86408496	-20.614323	-53.816383	-49.849606	0.0	56677982	19014.77601671219
282	-295.07492	-295.07492	-2.4710653	-49.849106	0.8666519	-16.737562	-53.43448	-49.849064	0.0	56878991	19076.638229370117
283	-410.5674	-410.5674	-30.818188	-49.84723	0.8708175	-23.56454	-54.49232	-49.84732	0.0	57079987	19138.33636212349
284	-333.57773	-333.57773	7.239065	-49.85081	0.85851324	-34.131508	-53.835686	-49.850796	0.0	57280985	19200.612631320953
285	-386.35907	-386.35907	8.273742	-49.84851	0.870521	-24.916718	-53.571568	-49.848564	0.0	57481988	19263.03837609291
286	-407.2917	-407.2917	7.9115644	-49.846	0.8796374	-21.450869	-54.040157	-49.845943	0.0	57682989	19324.870201826096
287	-385.0942	-385.0942	4.2103167	-49.845486	0.878345	-19.443386	-54.39964	-49.84555	0.0	57884001	19386.952043056488
288	-316.4771	-316.4771	4.831082	-49.84759	0.8768886	-20.18272	-53.149227	-49.847652	0.0	58084982	19448.96987605095
289	-306.0698	-306.0698	4.675018	-49.8496	0.8671587	-15.367065	-54.020878	-49.84957	0.0	58285982	19510.736577272415
290	-342.6325	-342.6325	8.341201	-49.84778	0.8778164	-13.275099	-53.98329	-49.847958	0.0	58487001	19573.584316968918
291	-316.2727	-316.2727	-31.848122	-49.846027	0.8813973	-18.946325	-53.61366	-49.845936	0.0	58687984	19635.68955731392
292	-357.00772	-357.00772	7.4288864	-49.847595	0.87279123	-17.72813	-54.32986	-49.847565	0.0	58888983	19697.901244163513
293	-374.5445	-374.5445	1.9845372	-49.84659	0.88008404	-16.955156	-53.95475	-49.846653	0.0	59089983	19759.510685443878
294	-371.51212	-371.51212	3.043988	-49.844604	0.89232516	-22.662506	-53.332237	-49.844673	0.0	59290991	19821.58477330208
295	-242.59457	-242.59457	-1.2818643	-49.844917	0.88010305	-20.372042	-53.90514	-49.84482	0.0	59491986	19882.866666793823
296	-397.83398	-397.83398	6.5325227	-49.84424	0.89324224	-16.946383	-53.38736	-49.844353	0.0	59693000	19944.523455142975
297	-512.5703	-512.5703	8.240615	-49.844376	0.88755065	-11.527767	-53.508465	-49.84442	0.0	59893983	20006.52853322029
298	-331.99307	-331.99307	-10.180581	-49.847218	0.87609565	-19.409288	-53.05937	-49.84719	0.0	60094990	20068.191943883896
299	-308.2962	-308.2962	-0.30325362	-49.84634	0.8742621	-23.668173	-54.290573	-49.846268	0.0	60296001	20129.941872119904
300	-377.31604	-377.31604	-3.2803838	-49.843662	0.88376635	-16.650194	-53.279675	-49.84374	0.0	60497001	20191.8035531044
301	-415.03275	-415.03275	-0.849247	-49.846275	0.88457435	-12.540372	-53.45782	-49.846302	0.0	60697988	20253.63396716118
302	-316.2013	-316.2013	6.137941	-49.84292	0.8871931	-9.634981	-53.732727	-49.842888	0.0	60898983	20315.01270198822
303	-290.54333	-290.54333	-9.683978	-49.844543	0.8821839	-10.313847	-53.543198	-49.84463	0.0	61099981	20376.208494901657
304	-268.85446	-268.85446	-6.119135	-49.843323	0.893564	-13.221687	-54.36399	-49.843266	0.0	61300982	20437.87067270279
305	-313.7975	-313.7975	7.408013	-49.843636	0.8861597	-9.649735	-53.45849	-49.843685	0.0	61501984	20499.215585947037
306	-364.70596	-364.70596	8.46914	-49.841026	0.89686406	-11.848452	-53.955353	-49.840996	0.0	61703001	20560.283066749573
307	-353.99554	-353.99554	3.73465	-49.84471	0.8754727	-14.360617	-54.009483	-49.84466	0.0	61903999	20621.976370573044
308	-305.87466	-305.87466	1.7284076	-49.842834	0.88756496	-31.066187	-54.03114	-49.84292	0.0	62104982	20683.29040837288
309	-383.66003	-383.66003	8.585224	-49.843937	0.8804613	-30.014666	-54.756687	-49.843964	0.0	62305982	20744.78444314003
310	-330.9415	-330.9415	-0.05661496	-49.84172	0.89107895	-22.125078	-54.25406	-49.841713	0.0	62506982	20806.12262225151
311	-274.80893	-274.80893	1.8309948	-49.843845	0.87532336	-17.409447	-53.743492	-49.843838	0.0	62707983	20867.44087457657
312	-330.97015	-330.97015	-6.576115	-49.843243	0.8797316	-16.549658	-53.206474	-49.843178	0.0	62908985	20929.31759786606
313	-383.1176	-383.1176	4.1958456	-49.840355	0.89879566	-12.14542	-53.74532	-49.840378	0.0	63109988	20992.369610786438
314	-404.44806	-404.44806	7.9872303	-49.8408	0.8950184	-16.638988	-53.766563	-49.84083	0.0	63311001	21054.446187973022
315	-416.14102	-416.14102	3.6964087	-49.840626	0.89722455	-20.357533	-56.414413	-49.840656	0.0	63511982	21115.72570848465
316	-327.1102	-327.1102	8.28366	-49.840878	0.89397234	-13.470683	-53.858253	-49.84087	0.0	63712983	21176.954274892807
317	-354.08325	-354.08325	2.7452695	-49.840538	0.88947815	-13.901255	-54.43641	-49.840572	0.0	63914001	21237.648381471634
318	-312.48547	-312.48547	7.229701	-49.83886	0.9038819	-12.304803	-54.070015	-49.83891	0.0	64114982	21299.329158306122
319	-403.9248	-403.9248	7.3998127	-49.8393	0.90398574	-14.457189	-53.410908	-49.839214	0.0	64316001	21360.296496152878
320	-424.62024	-424.62024	8.043647	-49.837692	0.9038434	-9.628796	-54.482216	-49.837654	0.0	64516982	21421.426923513412
321	-295.70035	-295.70035	5.1081834	-49.840187	0.89526975	-12.644672	-55.870403	-49.840206	0.0	64717981	21482.409415483475
322	-348.87643	-348.87643	7.8214345	-49.840496	0.8970024	-16.784006	-54.29614	-49.840454	0.0	64918981	21543.57028889656
323	-275.2136	-275.2136	-3.6595895	-49.838974	0.8974748	-9.217886	-55.306572	-49.839054	0.0	65119996	21605.028680324554
324	-374.84805	-374.84805	-3.2902038	-49.84023	0.8894884	-12.329769	-54.864517	-49.840286	0.0	65320982	21666.351692199707
325	-373.05914	-373.05914	-2.4862273	-49.83841	0.9002122	-10.340249	-53.529263	-49.838303	0.0	65521981	21728.298894643784
326	-396.1565	-396.1565	-9.363376	-49.83972	0.8947556	-13.85002	-53.919342	-49.839775	0.0	65722982	21789.969263792038
327	-243.60703	-243.60703	-6.067197	-49.838985	0.90179306	-10.275847	-54.721954	-49.83899	0.0	65923983	21851.20503950119
328	-293.43573	-293.43573	-20.917116	-49.836952	0.9015377	-12.919913	-53.242954	-49.837067	0.0	66124982	21912.507645130157
329	-290.31204	-290.31204	3.3722007	-49.836037	0.9126804	-10.674078	-53.547066	-49.835968	0.0	66325986	21974.016815185547
330	-426.27753	-426.27753	8.921777	-49.838737	0.902656	-11.761004	-53.91418	-49.83875	0.0	66526983	22035.422632694244
331	-257.82327	-257.82327	7.1851635	-49.83803	0.9014773	-0.73417187	-54.015026	-49.837994	0.0	66727982	22096.701209545135
332	-332.0173	-332.0173	6.469248	-49.84081	0.89738905	-11.066663	-55.935234	-49.84084	0.0	66928984	22158.134969234467
333	-341.59503	-341.59503	5.3749456	-49.837288	0.9064168	-11.073957	-54.528973	-49.8373	0.0	67129982	22219.573934793472
334	-304.38165	-304.38165	7.187582	-49.834045	0.90740097	-20.61435	-54.546013	-49.83405	0.0	67330981	22280.66881299019
335	-361.97168	-361.97168	2.1703756	-49.83509	0.9021579	-28.767385	-53.503277	-49.835102	0.0	67531983	22341.728620290756
336	-359.4667	-359.4667	8.03459	-49.83742	0.9057386	-23.293896	-53.37572	-49.837376	0.0	67732981	22403.05274295807
337	-453.3863	-453.3863	3.8458211	-49.83634	0.89564955	-25.150604	-53.76156	-49.836464	0.0	67933982	22464.52417063713
338	-266.8541	-266.8541	1.3734008	-49.83582	0.9062247	-26.584538	-53.926456	-49.835632	0.0	68134995	22525.405294895172
339	-358.12048	-358.12048	5.368961	-49.835957	0.9019514	-27.100454	-56.589924	-49.836174	0.0	68335982	22586.687411546707
340	-319.30606	-319.30606	8.004035	-49.833565	0.9115685	-34.92723	-55.2269	-49.833546	0.0	68536982	22648.046228408813
341	-412.50723	-412.50723	8.735138	-49.837357	0.89535874	-30.230795	-54.477207	-49.837364	0.0	68737984	22709.6185464859
342	-400.91672	-400.91672	-0.26428813	-49.834835	0.90725285	-21.115314	-53.69253	-49.834797	0.0	68938982	22771.37731361389
343	-490.7062	-490.7062	0.85459334	-49.835464	0.9032596	-19.484976	-54.25755	-49.83557	0.0	69139983	22833.204412937164
344	-368.89133	-368.89133	7.9402447	-49.834354	0.9097527	-20.517502	-53.789303	-49.834255	0.0	69340984	22894.296891450882
345	-288.4001	-288.4001	-7.7477403	-49.834236	0.9145498	-17.295008	-54.125084	-49.83417	0.0	69542001	22955.313071012497
346	-234.84877	-234.84877	3.6479135	-49.834633	0.91228926	-12.246355	-54.17617	-49.834656	0.0	69742991	23016.437113523483
347	-378.02164	-378.02164	9.39366	-49.835014	0.91100454	-14.120975	-55.263012	-49.83515	0.0	69943987	23077.975722312927
348	-396.4295	-396.4295	6.39395	-49.833515	0.91087836	-25.13072	-54.23188	-49.833523	0.0	70144981	23139.051849126816
349	-386.60852	-386.60852	4.864716	-49.833397	0.9137917	-22.800835	-54.076565	-49.833275	0.0	70346001	23200.362466812134
350	-288.4748	-288.4748	8.149621	-49.829506	0.92508185	-17.11917	-54.55232	-49.829567	0.0	70546985	23261.588708639145
351	-327.35138	-327.35138	-0.11509581	-49.8324	0.9190814	-16.996513	-54.099735	-49.832436	0.0	70747988	23323.128294467926
352	-348.045	-348.045	5.997412	-49.831123	0.9205314	-16.5578	-53.40914	-49.831158	0.0	70948982	23384.177248239517
353	-260.39456	-260.39456	-1.9019864	-49.832172	0.9107412	-18.228989	-53.9162	-49.832134	0.0	71149982	23446.44548368454
354	-275.9294	-275.9294	4.711223	-49.830723	0.9243249	-17.010414	-54.580925	-49.8308	0.0	71350997	23507.60180592537
355	-287.49094	-287.49094	7.1608076	-49.828938	0.92656434	-32.022007	-54.69919	-49.828873	0.0	71551985	23568.763381958008
356	-393.5183	-393.5183	7.284601	-49.832207	0.91619766	-13.056803	-54.34754	-49.832207	0.0	71752983	23629.844361782074
357	-347.29626	-347.29626	3.1856413	-49.83347	0.91187614	-26.436884	-54.154865	-49.83345	0.0	71954001	23690.7998418808
358	-317.66278	-317.66278	7.6520386	-49.833717	0.90986705	-22.822027	-54.214542	-49.833775	0.0	72154988	23751.99431157112
359	-325.8777	-325.8777	7.120514	-49.82845	0.92493695	-28.470144	-53.84631	-49.82843	0.0	72355982	23812.747711658478
360	-281.2434	-281.2434	8.895895	-49.8322	0.9120379	-27.464228	-54.130924	-49.83232	0.0	72556982	23873.623375177383
361	-278.8978	-278.8978	7.2553997	-49.831158	0.9153415	-21.360056	-55.35904	-49.831078	0.0	72757982	23934.488298416138
362	-285.75208	-285.75208	7.186758	-49.829205	0.9237091	-27.71855	-53.826565	-49.829254	0.0	72958981	23995.40602707863
363	-229.22427	-229.22427	5.55205	-49.828575	0.92786044	-21.761745	-54.316597	-49.828472	0.0	73159982	24055.785965919495
364	-364.79434	-364.79434	-28.399212	-49.828125	0.93088716	-12.382948	-53.627907	-49.828285	0.0	73360994	24116.61536359787
365	-300.04636	-300.04636	2.7785566	-49.829136	0.9220976	-12.360305	-55.4627	-49.829117	0.0	73561982	24177.322835206985
366	-251.11899	-251.11899	6.503145	-49.829945	0.91851014	-15.12519	-54.259865	-49.829895	0.0	73762983	24238.547831773758
367	-313.56177	-313.56177	2.5854952	-49.826164	0.9327012	-15.790803	-54.697063	-49.826115	0.0	73963986	24299.47357225418
368	-244.38797	-244.38797	3.2781005	-49.826534	0.9304769	-13.838566	-54.477386	-49.82653	0.0	74164982	24360.500915765762
369	-315.60837	-315.60837	4.745171	-49.826233	0.93079156	-20.50819	-54.62373	-49.82627	0.0	74365985	24421.82647252083
370	-309.0154	-309.0154	1.3430814	-49.826183	0.9317719	-25.427668	-53.859238	-49.826256	0.0	74567001	24483.081771612167
371	-424.83304	-424.83304	1.5594094	-49.82965	0.9151857	-29.366776	-54.536346	-49.829727	0.0	74767983	24545.039848327637
372	-235.53741	-235.53741	-1.3447132	-49.829163	0.9221249	-34.270554	-53.931988	-49.8291	0.0	74968983	24605.86331653595
373	-234.78398	-234.78398	2.3597457	-49.82927	0.91590226	-31.692274	-53.755157	-49.829296	0.0	75169984	24667.82472205162
374	-256.3179	-256.3179	3.5193627	-49.82521	0.93295896	-29.360096	-54.777542	-49.82523	0.0	75370982	24729.066624403
375	-318.10892	-318.10892	3.0378993	-49.827938	0.92779684	-20.604511	-54.269535	-49.827923	0.0	75571987	24790.26144552231
376	-263.2368	-263.2368	-1.9533046	-49.828697	0.92623013	-28.646702	-54.297	-49.828705	0.0	75772981	24850.807201862335
377	-269.9932	-269.9932	-9.201775	-49.825676	0.92903	-24.892952	-53.593555	-49.82567	0.0	75973984	24912.07260131836
378	-334.57224	-334.57224	7.277063	-49.82654	0.9321328	-14.900291	-55.031784	-49.826565	0.0	76174982	24973.068677663803
379	-282.94025	-282.94025	1.723901	-49.82559	0.9320992	-14.171571	-53.609314	-49.825592	0.0	76375984	25033.443584918976
380	-316.3216	-316.3216	-2.0865648	-49.82461	0.9363298	-18.607347	-54.51449	-49.824657	0.0	76576996	25094.74359679222
381	-350.63562	-350.63562	-37.07298	-49.825558	0.93574613	-11.379096	-54.560066	-49.82553	0.0	76777992	25156.12168598175
382	-354.02283	-354.02283	1.1630858	-49.822098	0.9452557	-12.985907	-54.44887	-49.822056	0.0	76978983	25217.71946454048
383	-418.52417	-418.52417	3.2428145	-49.822857	0.94043535	-21.841076	-54.179516	-49.822914	0.0	77180001	25279.591846466064
384	-350.47122	-350.47122	4.69632	-49.82229	0.9443727	-11.763128	-54.83929	-49.82228	0.0	77380985	25340.971581935883
385	-263.59274	-263.59274	6.33528	-49.823467	0.93710744	-21.069403	-53.95075	-49.82344	0.0	77581982	25402.478799581528
386	-302.7273	-302.7273	8.896408	-49.823063	0.94524103	-26.42497	-54.866814	-49.82314	0.0	77782981	25463.306741952896
387	-339.37836	-339.37836	7.714782	-49.825	0.93574846	-16.284616	-54.03792	-49.824955	0.0	77983987	25524.304114818573
388	-272.99564	-272.99564	6.563759	-49.823017	0.9407383	-19.71541	-54.17188	-49.82311	0.0	78184982	25585.415533304214
389	-242.40938	-242.40938	5.1962566	-49.8211	0.94742316	-18.625244	-54.654045	-49.82117	0.0	78385985	25646.46406531334
390	-255.0724	-255.0724	6.656834	-49.8226	0.9428062	-20.223528	-54.316353	-49.82258	0.0	78586985	25707.785747289658
391	-359.9484	-359.9484	4.532858	-49.82492	0.9348184	-18.74867	-54.288086	-49.824936	0.0	78787986	25768.635337352753
392	-292.1797	-292.1797	-0.78845334	-49.82487	0.93606657	-10.514974	-54.177296	-49.824852	0.0	78988981	25829.36794400215
393	-336.95688	-336.95688	-3.3824553	-49.822918	0.9349464	-34.08958	-54.510017	-49.822952	0.0	79189983	25889.91616678238
394	-319.8634	-319.8634	-3.1850448	-49.82217	0.9419895	-9.568281	-54.805405	-49.822212	0.0	79390990	25950.64627122879
395	-324.7688	-324.7688	9.324825	-49.819595	0.95249385	-7.4044905	-55.484142	-49.81954	0.0	79591998	26011.853751897812
396	-242.50124	-242.50124	8.347538	-49.821808	0.9465624	-3.9498894	-54.234264	-49.8219	0.0	79792982	26072.596832752228
397	-322.2605	-322.2605	5.117383	-49.823032	0.9354183	-10.266434	-54.233513	-49.8231	0.0	79993998	26133.4460811615
398	-413.45358	-413.45358	7.889414	-49.823627	0.93582517	-9.817119	-53.812645	-49.823643	0.0	80195001	26194.643263101578
399	-312.4548	-312.4548	-1.6119281	-49.82165	0.9422626	-11.302995	-53.52867	-49.82159	0.0	80395982	26256.203887939453
400	-254.45105	-254.45105	7.6677113	-49.82376	0.94060284	-5.067155	-53.991955	-49.823715	0.0	80596985	26317.869530916214
401	-340.6654	-340.6654	0.106795676	-49.82193	0.94082105	-13.119757	-54.78234	-49.82201	0.0	80797982	26379.000955581665
402	-348.59525	-348.59525	-1.3959635	-49.820568	0.94706553	-13.23941	-53.619102	-49.82051	0.0	80998984	26440.203629255295
403	-325.1337	-325.1337	5.975761	-49.822216	0.93913037	-22.122282	-54.383724	-49.82225	0.0	81199981	26501.12558054924
404	-260.81522	-260.81522	5.748461	-49.81763	0.9585485	-11.657528	-54.89629	-49.81771	0.0	81400987	26561.81509900093
405	-320.62042	-320.62042	8.1133375	-49.81808	0.95205563	-16.71735	-54.190937	-49.81809	0.0	81601982	26622.52247929573
406	-260.96436	-260.96436	4.745572	-49.817127	0.9559283	-20.834309	-55.970295	-49.817013	0.0	81802982	26683.29187989235
407	-326.552	-326.552	-4.7504187	-49.81645	0.9590106	-14.229461	-54.501534	-49.816547	0.0	82003982	26744.82790207863
408	-308.41312	-308.41312	5.943005	-49.820972	0.94596815	-15.296242	-55.89256	-49.82095	0.0	82204983	26806.7951939106
409	-385.26837	-385.26837	4.2734265	-49.81752	0.9496759	-17.83399	-60.14723	-49.81761	0.0	82405995	26868.01237630844
410	-242.8517	-242.8517	8.269336	-49.818375	0.9501083	-33.288506	-54.764347	-49.818287	0.0	82606982	26928.988028287888
411	-335.94443	-335.94443	5.1195483	-49.815792	0.9600353	-7.0198607	-54.100117	-49.81587	0.0	82808001	26990.198316812515
412	-234.45404	-234.45404	3.9389067	-49.818035	0.95683205	-9.239952	-54.38507	-49.81799	0.0	83008987	27051.4147439003
413	-295.65643	-295.65643	5.454945	-49.81573	0.96099406	-11.124521	-54.248886	-49.81571	0.0	83209981	27112.448230981827
414	-217.2227	-217.2227	7.649812	-49.81888	0.949489	-6.2923746	-54.57719	-49.818935	0.0	83410989	27173.6997590065
415	-251.3757	-251.3757	3.5301855	-49.814293	0.9641648	-10.909288	-54.959587	-49.814262	0.0	83611983	27234.950645923615
416	-313.21304	-313.21304	6.7538667	-49.820724	0.9488953	-16.352465	-56.062565	-49.820805	0.0	83812982	27296.915859937668
417	-330.86923	-330.86923	8.388714	-49.81728	0.95419216	-16.79701	-54.71955	-49.817314	0.0	84013986	27358.46458220482
418	-232.23634	-232.23634	5.325967	-49.818497	0.947081	-14.851161	-54.339687	-49.81847	0.0	84214981	27419.46234512329
419	-275.85934	-275.85934	-0.092731096	-49.819485	0.9508884	-11.86516	-54.830654	-49.819485	0.0	84415981	27480.69578886032
420	-324.7434	-324.7434	1.2622906	-49.81882	0.95611537	-4.653116	-54.43415	-49.818844	0.0	84616988	27541.911444425583
421	-353.22736	-353.22736	4.0636787	-49.815197	0.96107954	-14.225208	-53.69813	-49.81524	0.0	84817984	27602.77620768547
422	-363.09192	-363.09192	8.214995	-49.817707	0.95811874	-7.460935	-54.285885	-49.81775	0.0	85018999	27663.95626950264
423	-252.21695	-252.21695	2.7021954	-49.815907	0.9611075	-13.759265	-55.18576	-49.81595	0.0	85219982	27725.13983130455
424	-340.51743	-340.51743	8.5439625	-49.815636	0.9559407	-11.92772	-54.386772	-49.815678	0.0	85420984	27786.40543460846
425	-277.15317	-277.15317	2.7317183	-49.814785	0.9573106	-7.930773	-54.697983	-49.81481	0.0	85621982	27847.214061021805
426	-332.04187	-332.04187	9.287683	-49.816395	0.96224916	-1.8846192	-54.83345	-49.81638	0.0	85822983	27908.35773730278
427	-315.12836	-315.12836	9.66108	-49.81615	0.95543325	-7.71595	-54.2265	-49.81618	0.0	86023983	27969.065568447113
428	-362.83087	-362.83087	3.0690932	-49.813297	0.9706538	1.2747102	-54.57248	-49.81326	0.0	86224982	28029.670442581177
429	-249.6925	-249.6925	-17.188034	-49.814617	0.9631202	4.971921	-54.386272	-49.814682	0.0	86425982	28090.46000432968
430	-346.52792	-346.52792	0.026693283	-49.815773	0.9611707	-30.964157	-56.782032	-49.815807	0.0	86626982	28151.50153183937
431	-307.03687	-307.03687	-57.86583	-49.814728	0.96547645	0.66884136	-58.711533	-49.814846	0.0	86827987	28213.91015982628
432	-399.18774	-399.18774	10.040482	-49.81555	0.9622918	5.033752	-55.38724	-49.81542	0.0	87028982	28276.09577012062
433	-271.41867	-271.41867	7.9458237	-49.815273	0.9525696	-32.03936	-54.354736	-49.815426	0.0	87229986	28336.159781217575
434	-373.83728	-373.83728	5.765944	-49.81399	0.9684784	-5.8620596	-55.15926	-49.81394	0.0	87430987	28396.48424935341
435	-415.7218	-415.7218	-1.7014729	-49.815735	0.9649565	-3.384919	-54.46184	-49.815815	0.0	87632001	28457.001399993896
436	-294.4533	-294.4533	-79.689644	-49.81515	0.96419823	0.22646427	-54.44652	-49.815216	0.0	87832985	28517.648893594742
437	-342.62915	-342.62915	-39.77145	-49.81613	0.9591368	0.93128777	-54.262165	-49.816154	0.0	88033984	28578.028561353683
438	-321.53036	-321.53036	-103.776	-49.814396	0.9593263	-3.3001246	-54.4291	-49.814407	0.0	88234984	28638.48355937004
439	-240.17671	-240.17671	8.765145	-49.81388	0.9637055	-16.50022	-56.16769	-49.813866	0.0	88435983	28699.011575222015
440	-362.38766	-362.38766	8.652437	-49.815907	0.9527748	-23.926844	-54.864815	-49.815895	0.0	88636987	28759.599740743637
441	-313.6997	-313.6997	0.66713566	-49.815334	0.9566959	-18.943516	-53.989742	-49.815403	0.0	88837981	28820.527725458145
442	-387.7314	-387.7314	-64.81771	-49.813652	0.96595156	-27.326546	-54.09861	-49.813656	0.0	89038983	28881.912523031235
443	-310.2617	-310.2617	-5.6320214	-49.816555	0.955627	-32.180603	-54.240047	-49.816658	0.0	89239983	28943.120297670364
444	-418.52234	-418.52234	6.5489793	-49.81708	0.95295537	-23.431738	-54.869415	-49.817055	0.0	89440981	29004.49298143387
445	-374.321	-374.321	9.050323	-49.81565	0.9537327	-28.432434	-55.710075	-49.81562	0.0	89642001	29065.644654750824
446	-300.1957	-300.1957	-6.0248733	-49.81422	0.9576525	-33.63129	-55.103992	-49.81438	0.0	89842989	29126.896585702896
447	-399.2738	-399.2738	-21.330778	-49.810017	0.9777917	-29.233564	-54.434223	-49.809883	0.0	90044000	29188.264245033264
448	-381.97714	-381.97714	-29.139467	-49.812634	0.96033645	-34.20216	-55.32932	-49.81276	0.0	90244990	29249.00142788887
449	-400.92343	-400.92343	8.571686	-49.814167	0.95786315	-27.16733	-54.15542	-49.814144	0.0	90445981	29310.287759542465
450	-359.1995	-359.1995	-9.156493	-49.814243	0.95681274	-30.49479	-56.663567	-49.81431	0.0	90646982	29370.69940805435
451	-397.57672	-397.57672	7.676782	-49.81351	0.9615092	-29.750145	-55.001263	-49.813366	0.0	90847999	29431.729595184326
452	-285.83664	-285.83664	-12.055851	-49.811764	0.9649041	-29.989813	-53.948776	-49.81195	0.0	91048982	29491.95741200447
453	-300.34875	-300.34875	-7.9584103	-49.813034	0.9627683	-24.334644	-54.247902	-49.812977	0.0	91249982	29552.232290506363
454	-346.7663	-346.7663	4.129671	-49.811848	0.9601356	-33.468216	-54.69185	-49.81204	0.0	91450983	29612.588153362274
455	-383.68665	-383.68665	-3.8423676	-49.814293	0.95583385	-33.839947	-55.368893	-49.814167	0.0	91651982	29673.379408836365
456	-337.85083	-337.85083	-33.626343	-49.81324	0.96052647	-34.912548	-54.18138	-49.813377	0.0	91852982	29734.72873234749
457	-394.7253	-394.7253	-26.510408	-49.811176	0.9685459	-30.894785	-53.73667	-49.811012	0.0	92053981	29795.764336824417
458	-276.805	-276.805	7.80683	-49.813896	0.96467495	-34.55341	-54.00124	-49.813965	0.0	92254984	29856.50216317177
459	-334.797	-334.797	4.331507	-49.81349	0.958243	-33.79413	-54.620544	-49.813572	0.0	92455982	29917.809646844864
460	-257.23093	-257.23093	-110.07447	-49.809803	0.96753526	-31.237701	-53.934677	-49.809753	0.0	92656985	29979.556451797485
461	-282.9625	-282.9625	-37.29157	-49.814182	0.9555743	-33.49533	-53.897655	-49.81431	0.1	92857982	30040.362872600555
462	-372.46188	-372.46188	1.0017737	-49.80938	0.96913195	-32.155407	-53.929134	-49.809387	0.0	93058982	30101.435208797455
463	-384.57404	-384.57404	-3.2214165	-49.81387	0.95659274	-34.523415	-54.61888	-49.81383	0.0	93259984	30162.278125286102
464	-300.66684	-300.66684	-50.93839	-49.81257	0.95756686	-33.405693	-55.02205	-49.812683	0.0	93460981	30223.201755046844
465	-330.02945	-330.02945	5.142678	-49.809563	0.9665523	-32.492474	-55.521362	-49.8096	0.0	93661987	30284.107746601105
466	-296.6799	-296.6799	5.4127545	-49.80849	0.9714494	-33.597557	-53.946705	-49.808323	0.0	93862982	30344.885610818863
467	-304.98462	-304.98462	-38.078693	-49.811626	0.963143	-35.24259	-54.038395	-49.811653	0.0	94063982	30406.528892040253
468	-414.45074	-414.45074	-5.839012	-49.809826	0.96802104	-33.352386	-53.994804	-49.80996	0.0	94264986	30467.692893505096
469	-356.8382	-356.8382	-11.120991	-49.812416	0.9610423	-31.439962	-56.313316	-49.812237	0.0	94465996	30528.677817106247
470	-338.79785	-338.79785	-11.965353	-49.813663	0.9562108	-31.083662	-54.78604	-49.81387	0.0	94666985	30589.91915178299
471	-342.5448	-342.5448	-110.89851	-49.810265	0.9632942	-33.549786	-55.246407	-49.81025	0.0	94867983	30651.46435213089
472	-233.59325	-233.59325	-7.031479	-49.81226	0.9590758	-20.448076	-54.80818	-49.81224	0.0	95068983	30712.798848867416
473	-270.06622	-270.06622	8.122461	-49.810093	0.9684215	-31.74191	-55.58111	-49.81018	0.0	95269982	30773.80526828766
474	-272.1301	-272.1301	-6.54671	-49.80953	0.9747606	-29.705086	-54.257153	-49.80952	0.0	95471001	30834.85002732277
475	-303.39148	-303.39148	7.1160293	-49.81078	0.9621893	-31.080242	-54.60219	-49.810776	0.0	95671981	30895.86704516411
476	-291.5181	-291.5181	4.109901	-49.808174	0.9727208	-26.811443	-54.502384	-49.80815	0.0	95872982	30957.831770658493
477	-324.85663	-324.85663	7.114281	-49.80647	0.97162443	-32.722683	-54.37224	-49.80647	0.0	96074001	31019.012840032578
478	-362.51535	-362.51535	6.237508	-49.811543	0.9587257	-27.196	-54.452484	-49.811527	0.0	96274985	31079.77943587303
479	-382.52875	-382.52875	6.1985064	-49.81083	0.9630705	-34.77975	-55.094772	-49.810863	0.0	96475988	31140.118374824524
480	-228.57065	-228.57065	1.0447736	-49.810143	0.96570945	-33.141773	-54.533703	-49.810005	0.0	96676985	31200.790010213852
481	-352.55273	-352.55273	1.0457896	-49.808826	0.9641785	-33.745438	-53.987568	-49.80892	0.0	96877981	31262.01295208931
482	-334.98816	-334.98816	-13.7992525	-49.810646	0.96170735	-33.607212	-54.223183	-49.810673	0.0	97078983	31322.870549201965
483	-276.54086	-276.54086	8.242996	-49.809006	0.9624905	-35.096706	-54.0726	-49.80902	0.0	97279982	31383.618166208267
484	-279.45178	-279.45178	6.833455	-49.80788	0.9689738	-32.878933	-54.88851	-49.807945	0.0	97480982	31444.23095226288
485	-256.1318	-256.1318	6.243913	-49.80711	0.9737703	-31.129509	-54.876797	-49.807083	0.0	97681985	31504.955044984818
486	-283.51794	-283.51794	5.2063313	-49.811714	0.95845175	-33.06995	-53.59434	-49.81171	0.0	97883001	31565.780457258224
487	-327.88977	-327.88977	6.979082	-49.805233	0.97467786	-34.25607	-54.21468	-49.805244	0.0	98083990	31626.536638736725
488	-330.48227	-330.48227	-4.344689	-49.803947	0.98379195	-34.770958	-53.90089	-49.803993	0.1	98284990	31687.793797969818
489	-232.50363	-232.50363	-2.5243714	-49.80645	0.96496105	-32.36468	-55.214905	-49.80649	0.0	98485982	31748.63505244255
490	-349.86282	-349.86282	-0.5922943	-49.80857	0.9637573	-31.258497	-54.61534	-49.80852	0.0	98686985	31810.213646411896
491	-233.67894	-233.67894	6.505135	-49.805878	0.9678702	-33.469738	-54.306164	-49.805965	0.0	98887986	31870.85621905327
492	-401.83054	-401.83054	2.8977978	-49.80698	0.96824014	-34.15281	-54.588913	-49.80697	0.0	99088990	31932.091292619705
493	-287.47888	-287.47888	2.6038024	-49.804665	0.9750924	-34.307804	-54.926422	-49.804634	0.0	99289987	31992.538211107254
494	-265.04602	-265.04602	6.7291884	-49.810223	0.96298194	-32.95227	-54.96778	-49.810253	0.0	99490988	32053.077173233032
495	-316.09167	-316.09167	3.4323456	-49.806114	0.9787383	-32.46865	-55.74827	-49.806126	0.0	99691988	32114.991775274277
496	-313.9792	-313.9792	-9.165005	-49.80454	0.97716326	-32.909218	-55.540962	-49.80449	0.0	99892999	32175.404011249542
497	-325.0059	-325.0059	5.2079635	-49.803837	0.9795632	-35.367527	-55.590027	-49.80385	0.0	100093984	32236.03585457802
498	-432.9544	-432.9544	8.724168	-49.805603	0.9711702	-27.251091	-54.647934	-49.80565	0.0	100294982	32296.874791145325
499	-315.0617	-315.0617	6.4873943	-49.80423	0.9738517	-27.896267	-55.19216	-49.804317	0.0	100495982	32357.575991630554
500	-372.487	-372.487	7.431893	-49.80437	0.97453123	-33.80755	-54.13925	-49.804287	0.0	100696998	32418.828174591064
501	-289.16278	-289.16278	-1.8027557	-49.805534	0.97109133	-33.959526	-54.037838	-49.80559	0.0	100897997	32479.871527194977
502	-304.2911	-304.2911	7.501915	-49.806736	0.96744466	-33.222507	-54.59875	-49.806824	0.0	101098993	32540.665741205215
503	-398.99228	-398.99228	6.126009	-49.80388	0.97668594	-29.118607	-55.837772	-49.803833	0.0	101299982	32601.610115528107
504	-218.84851	-218.84851	8.852827	-49.80328	0.977294	-34.38535	-53.824516	-49.803352	0.0	101500981	32662.410551786423
505	-290.6175	-290.6175	7.9505553	-49.802197	0.9784433	-34.188847	-54.497437	-49.802227	0.0	101701986	32722.970283269882
506	-314.66318	-314.66318	6.4229264	-49.803764	0.9804649	-31.777317	-54.629696	-49.80369	0.0	101902984	32784.3198363781
507	-266.94067	-266.94067	-11.453856	-49.80618	0.96523124	-30.476099	-54.83053	-49.806293	0.0	102103983	32844.99901890755
508	-300.90048	-300.90048	5.964819	-49.80154	0.980991	-32.32469	-54.620853	-49.801563	0.0	102304981	32906.04975581169
509	-375.98398	-375.98398	9.460133	-49.80342	0.97664833	-26.917995	-53.989193	-49.80349	0.0	102505982	32967.43904900551
510	-356.28714	-356.28714	6.7724566	-49.802998	0.977786	-17.588682	-54.98387	-49.802917	0.0	102706999	33028.78916454315
511	-344.46124	-344.46124	8.529064	-49.802505	0.97816706	-26.432146	-54.18956	-49.802517	0.0	102907995	33091.10177063942
512	-258.67703	-258.67703	5.5389786	-49.804173	0.9759576	-25.599464	-54.072807	-49.804115	0.0	103108982	33152.59743833542
513	-432.9276	-432.9276	-1.8022255	-49.802723	0.98161006	-13.502712	-54.546318	-49.802765	0.0	103309984	33214.599825143814
514	-362.45212	-362.45212	-3.0623133	-49.801945	0.98477864	-13.821192	-54.482727	-49.80202	0.0	103510982	33276.79398083687
515	-346.17657	-346.17657	8.463323	-49.803204	0.97713846	-4.833127	-54.7184	-49.80322	0.0	103712001	33337.74952316284
516	-273.47705	-273.47705	7.115535	-49.800755	0.98706853	-11.693045	-55.266964	-49.800766	0.0	103912986	33398.7301094532
517	-354.3598	-354.3598	8.953868	-49.798264	0.99429584	-11.957695	-54.869156	-49.798347	0.0	104114001	33464.97776865959
518	-270.4842	-270.4842	8.439542	-49.802135	0.9828692	-24.6769	-53.817776	-49.802204	0.0	104314986	33529.61276984215
519	-293.51886	-293.51886	5.8063927	-49.799965	0.9888615	-11.84358	-54.250946	-49.799927	0.0	104515985	33591.59711265564
520	-342.00333	-342.00333	6.128571	-49.798527	0.99704075	-11.839039	-56.11892	-49.798546	0.0	104716982	33652.37131333351
521	-345.79944	-345.79944	8.166854	-49.798363	0.9913153	-14.481395	-54.653168	-49.79835	0.0	104917981	33713.8979268074
522	-262.05923	-262.05923	8.022643	-49.799854	0.99302983	-11.49288	-54.0746	-49.799923	0.0	105118982	33774.56422138214
523	-322.8634	-322.8634	8.6144705	-49.80257	0.98707825	-9.8116665	-54.82238	-49.802578	0.0	105319982	33835.32531118393
524	-232.84912	-232.84912	6.099007	-49.7986	0.9931583	-15.034412	-55.179497	-49.79851	0.0	105520984	33896.02642941475
525	-229.71947	-229.71947	8.800607	-49.798134	0.99516624	-6.242132	-54.41629	-49.79817	0.0	105721983	33956.51234102249
526	-327.8735	-327.8735	4.7024827	-49.797546	0.9960499	-16.014357	-56.827324	-49.797684	0.0	105923001	34017.39503788948
527	-246.5925	-246.5925	6.0353107	-49.799698	0.98778325	-14.924103	-54.967663	-49.79967	0.0	106123985	34077.93785071373
528	-349.00262	-349.00262	5.341922	-49.79807	0.9899846	-10.40811	-54.768505	-49.798046	0.0	106324986	34139.262808799744
529	-322.50577	-322.50577	-25.651484	-49.797623	0.99629784	-11.56482	-54.965893	-49.79766	0.1	106525983	34200.58527970314
530	-328.93237	-328.93237	7.6193438	-49.79903	0.98874295	-15.527445	-54.79509	-49.799084	0.0	106727001	34261.68688225746
531	-373.13635	-373.13635	7.632239	-49.799877	0.9835744	-27.4629	-53.963898	-49.79987	0.0	106927981	34322.548877477646
532	-267.95593	-267.95593	7.5332108	-49.795914	0.995219	-22.725672	-54.554203	-49.79585	0.0	107128981	34383.747884750366
533	-242.66463	-242.66463	4.636693	-49.797848	0.9974365	-29.570782	-55.737564	-49.797928	0.0	107329981	34444.662385225296
534	-277.95413	-277.95413	6.116338	-49.797916	0.9906762	-34.197872	-53.868645	-49.797924	0.0	107530987	34505.96674513817
535	-265.4074	-265.4074	-1.2489492	-49.794964	0.9953475	-32.847042	-54.390003	-49.795017	0.0	107731990	34566.999790906906
536	-278.71976	-278.71976	5.0334353	-49.797783	0.9917777	-30.050209	-54.758728	-49.797756	0.0	107932984	34628.07918357849
537	-301.651	-301.651	8.440489	-49.797356	0.99425894	-24.780258	-54.84524	-49.79734	0.0	108133988	34688.36807203293
538	-270.07605	-270.07605	3.7429507	-49.797436	0.9922952	-23.536373	-53.791702	-49.797554	0.0	108334985	34749.13853788376
539	-272.41403	-272.41403	7.135387	-49.79916	0.9874728	-34.873165	-55.89825	-49.799107	0.0	108535984	34810.022596120834
540	-272.962	-272.962	8.527757	-49.79867	0.9873173	-27.54079	-54.443073	-49.79869	0.0	108736988	34870.69376397133
541	-241.56828	-241.56828	9.719375	-49.796566	0.99637145	-22.294107	-54.85362	-49.796513	0.0	108937982	34931.79384183884
542	-323.73846	-323.73846	5.3759403	-49.79605	0.99432796	-32.741467	-54.989285	-49.796112	0.0	109138982	34992.578246593475
543	-291.17737	-291.17737	-2.358208	-49.79596	0.9904909	-25.264746	-55.011967	-49.795975	0.0	109339989	35053.30176258087
544	-324.7995	-324.7995	8.626649	-49.794827	0.9967202	-31.311966	-55.6223	-49.794914	0.0	109540983	35114.22249960899
545	-313.85843	-313.85843	5.5534134	-49.79606	0.9906894	-26.632347	-53.80783	-49.796066	0.0	109741981	35175.59490895271
546	-205.39587	-205.39587	-0.5487294	-49.79426	1.0024121	-25.472315	-54.32522	-49.794235	0.0	109942984	35236.18881678581
547	-286.9072	-286.9072	7.7200136	-49.79514	0.99892324	-23.882265	-55.485397	-49.795135	0.0	110143982	35297.438601017
548	-232.37373	-232.37373	8.237657	-49.79481	1.0001354	-19.973845	-54.773438	-49.794895	0.0	110344985	35358.89500617981
549	-416.6773	-416.6773	7.4030156	-49.79947	0.97902745	-14.109827	-56.72102	-49.799427	0.0	110545986	35420.78596520424
550	-244.45541	-244.45541	8.752181	-49.79553	0.996104	-29.521172	-58.25031	-49.795605	0.0	110746983	35481.33881402016
551	-309.7042	-309.7042	5.4137893	-49.793232	0.99959636	-24.073029	-54.64103	-49.793114	0.0	110947982	35542.4605345726
552	-304.48624	-304.48624	6.8046107	-49.79401	1.0058581	-15.678796	-55.696938	-49.794125	0.0	111148985	35603.53501152992
553	-358.9619	-358.9619	7.31089	-49.797333	0.9867728	-34.366894	-54.772205	-49.79731	0.0	111349984	35664.23114204407
554	-284.33176	-284.33176	6.447972	-49.792217	1.0044289	-24.14749	-55.780872	-49.79228	0.0	111550983	35724.73716855049
555	-419.86414	-419.86414	4.4271793	-49.795986	0.9881981	-33.271954	-55.109283	-49.795998	0.0	111751982	35786.23919868469
556	-304.23984	-304.23984	7.178075	-49.79637	0.99171066	-30.408318	-54.52001	-49.796432	0.0	111952982	35847.35804152489
557	-282.01633	-282.01633	8.4642935	-49.79648	0.98996407	-31.437561	-54.30302	-49.79639	0.0	112153982	35908.65551710129
558	-270.54984	-270.54984	3.8087256	-49.79532	0.99416953	-28.356483	-54.73626	-49.79531	0.0	112354987	35969.523473739624
559	-262.84836	-262.84836	7.4978623	-49.792484	1.0013392	-22.679617	-55.38765	-49.792683	0.0	112555981	36030.440044641495
560	-300.93774	-300.93774	7.013536	-49.79551	0.99307895	-31.940144	-54.581768	-49.795403	0.0	112756981	36091.886095047
561	-336.75085	-336.75085	4.022378	-49.79379	1.0000708	-31.822815	-55.58701	-49.79382	0.0	112957982	36153.26186990738
562	-380.44516	-380.44516	7.5782986	-49.793766	1.0005814	-30.506056	-55.642597	-49.793785	0.0	113158985	36214.91408371925
563	-249.13246	-249.13246	7.4368286	-49.795563	0.99501985	-25.519485	-54.691208	-49.79552	0.0	113359982	36276.58453440666
564	-237.07256	-237.07256	7.0241795	-49.793262	0.9965925	-25.942387	-54.31994	-49.793324	0.0	113560982	36338.12244105339
565	-288.1288	-288.1288	-13.254169	-49.795128	1.0009677	-28.098858	-54.053814	-49.795097	0.0	113761982	36399.92997455597
566	-313.07513	-313.07513	9.748597	-49.795918	0.9973137	-33.81442	-54.76912	-49.79592	0.0	113962984	36460.86643075943
567	-364.04224	-364.04224	7.7573743	-49.793045	1.002706	-25.68061	-54.69306	-49.79312	0.0	114163984	36522.30133652687
568	-232.33043	-232.33043	-8.992715	-49.79121	1.0083619	-21.919025	-55.68385	-49.791275	0.0	114364982	36582.89071035385
569	-344.1157	-344.1157	-2.5739791	-49.794518	0.9934728	-29.531174	-55.013855	-49.794456	0.0	114565984	36644.05788040161
570	-263.52734	-263.52734	7.854245	-49.79093	1.0022178	-24.588688	-54.54355	-49.79094	0.0	114766982	36704.827318668365
571	-209.24677	-209.24677	-4.0311885	-49.794838	1.0001493	-15.685013	-55.26724	-49.794933	0.0	114967981	36765.50304436684
572	-318.39948	-318.39948	5.1347017	-49.79067	1.0028247	-31.817884	-55.11809	-49.790688	0.0	115168985	36826.86670875549
573	-319.25082	-319.25082	4.9577293	-49.791065	1.0075808	-17.920334	-55.19106	-49.791016	0.0	115369985	36887.27423119545
574	-246.21317	-246.21317	-21.452156	-49.794636	0.9943725	-14.264086	-54.860962	-49.794464	0.0	115570985	36948.21868824959
575	-218.81613	-218.81613	8.711671	-49.7914	1.0008807	-11.624502	-55.65481	-49.791534	0.0	115772000	37009.1613676548
576	-246.65414	-246.65414	6.376483	-49.79299	0.9974204	-28.255886	-55.434235	-49.79308	0.0	115972981	37069.61462473869
577	-287.57666	-287.57666	0.09157562	-49.793175	1.0020726	-13.847427	-54.646954	-49.793137	0.0	116173982	37131.01155424118
578	-304.89554	-304.89554	-24.821802	-49.791794	1.0052189	-11.745154	-55.957386	-49.791943	0.0	116374982	37191.98750567436
579	-275.73846	-275.73846	-10.668399	-49.7877	1.020562	-17.607876	-55.94619	-49.787598	0.0	116575986	37253.78928565979
580	-226.02596	-226.02596	-9.36744	-49.789944	1.0112745	-10.64559	-53.754673	-49.790047	0.0	116776982	37314.75633883476
581	-315.82397	-315.82397	3.40502	-49.788403	1.0131458	-20.09697	-54.800068	-49.78832	0.0	116977981	37376.20702290535
582	-303.6347	-303.6347	-1.9748298	-49.791817	1.0073361	-12.285675	-55.45254	-49.791916	0.0	117178982	37437.201770067215
583	-321.68954	-321.68954	8.777083	-49.789383	1.012639	-12.402048	-55.05261	-49.789333	0.0	117379997	37498.18560099602
584	-198.29031	-198.29031	1.9526142	-49.790783	1.0051935	-33.473244	-55.228645	-49.79073	0.0	117580982	37558.97283887863
585	-296.64484	-296.64484	7.298735	-49.789677	1.0120058	-13.264709	-56.499146	-49.789585	0.0	117781988	37619.88957095146
586	-319.94583	-319.94583	4.421526	-49.78637	1.0201558	-13.0782795	-55.08662	-49.78651	0.0	117982984	37681.16667342186
587	-282.5463	-282.5463	-31.429628	-49.790527	1.010517	-17.27547	-56.18293	-49.7906	0.0	118184001	37742.66352748871
588	-279.74167	-279.74167	6.002161	-49.79146	0.9979892	-33.992676	-55.495445	-49.791325	0.0	118384983	37803.812542676926
589	-276.34668	-276.34668	-29.734772	-49.788815	1.0144868	-12.058164	-55.187878	-49.788876	0.0	118585981	37865.12560534477
590	-261.28003	-261.28003	0.56026727	-49.79006	1.0128287	-9.541895	-55.151234	-49.790024	0.1	118786990	37926.79358506203
591	-354.52353	-354.52353	2.5385294	-49.78797	1.01649	-12.552439	-55.75297	-49.787968	0.0	118987983	37988.01450634003
592	-388.0239	-388.0239	8.502007	-49.790604	1.0102988	-6.56788	-55.47111	-49.790596	0.0	119189001	38049.62884473801
593	-279.69336	-279.69336	8.571123	-49.79024	1.0096772	-2.3638554	-54.84983	-49.7903	0.0	119389985	38110.925250053406
594	-320.89664	-320.89664	2.0552118	-49.788475	1.0131966	-3.953148	-54.60787	-49.78847	0.0	119590981	38172.55844044685
595	-320.92963	-320.92963	7.3058195	-49.7907	1.0105473	-3.5250847	-57.45514	-49.790695	0.0	119791982	38234.11374759674
596	-241.08357	-241.08357	2.705719	-49.788113	1.0121157	-18.793201	-54.47583	-49.788143	0.0	119992981	38295.17507266998
597	-267.64166	-267.64166	2.2809625	-49.788483	1.0114475	-31.255934	-54.73116	-49.788452	0.0	120193990	38356.11451435089
598	-276.131	-276.131	4.1414027	-49.783703	1.0228544	-13.339214	-55.53266	-49.7837	0.0	120394982	38417.213664770126
599	-309.71524	-309.71524	8.790828	-49.787197	1.0131953	-3.459127	-54.131012	-49.7872	0.0	120595984	38478.236053705215
600	-230.42381	-230.42381	10.592859	-49.789204	1.0160238	2.9165342	-54.987568	-49.789272	0.0	120796985	38539.03791475296
601	-356.67798	-356.67798	0.93207717	-49.786545	1.0210761	3.5358098	-55.02173	-49.78649	0.0	120997990	38600.26256322861
602	-231.35709	-231.35709	8.347259	-49.78456	1.019176	-5.6287155	-55.311398	-49.784595	0.0	121198987	38661.22290682793
603	-282.58997	-282.58997	-58.453712	-49.785515	1.0153742	-28.132694	-54.764397	-49.78549	0.0	121399982	38721.93745756149
604	-286.49384	-286.49384	8.448183	-49.788795	1.022638	6.860404	-56.060364	-49.788788	0.0	121600982	38782.7883412838
605	-323.2296	-323.2296	10.409136	-49.787727	1.0216985	-3.491528	-55.682156	-49.787773	0.0	121801983	38844.01306080818
606	-303.36917	-303.36917	8.438575	-49.78479	1.0228904	-0.30833292	-55.468796	-49.78475	0.0	122002987	38905.386790275574
607	-226.99916	-226.99916	7.2238064	-49.78581	1.0186859	-5.799856	-55.26221	-49.785805	0.0	122203982	38966.65323162079
608	-204.57428	-204.57428	-3.4323318	-49.78191	1.0311171	-31.503014	-55.117466	-49.782036	0.0	122404981	39028.24096059799
609	-375.04102	-375.04102	7.826843	-49.783463	1.0253592	-0.6200681	-56.297394	-49.783455	0.0	122605985	39089.33321118355
610	-440.23663	-440.23663	8.981707	-49.78621	1.0138711	-13.197573	-55.8365	-49.786232	0.0	122806982	39150.32405424118
611	-319.40628	-319.40628	9.4057045	-49.78831	1.0155548	-2.738375	-55.33088	-49.78827	0.0	123007997	39211.8258395195
612	-324.8204	-324.8204	8.717025	-49.784733	1.0214531	-19.343512	-55.159973	-49.784916	0.0	123208984	39272.871205329895
613	-367.67575	-367.67575	2.9020345	-49.787685	1.0142165	-17.371428	-55.406853	-49.78768	0.0	123410001	39334.293162584305
614	-322.82608	-322.82608	8.351014	-49.785847	1.0146201	-30.092974	-55.0961	-49.785835	0.0	123610983	39395.94613838196
615	-219.99785	-219.99785	-0.0931245	-49.783245	1.0276372	-31.356314	-54.98958	-49.783245	0.0	123811982	39457.22526335716
616	-287.18024	-287.18024	2.5498812	-49.784935	1.0153834	-31.30719	-54.984974	-49.78487	0.0	124012982	39518.57438993454
617	-266.7594	-266.7594	4.571442	-49.78535	1.0156336	-20.020794	-55.86489	-49.78536	0.0	124213986	39579.890796899796
618	-276.0968	-276.0968	7.3177595	-49.78568	1.0157859	-9.959578	-56.81647	-49.785755	0.0	124414982	39641.33512568474
619	-337.9146	-337.9146	-0.819034	-49.78397	1.0238936	-16.704237	-55.600113	-49.784008	0.0	124615983	39703.49513554573
620	-324.98593	-324.98593	3.1948454	-49.78558	1.0189781	-9.980845	-55.44126	-49.78548	0.0	124816986	39764.8263862133
621	-292.93112	-292.93112	5.661033	-49.78619	1.0125422	-16.844784	-55.404137	-49.786266	0.0	125017984	39826.181029081345
622	-356.26663	-356.26663	1.217781	-49.785213	1.0124243	-12.734366	-55.050976	-49.785126	0.0	125218990	39887.98450613022
623	-323.96844	-323.96844	0.7356695	-49.784	1.023792	-12.466512	-55.31284	-49.784145	0.0	125419988	39949.42277097702
624	-276.70264	-276.70264	5.1626487	-49.78269	1.0231391	-11.498159	-54.97025	-49.782654	0.0	125621001	40011.114144563675
625	-211.99052	-211.99052	6.262878	-49.78443	1.016522	-19.45906	-54.50588	-49.784435	0.0	125821982	40072.29362821579
626	-327.3057	-327.3057	3.5488288	-49.784115	1.01859	-30.553501	-54.523746	-49.78421	0.0	126022983	40133.64397907257
627	-335.70755	-335.70755	-0.8721931	-49.78305	1.019642	-29.245615	-54.526978	-49.782932	0.0	126223981	40195.245832920074
628	-272.89954	-272.89954	7.478148	-49.78409	1.0205222	-19.188908	-54.771202	-49.784187	0.0	126424981	40256.3869407177
629	-261.3738	-261.3738	1.9698074	-49.785667	1.0181035	-9.050315	-56.518974	-49.78574	0.1	126625984	40317.47665476799
630	-327.87735	-327.87735	8.110162	-49.78229	1.0265718	-13.878956	-54.353024	-49.782295	0.0	126827001	40378.66427087784
631	-287.97684	-287.97684	7.0058208	-49.78216	1.0250471	-17.131771	-54.47612	-49.78202	0.0	127027984	40440.427614212036
632	-260.1316	-260.1316	5.664482	-49.782433	1.016831	-16.223392	-54.68228	-49.78261	0.0	127228981	40501.53598499298
633	-332.78317	-332.78317	7.0672803	-49.78306	1.0161577	-34.23772	-56.011692	-49.78306	0.0	127429982	40563.03632354736
634	-255.44127	-255.44127	5.82578	-49.781857	1.0315366	3.9735003	-54.781776	-49.781876	0.0	127631001	40624.040598869324
635	-228.53076	-228.53076	3.4593744	-49.77925	1.0308299	2.8165123	-55.537327	-49.77923	0.0	127831983	40685.12447500229
636	-248.53416	-248.53416	4.0630527	-49.780174	1.0283365	-11.2196	-55.453426	-49.78018	0.0	128032984	40746.64221715927
637	-289.4974	-289.4974	8.180705	-49.78111	1.023202	-33.510967	-56.354385	-49.781162	0.0	128233984	40807.98103904724
638	-320.76105	-320.76105	8.353462	-49.78471	1.0111556	-17.760553	-56.47541	-49.784786	0.0	128434982	40869.88537979126
639	-300.5917	-300.5917	6.6349535	-49.78021	1.0298637	-12.45726	-54.42626	-49.780163	0.0	128635983	40931.99543237686
640	-275.38565	-275.38565	9.887071	-49.780968	1.0231903	-19.734566	-55.163677	-49.780895	0.0	128837001	40992.85161805153
641	-289.45993	-289.45993	-2.89303	-49.77919	1.0267229	-15.508352	-55.92335	-49.779278	0.0	129037985	41054.1175866127
642	-368.3043	-368.3043	-1.697775	-49.783833	1.0130275	-23.21764	-54.90116	-49.783833	0.0	129238997	41115.40776062012
643	-273.66013	-273.66013	7.6050305	-49.779747	1.0322185	-25.843569	-61.920288	-49.779728	0.0	129439982	41176.39235520363
644	-206.26607	-206.26607	6.2401524	-49.78041	1.022362	-8.7152605	-55.943684	-49.78056	0.0	129640981	41237.46187400818
645	-261.19318	-261.19318	8.499505	-49.781853	1.0232804	-31.074947	-55.398357	-49.781727	0.0	129841983	41298.492283821106
646	-269.658	-269.658	6.2125325	-49.77943	1.0241829	-29.027924	-54.944164	-49.77945	0.0	130042985	41359.382633686066
647	-242.16664	-242.16664	6.0098968	-49.781353	1.0205177	-25.56864	-54.858307	-49.781384	0.0	130243985	41420.09533381462
648	-247.26277	-247.26277	4.803998	-49.779438	1.0312799	-8.211489	-56.979656	-49.77947	0.0	130444982	41481.37325453758
649	-264.65814	-264.65814	9.072228	-49.780724	1.0254155	-5.2710724	-56.55993	-49.78073	0.0	130645989	41542.37921023369
650	-268.25455	-268.25455	11.853803	-49.78142	1.022796	-11.868103	-56.701717	-49.78138	0.0	130846982	41602.94929289818
651	-197.37653	-197.37653	5.08761	-49.77951	1.0303649	-31.74506	-57.194115	-49.77953	0.0	131047989	41663.98708128929
652	-267.01923	-267.01923	-0.6584486	-49.77398	1.0448445	-5.7732134	-55.16834	-49.77399	0.0	131248983	41725.27095746994
653	-254.49547	-254.49547	3.2477763	-49.781277	1.0225409	-1.6127537	-55.624546	-49.781345	0.0	131449982	41786.866741895676
654	-305.33682	-305.33682	-3.6726213	-49.780197	1.026711	-11.222136	-57.543186	-49.780197	0.0	131650994	41848.18835449219
655	-224.64336	-224.64336	4.6448793	-49.780922	1.0309876	7.638736	-55.10758	-49.78088	0.0	131851982	41909.41382431984
656	-318.72437	-318.72437	5.0035253	-49.77738	1.0425457	-2.8380299	-54.92928	-49.77748	0.0	132052988	41970.716341495514
657	-280.87485	-280.87485	8.351259	-49.77722	1.0343432	-31.29208	-56.65855	-49.777187	0.0	132253990	42032.03129386902
658	-327.73938	-327.73938	7.8517866	-49.774647	1.0400004	-1.2403561	-54.492733	-49.77467	0.0	132454981	42093.621826171875
659	-246.741	-246.741	6.687993	-49.780125	1.0288383	-18.297937	-55.401634	-49.78008	0.0	132655986	42154.5461101532
660	-300.6455	-300.6455	10.833268	-49.777935	1.0404773	-4.0030317	-57.703632	-49.777927	0.0	132856983	42215.80863118172
661	-250.33104	-250.33104	4.3636603	-49.77564	1.042693	-31.565725	-54.956284	-49.77574	0.0	133057982	42276.91099572182
662	-258.0747	-258.0747	6.9854126	-49.777596	1.031126	-31.925705	-55.050728	-49.777634	0.0	133258993	42338.191742658615
663	-276.7892	-276.7892	4.0248737	-49.7768	1.0386641	-6.9679565	-55.342426	-49.77678	0.1	133459982	42399.96695971489
664	-290.173	-290.173	7.725897	-49.77923	1.035771	-0.7149396	-54.790874	-49.779144	0.0	133660992	42461.16010642052
665	-273.06848	-273.06848	9.474298	-49.77767	1.0280534	-21.967752	-55.663074	-49.77782	0.1	133861983	42522.104519844055
666	-219.43884	-219.43884	8.398286	-49.77796	1.0414082	1.1046395	-56.505016	-49.777817	0.0	134062983	42582.88351559639
667	-208.32455	-208.32455	8.199964	-49.77772	1.0275754	-14.511624	-55.435833	-49.777756	0.0	134264001	42644.37240457535
668	-291.00693	-291.00693	7.5809445	-49.777973	1.0289778	-13.584128	-54.575752	-49.778027	0.0	134464982	42705.78509140015
669	-265.46066	-265.46066	7.587091	-49.77668	1.0385159	-8.099291	-55.14751	-49.776653	0.0	134665985	42767.15738105774
670	-321.32272	-321.32272	4.9013042	-49.77728	1.041393	0.37401438	-55.868057	-49.777363	0.1	134866985	42827.91007614136
671	-307.00668	-307.00668	1.9889095	-49.77728	1.0349513	8.751969	-55.66381	-49.777306	0.0	135067983	42889.00200724602
672	-232.07666	-232.07666	6.8245087	-49.779495	1.0336229	9.78909	-55.87125	-49.77952	0.0	135268985	42950.68319272995
673	-267.67294	-267.67294	8.586718	-49.774437	1.0411187	-29.849562	-54.967922	-49.77447	0.0	135469991	43011.9456744194
674	-267.31485	-267.31485	6.6168566	-49.777485	1.0339392	-5.5926046	-55.15694	-49.77743	0.0	135670987	43073.46836090088
675	-374.2884	-374.2884	4.493981	-49.77257	1.0475967	-20.26728	-55.122486	-49.77264	0.0	135871982	43134.66729927063
676	-254.44763	-254.44763	4.912508	-49.778915	1.0311539	-1.5952728	-56.308308	-49.778923	0.0	136072981	43196.04424095154
677	-227.504	-227.504	-3.9232597	-49.775433	1.0340028	-10.542284	-55.890804	-49.7754	0.0	136273995	43257.920640707016
678	-208.69392	-208.69392	-10.919449	-49.778522	1.0331507	-0.7425935	-59.15673	-49.77852	0.1	136474997	43318.98565673828
679	-226.97253	-226.97253	-0.06719341	-49.776955	1.0315119	-1.2419928	-56.141834	-49.77711	0.0	136675982	43380.35389113426
680	-260.862	-260.862	5.197011	-49.774162	1.0396637	-33.411827	-54.842476	-49.774124	0.0	136876983	43441.939297914505
681	-233.80025	-233.80025	-7.6695256	-49.777527	1.0343964	-4.7404914	-55.513523	-49.777527	0.0	137077984	43503.08469033241
682	-292.81693	-292.81693	-5.188256	-49.77329	1.0455092	-1.1192489	-55.92131	-49.773266	0.0	137278983	43563.96047639847
683	-323.01315	-323.01315	-0.008242691	-49.77559	1.0412891	3.0346994	-55.447414	-49.77567	0.0	137479990	43625.56443834305
684	-377.87308	-377.87308	-13.1501045	-49.775997	1.038024	1.1253762	-55.10756	-49.776096	0.0	137680989	43687.31988811493
685	-362.52304	-362.52304	-0.9148875	-49.773876	1.0365256	-2.2356987	-55.961563	-49.773815	0.0	137881984	43748.91641044617
686	-347.75458	-347.75458	3.151751	-49.775795	1.0368851	-32.34411	-57.229862	-49.77589	0.0	138083001	43810.56010746956
687	-253.37842	-253.37842	-11.3243265	-49.778996	1.0265334	-11.645835	-57.88367	-49.779087	0.0	138283981	43871.9723610878
688	-333.94275	-333.94275	-13.003262	-49.775402	1.0406789	5.8250523	-55.866997	-49.775543	0.0	138484987	43933.56356167793
689	-327.35764	-327.35764	-10.865986	-49.773067	1.040192	0.49002957	-56.273422	-49.772877	0.0	138685983	43995.11718702316
690	-329.74683	-329.74683	2.3392909	-49.77522	1.038696	-8.030884	-55.763832	-49.77518	0.0	138886988	44056.99246239662
691	-337.51013	-337.51013	-99.208664	-49.774685	1.0361446	-8.256959	-55.024704	-49.774803	0.0	139087982	44118.439975738525
692	-358.6461	-358.6461	-83.83712	-49.770794	1.0553607	4.3040276	-55.477055	-49.77079	0.0	139288987	44180.06283521652
693	-365.62463	-365.62463	-161.4814	-49.77689	1.0281593	7.324131	-56.256775	-49.776985	0.0	139489998	44241.70506644249
694	-277.51233	-277.51233	-22.960602	-49.77631	1.0329627	-5.5587034	-55.322197	-49.77631	0.0	139690993	44303.620158195496
695	-414.43445	-414.43445	-7.578447	-49.772335	1.0414683	-30.8967	-55.331432	-49.77225	0.0	139891985	44365.289910793304
696	-381.29886	-381.29886	-14.477444	-49.77313	1.0409826	-21.217787	-56.329487	-49.773273	0.0	140092992	44427.356013298035
697	-249.59781	-249.59781	-10.044471	-49.776306	1.0299883	-11.267033	-55.815586	-49.776283	0.0	140293986	44488.9060587883
698	-351.95648	-351.95648	-132.886	-49.778236	1.0303689	-29.126802	-55.625854	-49.77828	0.0	140494986	44550.543964385986
699	-286.89282	-286.89282	-198.06918	-49.772488	1.0498487	-5.185622	-55.177822	-49.772507	0.0	140695992	44611.548414707184
700	-258.7229	-258.7229	-9.382955	-49.77415	1.0457087	2.0835953	-55.61932	-49.77424	0.0	140896988	44673.009540081024
701	-362.48694	-362.48694	5.0660734	-49.773056	1.0417024	-0.9758482	-55.23068	-49.773003	0.0	141097995	44734.46932911873
702	-242.64468	-242.64468	-1.5616268	-49.773403	1.0438614	-7.628992	-55.497402	-49.77344	0.0	141298982	44796.20055913925
703	-311.2938	-311.2938	0.92881167	-49.772743	1.0388759	-22.257114	-55.28003	-49.772755	0.0	141499982	44857.663705825806
704	-285.77026	-285.77026	-64.244774	-49.770863	1.0501034	0.34693122	-54.51646	-49.770885	0.0	141700981	44919.13853240013
705	-264.0029	-264.0029	2.3402526	-49.7714	1.0482924	1.7864602	-54.26116	-49.77147	0.0	141901985	44981.0107357502
706	-293.5871	-293.5871	-182.03964	-49.774464	1.0354027	-5.9152145	-55.688984	-49.774467	0.0	142102990	45042.83398151398
707	-366.0176	-366.0176	-94.6945	-49.775547	1.0301087	-23.875856	-54.262035	-49.77561	0.0	142303981	45104.296218156815
708	-259.88202	-259.88202	5.343262	-49.770725	1.0457554	-26.284039	-54.95942	-49.770725	0.0	142504982	45165.715891599655
709	-342.22375	-342.22375	0.5083077	-49.77235	1.0428658	-34.086193	-55.307102	-49.772423	0.0	142705989	45227.73078370094
710	-316.91516	-316.91516	-234.16396	-49.767788	1.0499103	-31.411295	-55.392776	-49.767883	0.0	142906984	45289.55064225197
711	-320.25696	-320.25696	-150.95992	-49.77186	1.0417557	-34.955524	-54.88063	-49.771824	0.0	143107986	45351.29039430618
712	-330.45667	-330.45667	2.6521654	-49.770878	1.0399244	-32.117985	-57.81922	-49.7709	0.1	143308984	45413.555043935776
713	-278.3692	-278.3692	2.3253138	-49.767956	1.04959	-32.53318	-55.118595	-49.767944	0.0	143509981	45475.21147656441
714	-379.58994	-379.58994	3.4909136	-49.76784	1.0459398	-31.540855	-56.030544	-49.767895	0.0	143710995	45537.04025745392
715	-227.94449	-227.94449	-5.3573413	-49.77193	1.0423836	-30.0007	-54.778427	-49.772022	0.0	143911982	45598.042155981064
716	-332.36005	-332.36005	-178.1555	-49.7729	1.0380424	-34.45499	-56.742588	-49.77293	0.0	144113001	45659.86290383339
717	-359.42047	-359.42047	-0.7370476	-49.77346	1.0353006	-34.18857	-55.58246	-49.773483	0.0	144313982	45721.19967341423
718	-336.2383	-336.2383	7.5303726	-49.77045	1.043833	-28.646236	-55.35491	-49.770493	0.0	144514981	45782.32153344154
719	-270.70862	-270.70862	9.684035	-49.769012	1.0437931	-32.451633	-56.344753	-49.768917	0.0	144715981	45846.46956253052
720	-350.36313	-350.36313	-12.032407	-49.76937	1.0472307	-32.852898	-55.008114	-49.769466	0.0	144917001	45908.843153715134
721	-309.37503	-309.37503	4.1473336	-49.7686	1.040824	-32.61275	-56.241634	-49.76862	0.0	145117982	45970.16236066818
722	-305.07278	-305.07278	0.49639142	-49.77088	1.039559	-31.557182	-54.739166	-49.77083	0.1	145318990	46031.13696312904
723	-335.53433	-335.53433	-2.1653564	-49.77046	1.0427006	-31.116919	-56.998077	-49.770412	0.0	145519984	46092.18912887573
724	-249.70125	-249.70125	-3.0171432	-49.769268	1.0400947	-33.322052	-55.419983	-49.769344	0.0	145720987	46153.767287015915
725	-279.8169	-279.8169	4.4286613	-49.771225	1.0409753	-31.74374	-55.7538	-49.771294	0.0	145921984	46216.34429240227
726	-265.07718	-265.07718	-10.096416	-49.770615	1.0345893	-33.106266	-54.877815	-49.770596	0.0	146122991	46278.237995386124
727	-339.2909	-339.2909	-3.906026	-49.769833	1.0444845	-30.014532	-56.090946	-49.769978	0.0	146323990	46339.978867292404
728	-328.4442	-328.4442	4.960117	-49.768993	1.0414245	-28.222609	-55.396877	-49.76894	0.0	146524982	46400.99364733696
729	-308.91458	-308.91458	-53.878807	-49.770386	1.0405356	-33.990974	-55.2022	-49.770374	0.0	146725984	46462.14184260368
730	-301.2808	-301.2808	-14.30885	-49.76749	1.0523224	-29.75917	-56.076355	-49.76756	0.0	146926986	46524.19246816635
731	-312.915	-312.915	-126.39542	-49.769985	1.0460294	-23.546988	-55.050903	-49.769978	0.0	147127993	46585.79278922081
732	-266.24835	-266.24835	-105.11025	-49.771015	1.0343943	-29.694254	-56.47267	-49.77107	0.0	147328982	46647.748250722885
733	-269.50275	-269.50275	-15.443158	-49.77284	1.0303198	-30.638056	-54.865974	-49.772774	0.0	147529983	46709.28856134415
734	-305.42023	-305.42023	-134.78192	-49.76887	1.0440941	-31.546635	-55.32163	-49.768982	0.0	147730985	46770.476950883865
735	-351.4092	-351.4092	-1.3684763	-49.76869	1.0423048	-34.436584	-55.754715	-49.76872	0.1	147931982	46832.429147958755
736	-386.452	-386.452	-80.84461	-49.767162	1.0488443	-34.095154	-55.751816	-49.767204	0.1	148132991	46894.513879299164
737	-269.246	-269.246	-8.868873	-49.768047	1.043008	-29.977205	-56.20821	-49.76813	0.0	148333993	46956.214646816254
738	-298.44427	-298.44427	-96.895775	-49.768394	1.0469455	-31.409977	-55.061222	-49.768375	0.0	148534984	47017.85248732567
739	-321.0933	-321.0933	-11.965192	-49.769398	1.0437244	-22.58284	-55.247437	-49.76939	0.0	148735982	47078.93862700462
740	-293.01718	-293.01718	-171.39174	-49.76899	1.0435467	-11.034599	-55.56191	-49.768986	0.0	148936983	47139.86784052849
741	-341.7412	-341.7412	-111.5173	-49.769917	1.0378217	-28.165897	-55.118008	-49.770042	0.0	149137981	47201.26986312866
742	-315.84396	-315.84396	-34.625496	-49.762585	1.0590354	-29.226458	-55.646732	-49.762535	0.1	149338991	47262.49895739555
743	-273.85464	-273.85464	-14.349565	-49.76708	1.0430045	-31.449348	-58.818768	-49.767166	0.0	149539981	47323.77534389496
744	-218.04385	-218.04385	4.7504325	-49.76702	1.0447638	-20.60865	-55.01243	-49.766994	0.0	149740986	47386.785782814026
745	-244.31244	-244.31244	-183.38515	-49.76797	1.0425733	-33.786175	-57.167534	-49.768112	0.0	149941982	47448.37304496765
746	-303.92358	-303.92358	6.363386	-49.766964	1.0441405	-34.537617	-54.862717	-49.76685	0.1	150142990	47509.92576169968
747	-284.4762	-284.4762	4.741766	-49.770206	1.0445459	-31.777342	-56.011925	-49.770416	0.1	150343994	47570.87312531471
748	-272.12097	-272.12097	-0.7420728	-49.766743	1.0460161	-32.959755	-56.142357	-49.766624	0.0	150544984	47632.595158576965
749	-323.12198	-323.12198	-1.9192092	-49.767063	1.0450761	-31.581875	-54.834923	-49.76718	0.0	150745992	47694.43980097771
750	-361.7681	-361.7681	-26.658295	-49.769337	1.041552	-32.5367	-54.970036	-49.769295	0.0	150946985	47756.68000102043
751	-316.1832	-316.1832	1.1635478	-49.76253	1.0578738	-31.909977	-55.59781	-49.76258	0.0	151148001	47818.663840293884
752	-279.48718	-279.48718	6.1222706	-49.7662	1.0471938	-32.86385	-55.17616	-49.766174	0.0	151348992	47880.17206430435
753	-303.01013	-303.01013	-174.45746	-49.765663	1.0520327	-34.713108	-55.141167	-49.76568	0.1	151549981	47942.29508805275
754	-339.197	-339.197	2.511924	-49.764446	1.0500683	-29.901224	-55.7545	-49.764427	0.0	151750985	48003.73479986191
755	-330.48172	-330.48172	-2.7371264	-49.766006	1.0467925	-28.987572	-55.51911	-49.76609	0.1	151951985	48065.873945236206
756	-434.6871	-434.6871	-71.24732	-49.76808	1.0489594	-32.711746	-56.161182	-49.768158	0.0	152152983	48127.82816553116
757	-375.036	-375.036	2.6579552	-49.767014	1.0439552	-25.228868	-56.363472	-49.76697	0.1	152353987	48189.60895252228
758	-295.74237	-295.74237	-7.828001	-49.76513	1.0542983	-31.19176	-54.866394	-49.765263	0.0	152554982	48251.050943136215
759	-374.61508	-374.61508	1.4398595	-49.767174	1.0472434	-31.56211	-56.0489	-49.76712	0.0	152755983	48312.3653781414
760	-272.49445	-272.49445	7.445518	-49.766388	1.0484102	-26.226015	-57.2814	-49.7665	0.1	152956982	48373.46632409096
761	-252.02504	-252.02504	7.661484	-49.764584	1.0496402	-30.300808	-54.877934	-49.764515	0.0	153157982	48434.52658247948
762	-356.95563	-356.95563	5.362691	-49.76448	1.0474683	-33.883198	-57.06126	-49.76447	0.0	153358983	48495.75897741318
763	-258.21732	-258.21732	-1.3523517	-49.767174	1.042196	-30.152596	-56.98647	-49.76736	0.0	153560001	48557.10367536545
764	-321.90213	-321.90213	-46.68943	-49.762062	1.0556077	-26.911276	-54.418797	-49.762	0.1	153760986	48618.98109602928
765	-243.9467	-243.9467	6.914267	-49.762802	1.0531375	-32.907276	-57.18866	-49.762924	0.0	153961990	48680.80736231804
766	-233.70374	-233.70374	11.494372	-49.765068	1.0431044	-30.997375	-55.03318	-49.76497	0.1	154162981	48742.145584106445
767	-281.5438	-281.5438	-1.4271582	-49.764477	1.0525907	-29.288347	-54.996788	-49.764473	0.0	154364001	48803.5469417572
768	-252.20396	-252.20396	2.0921705	-49.76721	1.041021	-32.26853	-55.0325	-49.76735	0.0	154564984	48864.70500254631
769	-256.88138	-256.88138	-119.731316	-49.764526	1.0505569	-30.02601	-55.269188	-49.76449	0.1	154765983	48925.82161426544
770	-268.07642	-268.07642	2.2138145	-49.76396	1.052548	-33.835953	-55.20667	-49.763985	0.0	154966982	48986.76374268532
771	-354.46457	-354.46457	7.7881	-49.76403	1.0533987	-29.86612	-55.287613	-49.76415	0.0	155167981	49048.47176647186
772	-272.32794	-272.32794	1.0009853	-49.762497	1.0529424	-35.09052	-56.786163	-49.762524	0.0	155368989	49109.560871601105
773	-323.39624	-323.39624	4.6460094	-49.765594	1.0451915	-32.667286	-56.533817	-49.765575	0.0	155569982	49170.74718666077
774	-283.60416	-283.60416	5.7749057	-49.767082	1.0429407	-28.563131	-55.219406	-49.76705	0.1	155770981	49231.60706496239
775	-272.3467	-272.3467	-92.75054	-49.76693	1.038393	-30.470352	-54.933437	-49.767033	0.0	155971983	49292.60487651825
776	-222.99199	-222.99199	2.1024084	-49.762905	1.0566903	-31.95536	-55.878574	-49.76281	0.0	156172982	49353.17377471924
777	-307.24945	-307.24945	3.8097296	-49.76273	1.0576042	-32.619747	-55.812428	-49.762867	0.0	156373999	49414.89661026001
778	-287.26532	-287.26532	-3.4303946	-49.761356	1.0507442	-29.274916	-54.632973	-49.761448	0.0	156574982	49475.9679517746
779	-291.62537	-291.62537	-11.158563	-49.758698	1.0623978	-33.657097	-56.508133	-49.758617	0.0	156775981	49537.1813519001
780	-326.96786	-326.96786	7.676399	-49.760838	1.0580341	-33.239544	-59.38988	-49.761047	0.0	156977001	49598.55367684364
781	-282.047	-282.047	2.3999748	-49.760242	1.0550039	-33.916504	-55.55705	-49.76021	0.0	157177990	49659.42518854141
782	-312.6422	-312.6422	-165.0746	-49.762745	1.0551267	-29.541769	-55.78331	-49.76269	0.1	157378983	49720.32835030556
783	-281.8695	-281.8695	1.7939224	-49.763313	1.0491718	-28.062548	-57.067924	-49.76345	0.1	157579982	49780.77718138695
784	-293.2375	-293.2375	-115.74747	-49.763607	1.0540336	-32.414455	-56.36207	-49.763634	0.0	157780984	49843.91162467003
785	-333.5858	-333.5858	-4.40737	-49.766068	1.046145	-35.13147	-58.15486	-49.765987	0.0	157981981	49907.11787891388
786	-318.8899	-318.8899	-3.2832296	-49.762817	1.0445181	-33.891773	-56.290833	-49.76289	0.0	158182981	49980.5929350853
787	-295.56165	-295.56165	-5.053152	-49.761658	1.0542294	-33.435577	-55.167763	-49.761654	0.0	158383997	50048.71679639816
788	-295.28357	-295.28357	2.125136	-49.76391	1.0502225	-32.82253	-56.61329	-49.76392	0.3	158584981	50113.10924553871
789	-283.8722	-283.8722	-154.4745	-49.764755	1.0524191	-28.438396	-60.164703	-49.764843	0.0	158785986	50177.07749629021
790	-242.65486	-242.65486	0.7469759	-49.76018	1.0556685	-33.33514	-55.448097	-49.76014	0.0	158986989	50240.63914394379
791	-285.3748	-285.3748	6.196921	-49.759544	1.0557342	-33.890408	-55.580887	-49.759624	0.0	159187981	50305.00513482094
792	-280.7227	-280.7227	4.047458	-49.764153	1.0471015	-32.88304	-55.460274	-49.764053	0.0	159388993	50371.68240380287
793	-264.8223	-264.8223	9.531093	-49.758743	1.0564563	-31.44292	-55.265854	-49.758896	0.0	159589984	50437.05427479744
794	-276.80603	-276.80603	-148.07156	-49.761234	1.0497184	-31.437706	-55.149445	-49.761215	0.0	159790982	50501.45580601692
