Epoch	EpRet	EpRealRet	TestEpRet	AverageQ1	StdQ1	MaxQ1	MinQ1	Q2	TestSuccess	TotalEnvInteracts	TotalTime
0	-116.3329	-116.3329	-16.60803	-45.218636	10.134479	-0.09933957	-117.227264	-45.235912	0.0	196982	90.52504706382751
1	-122.503044	-122.503044	-2.5442297	-49.81591	1.2953205	-28.331034	-112.05858	-49.818386	0.0	397983	178.85997581481934
2	-112.27195	-112.27195	-15.991278	-49.835052	1.1891638	-32.7993	-64.59575	-49.83543	0.0	598981	267.3254277706146
3	-113.95089	-113.95089	-20.276894	-49.862328	0.98740447	-32.824577	-82.09538	-49.862797	0.0	799981	356.27658009529114
4	-122.233086	-122.233086	-4.2968154	-49.83078	1.0427561	-33.289597	-69.499664	-49.830856	0.0	1000985	445.12616419792175
5	-112.468185	-112.468185	-18.948078	-49.754948	1.2506993	-33.119038	-54.52513	-49.754833	0.0	1201981	534.6487174034119
6	-119.46331	-119.46331	-16.84975	-49.735275	1.4149206	-30.176992	-68.02938	-49.735046	0.0	1402983	623.2166810035706
7	-116.46554	-116.46554	-26.32522	-49.690266	1.58978	-27.820847	-54.409664	-49.690308	0.0	1603982	712.017110824585
8	-120.7192	-120.7192	-12.739399	-49.685448	1.6121156	-27.902939	-56.972424	-49.68533	0.0	1804984	800.1490435600281
9	-114.99313	-114.99313	-24.837366	-49.723663	1.3938996	-28.218336	-54.423286	-49.723705	0.0	2005981	888.0013799667358
10	-118.8473	-118.8473	-17.44995	-49.789165	1.1465542	-31.588205	-58.810764	-49.789062	0.0	2206981	977.2530858516693
11	-119.5924	-119.5924	-25.375685	-49.831013	1.0290612	-32.82407	-54.152508	-49.83096	0.0	2407982	1066.4360811710358
12	-112.83806	-112.83806	-23.245298	-49.821983	1.0454861	-32.824905	-55.04929	-49.821873	0.0	2608981	1155.0398576259613
13	-121.261566	-121.261566	-28.344666	-49.82589	1.0226517	-34.18884	-56.60956	-49.825966	0.0	2809982	1244.0052740573883
14	-118.28188	-118.28188	-17.485449	-49.83111	1.0090578	-34.75119	-54.51966	-49.83117	0.0	3010982	1332.9953126907349
15	-119.748024	-119.748024	-21.373722	-49.8255	1.0334842	-34.82423	-55.319767	-49.82545	0.0	3211981	1421.7440855503082
16	-114.18214	-114.18214	-14.508602	-49.827232	1.0451462	-34.759735	-61.135197	-49.82725	0.0	3412983	1510.1923332214355
17	-113.837555	-113.837555	-10.241815	-49.827618	1.05174	-34.322037	-54.729076	-49.827824	0.0	3613981	1598.913242340088
18	-111.469215	-111.469215	-21.934155	-49.83117	1.0410426	-32.650745	-59.807293	-49.831173	0.0	3814982	1688.4954209327698
19	-114.67755	-114.67755	-19.404696	-49.833736	1.0300819	-33.17792	-54.107727	-49.833855	0.0	4015983	1777.1635203361511
20	-119.987206	-119.987206	-19.446396	-49.84179	0.9965528	-32.10491	-53.417374	-49.841663	0.0	4216981	1865.7800507545471
21	-121.574265	-121.574265	-12.671726	-49.85131	0.9738613	-30.985504	-55.739902	-49.851295	0.0	4417981	1954.1820538043976
22	-116.3013	-116.3013	-14.59024	-49.845158	0.9851213	-32.114548	-54.169346	-49.845036	0.0	4618982	2042.1875932216644
23	-117.51345	-117.51345	-17.522215	-49.84248	0.98393166	-32.00178	-55.1777	-49.8425	0.0	4819981	2130.756455898285
24	-117.71983	-117.71983	-31.538416	-49.84323	0.97677785	-32.11484	-64.45418	-49.843124	0.0	5020988	2219.3734064102173
25	-109.74553	-109.74553	-9.4814005	-49.83458	1.011537	-31.91012	-53.06734	-49.834736	0.0	5221983	2309.1053891181946
26	-115.84361	-115.84361	-22.050352	-49.8304	1.0224608	-31.155645	-53.71712	-49.830353	0.0	5422982	2397.776158094406
27	-110.68149	-110.68149	-12.572575	-49.827915	1.0143583	-32.96222	-52.994	-49.827827	0.0	5623984	2486.324187040329
28	-119.83984	-119.83984	-14.928646	-49.82471	1.0154686	-33.632935	-60.32741	-49.824684	0.0	5824984	2574.909560441971
29	-118.95529	-118.95529	-17.666313	-49.81962	1.0434071	-32.701366	-53.555237	-49.819443	0.0	6025982	2663.2277076244354
30	-117.148346	-117.148346	-9.663086	-49.81275	1.0597936	-33.085415	-53.3266	-49.81292	0.0	6226983	2751.7931258678436
31	-119.50052	-119.50052	-6.6051865	-49.808323	1.072025	-31.124575	-55.636482	-49.8083	0.0	6427985	2841.0282435417175
32	-115.510506	-115.510506	-6.6693163	-49.800926	1.10022	-28.765984	-53.227325	-49.800873	0.0	6628983	2930.498815536499
33	-126.92132	-126.92132	-19.204763	-49.79044	1.1329895	-32.964127	-52.68066	-49.790234	0.0	6829983	3018.6001715660095
34	-120.54109	-120.54109	-5.714111	-49.78181	1.1559556	-33.209736	-54.658546	-49.781677	0.0	7030982	3107.965460538864
35	-117.770485	-117.770485	-16.113634	-49.76737	1.2017963	-29.198101	-54.0725	-49.767258	0.0	7231982	3197.0549297332764
36	-112.51337	-112.51337	-28.886503	-49.75816	1.229588	-33.39247	-53.461517	-49.75803	0.0	7432982	3285.8394718170166
37	-118.51476	-118.51476	-11.342112	-49.75723	1.2333869	-33.52233	-52.390614	-49.757107	0.0	7633981	3374.555950164795
38	-113.10522	-113.10522	-9.111708	-49.74328	1.2619941	-34.23126	-53.38666	-49.74309	0.0	7834983	3462.354900121689
39	-119.27389	-119.27389	-10.8572645	-49.736465	1.2718294	-34.054356	-52.81861	-49.736137	0.0	8035984	3551.1394448280334
40	-114.98008	-114.98008	-18.189669	-49.726917	1.3139704	-33.450256	-61.250134	-49.72677	0.0	8236982	3639.9240732192993
41	-119.61505	-119.61505	-10.390988	-49.72733	1.314404	-27.341393	-55.153526	-49.72693	0.0	8437984	3728.3243930339813
42	-110.91421	-110.91421	-8.935423	-49.72502	1.3269113	-27.30475	-52.79352	-49.72477	0.0	8638983	3817.0271983146667
43	-118.759895	-118.759895	-17.164091	-49.717445	1.3464587	-32.23379	-53.33377	-49.717094	0.0	8839981	3907.09512591362
44	-117.43855	-117.43855	-11.825316	-49.717327	1.3424426	-32.299206	-52.5074	-49.717075	0.0	9040981	3998.8752994537354
45	-115.20515	-115.20515	-10.773751	-49.715794	1.3549685	-21.747234	-51.967243	-49.715633	0.0	9241982	4092.2424523830414
46	-115.743256	-115.743256	-11.321469	-49.71584	1.3478234	-25.58334	-53.544575	-49.71548	0.0	9442982	4185.361613035202
47	-119.46362	-119.46362	-14.600541	-49.712185	1.352225	-30.334442	-52.684616	-49.71187	0.0	9643984	4278.179130077362
48	-118.88803	-118.88803	-10.530185	-49.71692	1.3369747	-29.477295	-53.30574	-49.71663	0.0	9844982	4370.04775929451
49	-123.668915	-123.668915	-5.579987	-49.71392	1.3428193	-30.151773	-53.534733	-49.713478	0.0	10045981	4462.298337459564
50	-114.16874	-114.16874	-42.55881	-49.713463	1.3435436	-31.398947	-52.554226	-49.713173	0.0	10246981	4554.987038135529
51	-114.91887	-114.91887	-22.949696	-49.709736	1.3607693	-30.371769	-54.506718	-49.70924	0.0	10447983	4648.103581905365
52	-116.88096	-116.88096	-19.905415	-49.703285	1.3718091	-27.95433	-58.079903	-49.703056	0.0	10648986	4741.021095275879
53	-116.99872	-116.99872	-23.820856	-49.69678	1.3857912	-26.714643	-52.222668	-49.69653	0.0	10849983	4833.403025627136
54	-116.1346	-116.1346	-17.99065	-49.689323	1.4132454	-25.717642	-53.76863	-49.688828	0.0	11050981	4925.721301078796
55	-113.30448	-113.30448	-16.1006	-49.68243	1.4536334	-23.444538	-54.424164	-49.68215	0.0	11251984	5015.99570441246
56	-116.16856	-116.16856	-13.536454	-49.67165	1.4931529	-21.075636	-55.951637	-49.671383	0.0	11452989	5108.590920209885
57	-113.016594	-113.016594	-10.794372	-49.681652	1.4340919	-25.438229	-54.002018	-49.681087	0.0	11653984	5201.778818845749
58	-112.033134	-112.033134	-26.346685	-49.678024	1.4367212	-27.689878	-53.04767	-49.67795	0.0	11854981	5295.061941862106
59	-113.372314	-113.372314	-37.133945	-49.665318	1.470482	-25.742926	-52.72151	-49.664867	0.0	12055983	5386.164375305176
60	-120.23813	-120.23813	-5.419626	-49.66719	1.4663576	-24.869925	-59.640244	-49.667038	0.0	12256981	5479.18245267868
61	-118.445755	-118.445755	-28.570856	-49.66883	1.4444715	-26.724602	-53.599472	-49.668415	0.0	12457983	5570.5998685359955
62	-116.283165	-116.283165	-19.056715	-49.67369	1.436931	-24.946695	-53.009693	-49.67331	0.0	12658983	5663.917311668396
63	-110.66201	-110.66201	-12.061587	-49.670094	1.44397	-24.082726	-54.40858	-49.66971	0.0	12859982	5756.517441034317
64	-122.785576	-122.785576	-14.29606	-49.667034	1.4563342	-23.894026	-54.570473	-49.66653	0.0	13060981	5849.652826547623
65	-117.14237	-117.14237	-4.80767	-49.66135	1.459091	-22.469769	-53.025936	-49.661232	0.0	13261982	5940.937045574188
66	-120.01924	-120.01924	-10.81829	-49.65349	1.473636	-23.122702	-53.59662	-49.653114	0.0	13462983	6034.104763507843
67	-114.02724	-114.02724	-17.67941	-49.657967	1.4551532	-36.039253	-53.68573	-49.657616	0.0	13663984	6126.239732265472
68	-116.53914	-116.53914	-8.047111	-49.65272	1.4587735	-34.793056	-53.47308	-49.65249	0.0	13864984	6219.723612308502
69	-115.97272	-115.97272	-25.444696	-49.652714	1.461344	-36.6819	-53.198044	-49.65235	0.0	14065985	6313.224205255508
70	-114.122116	-114.122116	-14.322748	-49.648632	1.4726629	-32.70856	-52.784763	-49.648254	0.0	14266983	6406.445316553116
71	-112.83158	-112.83158	-15.931077	-49.648003	1.4698704	-35.049698	-52.404705	-49.647804	0.0	14467981	6499.644595861435
72	-114.749306	-114.749306	-8.421021	-49.648228	1.4693806	-20.663956	-54.008953	-49.647976	0.0	14668983	6592.09641289711
73	-116.968376	-116.968376	-21.388092	-49.642944	1.4833127	-33.896267	-53.79671	-49.642574	0.0	14869984	6685.0506291389465
74	-115.217705	-115.217705	-10.602475	-49.641594	1.4841449	-30.400675	-52.92812	-49.641483	0.0	15070982	6776.015226840973
75	-119.69457	-119.69457	-19.203629	-49.642174	1.4818051	-35.11998	-54.890263	-49.641823	0.0	15271983	6869.0666534900665
76	-114.30905	-114.30905	-16.313705	-49.63919	1.4924934	-35.488346	-53.26268	-49.638885	0.0	15472983	6960.9190328121185
77	-115.0111	-115.0111	-18.822071	-49.633495	1.4998661	-35.17338	-52.91594	-49.6333	0.0	15673981	7053.73722910881
78	-113.088425	-113.088425	-21.531595	-49.62382	1.5155739	-34.745506	-53.954193	-49.623566	0.0	15874984	7145.638858795166
79	-122.38226	-122.38226	-19.656233	-49.62044	1.5172665	-32.05373	-53.44603	-49.620415	0.0	16075985	7238.606942176819
80	-116.40211	-116.40211	-23.394482	-49.61048	1.5656574	-15.0670185	-52.801258	-49.610172	0.0	16276981	7331.27546954155
81	-121.921745	-121.921745	-23.705147	-49.59522	1.6559271	-5.9398737	-53.386406	-49.595222	0.0	16477991	7425.092309713364
82	-122.3439	-122.3439	-27.935486	-49.570618	1.7334983	-5.8953924	-53.154427	-49.570354	0.0	16678987	7517.944324731827
83	-116.843605	-116.843605	-30.315746	-49.57766	1.7208056	-0.60180545	-53.097343	-49.577496	0.0	16879986	7610.694061756134
84	-123.31229	-123.31229	-14.0170555	-49.601406	1.6590806	1.2854998	-52.225964	-49.60121	0.0	17080982	7702.178771495819
85	-121.13779	-121.13779	-6.3239346	-49.601334	1.6815523	4.0379386	-53.57699	-49.600983	0.0	17281981	7793.917796373367
86	-123.39536	-123.39536	-24.102991	-49.605095	1.6568542	4.7098603	-54.114265	-49.604923	0.0	17482983	7887.382653951645
87	-113.62398	-113.62398	-31.281422	-49.604954	1.6621763	4.7010736	-52.448013	-49.604614	0.0	17683984	7979.404180526733
88	-113.51538	-113.51538	-10.307336	-49.598507	1.6877995	3.1189733	-52.192238	-49.59858	0.0	17884983	8071.671341896057
89	-119.95146	-119.95146	-15.584433	-49.60705	1.6361711	10.080407	-52.392025	-49.606606	0.0	18085983	8164.653519630432
90	-115.44615	-115.44615	-21.057554	-49.59534	1.661452	6.0031137	-52.674553	-49.59507	0.0	18286981	8257.637597322464
91	-121.26604	-121.26604	-23.186998	-49.59175	1.6640989	5.1789045	-52.23097	-49.591576	0.0	18487984	8348.370982170105
92	-120.589226	-120.589226	-17.731794	-49.58701	1.6739708	5.9606214	-52.73592	-49.58677	0.0	18688982	8440.957372188568
93	-118.637184	-118.637184	0.052121546	-49.592278	1.6559194	4.8786287	-52.01231	-49.592003	0.0	18889982	8534.541299581528
94	-117.27994	-117.27994	-23.041882	-49.579216	1.6933869	7.1875434	-52.481266	-49.579144	0.0	19090983	8627.431062459946
95	-112.62227	-112.62227	-11.87891	-49.57983	1.6768702	6.234264	-51.92032	-49.579582	0.0	19291983	8720.327458381653
96	-122.72911	-122.72911	-10.585976	-49.58253	1.668817	5.1329255	-53.60515	-49.58237	0.0	19492981	8813.627940893173
97	-118.22586	-118.22586	-23.54781	-49.575775	1.6819246	4.12621	-52.54916	-49.575527	0.1	19693991	8905.546627283096
98	-118.02008	-118.02008	-13.633368	-49.57219	1.6918712	6.0284395	-53.57892	-49.57201	0.0	19894984	8998.668193817139
99	-113.72345	-113.72345	-14.199978	-49.56037	1.7141681	5.9977307	-53.046474	-49.56019	0.1	20095984	9091.565342664719
100	-114.63324	-114.63324	-7.8697677	-49.550148	1.7398192	5.1079845	-53.386333	-49.550053	0.0	20296988	9183.770457983017
101	-113.67541	-113.67541	-18.856989	-49.553074	1.745243	4.901183	-54.685604	-49.55289	0.0	20497982	9277.1359000206
102	-104.69444	-104.69444	-12.363107	-49.548164	1.7585828	2.9079278	-52.732933	-49.547756	0.0	20698983	9370.571746826172
103	-112.9188	-112.9188	-4.2742977	-49.50664	1.9397317	6.546881	-53.63486	-49.506588	0.0	20899986	9463.457739830017
104	-114.390144	-114.390144	-12.748002	-49.501297	2.020138	5.5830903	-53.48368	-49.50114	0.0	21100982	9555.507892370224
105	-113.52068	-113.52068	-16.40818	-49.493248	2.0338395	11.128099	-55.47061	-49.49306	0.0	21301982	9648.691986560822
106	-116.96062	-116.96062	-9.545033	-49.467197	2.1239614	9.188652	-53.962826	-49.466923	0.0	21502985	9741.611865997314
107	-114.150604	-114.150604	-13.265061	-49.487	2.05556	8.331052	-55.33025	-49.486774	0.0	21703984	9834.09519457817
108	-118.65911	-118.65911	-3.9467552	-49.491287	2.078866	15.57656	-54.820545	-49.491085	0.0	21904984	9927.162217855453
109	-120.07686	-120.07686	-2.1349277	-49.47847	2.1787102	13.457264	-56.023575	-49.47849	0.0	22105984	10019.845744609833
110	-116.54859	-116.54859	-8.055666	-49.47779	2.2189555	11.938866	-56.03196	-49.4779	0.0	22306983	10112.019896507263
111	-106.09367	-106.09367	-4.472838	-49.470287	2.2449446	9.948791	-55.757973	-49.470078	0.0	22507981	10205.715741872787
112	-102.2702	-102.2702	-1.1513615	-49.44468	2.2569108	8.131326	-54.296066	-49.444553	0.1	22708981	10298.68425655365
113	-118.51022	-118.51022	-10.785091	-49.430454	2.3211985	8.524255	-54.642773	-49.430164	0.0	22909988	10392.186428070068
114	-118.04018	-118.04018	-44.373924	-49.42983	2.2986784	12.746393	-54.029804	-49.42944	0.0	23110982	10484.275060415268
115	-117.819725	-117.819725	-23.075655	-49.428024	2.307289	10.424993	-53.701923	-49.427624	0.0	23311987	10575.889144897461
116	-124.83371	-124.83371	-15.66608	-49.42047	2.3064823	10.603328	-54.979706	-49.420074	0.0	23512991	10666.856366157532
117	-118.00226	-118.00226	-18.81856	-49.410816	2.3636835	8.439534	-53.97457	-49.41028	0.0	23713981	10758.146612644196
118	-96.88803	-96.88803	-40.217278	-49.39447	2.4096692	15.998016	-54.958412	-49.393505	0.1	23914981	10851.693249702454
119	-116.222	-116.222	-48.290283	-49.368103	2.4966655	9.183711	-55.610718	-49.36761	0.0	24115985	10944.128135681152
120	-112.10696	-112.10696	-27.458942	-49.35387	2.5440712	7.722121	-56.918713	-49.3533	0.1	24316985	11037.762402772903
121	-114.42924	-114.42924	-19.400175	-49.353977	2.5476513	7.4039125	-62.980755	-49.35351	0.2	24517981	11128.901673793793
122	-121.416565	-121.416565	-19.257418	-49.35781	2.5744874	7.3491597	-58.447525	-49.357292	0.1	24718982	11221.0835211277
123	-121.3596	-121.3596	-16.546715	-49.370502	2.5236464	13.567101	-55.587345	-49.36977	0.0	24919981	11312.854435443878
124	-120.24627	-120.24627	-15.07701	-49.369045	2.5821567	9.707052	-55.95598	-49.368584	0.0	25120982	11404.550045490265
125	-117.82051	-117.82051	-21.638252	-49.383533	2.5159264	11.118815	-55.660255	-49.3832	0.0	25321982	11497.38406586647
126	-120.73042	-120.73042	-0.28873423	-49.369324	2.614117	8.262655	-55.222294	-49.36912	0.0	25522982	11590.770143508911
127	-114.58563	-114.58563	-23.808344	-49.364468	2.626842	10.525359	-54.821125	-49.36416	0.4	25723982	11683.75710272789
128	-124.76596	-124.76596	-14.598927	-49.368916	2.5991018	8.966292	-55.30071	-49.36858	0.0	25924983	11777.073085069656
129	-118.51	-118.51	-7.23887	-49.374645	2.579012	7.103857	-57.177147	-49.37458	0.1	26125983	11869.07926440239
130	-114.80663	-114.80663	-16.602373	-49.36053	2.644021	8.312423	-55.624104	-49.360283	0.0	26326983	11960.141725063324
131	-107.49171	-107.49171	-12.707605	-49.361416	2.6128488	9.726339	-55.41031	-49.3611	0.0	26527981	12053.047229528427
132	-125.21009	-125.21009	-19.729563	-49.360104	2.569259	11.4219	-65.62749	-49.359837	0.0	26728983	12146.681297302246
133	-117.4224	-117.4224	-19.428528	-49.36577	2.5767045	11.1175995	-55.408047	-49.365482	0.2	26929981	12239.35098195076
134	-121.28897	-121.28897	-26.025562	-49.36732	2.58789	6.0699677	-59.99778	-49.36699	0.0	27130982	12332.50046658516
135	-125.11372	-125.11372	-25.88808	-49.37655	2.5631206	9.838863	-57.6956	-49.376434	0.1	27331984	12425.082105636597
136	-113.86408	-113.86408	-6.2066193	-49.37847	2.5493379	10.224361	-62.191242	-49.378082	0.1	27532981	12518.20273733139
137	-116.32421	-116.32421	-3.653702	-49.372997	2.5502398	23.39124	-56.029297	-49.372787	0.1	27733982	12610.336488246918
138	-119.49075	-119.49075	-11.597027	-49.37604	2.5340984	10.350441	-55.71328	-49.375847	0.0	27934981	12702.802875518799
139	-115.67412	-115.67412	-9.137328	-49.370872	2.5699894	10.409188	-54.91637	-49.370773	0.0	28135983	12796.456440210342
140	-109.87466	-109.87466	-14.588393	-49.35976	2.592454	10.21304	-55.200462	-49.35943	0.0	28336983	12889.389861345291
141	-117.07283	-117.07283	-22.456713	-49.354897	2.6444526	11.338288	-57.240417	-49.354435	0.0	28537983	12980.106002569199
142	-114.22678	-114.22678	-8.617946	-49.34798	2.655879	11.645661	-56.770966	-49.347794	0.0	28738982	13072.926149845123
143	-116.24626	-116.24626	-23.314125	-49.34577	2.617026	12.471493	-54.96553	-49.345615	0.1	28939982	13165.992934465408
144	-109.14123	-109.14123	3.991947	-49.340073	2.6235893	11.557533	-60.552174	-49.33969	0.0	29140982	13259.645444393158
145	-113.68291	-113.68291	-5.469108	-49.34044	2.6072726	11.741163	-55.216724	-49.340378	0.2	29341982	13351.029106378555
146	-119.24118	-119.24118	0.02842644	-49.33973	2.6245277	9.731197	-57.504673	-49.339394	0.0	29542982	13442.898940086365
147	-113.745056	-113.745056	-2.658374	-49.31809	2.726939	14.125967	-55.58239	-49.31759	0.0	29743983	13536.666220903397
148	-115.005905	-115.005905	-20.270086	-49.343765	2.6145387	10.1076145	-55.50098	-49.34359	0.1	29944982	13629.088625192642
149	-115.00852	-115.00852	-13.163397	-49.32395	2.6892955	11.957356	-55.016224	-49.323418	0.2	30145989	13720.618650913239
150	-114.062996	-114.062996	-0.45437393	-49.3338	2.6458318	11.996617	-55.63614	-49.333748	0.0	30346981	13813.386598348618
151	-117.468506	-117.468506	-4.7556896	-49.328827	2.7082114	13.148901	-55.15932	-49.328354	0.0	30547981	13903.369844198227
152	-117.618744	-117.618744	4.477093	-49.327908	2.6984522	9.568449	-56.220993	-49.327766	0.2	30748989	13996.15649008751
153	-116.61366	-116.61366	-11.609736	-49.326004	2.7072651	8.309613	-55.64919	-49.32602	0.0	30949983	14088.222408533096
154	-109.38467	-109.38467	3.7021759	-49.323906	2.742145	11.806984	-57.829144	-49.32358	0.4	31150986	14180.874716997147
155	-118.19933	-118.19933	0.2784432	-49.34175	2.6640356	14.393324	-56.38568	-49.34121	0.0	31351984	14271.015464782715
156	-116.32914	-116.32914	-18.954725	-49.327396	2.729072	10.430266	-56.414303	-49.32709	0.1	31552984	14363.846994638443
157	-104.64962	-104.64962	-22.768038	-49.32516	2.7009623	12.552168	-58.978302	-49.324745	0.3	31753988	14455.828787088394
158	-114.89808	-114.89808	1.4488404	-49.297394	2.7997813	10.538498	-62.58183	-49.297344	0.2	31954982	14549.130993127823
159	-117.10502	-117.10502	6.9350157	-49.281136	2.8202336	10.029725	-55.14088	-49.280647	0.4	32155981	14642.49905705452
160	-111.60703	-111.60703	1.1934557	-49.27167	2.8233473	8.62267	-57.69836	-49.271317	0.3	32356981	14735.9007396698
161	-116.98465	-116.98465	2.1765518	-49.267746	2.850511	9.3904505	-56.907772	-49.26742	0.3	32557983	14829.233518123627
162	-123.61743	-123.61743	-0.40202487	-49.250698	2.886082	12.548975	-56.38694	-49.250156	0.0	32758983	14922.538204431534
163	-119.7501	-119.7501	0.97924733	-49.25181	2.9230049	8.962847	-55.699074	-49.251247	0.3	32959984	15015.13818025589
164	-118.74776	-118.74776	5.1958723	-49.264545	2.871505	10.641614	-56.11805	-49.26437	0.1	33160985	15107.93929696083
165	-112.31078	-112.31078	-3.9375114	-49.271587	2.8794875	11.372875	-57.942127	-49.271282	0.0	33361982	15201.042721748352
166	-113.409805	-113.409805	3.2193854	-49.288322	2.83332	6.56699	-55.511314	-49.28831	0.2	33562987	15292.591898202896
167	-110.72304	-110.72304	-1.1489303	-49.259235	2.8784752	12.045282	-56.977768	-49.258694	0.0	33763983	15385.77931690216
168	-117.74107	-117.74107	-10.126819	-49.266666	2.8885417	11.2943	-57.312584	-49.266407	0.0	33964982	15478.363412380219
169	-109.37253	-109.37253	-0.5161781	-49.26496	2.875106	11.528129	-58.38683	-49.264618	0.0	34165981	15570.730905532837
170	-113.517654	-113.517654	3.6413033	-49.24905	2.9294682	9.247795	-59.543915	-49.24883	0.0	34366983	15663.164825201035
171	-111.343155	-111.343155	-6.584518	-49.235504	2.943897	8.512314	-57.839592	-49.235256	0.0	34567981	15755.450553178787
172	-118.676865	-118.676865	1.9524812	-49.242207	2.926885	22.876448	-58.446407	-49.24167	0.0	34768981	15847.95057272911
173	-99.83127	-99.83127	7.1550293	-49.22988	2.9483132	9.78999	-56.968033	-49.22947	0.1	34969981	15939.985172271729
174	-113.2741	-113.2741	0.5218817	-49.214523	2.99241	11.154013	-57.7182	-49.21434	0.1	35170981	16033.087116003036
175	-115.63413	-115.63413	-0.20004396	-49.202663	3.0099666	11.888972	-58.930965	-49.201965	0.0	35371983	16125.271139860153
176	-106.01944	-106.01944	-15.291518	-49.20887	2.977531	15.03464	-59.288727	-49.20877	0.1	35572983	16217.921392917633
177	-109.693565	-109.693565	-2.856201	-49.199776	2.9900286	6.939688	-59.235294	-49.19925	0.0	35773984	16310.557716369629
178	-113.140495	-113.140495	1.1057549	-49.20202	2.9876564	10.439134	-58.22849	-49.2017	0.2	35974986	16404.17847943306
179	-111.79662	-111.79662	4.9171124	-49.20468	2.9935505	9.628215	-58.933327	-49.203964	0.2	36175983	16495.877522945404
180	-113.30999	-113.30999	-13.098451	-49.218258	2.9340463	11.597446	-57.92679	-49.218327	0.0	36376983	16588.6266207695
181	-113.96222	-113.96222	-10.443468	-49.22054	2.9919374	10.254075	-58.743374	-49.219902	0.1	36577983	16681.151247739792
182	-103.843956	-103.843956	-14.285364	-49.224884	2.9563546	9.456627	-59.22224	-49.224895	0.0	36778982	16772.597588300705
183	-114.45427	-114.45427	5.4481316	-49.220665	2.9728258	7.2529826	-60.16057	-49.220066	0.0	36979985	16864.998166322708
184	-110.731804	-110.731804	3.1535528	-49.21921	2.955126	9.95927	-57.38988	-49.218773	0.0	37180988	16957.784229040146
185	-116.23204	-116.23204	4.2454486	-49.20034	3.0314693	12.793871	-59.688286	-49.200012	0.1	37381983	17050.18493294716
186	-116.30004	-116.30004	-5.796419	-49.196095	3.045521	8.606575	-58.04104	-49.19601	0.2	37582981	17142.78551197052
187	-129.19533	-129.19533	6.9087615	-49.19667	3.0621092	9.11734	-59.86338	-49.195934	0.0	37783983	17234.537610292435
188	-110.96551	-110.96551	7.8580413	-49.20152	3.0300446	9.511323	-55.885212	-49.201355	0.2	37984985	17326.905747652054
189	-119.55402	-119.55402	1.2357074	-49.187702	3.0669343	12.345547	-57.158875	-49.186985	0.1	38185982	17420.206451177597
190	-113.016785	-113.016785	4.132773	-49.199715	3.0113142	11.318701	-58.59702	-49.19912	0.2	38386983	17513.408747911453
191	-109.87295	-109.87295	6.5105214	-49.186096	3.0681791	7.363777	-58.413162	-49.185917	0.1	38587984	17605.875722408295
192	-118.81316	-118.81316	-0.8246214	-49.181293	3.0644808	8.824532	-57.426926	-49.180588	0.0	38788982	17697.576422214508
193	-111.762024	-111.762024	-11.561911	-49.189842	3.0795517	9.168968	-62.207005	-49.18934	0.3	38989985	17789.64527273178
194	-110.47845	-110.47845	-1.5642097	-49.19514	3.0423489	5.978505	-69.84347	-49.194866	0.2	39190981	17880.29645729065
195	-116.08779	-116.08779	3.1410787	-49.193165	3.101757	11.448769	-58.501526	-49.19275	0.1	39391982	17972.597861289978
196	-114.00881	-114.00881	3.148125	-49.199413	3.0941782	6.4397554	-59.17241	-49.198704	0.3	39592983	18065.05146741867
197	-115.316154	-115.316154	-5.880289	-49.20969	3.0461533	8.882914	-58.342514	-49.20986	0.0	39793989	18158.1681702137
198	-115.37301	-115.37301	4.815532	-49.20097	3.0662534	8.234493	-58.411335	-49.20032	0.1	39994981	18250.318776130676
199	-112.56077	-112.56077	4.368813	-49.19321	3.1111064	9.375377	-61.35164	-49.19278	0.1	40195981	18341.55351281166
200	-106.593575	-106.593575	4.23786	-49.19696	3.093986	8.091208	-58.419506	-49.196625	0.3	40396982	18433.804037332535
201	-117.58947	-117.58947	-13.856775	-49.206657	3.07391	10.084945	-60.93057	-49.2064	0.1	40597981	18526.474325180054
202	-105.373856	-105.373856	3.2043595	-49.20072	3.0602026	7.561672	-58.482124	-49.20011	0.3	40798982	18619.39154601097
203	-121.47527	-121.47527	5.1519194	-49.2031	3.0764039	13.578911	-57.93527	-49.20284	0.3	40999982	18712.760331869125
204	-98.64334	-98.64334	-4.1070023	-49.20951	3.043247	8.400986	-58.201015	-49.2092	0.0	41200981	18805.82839202881
205	-115.5804	-115.5804	1.6834292	-49.19807	3.078839	9.304857	-57.336887	-49.1979	0.0	41401987	18899.0625
206	-109.531395	-109.531395	7.6111226	-49.190132	3.0839245	8.346329	-59.558693	-49.189674	0.3	41602983	18990.14727282524
207	-114.56484	-114.56484	3.8339078	-49.196423	3.1201422	10.574739	-59.672405	-49.196358	0.2	41803984	19083.465324640274
208	-112.44011	-112.44011	-0.7462683	-49.20522	3.0597754	7.0941687	-57.079758	-49.20519	0.2	42004982	19175.13279056549
209	-116.153854	-116.153854	7.751289	-49.207253	3.0391083	8.547518	-61.444603	-49.206524	0.3	42205984	19268.018002033234
210	-99.50634	-99.50634	6.4981694	-49.207424	3.0292637	8.2996235	-58.684963	-49.207172	0.3	42406983	19359.519810914993
211	-105.17464	-105.17464	3.586383	-49.190033	3.076616	7.29257	-58.358307	-49.189613	0.3	42607987	19451.419035196304
212	-114.84929	-114.84929	7.423286	-49.20721	3.031685	9.18028	-60.436604	-49.206963	0.1	42808982	19543.405079841614
213	-114.6874	-114.6874	-1.8408796	-49.20268	3.0483932	8.24662	-59.179752	-49.2023	0.3	43009986	19636.09028697014
214	-114.82121	-114.82121	0.0812039	-49.2003	3.0488026	9.956371	-68.77254	-49.20019	0.2	43210983	19728.99081349373
215	-113.12064	-113.12064	4.7238	-49.186234	3.1022048	8.178307	-61.375713	-49.185555	0.1	43411984	19820.709718465805
216	-109.51773	-109.51773	4.208095	-49.193092	3.0723193	9.662313	-57.141136	-49.192947	0.1	43612983	19913.277811527252
217	-109.48872	-109.48872	0.9661131	-49.20031	3.06303	8.648966	-56.876907	-49.20027	0.2	43813984	20005.46287536621
218	-116.25195	-116.25195	-0.65183616	-49.190132	3.0830948	9.398455	-57.919144	-49.189865	0.0	44014989	20097.612110614777
219	-115.10691	-115.10691	-0.83836645	-49.185005	3.0854392	8.09803	-58.374912	-49.184464	0.3	44215984	20190.667279720306
220	-110.66456	-110.66456	7.0603886	-49.179153	3.125851	7.9780717	-61.730274	-49.179115	0.1	44416983	20282.06647849083
221	-105.851715	-105.851715	5.8977375	-49.19731	3.0733006	8.5922575	-57.520866	-49.196823	0.1	44617982	20375.05304789543
222	-102.14998	-102.14998	5.7553487	-49.180344	3.0773165	10.202744	-58.322865	-49.179955	0.0	44818983	20467.869211435318
223	-124.35324	-124.35324	3.0203943	-49.18861	3.0595112	10.7061405	-66.9772	-49.188305	0.1	45019984	20561.01987195015
224	-114.45168	-114.45168	5.139036	-49.18453	3.0731995	7.250825	-62.410103	-49.184338	0.2	45220983	20653.605448961258
225	-119.378235	-119.378235	3.0060854	-49.179188	3.0882635	8.0015545	-63.892147	-49.17881	0.0	45421983	20745.80567264557
226	-103.60032	-103.60032	0.018536236	-49.17977	3.097095	8.95469	-62.498135	-49.17923	0.2	45622982	20838.491961717606
227	-120.36739	-120.36739	2.5565844	-49.19086	3.081592	7.53983	-61.869915	-49.190628	0.1	45823991	20931.226367235184
228	-116.934006	-116.934006	-3.1828692	-49.167667	3.1198738	11.248988	-57.2559	-49.167244	0.2	46024983	21022.975925207138
229	-114.44566	-114.44566	7.0260296	-49.191936	3.0198574	7.785095	-59.311573	-49.191338	0.2	46225983	21115.011439323425
230	-109.16222	-109.16222	-1.3425664	-49.181	3.091708	12.27042	-57.866116	-49.180775	0.0	46426986	21208.30160832405
231	-108.02533	-108.02533	3.2853813	-49.18783	3.0546532	6.7291427	-61.5213	-49.1878	0.0	46627986	21301.41572546959
232	-104.3067	-104.3067	3.714486	-49.179684	3.090756	11.100324	-58.122246	-49.179413	0.4	46828981	21393.94913339615
233	-100.26867	-100.26867	4.336041	-49.17071	3.113004	9.593439	-59.42368	-49.17044	0.1	47029981	21486.949576616287
234	-110.3552	-110.3552	8.50995	-49.160225	3.0921102	8.662609	-57.938477	-49.15968	0.3	47230981	21578.468563318253
235	-112.30768	-112.30768	6.35437	-49.160435	3.1135905	10.408319	-58.874233	-49.160324	0.1	47431982	21670.586912870407
236	-112.34531	-112.34531	-8.782812	-49.159496	3.1320806	8.359283	-66.834015	-49.15909	0.3	47632984	21763.18959212303
237	-114.75921	-114.75921	5.7242537	-49.154743	3.1458523	12.674403	-63.21538	-49.154697	0.1	47833982	21855.541464090347
238	-115.15946	-115.15946	4.5256724	-49.15602	3.1130192	8.049639	-58.839474	-49.155674	0.1	48034982	21947.824782848358
239	-111.69367	-111.69367	2.376534	-49.1652	3.1047828	14.060786	-57.53855	-49.16489	0.1	48235983	22040.909466028214
240	-108.318886	-108.318886	3.5646682	-49.15528	3.1289663	9.135956	-58.764633	-49.15498	0.3	48436982	22133.64409327507
241	-107.74714	-107.74714	4.3781614	-49.15273	3.151999	9.972461	-61.279327	-49.152428	0.0	48637983	22225.896103858948
242	-108.467255	-108.467255	-0.65437925	-49.141075	3.1686645	8.282406	-77.19654	-49.140614	0.1	48838989	22318.713396072388
243	-112.24747	-112.24747	4.1990104	-49.148254	3.1476145	16.928701	-58.939953	-49.14814	0.1	49039984	22410.798036813736
244	-112.07631	-112.07631	2.1961277	-49.147247	3.1697097	9.761083	-63.221153	-49.146725	0.0	49240981	22504.332279205322
245	-110.78152	-110.78152	0.11002496	-49.154892	3.1394076	9.540302	-59.169083	-49.154587	0.0	49441982	22596.901203632355
246	-110.43613	-110.43613	4.7304354	-49.13256	3.2153635	9.820941	-60.539482	-49.132374	0.3	49642983	22689.78498339653
247	-108.35496	-108.35496	6.2471347	-49.14137	3.2096217	10.087808	-59.497864	-49.14095	0.1	49843984	22782.51994228363
248	-114.33943	-114.33943	7.411859	-49.148132	3.191055	7.151769	-62.761673	-49.14808	0.1	50044982	22873.73809170723
249	-115.53211	-115.53211	5.8552403	-49.15512	3.1527796	20.84961	-58.353325	-49.155277	0.2	50245987	22967.040439605713
250	-113.533905	-113.533905	4.612862	-49.145935	3.2235353	8.990917	-58.042755	-49.145355	0.2	50446986	23058.624040603638
251	-108.88096	-108.88096	0.9790127	-49.14361	3.2045057	11.210789	-63.37939	-49.1434	0.1	50647982	23151.90786933899
252	-108.91361	-108.91361	7.8228	-49.14552	3.198744	12.972412	-58.617252	-49.145317	0.1	50848984	23244.711934566498
253	-111.148544	-111.148544	4.1757216	-49.15143	3.212238	10.619678	-60.864075	-49.151314	0.0	51049981	23336.378858089447
254	-107.386955	-107.386955	4.9158134	-49.146263	3.2161338	13.350142	-59.669304	-49.145996	0.2	51250984	23428.829773664474
255	-115.894295	-115.894295	3.3930666	-49.15562	3.1884193	8.683638	-57.91397	-49.15536	0.3	51451987	23521.31478857994
256	-115.46984	-115.46984	8.497557	-49.166645	3.1456041	8.967606	-58.672665	-49.166462	0.1	51652982	23614.64910507202
257	-115.838486	-115.838486	7.826401	-49.16421	3.1226444	10.628864	-57.988644	-49.164333	0.1	51853984	23707.417523384094
258	-111.68456	-111.68456	-9.261662	-49.158855	3.1679614	9.524496	-59.945248	-49.158054	0.1	52054985	23799.171338796616
259	-108.782745	-108.782745	4.8316708	-49.15782	3.1507318	12.279809	-58.3045	-49.157166	0.2	52255983	23892.390857219696
260	-119.26538	-119.26538	3.3441072	-49.15637	3.1812205	11.483696	-59.076584	-49.15652	0.2	52456983	23983.90476512909
261	-111.602585	-111.602585	1.7144628	-49.150673	3.2069635	12.5370865	-67.33336	-49.15044	0.1	52657982	24076.873702049255
262	-108.81777	-108.81777	7.2126994	-49.14982	3.1970556	13.864902	-60.77863	-49.149673	0.1	52858983	24168.073083162308
263	-117.95271	-117.95271	6.1973677	-49.162033	3.1499603	10.018166	-64.30837	-49.161785	0.4	53059984	24261.126222848892
264	-107.782005	-107.782005	3.2308862	-49.157585	3.1688938	8.94458	-61.83634	-49.157455	0.0	53260984	24353.077222585678
265	-106.44431	-106.44431	5.9908967	-49.150703	3.2053273	11.676228	-61.96785	-49.150314	0.2	53461984	24445.628927707672
266	-113.87902	-113.87902	0.5711679	-49.144203	3.2162082	15.543275	-61.499744	-49.1441	0.2	53662981	24537.81346845627
267	-117.77873	-117.77873	6.41821	-49.15562	3.1873028	11.606367	-61.72017	-49.155563	0.0	53863982	24630.481394052505
268	-114.49964	-114.49964	8.370102	-49.161335	3.1545525	12.432208	-59.706394	-49.161057	0.3	54064981	24721.316076517105
269	-108.76614	-108.76614	7.367235	-49.155056	3.2071345	11.699842	-57.746857	-49.154766	0.3	54265982	24813.80158019066
270	-111.87045	-111.87045	9.269488	-49.14479	3.2030518	10.745719	-61.152676	-49.14456	0.2	54466983	24905.286292791367
271	-107.75702	-107.75702	1.1530051	-49.140358	3.2543926	11.096495	-64.79014	-49.14017	0.1	54667984	24996.885625123978
272	-115.720345	-115.720345	6.0111036	-49.151234	3.2193372	9.991397	-63.137672	-49.150967	0.1	54868982	25088.72340130806
273	-115.12368	-115.12368	2.1366332	-49.15205	3.1752956	9.133993	-58.99533	-49.151875	0.2	55069981	25182.188219070435
274	-109.74153	-109.74153	-7.232588	-49.15141	3.1731155	9.587891	-58.46407	-49.150852	0.3	55270983	25274.307368516922
275	-118.535995	-118.535995	7.3042603	-49.149643	3.159569	10.241769	-60.761883	-49.149445	0.1	55471983	25367.225236415863
276	-129.28221	-129.28221	0.05161992	-49.15657	3.155623	11.176965	-62.645718	-49.15645	0.1	55672985	25458.859349012375
277	-111.17564	-111.17564	1.6746022	-49.142307	3.2294712	15.243121	-59.084137	-49.141937	0.1	55873982	25551.278450012207
278	-104.73256	-104.73256	7.977417	-49.1468	3.218058	13.332035	-60.280754	-49.146603	0.3	56074982	25644.796973228455
279	-121.40183	-121.40183	0.27462462	-49.149086	3.1638234	10.36055	-59.13793	-49.14906	0.1	56275983	25736.851861715317
280	-118.68953	-118.68953	6.3280625	-49.14866	3.1868534	17.067043	-58.27089	-49.14843	0.2	56476982	25829.81618952751
281	-105.10896	-105.10896	9.1745405	-49.143387	3.207467	10.4256	-60.415516	-49.143047	0.3	56677984	25921.60021877289
282	-108.31248	-108.31248	-4.3770366	-49.145992	3.1769805	9.008181	-59.366722	-49.146107	0.1	56878982	26014.435690402985
283	-112.941536	-112.941536	6.8808002	-49.14215	3.2299504	12.49248	-61.640076	-49.14188	0.2	57079984	26107.569562911987
284	-100.132286	-100.132286	-3.9273734	-49.149418	3.1776657	11.304678	-59.98041	-49.14915	0.1	57280981	26200.037732362747
285	-110.85483	-110.85483	6.0323195	-49.140987	3.1939814	12.429039	-62.073994	-49.141083	0.2	57481983	26290.322457313538
286	-114.490135	-114.490135	-2.8983467	-49.144016	3.1610873	13.449915	-60.39017	-49.14367	0.1	57682981	26382.156391382217
287	-112.84899	-112.84899	6.9616437	-49.137897	3.207135	10.784249	-59.854557	-49.137623	0.2	57883987	26475.10934114456
288	-118.21534	-118.21534	4.2387104	-49.1287	3.2094674	10.739695	-59.387276	-49.128323	0.2	58084982	26567.26039838791
289	-130.83086	-130.83086	6.8542066	-49.133854	3.1874385	8.308543	-62.9056	-49.133465	0.1	58285986	26659.877865552902
290	-115.57151	-115.57151	6.5937166	-49.142094	3.1867115	9.539344	-65.308525	-49.1425	0.1	58486981	26753.246670007706
291	-99.54695	-99.54695	6.6575274	-49.133583	3.2221045	13.89894	-59.80662	-49.132767	0.1	58687985	26844.548070192337
292	-114.73601	-114.73601	-2.8270879	-49.132263	3.2136087	13.948768	-60.472004	-49.13189	0.1	58888981	26937.482988119125
293	-116.899826	-116.899826	1.150704	-49.123985	3.2211564	16.285118	-60.411617	-49.123875	0.1	59089982	27030.03338909149
294	-99.429306	-99.429306	4.8484163	-49.117588	3.2956183	8.766596	-61.667652	-49.117287	0.5	59290984	27122.53512787819
295	-112.08228	-112.08228	1.9575126	-49.108284	3.2723608	14.119257	-58.68607	-49.10785	0.2	59491981	27215.35545182228
296	-105.04743	-105.04743	6.908392	-49.102077	3.269715	15.413442	-58.421005	-49.1017	0.2	59692982	27308.606111049652
297	-108.23912	-108.23912	6.155638	-49.086052	3.3204513	11.076412	-59.584866	-49.08567	0.5	59893981	27401.57243704796
298	-104.578705	-104.578705	4.8688045	-49.09225	3.3081405	10.48932	-59.65577	-49.091755	0.2	60094985	27494.79071879387
299	-114.032684	-114.032684	0.83157426	-49.09083	3.3121336	15.496731	-58.41912	-49.090336	0.1	60295985	27588.04248857498
300	-108.969284	-108.969284	-0.1930611	-49.093098	3.3003855	83.282555	-67.685165	-49.09326	0.2	60496983	27680.04943037033
301	-123.10589	-123.10589	7.323564	-49.08635	3.2962503	13.771433	-61.148003	-49.086082	0.1	60697982	27772.510375261307
302	-107.03039	-107.03039	3.3085785	-49.088696	3.2923484	11.106441	-59.996254	-49.088356	0.2	60898981	27865.065738916397
303	-115.48113	-115.48113	-0.41978395	-49.088665	3.3116481	9.27529	-59.184296	-49.087933	0.2	61099984	27955.597455263138
304	-105.43346	-105.43346	5.678856	-49.085438	3.3382661	10.04356	-59.989296	-49.084976	0.0	61300983	28047.265641450882
305	-118.8725	-118.8725	5.7139583	-49.09098	3.3100142	10.80407	-62.810253	-49.090736	0.5	61501982	28139.367654561996
306	-113.64516	-113.64516	6.9834456	-49.085533	3.3127687	11.982967	-59.16669	-49.085358	0.2	61702982	28232.15151500702
307	-106.69321	-106.69321	4.445941	-49.099144	3.2921371	12.928291	-59.023598	-49.09909	0.0	61903982	28322.738449811935
308	-108.49327	-108.49327	6.3677244	-49.08986	3.334032	14.998535	-63.984047	-49.089252	0.4	62104984	28415.037496328354
309	-114.52803	-114.52803	-0.9290039	-49.094345	3.3408988	11.9328785	-63.507538	-49.094246	0.1	62305982	28508.474353075027
310	-116.30674	-116.30674	7.0345383	-49.093853	3.2957897	10.800332	-68.85611	-49.093605	0.2	62506981	28600.690773248672
311	-113.771095	-113.771095	4.187712	-49.099545	3.3050942	11.610224	-61.513954	-49.098766	0.3	62707981	28692.7624437809
312	-111.0904	-111.0904	6.78864	-49.0988	3.314884	16.346521	-60.581974	-49.098743	0.0	62908984	28786.177011489868
313	-103.59529	-103.59529	1.4522504	-49.098793	3.2678878	9.610872	-63.919426	-49.098408	0.1	63109981	28877.465283870697
314	-105.03747	-105.03747	5.0487437	-49.096935	3.2927458	13.349233	-58.74159	-49.09641	0.2	63310982	28970.512514591217
315	-105.383995	-105.383995	7.986175	-49.095203	3.3080854	7.8550367	-66.20079	-49.094906	0.0	63511982	29061.382487773895
316	-107.52686	-107.52686	6.0889435	-49.095272	3.3023303	17.55461	-62.53621	-49.09563	0.2	63712982	29154.032306194305
317	-115.5609	-115.5609	3.0523794	-49.092056	3.3250973	9.8895645	-60.658607	-49.0914	0.0	63913984	29247.317615270615
318	-116.10915	-116.10915	-8.240262	-49.077667	3.3496118	12.93951	-63.96543	-49.077442	0.0	64114983	29339.936028957367
319	-116.246124	-116.246124	-7.632854	-49.093323	3.2960522	9.492074	-65.01496	-49.093155	0.1	64315982	29432.573054790497
320	-99.826096	-99.826096	1.0080657	-49.07548	3.374805	10.202836	-64.024994	-49.075222	0.1	64516981	29525.671702623367
321	-101.67021	-101.67021	7.871358	-49.063755	3.4290726	10.693481	-65.7716	-49.06349	0.4	64717986	29618.52225780487
322	-118.516556	-118.516556	-10.92971	-49.07763	3.37816	14.619324	-59.805885	-49.0775	0.0	64918982	29710.957644701004
323	-101.98608	-101.98608	-2.392444	-49.071095	3.4047809	14.638822	-60.5946	-49.070705	0.1	65119982	29803.425530672073
324	-110.74214	-110.74214	7.7621183	-49.07124	3.3590865	13.460566	-58.6666	-49.07074	0.4	65320982	29896.628537654877
325	-106.38709	-106.38709	5.8773937	-49.058903	3.4149547	8.636383	-64.43679	-49.058495	0.0	65521982	29989.49544095993
326	-113.85931	-113.85931	8.329903	-49.069042	3.4117684	8.5857115	-62.393276	-49.068523	0.3	65722984	30082.38045167923
327	-116.87382	-116.87382	6.818579	-49.07285	3.3487306	14.307636	-71.9286	-49.072926	0.5	65923982	30174.979793071747
328	-118.29576	-118.29576	4.078569	-49.064465	3.4347842	9.305386	-61.626133	-49.064342	0.3	66124983	30267.182914733887
329	-121.84634	-121.84634	6.957916	-49.061596	3.4264872	11.587127	-58.95133	-49.061165	0.0	66325984	30359.716694831848
330	-109.34846	-109.34846	8.690605	-49.073742	3.39177	11.632204	-57.868015	-49.073555	0.3	66526983	30451.63558292389
331	-111.035774	-111.035774	8.271209	-49.071033	3.3977442	12.74085	-60.12688	-49.07083	0.2	66727981	30544.28710770607
332	-111.97436	-111.97436	4.322575	-49.057148	3.445603	11.591361	-59.870335	-49.056866	0.2	66928983	30637.388637781143
333	-111.40545	-111.40545	6.8887844	-49.067505	3.425196	9.353815	-61.32515	-49.06703	0.1	67129983	30730.124621391296
334	-110.339775	-110.339775	4.8154483	-49.066475	3.4231453	12.308188	-64.58553	-49.066505	0.1	67330983	30822.457809209824
335	-108.425514	-108.425514	8.973792	-49.059418	3.399294	15.66663	-59.288155	-49.059227	0.5	67531982	30914.192505836487
336	-93.54582	-93.54582	6.380948	-49.052906	3.4333544	11.916952	-62.919262	-49.05256	0.2	67732985	31006.410629749298
337	-109.392654	-109.392654	5.1689987	-49.04789	3.4301262	12.027033	-59.48121	-49.04744	0.2	67933983	31097.89574790001
338	-112.38095	-112.38095	5.643493	-49.038883	3.459508	9.128693	-59.809895	-49.038364	0.5	68134982	31190.14673256874
339	-108.62624	-108.62624	8.256213	-49.039692	3.4382534	15.242116	-63.27804	-49.03939	0.5	68335983	31283.264847755432
340	-105.512245	-105.512245	5.493992	-49.02315	3.468624	12.580044	-69.39076	-49.022793	0.5	68536982	31375.182097673416
341	-113.55894	-113.55894	7.0229354	-49.002113	3.5278106	10.7036705	-62.09845	-49.001495	0.4	68737982	31465.300218820572
342	-108.77617	-108.77617	-0.53382653	-49.028492	3.4708145	18.90901	-63.046448	-49.028267	0.0	68938982	31558.33601975441
343	-112.28669	-112.28669	5.349335	-49.024837	3.4741287	8.962626	-60.99528	-49.024426	0.1	69139982	31650.83687520027
344	-109.8354	-109.8354	6.53295	-49.03072	3.4640691	11.914019	-76.22032	-49.0302	0.1	69340985	31743.637588500977
345	-101.36646	-101.36646	-0.49688417	-49.039253	3.4107072	10.145361	-63.312466	-49.039585	0.2	69541981	31836.325093746185
346	-110.519424	-110.519424	2.640261	-49.016197	3.5153759	10.118554	-60.178207	-49.014988	0.2	69742981	31929.522899866104
347	-100.143684	-100.143684	9.263459	-49.02096	3.4506612	15.543564	-63.365864	-49.02078	0.3	69943982	32022.242443561554
348	-114.28802	-114.28802	5.46238	-49.023643	3.4739268	15.9747095	-59.01576	-49.02265	0.3	70144981	32114.2765250206
349	-102.552765	-102.552765	-2.9880066	-49.022106	3.4570549	17.274338	-60.08858	-49.02258	0.1	70345983	32205.994705200195
350	-105.154274	-105.154274	8.466955	-49.005547	3.505235	14.18144	-63.21923	-49.00511	0.3	70546984	32294.764003515244
351	-117.46212	-117.46212	-2.3099272	-49.0044	3.509133	14.763738	-59.121895	-49.003834	0.0	70747985	32387.185600996017
352	-108.871086	-108.871086	2.6845446	-49.02561	3.434108	14.46148	-61.267742	-49.024773	0.1	70948984	32479.68191576004
353	-106.1586	-106.1586	6.133809	-49.000443	3.5287344	12.103133	-60.959095	-49.0004	0.2	71149985	32571.866727113724
354	-110.915	-110.915	0.7046802	-49.01821	3.481182	13.430137	-59.563965	-49.017567	0.1	71350983	32664.722541332245
355	-109.4215	-109.4215	5.632606	-49.014038	3.5050535	12.921991	-61.601288	-49.013195	0.5	71551985	32757.80730819702
356	-97.30649	-97.30649	9.058013	-49.003487	3.537654	11.551888	-62.027027	-49.003628	0.3	71752989	32849.97171831131
357	-112.67156	-112.67156	5.69121	-49.00013	3.5092108	12.40637	-62.741188	-48.99965	0.1	71953982	32941.60698342323
358	-104.306305	-104.306305	4.4589853	-48.99911	3.5190141	15.692971	-62.980793	-48.998413	0.4	72154982	33034.29116463661
359	-108.10853	-108.10853	-14.520504	-49.01122	3.5285964	13.423962	-60.70577	-49.011124	0.1	72355981	33126.059918642044
360	-97.7908	-97.7908	8.83753	-49.003914	3.5087292	11.493595	-59.709133	-49.002995	0.2	72556984	33218.89383196831
361	-114.29255	-114.29255	0.9061337	-48.985394	3.5675855	13.462233	-63.624756	-48.984722	0.1	72757981	33309.92815041542
362	-109.251465	-109.251465	-1.6347725	-48.98556	3.5660303	11.092238	-65.38504	-48.98465	0.3	72958985	33402.33002233505
363	-111.89059	-111.89059	4.435269	-48.98834	3.5441577	12.58246	-65.83866	-48.988148	0.1	73159983	33495.8332657814
364	-103.36196	-103.36196	1.439561	-48.97861	3.5729527	11.322629	-65.03482	-48.977997	0.5	73360982	33588.51553916931
365	-106.91528	-106.91528	8.259921	-48.961933	3.626579	13.214595	-71.7513	-48.96155	0.3	73561982	33680.667996644974
366	-90.9342	-90.9342	6.666962	-48.98502	3.5115223	10.00557	-69.033455	-48.9844	0.2	73762982	33773.11941361427
367	-96.53375	-96.53375	4.39273	-48.94997	3.6205683	11.387053	-67.262024	-48.94955	0.4	73963982	33864.73598623276
368	-107.1241	-107.1241	5.8180504	-48.967003	3.5524175	11.697483	-61.534916	-48.966545	0.2	74164982	33957.321556568146
369	-108.18844	-108.18844	5.451803	-48.937393	3.6719024	18.725279	-60.655857	-48.936836	0.2	74365985	34049.40664720535
370	-115.691505	-115.691505	2.1993182	-48.9367	3.6527429	9.548384	-68.79966	-48.935772	0.2	74566981	34141.50830554962
371	-106.24924	-106.24924	7.8013425	-48.95115	3.57794	14.783761	-63.32117	-48.95055	0.0	74767984	34234.02676439285
372	-102.77132	-102.77132	6.3787932	-48.932964	3.6603	15.850395	-62.263855	-48.93229	0.0	74968984	34326.69300985336
373	-117.08194	-117.08194	8.065479	-48.929497	3.6835258	10.883294	-60.611412	-48.928627	0.3	75169982	34418.94476938248
374	-109.99082	-109.99082	4.465198	-48.931828	3.6554952	12.436439	-60.065014	-48.93165	0.2	75370986	34511.06281900406
375	-111.3555	-111.3555	10.84496	-48.933094	3.6588874	15.465368	-59.919235	-48.93216	0.2	75571984	34600.914610147476
376	-100.142555	-100.142555	7.4391484	-48.92651	3.659557	12.17391	-62.73378	-48.926266	0.3	75772983	34692.1651494503
377	-103.46431	-103.46431	4.983108	-48.921555	3.6672454	18.141083	-71.36536	-48.920685	0.2	75973984	34785.0844271183
378	-110.10881	-110.10881	9.743224	-48.926235	3.6625772	18.555536	-65.73085	-48.92615	0.2	76174982	34877.33495759964
379	-108.24941	-108.24941	9.063108	-48.920444	3.691858	15.464999	-60.552692	-48.919113	0.2	76375984	34969.77072477341
380	-105.92156	-105.92156	5.1551795	-48.933052	3.641794	15.587558	-66.5026	-48.93302	0.2	76576984	35063.154522418976
381	-116.26088	-116.26088	6.277272	-48.930508	3.6447506	11.764265	-62.141525	-48.9295	0.2	76777982	35155.422656297684
382	-96.5645	-96.5645	7.0673857	-48.916447	3.6991723	18.9165	-59.894318	-48.916115	0.2	76978981	35248.37346100807
383	-110.167755	-110.167755	10.47488	-48.911324	3.682495	15.183733	-63.403454	-48.91057	0.3	77179982	35340.692386865616
384	-111.16894	-111.16894	6.983095	-48.911755	3.6955597	14.913675	-62.94602	-48.911854	0.3	77380981	35434.393339157104
385	-109.228264	-109.228264	5.084397	-48.91851	3.6859822	12.687135	-61.755142	-48.917065	0.6	77581983	35524.91162729263
386	-102.976776	-102.976776	5.8230495	-48.911236	3.725773	11.858272	-61.670017	-48.911007	0.5	77782984	35617.346890449524
387	-100.49472	-100.49472	10.223119	-48.917034	3.7146523	13.540059	-61.001495	-48.9164	0.5	77983984	35710.08081459999
388	-115.39493	-115.39493	2.054594	-48.904232	3.7423105	13.471067	-59.55027	-48.903282	0.0	78184984	35803.13384270668
389	-109.00883	-109.00883	3.3392706	-48.90727	3.696645	15.034063	-62.671448	-48.90697	0.4	78385983	35895.46747779846
390	-98.77316	-98.77316	6.6879807	-48.90395	3.7415118	21.11647	-62.003307	-48.903164	0.5	78586981	35987.93548631668
391	-100.51912	-100.51912	8.254089	-48.8854	3.7887645	16.747105	-70.05216	-48.884804	0.3	78787982	36080.36995816231
392	-104.05014	-104.05014	8.060288	-48.90319	3.707115	12.798881	-65.81548	-48.902927	0.3	78988983	36173.30597496033
393	-96.00645	-96.00645	-5.9753857	-48.891266	3.7578547	13.577389	-62.701805	-48.890366	0.2	79189981	36265.888890981674
394	-110.19499	-110.19499	3.228432	-48.891685	3.7400205	18.556831	-61.3153	-48.891922	0.5	79390985	36359.190965890884
395	-108.04377	-108.04377	3.9547715	-48.87167	3.8056436	17.04346	-66.80609	-48.87101	0.2	79591981	36451.16251587868
396	-118.988045	-118.988045	10.261525	-48.883865	3.7468274	19.052183	-66.46038	-48.883026	0.4	79792982	36544.010639190674
397	-98.006905	-98.006905	7.6434507	-48.88507	3.757222	13.234249	-67.4185	-48.884426	0.2	79993982	36636.21126317978
398	-119.04599	-119.04599	5.575982	-48.877018	3.7947814	15.102973	-59.22234	-48.87633	0.4	80194983	36727.04613614082
399	-111.69168	-111.69168	9.331673	-48.86652	3.8371322	17.466633	-62.261684	-48.86644	0.3	80395988	36817.548429727554
400	-100.29932	-100.29932	4.7693906	-48.86288	3.822717	13.458246	-66.59281	-48.862347	0.5	80596983	36910.21415686607
401	-118.7079	-118.7079	-2.0776415	-48.86449	3.8224804	15.444893	-76.04513	-48.863747	0.4	80797982	37002.25000977516
402	-112.09117	-112.09117	7.3860016	-48.864613	3.8319051	17.457026	-71.23191	-48.86404	0.2	80998983	37094.202008485794
403	-98.98748	-98.98748	8.177962	-48.85805	3.8594537	13.194336	-65.16692	-48.858025	0.3	81199982	37185.886587142944
404	-110.745186	-110.745186	6.5416408	-48.872295	3.817475	12.874814	-64.59085	-48.87139	0.0	81400982	37277.30447554588
405	-110.18456	-110.18456	5.7332554	-48.874847	3.8298004	14.384357	-61.67	-48.874947	0.4	81601983	37369.15641236305
406	-105.524414	-105.524414	8.2559595	-48.868855	3.8253663	12.551077	-66.03781	-48.868805	0.4	81802985	37461.72554278374
407	-116.345856	-116.345856	-1.1843623	-48.86175	3.8506386	15.361242	-70.004616	-48.86105	0.1	82003983	37550.708970069885
408	-111.56923	-111.56923	-3.6882665	-48.86919	3.7964797	13.623043	-63.872257	-48.86884	0.2	82204982	37643.57754302025
409	-112.63251	-112.63251	4.0231023	-48.8708	3.8223844	12.730775	-62.5606	-48.87008	0.3	82405986	37736.72802424431
410	-118.40387	-118.40387	0.59019893	-48.870216	3.8378708	15.126183	-67.155754	-48.869987	0.2	82606989	37828.96263837814
411	-106.89644	-106.89644	7.8037004	-48.86334	3.8306441	10.622455	-77.994354	-48.862736	0.2	82807984	37921.830790281296
412	-106.41403	-106.41403	6.8276014	-48.855976	3.8901927	15.66786	-65.788895	-48.85571	0.5	83008983	38014.15289878845
413	-98.217155	-98.217155	-3.2321715	-48.860367	3.842956	17.497566	-64.427574	-48.859966	0.4	83209983	38106.13230729103
414	-100.62626	-100.62626	9.898431	-48.861458	3.8844686	17.254047	-64.295105	-48.861164	0.6	83410983	38198.01895856857
415	-111.41585	-111.41585	5.7905836	-48.853756	3.8781767	12.868905	-61.879265	-48.85313	0.5	83611982	38290.85243701935
416	-107.30544	-107.30544	-1.2258557	-48.86288	3.8741014	21.30565	-70.84708	-48.86282	0.2	83812981	38384.03765106201
417	-106.13888	-106.13888	-1.4468757	-48.869373	3.8519967	13.914366	-61.426147	-48.86857	0.3	84013984	38477.20704913139
418	-119.51586	-119.51586	8.031716	-48.880997	3.8250573	17.331795	-62.33601	-48.88099	0.2	84214982	38570.040709495544
419	-111.31403	-111.31403	9.332837	-48.867588	3.8269837	16.174982	-68.77359	-48.86694	0.2	84415981	38662.69231271744
420	-119.116806	-119.116806	5.7642713	-48.86345	3.8450322	13.082859	-62.863808	-48.86254	0.2	84616984	38755.82569885254
421	-112.01768	-112.01768	8.776887	-48.86832	3.8689578	11.7986355	-60.161465	-48.86799	0.3	84817982	38848.21123290062
422	-93.99121	-93.99121	9.102276	-48.8629	3.8578532	13.050128	-63.423237	-48.86274	0.5	85018982	38940.51386642456
423	-115.99256	-115.99256	3.5772314	-48.854565	3.8676023	12.1123	-65.05521	-48.854057	0.2	85219981	39032.79772591591
424	-106.20505	-106.20505	0.663985	-48.85671	3.8753867	13.691656	-61.095543	-48.85593	0.5	85420983	39126.01555895805
425	-101.05556	-101.05556	-8.323564	-48.847546	3.8636606	13.780387	-61.688103	-48.847214	0.6	85621990	39219.10032582283
426	-113.78841	-113.78841	7.024568	-48.851906	3.9016309	10.6440115	-61.911526	-48.851425	0.5	85822981	39311.9371676445
427	-105.73757	-105.73757	0.5187914	-48.863785	3.8251553	12.61797	-61.713814	-48.863564	0.3	86023984	39403.98759222031
428	-100.98119	-100.98119	8.676845	-48.86932	3.8533397	10.901856	-60.102474	-48.8687	0.4	86224984	39496.572016477585
429	-105.233086	-105.233086	9.484697	-48.85009	3.8639557	16.155922	-65.272255	-48.84921	0.6	86425981	39588.42239165306
430	-111.14316	-111.14316	7.372252	-48.841896	3.9088953	14.720282	-61.402042	-48.841167	0.2	86626984	39681.49114012718
431	-114.403786	-114.403786	0.63379705	-48.855145	3.8287034	13.011678	-60.05914	-48.85503	0.3	86827981	39774.42525553703
432	-105.61408	-105.61408	6.1186953	-48.83891	3.9212115	14.987533	-60.223545	-48.838814	0.0	87028984	39866.94435977936
433	-110.48528	-110.48528	5.258772	-48.848164	3.827821	13.975411	-59.813072	-48.847206	0.2	87229983	39958.97689080238
434	-102.70964	-102.70964	8.825169	-48.853096	3.8595738	15.931653	-61.75379	-48.853737	0.2	87430982	40052.380261182785
435	-105.413124	-105.413124	8.360076	-48.82845	3.915249	15.638768	-62.3486	-48.82695	0.5	87631981	40145.33044266701
436	-108.86202	-108.86202	6.0955005	-48.810978	3.9694314	12.266866	-74.24095	-48.811523	0.4	87832981	40238.66462612152
437	-111.01661	-111.01661	1.1248792	-48.833183	3.900617	15.421683	-60.38941	-48.83247	0.2	88033982	40331.969688892365
438	-126.32346	-126.32346	5.8501873	-48.81447	3.9612606	13.956345	-62.320766	-48.813816	0.1	88234983	40424.351588487625
439	-104.62912	-104.62912	6.0808043	-48.817726	3.9394288	15.335707	-66.124214	-48.817642	0.6	88435982	40516.60360121727
440	-112.14763	-112.14763	7.3565235	-48.825806	3.9399037	24.847616	-63.385006	-48.825615	0.3	88636981	40606.94008040428
441	-101.09817	-101.09817	10.220254	-48.80805	3.9929886	11.992282	-61.530216	-48.807674	0.2	88837983	40699.93987488747
442	-111.815926	-111.815926	-2.246187	-48.81105	3.9478624	10.410397	-62.366795	-48.810078	0.5	89038984	40793.04019355774
443	-104.84752	-104.84752	-2.24212	-48.82235	3.910244	14.44481	-70.473854	-48.82208	0.3	89239981	40885.22681760788
444	-114.47755	-114.47755	10.322694	-48.83728	3.8827312	18.535517	-61.804665	-48.837345	0.3	89440983	40977.8605260849
445	-106.2179	-106.2179	7.100386	-48.82353	3.9552836	13.884275	-62.783897	-48.82362	0.4	89641983	41070.744663476944
446	-115.69163	-115.69163	6.991419	-48.81709	3.9418519	13.1843	-60.982193	-48.816017	0.4	89842987	41163.480481386185
447	-108.41741	-108.41741	6.8361483	-48.826538	3.9175391	13.898109	-61.98344	-48.825974	0.1	90043990	41256.79851484299
448	-99.27232	-99.27232	8.802917	-48.82571	3.9222274	14.820118	-61.11745	-48.825096	0.3	90244983	41349.7330198288
449	-107.50955	-107.50955	6.0204053	-48.822525	3.9419131	17.521046	-62.203312	-48.822254	0.5	90445982	41442.58324623108
450	-108.79528	-108.79528	6.9784107	-48.82879	3.9126856	21.623602	-63.731125	-48.828655	0.2	90646982	41535.75075387955
451	-108.19656	-108.19656	8.8255005	-48.815617	3.9560232	12.809199	-61.31372	-48.815285	0.7	90847982	41628.22087407112
452	-98.14349	-98.14349	10.451903	-48.816563	3.9552853	10.858494	-61.858067	-48.816223	0.5	91048983	41720.522119522095
453	-112.10288	-112.10288	9.066676	-48.81825	3.9473526	13.0744095	-65.274864	-48.817883	0.4	91249985	41813.35641670227
454	-95.33788	-95.33788	3.5149386	-48.803658	3.9528112	13.552727	-66.31896	-48.804096	0.2	91450985	41906.44004893303
455	-98.27708	-98.27708	4.429588	-48.802372	3.9706852	39.877014	-61.28586	-48.8018	0.5	91651983	41999.092108249664
456	-104.02745	-104.02745	8.39148	-48.7847	3.99661	32.304478	-62.067127	-48.78446	0.0	91852984	42090.40996026993
457	-103.05258	-103.05258	9.735453	-48.793823	3.9860609	22.548933	-63.344822	-48.793503	0.7	92053983	42181.79557490349
458	-106.664314	-106.664314	8.620145	-48.79523	3.9776077	30.839333	-68.93837	-48.795403	0.6	92254983	42273.74778199196
459	-107.445595	-107.445595	9.354068	-48.79829	3.965732	17.669176	-63.547855	-48.797905	0.3	92455983	42367.49770832062
460	-119.202774	-119.202774	7.5475464	-48.779438	4.0334506	17.811255	-64.745476	-48.779247	0.2	92656983	42460.08270525932
461	-111.25796	-111.25796	9.014348	-48.80033	3.9733565	15.181461	-61.17193	-48.800518	0.2	92857982	42552.984830617905
462	-113.8967	-113.8967	8.082257	-48.78956	4.010382	16.677427	-63.331596	-48.789814	0.2	93058981	42646.15084886551
463	-109.820984	-109.820984	4.4583592	-48.793415	3.9707756	13.669462	-61.005352	-48.792866	0.3	93259982	42737.81949329376
464	-108.76821	-108.76821	7.8702235	-48.793476	3.9886832	15.61316	-62.61283	-48.793533	0.2	93460987	42829.271048784256
465	-113.09055	-113.09055	8.743636	-48.77446	4.0790057	11.878562	-70.246056	-48.774303	0.6	93661981	42917.98981666565
466	-111.283485	-111.283485	8.534652	-48.769176	4.0624104	20.29749	-66.882324	-48.769047	0.4	93862985	43008.50694537163
467	-116.765564	-116.765564	7.585303	-48.791157	3.9890904	14.595051	-71.351456	-48.790733	0.5	94063981	43098.575635671616
468	-104.55357	-104.55357	8.599538	-48.792473	3.9761803	12.935717	-61.6712	-48.792484	0.4	94264981	43187.54522037506
469	-104.505554	-104.505554	8.132802	-48.773457	4.0169287	14.996018	-61.13787	-48.772957	0.3	94465982	43277.02965569496
470	-104.30917	-104.30917	4.7899513	-48.796146	3.9887507	12.075156	-65.56115	-48.796535	0.3	94666983	43366.63110256195
471	-108.16739	-108.16739	8.930464	-48.770557	4.051775	11.286532	-60.652527	-48.770973	0.5	94867984	43456.28172469139
472	-105.639114	-105.639114	6.3900194	-48.7756	4.022583	15.832354	-63.346554	-48.775436	0.3	95068982	43549.232540130615
473	-114.782936	-114.782936	2.658575	-48.79522	3.9454129	13.558559	-71.00675	-48.795162	0.6	95269984	43641.68360233307
474	-110.741745	-110.741745	9.699939	-48.777576	4.04881	16.244097	-69.24171	-48.777523	0.3	95470981	43733.40290617943
