Epoch	EpRet	EpRealRet	TestEpRet	AverageQ1	StdQ1	MaxQ1	MinQ1	Q2	TestSuccess	TotalEnvInteracts	TotalTime
0	-129.70886	-129.70886	-23.975891	-47.947247	6.9076242	-0.09726044	-82.80834	-47.96913	0.0	196983	97.28680729866028
1	-140.81851	-140.81851	-86.2074	-48.989693	3.4167337	-22.78743	-65.671585	-48.9897	0.0	397982	182.73799562454224
2	-148.563	-148.563	-24.67288	-49.318844	3.1892667	-15.659888	-58.600838	-49.319477	0.0	598982	277.69241762161255
3	-130.02905	-130.02905	-7.473673	-49.359585	3.50723	-7.459085	-72.34998	-49.359474	0.0	799981	372.08109498023987
4	-148.3498	-148.3498	-30.927818	-49.637474	2.3405135	-20.432032	-61.12511	-49.63763	0.0	1000981	473.04531955718994
5	-147.92181	-147.92181	-96.87312	-49.783188	1.6639364	-24.845123	-62.715252	-49.78359	0.0	1201982	571.7934393882751
6	-172.8814	-172.8814	-91.96905	-49.840343	1.3396988	-29.115234	-60.163815	-49.840416	0.0	1402981	671.174248456955
7	-153.74947	-153.74947	-35.736336	-49.873344	1.1170611	-31.472624	-54.613945	-49.873306	0.0	1603983	771.8705604076385
8	-160.3146	-160.3146	-85.527695	-49.893623	1.020643	-33.97154	-58.63122	-49.89359	0.0	1804982	881.9773969650269
9	-150.25822	-150.25822	-68.77173	-49.904205	0.95697355	-33.888287	-57.94984	-49.90424	0.0	2005981	996.3924078941345
10	-144.42336	-144.42336	-55.946712	-49.90363	0.9701064	-33.734352	-63.592365	-49.90354	0.0	2206981	1101.7870523929596
11	-138.90247	-138.90247	-74.59159	-49.912342	0.9043444	-33.379383	-67.65889	-49.912422	0.0	2407981	1207.497804403305
12	-135.10565	-135.10565	-79.60287	-49.91419	0.8409337	-35.846428	-54.596977	-49.91423	0.0	2608982	1312.5949788093567
13	-162.47566	-162.47566	-56.38519	-49.90113	0.8914752	-35.014774	-64.745766	-49.90126	0.0	2809984	1417.1371810436249
14	-152.15004	-152.15004	-65.57067	-49.897957	0.8901976	-34.311493	-56.994343	-49.89793	0.0	3010982	1524.9268736839294
15	-139.52667	-139.52667	-65.116875	-49.908146	0.8363537	-34.61972	-53.163364	-49.908096	0.0	3211984	1632.5404689311981
16	-150.3746	-150.3746	-28.88219	-49.911846	0.7910127	-35.36445	-58.538925	-49.9119	0.0	3412982	1736.5320098400116
17	-151.76428	-151.76428	-71.630486	-49.921455	0.71673524	-36.306744	-55.370876	-49.921356	0.0	3613983	1840.8688807487488
18	-147.25818	-147.25818	-61.776356	-49.928455	0.6695028	-37.304565	-55.538765	-49.928425	0.0	3814981	1946.5633509159088
19	-134.50584	-134.50584	-28.722437	-49.92953	0.6279899	-38.811592	-60.026764	-49.929462	0.0	4015983	2049.285872936249
20	-144.937	-144.937	-59.371754	-49.928295	0.636097	-37.31697	-52.74597	-49.928204	0.0	4216982	2153.812031507492
21	-154.02054	-154.02054	-51.209522	-49.934765	0.61163336	-37.711903	-61.42146	-49.934746	0.0	4417984	2258.8995916843414
22	-142.40204	-142.40204	-88.9663	-49.928062	0.6376548	-35.335045	-57.058823	-49.92815	0.0	4618981	2363.450219631195
23	-145.47136	-145.47136	-43.946148	-49.92901	0.62670994	-39.957767	-54.87506	-49.92901	0.0	4819982	2468.6354064941406
24	-149.1782	-149.1782	-57.724857	-49.93316	0.61450887	-39.756214	-52.750713	-49.93319	0.0	5020981	2573.700030565262
25	-151.38797	-151.38797	-34.815334	-49.92904	0.6371609	-39.731213	-56.835896	-49.928967	0.0	5221983	2678.6586306095123
26	-154.25468	-154.25468	-59.206093	-49.929096	0.6353112	-39.94626	-52.73484	-49.92913	0.0	5422982	2782.818430662155
27	-136.02681	-136.02681	-31.256996	-49.927376	0.6305374	-40.092655	-53.128765	-49.927456	0.0	5623983	2883.35866189003
28	-139.2189	-139.2189	-48.926098	-49.92958	0.62598366	-39.654507	-54.90104	-49.929577	0.0	5824982	2984.443554878235
29	-136.31631	-136.31631	-92.874535	-49.929558	0.63231725	-38.608948	-63.5281	-49.929695	0.0	6025982	3084.6906411647797
30	-132.74376	-132.74376	-95.20315	-49.922585	0.6672857	-34.122826	-56.984467	-49.922684	0.0	6226982	3184.40118598938
31	-150.81642	-150.81642	-56.04752	-49.913452	0.7426938	-32.77897	-59.51305	-49.913544	0.0	6427981	3283.7092497348785
32	-171.52596	-171.52596	-56.75848	-49.905853	0.77669984	-32.730625	-58.124397	-49.9059	0.0	6628983	3383.6890382766724
33	-142.78185	-142.78185	-35.68349	-49.909595	0.7577001	-32.08721	-55.368126	-49.90959	0.0	6829981	3483.893533229828
34	-155.00508	-155.00508	-53.013474	-49.904385	0.82790446	-17.159523	-52.34763	-49.904396	0.0	7030984	3583.1131250858307
35	-137.92635	-137.92635	-42.587124	-49.89094	1.0731914	0.82596743	-54.686844	-49.891014	0.0	7231983	3682.909399032593
36	-153.23007	-153.23007	-27.203663	-49.874844	1.1999642	1.3153796	-56.52159	-49.874924	0.0	7432982	3782.7115371227264
37	-149.54999	-149.54999	-36.435673	-49.875336	1.184869	0.82602453	-52.487514	-49.87512	0.0	7633982	3883.014053583145
38	-141.03001	-141.03001	-24.254932	-49.881565	1.1592228	1.3704407	-53.47485	-49.88162	0.0	7834981	3982.7355768680573
39	-146.07465	-146.07465	-84.38575	-49.872498	1.1492987	1.1830925	-57.688095	-49.87234	0.0	8035983	4082.62175989151
40	-145.5071	-145.5071	-66.23715	-49.867764	1.2171254	0.38210708	-54.136936	-49.867687	0.0	8236986	4181.81686091423
41	-143.41359	-143.41359	-57.688698	-49.869343	1.1486317	0.548216	-55.838123	-49.869423	0.0	8437982	4280.962755441666
42	-142.61734	-142.61734	-28.409533	-49.87202	1.1456056	1.3374574	-53.787323	-49.87201	0.0	8638981	4380.549453020096
43	-160.72127	-160.72127	-58.04193	-49.867805	1.1257046	1.3947412	-52.691742	-49.867718	0.0	8839984	4480.6794493198395
44	-138.34029	-138.34029	-66.094826	-49.862427	1.1406485	1.2520825	-52.68446	-49.86241	0.0	9040981	4579.9048709869385
45	-155.23677	-155.23677	-86.05618	-49.86619	1.0592115	0.9470719	-55.22782	-49.866302	0.0	9241982	4678.2233600616455
46	-143.28203	-143.28203	-107.58255	-49.86527	1.0294605	-6.2532134	-51.952934	-49.865135	0.0	9442982	4777.502232074738
47	-135.94199	-135.94199	-75.332115	-49.8623	0.9991285	-8.1199045	-53.544376	-49.862293	0.0	9643984	4877.500215053558
48	-143.74797	-143.74797	-53.34401	-49.856724	1.0049746	-8.726916	-55.49971	-49.856625	0.0	9844983	4977.115384340286
49	-136.90965	-136.90965	-61.62067	-49.850918	0.99975795	-8.659937	-56.910618	-49.85088	0.0	10045982	5076.945692062378
50	-149.05194	-149.05194	-42.652588	-49.84781	0.9716856	-22.466928	-52.54669	-49.847702	0.0	10246982	5176.888675928116
51	-163.19133	-163.19133	-42.153103	-49.838593	1.0073365	-24.134779	-53.261475	-49.838387	0.0	10447984	5275.637490510941
52	-137.6388	-137.6388	-28.229023	-49.835068	0.9912957	-24.747416	-57.438194	-49.834957	0.0	10648981	5376.041438817978
53	-153.431	-153.431	-30.003706	-49.8288	1.0247381	-23.776646	-61.77163	-49.828682	0.0	10849982	5475.803605556488
54	-173.14438	-173.14438	-27.406494	-49.824142	1.0360715	-24.077787	-53.464867	-49.824017	0.0	11050983	5575.121460676193
55	-135.96358	-135.96358	-24.825268	-49.824066	1.0313615	-25.18785	-54.75811	-49.82382	0.0	11251984	5674.810306310654
56	-147.6039	-147.6039	-37.256863	-49.816887	1.0455011	-26.719275	-53.632153	-49.8168	0.0	11452984	5774.837353944778
57	-149.08748	-149.08748	-32.571312	-49.812588	1.0581918	-27.079931	-54.624012	-49.81241	0.0	11653982	5874.701704025269
58	-158.63187	-158.63187	-69.46967	-49.80639	1.0772277	-27.247524	-55.891735	-49.80612	0.0	11854982	5973.774993658066
59	-148.71068	-148.71068	-38.160355	-49.805565	1.0683565	-28.16318	-53.696007	-49.805485	0.0	12055981	6073.687499761581
60	-150.46204	-150.46204	-98.63022	-49.799263	1.0843027	-31.187418	-55.187035	-49.799168	0.0	12256981	6173.549281358719
61	-155.6016	-155.6016	-15.896597	-49.79564	1.0928824	-30.73722	-55.314945	-49.79542	0.0	12457983	6272.734343767166
62	-133.65791	-133.65791	-46.48282	-49.79378	1.0910187	-31.358202	-55.492195	-49.79362	0.0	12658981	6372.414799213409
63	-147.30057	-147.30057	-25.695196	-49.78873	1.0959973	-33.170967	-55.288757	-49.788593	0.0	12859981	6473.064989089966
64	-146.83841	-146.83841	-34.79562	-49.78354	1.1092384	-32.800625	-57.80494	-49.783546	0.0	13060982	6572.982208967209
65	-144.72522	-144.72522	-53.359875	-49.7797	1.1188761	-32.522827	-56.788876	-49.7795	0.0	13261985	6675.052747488022
66	-156.55392	-156.55392	-27.473932	-49.772163	1.1480354	-31.83512	-56.973755	-49.772144	0.0	13462981	6774.427626848221
67	-149.01645	-149.01645	-42.107132	-49.774513	1.1436433	-32.43956	-54.42303	-49.77423	0.0	13663981	6874.302478551865
68	-160.39906	-160.39906	-19.186342	-49.766575	1.1707565	-32.081036	-55.18172	-49.766495	0.0	13864986	6973.91196680069
69	-154.8082	-154.8082	-74.36761	-49.762955	1.1817043	-31.049355	-54.777367	-49.762833	0.0	14065984	7073.838968992233
70	-150.26424	-150.26424	-17.402681	-49.756733	1.1962209	-30.336092	-53.982536	-49.756695	0.0	14266982	7173.0245134830475
71	-158.4891	-158.4891	-28.764118	-49.75938	1.1914147	-30.331152	-56.37105	-49.759384	0.0	14467985	7272.173645019531
72	-150.72336	-150.72336	-35.423336	-49.75014	1.219777	-30.308247	-56.064632	-49.750027	0.0	14668981	7372.545709371567
73	-161.30234	-161.30234	-21.657515	-49.748764	1.223374	-30.240025	-56.095394	-49.748596	0.0	14869981	7472.291878461838
74	-148.51778	-148.51778	-41.58228	-49.747467	1.2313846	-30.196745	-57.02694	-49.74737	0.1	15070986	7572.217129230499
75	-139.43846	-139.43846	-59.3009	-49.74595	1.2323927	-30.698654	-56.268753	-49.7459	0.0	15271981	7671.591599225998
76	-146.66245	-146.66245	-17.951916	-49.74361	1.2442907	-30.268076	-57.177525	-49.743664	0.0	15472981	7770.016972780228
77	-155.22679	-155.22679	-32.2089	-49.737762	1.2610184	-30.817009	-57.657906	-49.73771	0.0	15673982	7869.600910186768
78	-144.48068	-144.48068	-75.69785	-49.735153	1.2512568	-31.397669	-53.751682	-49.734978	0.0	15874984	7968.872815132141
79	-176.4667	-176.4667	-69.61313	-49.72323	1.2840085	-31.62069	-52.00381	-49.723106	0.1	16075984	8067.855467796326
80	-152.14088	-152.14088	-27.36958	-49.717842	1.3195208	-31.787048	-53.187622	-49.717808	0.1	16276983	8166.837168931961
81	-149.66393	-149.66393	-28.884144	-49.70725	1.3678203	-21.942955	-54.23414	-49.707405	0.0	16477982	8266.520161867142
82	-150.93086	-150.93086	-27.323809	-49.711456	1.3634452	-9.264217	-52.69741	-49.711517	0.0	16678982	8365.883300542831
83	-166.37051	-166.37051	-74.48798	-49.713367	1.3843367	-1.450645	-53.280865	-49.713356	0.0	16879983	8465.40168595314
84	-142.45105	-142.45105	-65.02563	-49.708897	1.4080775	0.78189594	-53.25957	-49.709106	0.0	17080982	8565.5934715271
85	-163.21791	-163.21791	-25.56736	-49.704395	1.4058329	2.3428764	-53.309063	-49.704422	0.0	17281984	8664.64274263382
86	-168.38358	-168.38358	-89.6515	-49.70336	1.4301826	3.1716843	-52.55876	-49.703518	0.0	17482981	8763.740690946579
87	-170.05652	-170.05652	-47.605507	-49.70403	1.4403505	3.1964812	-54.287403	-49.70406	0.0	17683984	8863.630560398102
88	-173.22379	-173.22379	-65.6389	-49.704098	1.4660829	5.5060544	-52.58665	-49.704243	0.0	17884982	8963.376140356064
89	-147.09999	-147.09999	-79.01581	-49.702297	1.4589988	2.616629	-53.320477	-49.702286	0.0	18085981	9063.542594194412
90	-173.27966	-173.27966	-104.91792	-49.6932	1.4716142	3.3646338	-53.54519	-49.693336	0.0	18286982	9163.46655511856
91	-165.6721	-165.6721	-99.4821	-49.689976	1.4689488	3.8787417	-52.9487	-49.69	0.0	18487981	9263.062229156494
92	-151.93466	-151.93466	-45.186577	-49.690166	1.5032088	4.2070894	-53.77417	-49.690197	0.1	18688981	9367.992884874344
93	-170.5992	-170.5992	-14.216001	-49.6885	1.4793926	4.9721293	-53.745335	-49.68832	0.0	18889981	9468.524956941605
94	-186.50453	-186.50453	-39.084854	-49.687305	1.5198654	5.300507	-52.660362	-49.687202	0.0	19090987	9568.217026948929
95	-170.64294	-170.64294	-90.95957	-49.679115	1.5639634	5.093871	-53.446568	-49.679104	0.0	19291982	9668.082797288895
96	-179.12639	-179.12639	-51.28566	-49.682526	1.5243708	3.3108766	-53.41612	-49.68227	0.0	19492984	9768.133633375168
97	-161.88109	-161.88109	-42.38465	-49.67299	1.5786611	6.461034	-52.205784	-49.67271	0.0	19693985	9868.26635670662
98	-177.51668	-177.51668	-69.31183	-49.66049	1.5885816	3.6103044	-53.323338	-49.66035	0.0	19894981	9968.168843984604
99	-179.4831	-179.4831	-111.34354	-49.663467	1.587832	6.190158	-52.591347	-49.66327	0.0	20095987	10067.138073682785
100	-143.95073	-143.95073	-66.31097	-49.661312	1.5799795	4.6885943	-52.533142	-49.66123	0.0	20296984	10167.423256158829
101	-157.46948	-157.46948	-43.589096	-49.65931	1.5887164	3.913587	-52.348125	-49.65912	0.2	20497982	10267.514441490173
102	-154.53738	-154.53738	-83.55802	-49.648613	1.6312861	4.4724197	-57.029827	-49.648407	0.0	20698983	10367.048987865448
103	-154.45074	-154.45074	-45.405125	-49.639362	1.702099	7.828283	-53.705322	-49.639248	0.1	20899981	10466.801298379898
104	-168.14346	-168.14346	-84.6728	-49.62876	1.7052056	6.0011787	-55.262535	-49.628693	0.0	21100982	10567.022924900055
105	-153.62163	-153.62163	-100.60386	-49.622444	1.7358867	4.276022	-54.816193	-49.6222	0.3	21301986	10666.800621509552
106	-201.78151	-201.78151	-89.76934	-49.61472	1.8536654	17.512135	-54.774826	-49.614555	0.0	21502984	10767.373175382614
107	-161.91176	-161.91176	-50.821766	-49.609863	1.9065301	7.8339577	-56.28356	-49.60992	0.1	21703982	10867.722847700119
108	-158.57849	-158.57849	-78.37377	-49.609657	1.9515933	13.548336	-55.747494	-49.609226	0.1	21904981	10968.021256685257
109	-190.65778	-190.65778	-73.45527	-49.61051	1.9797043	9.157867	-54.826885	-49.61039	0.2	22105981	11067.54723238945
110	-170.58148	-170.58148	-72.09555	-49.605854	1.9751815	15.324286	-57.380463	-49.60553	0.0	22306984	11167.438237905502
111	-141.94415	-141.94415	-89.900856	-49.605762	2.0146685	20.39539	-59.665092	-49.60566	0.0	22507983	11267.47149515152
112	-147.89117	-147.89117	-22.972267	-49.59364	2.0277052	10.644099	-55.177715	-49.593452	0.2	22708984	11367.659209012985
113	-159.18842	-159.18842	-11.713134	-49.593174	2.007176	6.626496	-55.524185	-49.59319	0.0	22909981	11467.813312768936
114	-182.9658	-182.9658	-23.389502	-49.589775	2.0273073	10.114501	-56.81774	-49.589573	0.1	23110985	11567.881733179092
115	-182.29295	-182.29295	-46.029743	-49.587406	2.0301626	8.57778	-56.17964	-49.587227	0.0	23311981	11667.724647045135
116	-165.06262	-165.06262	-25.203773	-49.58493	1.9975685	5.7955813	-58.04238	-49.585007	0.0	23512986	11769.011964797974
117	-170.33061	-170.33061	-14.570776	-49.57032	2.0382154	10.917356	-55.27188	-49.570107	0.1	23713981	11868.561982154846
118	-163.02963	-163.02963	-9.49437	-49.572426	2.014245	13.151201	-56.745434	-49.572533	0.4	23914982	11968.427716732025
119	-145.72108	-145.72108	-34.898834	-49.567043	2.0647955	13.301367	-54.86187	-49.56701	0.0	24115983	12068.45951128006
120	-164.83505	-164.83505	-93.28293	-49.573784	2.0377457	11.298176	-56.01074	-49.573612	0.1	24316982	12167.696011781693
121	-182.39664	-182.39664	-37.550354	-49.5599	2.1063204	23.637423	-55.41372	-49.55995	0.2	24517982	12267.313608646393
122	-158.6822	-158.6822	-58.551563	-49.5688	2.052384	16.818113	-54.553818	-49.568703	0.1	24718985	12367.10378575325
123	-139.82825	-139.82825	-12.974124	-49.563236	2.1129532	9.040449	-55.470985	-49.56311	0.1	24919983	12467.714175701141
124	-166.069	-166.069	-44.249195	-49.557438	2.1151528	11.114078	-54.282234	-49.557384	0.0	25120982	12567.33738732338
125	-170.5285	-170.5285	-5.9758162	-49.550785	2.131301	14.262224	-55.836605	-49.550705	0.2	25321981	12666.448055267334
126	-163.90652	-163.90652	-33.491127	-49.548447	2.171299	12.654769	-54.440216	-49.548454	0.1	25522984	12766.223279476166
127	-154.27095	-154.27095	1.2189626	-49.55529	2.1858768	12.269885	-54.94013	-49.555305	0.0	25723981	12866.144780158997
128	-149.06477	-149.06477	-0.3653021	-49.552948	2.1550286	11.509224	-55.263485	-49.552784	0.0	25924984	12966.688402891159
129	-153.25613	-153.25613	-62.588974	-49.548706	2.1266832	14.063483	-55.009834	-49.54889	0.1	26125982	13066.617797851562
130	-173.00703	-173.00703	-47.385666	-49.547886	2.1344256	9.7399435	-55.351517	-49.547832	0.1	26326984	13166.058959007263
131	-181.02383	-181.02383	-9.671606	-49.5467	2.1460733	13.26774	-55.94676	-49.546646	0.2	26527983	13265.970788240433
132	-193.31075	-193.31075	-13.485333	-49.537365	2.1827908	6.6744843	-54.47894	-49.537437	0.0	26728981	13365.876978635788
133	-162.60924	-162.60924	-129.16402	-49.537148	2.1907082	15.11555	-54.41298	-49.53709	0.1	26929984	13465.700683116913
134	-153.32675	-153.32675	-103.49385	-49.535507	2.2229452	14.278426	-55.15779	-49.53549	0.1	27130981	13565.740282058716
135	-189.98306	-189.98306	-37.26212	-49.532925	2.2615383	16.989323	-55.469784	-49.532806	0.3	27331982	13669.971525907516
136	-152.77367	-152.77367	-30.310713	-49.521683	2.3016186	8.125912	-54.31285	-49.52163	0.0	27532986	13778.771650314331
137	-169.29828	-169.29828	-97.54111	-49.524445	2.2919848	15.120968	-57.963486	-49.524437	0.0	27733981	13886.258437395096
138	-166.4333	-166.4333	-56.365414	-49.521946	2.2920754	10.668008	-54.983795	-49.521908	0.1	27934982	13991.357539892197
139	-155.1251	-155.1251	-16.4273	-49.50845	2.3435676	9.983719	-54.634777	-49.508495	0.1	28135986	14099.125160694122
140	-150.43025	-150.43025	-12.994516	-49.51249	2.3787463	12.974786	-55.59941	-49.51243	0.0	28336982	14208.080819129944
141	-131.23087	-131.23087	-24.326042	-49.50879	2.3761504	12.523836	-56.626396	-49.508804	0.0	28537981	14314.486901521683
142	-174.7641	-174.7641	-4.0683074	-49.49576	2.3964956	12.877462	-56.440075	-49.49561	0.1	28738982	14419.877269983292
143	-172.36641	-172.36641	-1.3396673	-49.50098	2.4099348	10.585371	-56.165928	-49.501087	0.3	28939983	14528.615555524826
144	-155.83612	-155.83612	1.4439325	-49.49141	2.4384308	12.767906	-56.869312	-49.491478	0.1	29140981	14636.829517364502
145	-172.85825	-172.85825	-5.785461	-49.48555	2.4407165	11.344386	-56.795216	-49.48545	0.0	29341983	14766.62141251564
146	-175.96033	-175.96033	-14.75976	-49.482025	2.4598017	10.144331	-55.01091	-49.481964	0.1	29542991	14878.902854919434
147	-160.99281	-160.99281	0.21504365	-49.484486	2.4048362	8.136354	-54.687405	-49.4845	0.1	29743982	14988.574173212051
148	-166.15492	-166.15492	-93.713745	-49.486446	2.4257722	14.300756	-56.297356	-49.486492	0.2	29944981	15100.8922393322
149	-147.99332	-147.99332	-3.999913	-49.48523	2.4270563	11.453931	-55.39092	-49.485405	0.1	30145982	15211.799337625504
150	-155.852	-155.852	-29.907526	-49.476627	2.467935	12.173954	-56.159706	-49.476585	0.1	30346981	15321.750882148743
151	-180.7369	-180.7369	1.0579773	-49.47763	2.4954195	15.750176	-57.209167	-49.4776	0.0	30547981	15434.467766046524
152	-175.84515	-175.84515	2.1301882	-49.471733	2.5633562	8.466782	-56.106937	-49.47197	0.2	30748982	15545.70957159996
153	-144.84406	-144.84406	-52.353027	-49.46384	2.5556135	14.227575	-54.987892	-49.463734	0.3	30949983	15658.889882087708
154	-202.14397	-202.14397	-18.242897	-49.45903	2.5739782	17.0581	-55.928905	-49.45867	0.1	31150987	15775.10769701004
155	-175.4105	-175.4105	-21.076292	-49.461494	2.5881197	8.92143	-55.48935	-49.461357	0.3	31351981	15893.895127773285
156	-165.91034	-165.91034	4.8786693	-49.450523	2.6533449	8.8310795	-54.665768	-49.45019	0.3	31552982	16012.859584093094
157	-149.37561	-149.37561	-4.232475	-49.452908	2.6541786	28.096634	-54.618076	-49.452625	0.1	31753982	16129.697278022766
158	-185.32393	-185.32393	4.38704	-49.447735	2.6696508	15.208622	-54.7605	-49.447685	0.3	31954981	16243.18446469307
159	-161.06279	-161.06279	1.5009618	-49.445465	2.7334087	14.106043	-54.876003	-49.445076	0.2	32155981	16357.11772942543
160	-155.48186	-155.48186	-20.618942	-49.452507	2.6607985	13.6828	-54.703793	-49.45225	0.1	32356983	16478.28092455864
161	-138.20921	-138.20921	-3.3490105	-49.440536	2.721618	11.066568	-54.404278	-49.440285	0.1	32557983	16591.53973031044
162	-143.50616	-143.50616	-29.368025	-49.435448	2.7579749	17.545956	-54.599033	-49.435112	0.0	32758985	16706.616524219513
163	-138.1555	-138.1555	-2.7205126	-49.42431	2.7596607	10.310075	-55.780365	-49.424145	0.1	32959983	16821.55222773552
164	-133.14214	-133.14214	-16.947876	-49.415665	2.8095362	13.573233	-54.230392	-49.415432	0.1	33160982	16937.6785030365
165	-143.27348	-143.27348	-5.556059	-49.422977	2.7498255	12.617149	-53.853508	-49.42275	0.1	33361982	17050.488659858704
166	-146.3715	-146.3715	-78.50225	-49.42322	2.740816	12.491422	-56.11632	-49.422775	0.5	33562981	17169.79869890213
167	-167.74786	-167.74786	-6.432658	-49.419907	2.783874	9.466417	-54.336918	-49.419525	0.1	33763987	17286.173045873642
168	-155.87769	-155.87769	1.91703	-49.421368	2.7323985	13.67915	-54.576256	-49.421097	0.3	33964987	17401.816817760468
169	-162.48602	-162.48602	-0.37032822	-49.421875	2.7655375	12.158101	-56.65757	-49.421356	0.2	34165983	17520.29843378067
170	-169.38383	-169.38383	-20.854795	-49.41834	2.7676468	22.644306	-54.88293	-49.4181	0.1	34366983	17632.97935438156
171	-152.21072	-152.21072	-15.463894	-49.415733	2.7883325	14.162518	-55.097824	-49.415478	0.2	34567981	17744.19006729126
172	-173.69359	-173.69359	-6.721544	-49.4142	2.8129306	11.025584	-56.312828	-49.413986	0.1	34768981	17859.21434736252
173	-159.17772	-159.17772	3.2643273	-49.413628	2.7353733	11.327077	-55.441727	-49.413216	0.2	34969981	17974.77520918846
174	-150.74612	-150.74612	6.6806655	-49.400578	2.8444107	13.535505	-54.17169	-49.400196	0.1	35170983	18087.065701961517
175	-135.44983	-135.44983	-50.94766	-49.40491	2.8244624	15.581488	-54.545097	-49.404785	0.1	35371984	18200.845987796783
176	-141.50958	-141.50958	-81.06703	-49.38903	2.865076	14.172655	-54.307716	-49.388817	0.1	35572982	18313.440226316452
177	-188.91646	-188.91646	6.53671	-49.393085	2.8541164	13.848235	-54.55681	-49.392925	0.2	35773985	18426.042271852493
178	-135.07034	-135.07034	-8.85899	-49.374695	2.9293313	18.62565	-54.649105	-49.374367	0.1	35974982	18537.664599895477
179	-173.4359	-173.4359	1.8214829	-49.381237	2.835305	20.628592	-54.99503	-49.380936	0.0	36175981	18659.535620212555
180	-161.74307	-161.74307	-2.0759199	-49.374447	2.9119394	18.721134	-55.744278	-49.374275	0.1	36376983	18774.319629192352
181	-138.13457	-138.13457	-40.98462	-49.375618	2.9334602	15.802084	-54.634502	-49.37547	0.0	36577981	18888.05345273018
182	-153.6273	-153.6273	-49.36686	-49.352974	3.0044725	19.087275	-54.569122	-49.352608	0.1	36778983	19007.26898431778
183	-175.05055	-175.05055	-25.942705	-49.362194	2.9400864	14.766916	-54.66511	-49.361794	0.2	36979983	19121.320853710175
184	-169.43164	-169.43164	-10.011902	-49.35412	2.9682603	11.886994	-56.090683	-49.353905	0.2	37180984	19238.08864879608
185	-164.04527	-164.04527	-27.431652	-49.356174	2.969522	12.937601	-54.669754	-49.355865	0.2	37381983	19352.1691262722
186	-151.33485	-151.33485	-76.97758	-49.365185	2.958376	10.837482	-54.17342	-49.364975	0.1	37582981	19463.326124191284
187	-156.63448	-156.63448	-3.8493226	-49.36565	2.9364269	17.196207	-54.515114	-49.36535	0.2	37783983	19573.37362408638
188	-151.61357	-151.61357	5.7471848	-49.362877	2.9483664	15.442429	-55.156353	-49.362724	0.0	37984987	19686.712975502014
189	-156.7183	-156.7183	-4.0421634	-49.359863	2.956905	13.256368	-55.521946	-49.359547	0.3	38185984	19799.72468996048
190	-140.19438	-140.19438	-7.2605987	-49.370083	2.9005697	11.3794775	-54.3166	-49.36995	0.1	38386986	19913.7639234066
191	-156.97745	-156.97745	6.1403127	-49.356476	3.0303376	22.040085	-55.29388	-49.356293	0.2	38587984	20033.091861486435
192	-155.47295	-155.47295	-15.673242	-49.35476	3.0055356	15.229529	-54.60963	-49.354595	0.3	38788981	20154.72866845131
193	-182.68016	-182.68016	-25.412348	-49.344986	3.0634308	13.312744	-55.579338	-49.34486	0.0	38989985	20270.944588899612
194	-134.26846	-134.26846	4.1634364	-49.33659	3.0905595	19.37683	-55.089138	-49.336205	0.1	39190986	20386.1817445755
195	-156.20773	-156.20773	-34.830143	-49.3254	3.1360357	14.57428	-58.133087	-49.325188	0.3	39391988	20503.189206838608
196	-156.71147	-156.71147	-20.049995	-49.32141	3.1427865	28.161451	-55.667	-49.32135	0.1	39592983	20618.379130363464
197	-193.26772	-193.26772	-40.651516	-49.32956	3.1085875	11.102949	-54.088478	-49.32926	0.1	39793981	20733.203107595444
198	-175.25514	-175.25514	-26.027214	-49.323357	3.1384504	22.77251	-55.639763	-49.32334	0.2	39994984	20852.852442264557
199	-167.49387	-167.49387	-51.482872	-49.322178	3.0989056	17.847103	-54.528797	-49.32188	0.3	40195988	20970.37412381172
200	-152.8891	-152.8891	-20.037022	-49.31293	3.1579344	18.458214	-54.05401	-49.312763	0.2	40396987	21086.97210097313
201	-163.12227	-163.12227	-45.13278	-49.328285	3.13764	19.527971	-56.537155	-49.328156	0.2	40597986	21203.08246898651
202	-152.89088	-152.89088	-6.751225	-49.31557	3.127634	14.025865	-57.817905	-49.315544	0.4	40798982	21317.50386762619
203	-166.98729	-166.98729	-23.203966	-49.310482	3.1607125	16.267641	-55.90652	-49.310204	0.2	40999982	21434.705046653748
204	-175.92094	-175.92094	-11.042649	-49.306374	3.1594775	17.81968	-55.540676	-49.306145	0.2	41200982	21550.622984409332
205	-162.0734	-162.0734	-25.202257	-49.311718	3.1445584	18.223629	-54.926216	-49.311516	0.1	41401984	21661.67330813408
206	-171.42084	-171.42084	-34.952126	-49.30184	3.183503	15.017115	-54.700882	-49.30159	0.0	41602982	21773.06224155426
207	-148.3122	-148.3122	-17.184988	-49.29885	3.2383142	17.833576	-56.603706	-49.298412	0.1	41803982	21883.23748397827
208	-162.59209	-162.59209	-75.29633	-49.305275	3.213311	17.564398	-55.220192	-49.305363	0.1	42004982	21992.571570158005
209	-190.62997	-190.62997	-50.932606	-49.30332	3.186919	19.724892	-54.52471	-49.30284	0.3	42205985	22102.09058022499
210	-160.48653	-160.48653	-4.8347697	-49.298786	3.2126033	13.608492	-56.585087	-49.298706	0.2	42406983	22211.54526901245
211	-141.74225	-141.74225	-80.27008	-49.289093	3.2643368	14.314527	-56.361763	-49.288868	0.0	42607983	22322.338940620422
212	-183.28642	-183.28642	-11.284572	-49.301247	3.2095444	17.03212	-55.464504	-49.301113	0.1	42808981	22433.827424287796
213	-157.43623	-157.43623	-77.549065	-49.302162	3.2204769	20.261074	-56.50425	-49.302044	0.1	43009981	22542.064405441284
214	-168.20898	-168.20898	-24.332558	-49.287586	3.2881277	17.44588	-55.68312	-49.287613	0.1	43210983	22651.987048387527
215	-157.4298	-157.4298	-59.685486	-49.292763	3.232637	13.974836	-56.835484	-49.29258	0.2	43411982	22761.57173037529
216	-155.02074	-155.02074	-79.44775	-49.29423	3.2161696	14.213843	-55.20669	-49.294098	0.1	43612985	22876.778626918793
217	-152.60625	-152.60625	7.04632	-49.294247	3.210189	14.273175	-56.165497	-49.293934	0.3	43813981	22989.899961948395
218	-187.97731	-187.97731	-51.41587	-49.294167	3.233319	27.013477	-54.627056	-49.294254	0.2	44014991	23103.451869249344
219	-185.4603	-185.4603	1.3815304	-49.289913	3.2437851	24.383142	-56.94257	-49.28984	0.3	44215986	23215.658009529114
220	-158.56775	-158.56775	-91.83064	-49.296967	3.1814122	14.519031	-55.779533	-49.29677	0.1	44416981	23329.70754647255
221	-175.6488	-175.6488	-25.917425	-49.30179	3.1736505	20.57901	-56.337383	-49.301735	0.2	44617982	23442.92128634453
222	-154.99323	-154.99323	-13.705572	-49.298363	3.2192268	14.953569	-56.557423	-49.298252	0.1	44818984	23559.12144088745
223	-157.64766	-157.64766	-77.12327	-49.303116	3.1499066	16.420568	-56.496147	-49.30295	0.2	45019982	23670.039838075638
224	-132.76709	-132.76709	-12.112812	-49.29307	3.2034507	15.4715805	-54.924587	-49.292866	0.4	45220981	23780.12362575531
225	-164.72633	-164.72633	-12.490701	-49.289074	3.2076921	13.726197	-55.014427	-49.28904	0.0	45421982	23887.282885074615
226	-139.26132	-139.26132	9.489877	-49.28822	3.2197988	23.018633	-55.55137	-49.28823	0.1	45622986	23993.93608689308
227	-165.9432	-165.9432	-20.463789	-49.28744	3.2111888	26.98806	-55.58598	-49.28732	0.0	45823985	24102.74068427086
228	-187.61769	-187.61769	-5.062305	-49.29063	3.1662717	18.943302	-56.056202	-49.290188	0.2	46024983	24208.621968984604
229	-169.46556	-169.46556	-33.37937	-49.269165	3.3161166	13.213662	-55.72358	-49.269196	0.3	46225986	24314.26911830902
230	-175.6659	-175.6659	-26.640001	-49.283348	3.2193954	18.013237	-55.317444	-49.283264	0.0	46426981	24420.330280065536
231	-161.58841	-161.58841	-6.5180583	-49.275642	3.2816613	21.223919	-58.569393	-49.275364	0.0	46627982	24527.018157958984
232	-141.69446	-141.69446	-28.55319	-49.28764	3.2411559	21.479765	-58.119007	-49.287365	0.1	46828982	24632.706239938736
233	-141.94969	-141.94969	-36.431168	-49.26925	3.2373137	16.042646	-57.748722	-49.269176	0.1	47029982	24737.751390457153
234	-180.7279	-180.7279	-23.7779	-49.275482	3.2456052	15.990423	-57.73565	-49.275524	0.0	47230988	24841.912270069122
235	-142.58638	-142.58638	-65.27543	-49.275932	3.2361922	18.89933	-57.123802	-49.27584	0.1	47431981	24946.94159603119
236	-143.53928	-143.53928	-10.982991	-49.26875	3.245644	17.769474	-56.96827	-49.26896	0.1	47632985	25051.32320523262
237	-175.03276	-175.03276	-24.04766	-49.274868	3.2536528	20.445229	-56.167145	-49.274757	0.0	47833984	25155.78358387947
238	-148.0516	-148.0516	-1.3661633	-49.281715	3.2115214	27.709856	-56.662838	-49.28184	0.2	48034982	25259.525915384293
239	-158.995	-158.995	5.326702	-49.275078	3.2076147	17.897785	-56.33507	-49.275074	0.2	48235982	25362.841488599777
240	-162.27397	-162.27397	-19.359087	-49.259045	3.328464	17.71433	-58.31817	-49.259125	0.1	48436981	25466.719583034515
241	-145.91803	-145.91803	-14.223891	-49.26075	3.2711518	15.498289	-58.20576	-49.260788	0.3	48637983	25569.61742568016
242	-147.10007	-147.10007	-0.16677901	-49.259068	3.2886245	15.832544	-55.647305	-49.259182	0.2	48838982	25672.446523189545
243	-155.00777	-155.00777	4.1105685	-49.2556	3.2842102	13.477584	-56.183468	-49.25534	0.1	49039984	25775.139266252518
244	-148.19388	-148.19388	-23.909277	-49.253807	3.2818224	27.600143	-55.221485	-49.253838	0.0	49240983	25877.591002225876
245	-139.47815	-139.47815	-55.05659	-49.239887	3.3280509	14.147873	-55.956894	-49.23962	0.0	49441981	25980.23579931259
246	-153.9235	-153.9235	6.649004	-49.251987	3.3058376	22.85743	-56.791756	-49.252064	0.3	49642982	26082.968538999557
247	-157.00958	-157.00958	5.56858	-49.254585	3.3014264	16.412348	-58.31612	-49.254684	0.3	49843982	26185.69831609726
248	-137.8889	-137.8889	-2.4574432	-49.235363	3.3659391	15.240483	-57.40128	-49.23528	0.2	50044982	26288.890084028244
249	-130.83603	-130.83603	0.65719646	-49.246937	3.2944589	21.433634	-59.582977	-49.24716	0.3	50245981	26391.35141825676
250	-166.88402	-166.88402	1.5962828	-49.23484	3.3424878	14.210841	-57.53661	-49.234653	0.1	50446982	26493.830039024353
251	-129.03273	-129.03273	-60.810856	-49.234325	3.371247	16.892492	-59.84939	-49.234592	0.0	50647983	26596.504008293152
252	-161.3345	-161.3345	6.1678314	-49.233795	3.3930516	18.329433	-56.303246	-49.233944	0.3	50848981	26698.801470279694
253	-145.61388	-145.61388	-2.5706475	-49.22654	3.429615	26.142277	-57.258297	-49.22647	0.1	51049985	26801.592315912247
254	-167.86142	-167.86142	-9.395435	-49.232193	3.4344914	19.764908	-56.251183	-49.23226	0.3	51250981	26904.281086921692
255	-132.887	-132.887	-21.64812	-49.241077	3.3812282	18.644234	-59.384583	-49.241226	0.2	51451984	27006.686372756958
256	-139.98882	-139.98882	6.2372756	-49.219288	3.4849584	13.482849	-59.043457	-49.219215	0.3	51652981	27109.615949869156
257	-154.13214	-154.13214	-16.787958	-49.227634	3.4274805	27.11854	-58.052414	-49.22795	0.3	51853982	27211.92454624176
258	-168.65282	-168.65282	-12.110185	-49.22523	3.4971952	24.227774	-58.658833	-49.22527	0.3	52054981	27313.90948534012
259	-171.29205	-171.29205	-19.199354	-49.235226	3.4297693	24.954794	-56.988373	-49.235043	0.0	52255983	27416.375057458878
260	-155.8206	-155.8206	-20.897139	-49.224148	3.471255	34.23426	-56.95458	-49.22417	0.2	52456982	27518.38288116455
261	-153.74394	-153.74394	-35.428593	-49.219498	3.5072665	20.756432	-55.47938	-49.219414	0.1	52657982	27620.201360940933
262	-132.82487	-132.82487	-19.446444	-49.21747	3.5018997	18.135199	-57.08679	-49.21759	0.1	52858981	27723.23815059662
263	-152.69955	-152.69955	-52.21124	-49.21265	3.4910126	22.914253	-56.493763	-49.21275	0.2	53059981	27825.326308965683
264	-133.4272	-133.4272	6.393553	-49.21661	3.4956505	15.551201	-55.766464	-49.21654	0.2	53260982	27927.444769620895
265	-170.55902	-170.55902	-2.390459	-49.198536	3.5544584	19.174847	-57.875736	-49.19878	0.0	53461984	28029.400588274002
266	-156.40309	-156.40309	-30.813215	-49.19851	3.5388064	20.36381	-57.994293	-49.198627	0.1	53662981	28131.53373193741
267	-141.92673	-141.92673	0.31506422	-49.196457	3.538141	17.505762	-58.25369	-49.196575	0.4	53863985	28233.22429895401
268	-166.89888	-166.89888	-6.622731	-49.19645	3.553534	20.206444	-56.433083	-49.196274	0.0	54064983	28335.03509235382
269	-147.72139	-147.72139	-7.6042714	-49.187283	3.574702	14.915407	-56.7249	-49.187275	0.3	54265984	28436.29464650154
270	-150.83414	-150.83414	-23.883873	-49.196518	3.5520117	21.869184	-58.627495	-49.196774	0.3	54466982	28537.309074640274
271	-140.59378	-140.59378	-14.041779	-49.19754	3.508719	13.900413	-61.86888	-49.197586	0.3	54667981	28639.36930656433
272	-155.51906	-155.51906	4.127493	-49.200344	3.503356	17.013447	-57.402542	-49.20037	0.1	54868983	28740.307258605957
273	-140.63521	-140.63521	-11.829077	-49.195667	3.5180585	13.227933	-57.031765	-49.19582	0.0	55069983	28841.906239032745
274	-162.13594	-162.13594	-36.585995	-49.19774	3.516516	14.54982	-58.202774	-49.198044	0.0	55270983	28944.013195753098
275	-160.80025	-160.80025	-46.52123	-49.205673	3.5181146	12.470525	-57.663628	-49.205456	0.1	55471982	29045.304745912552
276	-152.16548	-152.16548	-42.189144	-49.193336	3.5266044	19.851597	-57.09727	-49.19369	0.3	55672981	29147.008585691452
277	-127.71204	-127.71204	-11.749158	-49.185455	3.5601072	27.543516	-57.3292	-49.18557	0.1	55873981	29248.447544813156
278	-130.04741	-130.04741	5.255676	-49.193394	3.5348632	14.118156	-56.92019	-49.19331	0.2	56074982	29350.460741996765
279	-162.75801	-162.75801	-13.82925	-49.18236	3.5217228	16.919052	-56.602707	-49.18229	0.1	56275982	29452.852286100388
280	-181.83707	-181.83707	-61.080807	-49.181217	3.558784	18.059809	-57.69708	-49.181458	0.2	56476991	29554.28035092354
281	-168.404	-168.404	-2.3999624	-49.173912	3.5810986	19.47506	-55.765915	-49.17365	0.1	56677989	29659.141501665115
282	-139.16429	-139.16429	-26.59921	-49.183895	3.537981	20.924553	-62.2258	-49.18383	0.0	56878981	29764.65134859085
283	-158.69241	-158.69241	-17.245558	-49.17806	3.585141	12.8303795	-57.442974	-49.177895	0.3	57079982	29877.640727043152
284	-151.4555	-151.4555	-22.416958	-49.190804	3.53813	19.154234	-55.64913	-49.190506	0.2	57280982	29983.12493443489
285	-158.03532	-158.03532	-17.396349	-49.196445	3.5036902	16.788042	-57.540848	-49.196537	0.2	57481985	30088.89476799965
286	-165.6586	-165.6586	3.8129807	-49.185966	3.5084534	13.65616	-56.689632	-49.18568	0.4	57682983	30192.505876541138
287	-155.35614	-155.35614	8.432513	-49.18268	3.5577219	15.164598	-57.303047	-49.182648	0.2	57883982	30323.535674333572
288	-134.26628	-134.26628	-3.9210937	-49.186718	3.5344977	14.01306	-60.005714	-49.18645	0.1	58084982	30466.525856733322
289	-142.37637	-142.37637	-8.609381	-49.189213	3.520884	15.632514	-56.966663	-49.188866	0.2	58285981	30623.213060617447
290	-133.95029	-133.95029	-7.6425304	-49.194504	3.4838746	15.623373	-56.929535	-49.193974	0.2	58486982	30809.440159082413
291	-149.53085	-149.53085	-1.25573	-49.174976	3.563048	30.028622	-60.46537	-49.174225	0.1	58687982	30920.141487121582
292	-147.701	-147.701	-0.94913393	-49.17898	3.5012825	21.642958	-58.565407	-49.178642	0.2	58888983	31026.806129932404
293	-148.95973	-148.95973	0.49241048	-49.177235	3.550916	18.893845	-58.285336	-49.17676	0.2	59089982	31132.421261787415
294	-145.88199	-145.88199	-0.28700325	-49.169064	3.5701442	20.857052	-59.43625	-49.1689	0.3	59290985	31241.975702524185
295	-155.13885	-155.13885	-40.24818	-49.16912	3.5618057	19.433735	-57.875473	-49.168453	0.2	59491982	31348.093495368958
296	-134.32982	-134.32982	-15.690652	-49.16907	3.5795856	17.78801	-65.73266	-49.168365	0.2	59692983	31456.40937256813
297	-136.19928	-136.19928	5.087265	-49.177597	3.5252466	26.200045	-59.748425	-49.1768	0.0	59893983	31560.864839553833
298	-156.97188	-156.97188	-2.6950557	-49.165173	3.568624	14.283673	-55.986217	-49.164642	0.1	60094985	31668.730384111404
299	-158.1088	-158.1088	-20.033934	-49.17466	3.5049653	16.359665	-57.365173	-49.173817	0.2	60295982	31775.257787704468
300	-133.7147	-133.7147	7.0355167	-49.15314	3.582677	23.479269	-59.05374	-49.152466	0.2	60496982	31881.247223377228
301	-150.64207	-150.64207	6.167111	-49.162445	3.5643902	19.784702	-62.389942	-49.16185	0.3	60697981	31989.196295022964
302	-169.04466	-169.04466	5.19425	-49.147804	3.5771103	22.421595	-61.470047	-49.146763	0.3	60898985	32096.645287036896
303	-127.86113	-127.86113	-17.771175	-49.138027	3.5888004	12.190653	-56.474552	-49.137512	0.1	61099981	32199.597251415253
304	-139.50984	-139.50984	6.5622606	-49.13795	3.5925941	17.442066	-55.627357	-49.13689	0.4	61300981	32304.46080303192
305	-134.47418	-134.47418	-6.6400914	-49.143818	3.554984	19.216501	-57.933605	-49.143654	0.1	61501981	32411.235060214996
306	-162.66708	-162.66708	1.1418684	-49.14815	3.5884085	20.88009	-60.024445	-49.14729	0.3	61702985	32520.030185222626
307	-153.12529	-153.12529	4.5913363	-49.157375	3.5422072	20.729284	-56.549576	-49.156605	0.3	61903984	32625.904837608337
308	-147.52954	-147.52954	-3.4445572	-49.130096	3.6644776	18.110218	-65.55465	-49.12941	0.2	62104981	32737.854512929916
309	-155.26547	-155.26547	-16.517288	-49.139236	3.6051464	16.264902	-58.98842	-49.138943	0.4	62305983	32848.96900296211
310	-142.13925	-142.13925	-0.44141206	-49.139225	3.6119447	15.200785	-56.994854	-49.138203	0.1	62506983	32956.89722084999
311	-158.83034	-158.83034	9.296079	-49.130177	3.6236627	24.520708	-62.17531	-49.12947	0.4	62707984	33066.88767743111
312	-135.19365	-135.19365	-6.441307	-49.13048	3.619543	19.192228	-60.571136	-49.130352	0.3	62908983	33171.679064273834
313	-159.31325	-159.31325	3.3314483	-49.121933	3.6467385	15.737057	-57.581177	-49.120785	0.3	63109985	33282.892552137375
314	-133.44888	-133.44888	4.1337624	-49.113285	3.692371	19.641306	-56.981308	-49.112778	0.0	63310985	33390.76758098602
315	-157.81744	-157.81744	-1.7583015	-49.126358	3.648334	18.674519	-59.15536	-49.12583	0.4	63511984	33499.13020277023
316	-164.40395	-164.40395	-7.6588726	-49.135887	3.57506	16.559153	-58.303253	-49.135654	0.1	63712985	33604.40477132797
317	-157.30714	-157.30714	-15.59606	-49.125942	3.6252813	17.661789	-57.76668	-49.125053	0.2	63913983	33709.27577781677
318	-145.40369	-145.40369	-2.2035491	-49.1245	3.6565883	23.903711	-60.180588	-49.12388	0.3	64114986	33816.67242217064
319	-155.35059	-155.35059	-25.632835	-49.11766	3.6306808	19.026075	-57.6677	-49.116642	0.0	64315981	33923.62533450127
320	-150.25551	-150.25551	-23.909534	-49.12032	3.6392167	22.54723	-57.555748	-49.119892	0.1	64516982	34031.60544919968
321	-155.67874	-155.67874	-17.430689	-49.11923	3.6166894	19.796377	-59.19839	-49.11879	0.2	64717984	34141.30910372734
322	-171.29227	-171.29227	6.5360975	-49.116093	3.662362	23.01929	-57.97451	-49.115788	0.2	64918981	34245.347788095474
323	-164.09676	-164.09676	2.2590392	-49.11576	3.6381507	12.391316	-60.43224	-49.114906	0.2	65119986	34350.99942111969
324	-152.2085	-152.2085	-2.5972135	-49.11791	3.678606	16.59843	-57.884705	-49.117	0.5	65320984	34456.2822701931
325	-152.567	-152.567	-7.7150846	-49.109673	3.6467748	19.048233	-59.63663	-49.10945	0.3	65521982	34559.891694784164
326	-154.45534	-154.45534	3.3083093	-49.120163	3.6460218	30.516188	-61.156193	-49.119022	0.3	65722982	34668.9809088707
327	-151.40355	-151.40355	-10.863563	-49.107563	3.6795878	17.187098	-60.174656	-49.107483	0.1	65923985	34774.783440351486
328	-156.32707	-156.32707	-9.97944	-49.116806	3.613257	14.988081	-64.37784	-49.116276	0.1	66124982	34879.48477959633
329	-147.30621	-147.30621	-31.668266	-49.101284	3.714922	16.112907	-60.112362	-49.10073	0.1	66325982	34986.51186156273
330	-156.65271	-156.65271	-8.335145	-49.105465	3.6679592	17.656403	-57.880142	-49.10482	0.6	66526984	35094.3914835453
331	-146.96326	-146.96326	5.8653316	-49.129276	3.5688665	17.854656	-60.162148	-49.12893	0.2	66727983	35218.56739974022
332	-157.1605	-157.1605	-25.629303	-49.107986	3.6928928	20.569914	-60.292194	-49.107544	0.3	66928985	35333.29451227188
333	-167.58281	-167.58281	-8.776627	-49.113285	3.6424394	25.52299	-60.00566	-49.112427	0.1	67129983	35448.54583144188
334	-165.8662	-165.8662	-45.08585	-49.094025	3.7109838	26.821192	-59.69786	-49.093346	0.3	67330981	35558.76937365532
335	-166.24591	-166.24591	-42.1637	-49.10318	3.6799448	20.596653	-59.458565	-49.1029	0.2	67531981	35672.03933787346
336	-133.09296	-133.09296	-16.363125	-49.095695	3.6991246	23.510847	-62.501877	-49.09499	0.3	67732981	35783.72943663597
337	-155.74222	-155.74222	-14.660691	-49.099983	3.7076695	18.65315	-59.380745	-49.09942	0.4	67933982	35895.19832658768
338	-154.11879	-154.11879	-8.8649435	-49.108902	3.6504266	14.883247	-59.55822	-49.108562	0.2	68134982	36004.68551516533
339	-139.35945	-139.35945	7.120633	-49.094677	3.6939666	25.400225	-58.831764	-49.09421	0.3	68335981	36119.38631558418
340	-166.55327	-166.55327	-30.871284	-49.078712	3.7254636	19.156685	-59.747364	-49.077724	0.1	68536982	36234.11834216118
341	-161.8454	-161.8454	-0.1071268	-49.097515	3.666393	18.808773	-57.740593	-49.096878	0.0	68737982	36353.439964056015
342	-125.700935	-125.700935	-5.466388	-49.088043	3.6755538	19.69713	-59.348083	-49.087597	0.4	68938983	36474.874915361404
343	-151.81024	-151.81024	2.498025	-49.083126	3.717101	20.950884	-58.58119	-49.08209	0.3	69139985	36592.83028936386
344	-145.52415	-145.52415	-50.269043	-49.097446	3.6536405	16.81766	-59.902363	-49.097282	0.2	69340981	36717.14895248413
345	-161.21333	-161.21333	4.6004834	-49.085552	3.7063298	19.94068	-63.202625	-49.08511	0.4	69541981	36830.14736056328
346	-124.773094	-124.773094	-16.039305	-49.086678	3.6892815	29.706308	-58.48629	-49.08582	0.2	69742983	36945.67067575455
347	-157.69954	-157.69954	1.4620408	-49.084885	3.7335887	18.329874	-61.235428	-49.0843	0.3	69943984	37070.433547735214
348	-161.74231	-161.74231	-30.86311	-49.07639	3.779173	18.220514	-60.84985	-49.075733	0.3	70144981	37191.363945961
349	-136.46977	-136.46977	-0.47030964	-49.079647	3.7219856	20.659092	-59.785404	-49.07898	0.4	70345982	37312.42048406601
350	-159.86107	-159.86107	5.037823	-49.081676	3.6699226	17.708994	-59.53736	-49.08094	0.1	70546984	37431.51490402222
351	-155.4457	-155.4457	-12.10116	-49.06758	3.7640624	15.473536	-58.54361	-49.06646	0.2	70747983	37550.51369214058
352	-159.64891	-159.64891	-26.29645	-49.078648	3.706108	20.165718	-65.02786	-49.078316	0.2	70948983	37666.067949295044
353	-142.67221	-142.67221	6.6092253	-49.08296	3.6884108	19.036612	-59.050026	-49.082256	0.2	71149982	37784.28593254089
354	-125.043846	-125.043846	7.497113	-49.071613	3.7289612	24.950678	-60.44827	-49.070755	0.2	71350981	37902.467290878296
355	-169.16632	-169.16632	-0.58361775	-49.0799	3.6795502	19.210035	-64.135574	-49.079468	0.1	71551983	38019.372980594635
356	-165.51569	-165.51569	5.661943	-49.07545	3.7550058	15.086912	-64.35577	-49.0751	0.2	71752982	38135.370651483536
357	-130.04208	-130.04208	-35.31179	-49.077553	3.715104	19.768118	-59.42104	-49.07639	0.1	71953984	38250.08493542671
358	-150.99536	-150.99536	4.794068	-49.085358	3.7312372	27.411856	-60.36384	-49.08533	0.3	72154983	38369.171204566956
359	-148.27402	-148.27402	-0.5826869	-49.070633	3.7798622	19.982542	-58.354782	-49.069687	0.1	72355986	38485.29732751846
360	-141.59181	-141.59181	-7.700088	-49.082203	3.7415433	24.962563	-74.00724	-49.081474	0.2	72556984	38600.581552028656
361	-148.6204	-148.6204	-38.85437	-49.06588	3.7667456	15.537066	-63.352436	-49.064854	0.0	72757983	38720.414585113525
362	-162.4164	-162.4164	3.8745658	-49.078407	3.7338827	22.459671	-65.68108	-49.077686	0.3	72958981	38835.530224084854
363	-140.96727	-140.96727	6.904132	-49.076435	3.7530463	20.530249	-64.059525	-49.075493	0.3	73159985	38942.769602775574
364	-129.0176	-129.0176	3.865335	-49.076515	3.7402153	16.55083	-61.69381	-49.075703	0.4	73360981	39049.17204141617
365	-160.16624	-160.16624	-20.341936	-49.074467	3.7159085	21.81902	-64.68296	-49.07341	0.4	73561984	39156.11528086662
366	-152.42259	-152.42259	8.364033	-49.066753	3.7610867	18.377794	-60.883686	-49.06614	0.1	73762983	39261.952026844025
367	-153.07176	-153.07176	7.8321886	-49.05257	3.782075	13.80894	-59.645557	-49.051693	0.4	73963984	39368.508979558945
368	-147.53137	-147.53137	-28.319378	-49.0618	3.7518177	17.274256	-59.974953	-49.06087	0.4	74164983	39474.89434528351
369	-142.6699	-142.6699	10.094336	-49.060448	3.7723901	15.84137	-64.70914	-49.05939	0.2	74365982	39578.654955387115
370	-147.08527	-147.08527	-5.595821	-49.06758	3.762623	24.880943	-62.275238	-49.06668	0.4	74566983	39682.483919620514
371	-145.79059	-145.79059	-2.590729	-49.05024	3.7888849	30.669075	-60.945095	-49.049534	0.3	74767981	39785.2923707962
372	-126.94277	-126.94277	-4.479546	-49.056065	3.7721672	22.600151	-60.715553	-49.0553	0.4	74968982	39889.58549666405
373	-149.12634	-149.12634	-23.999744	-49.047962	3.7999003	16.754112	-58.422344	-49.04684	0.2	75169984	39993.22145032883
374	-168.44589	-168.44589	-8.284514	-49.05683	3.7885787	15.007004	-64.53203	-49.055862	0.2	75370982	40096.24894070625
375	-137.17361	-137.17361	4.96386	-49.054733	3.778784	18.380215	-80.12415	-49.05441	0.2	75571983	40198.01393890381
376	-157.10345	-157.10345	-25.780973	-49.042908	3.7947636	16.544134	-61.41287	-49.04142	0.2	75772991	40299.67403912544
377	-155.40111	-155.40111	-18.32419	-49.05427	3.7469597	18.372618	-61.26715	-49.053604	0.5	75973982	40402.041593790054
378	-143.8182	-143.8182	-9.174594	-49.04351	3.7867844	21.01756	-61.588142	-49.042625	0.2	76174981	40503.53286957741
379	-138.63307	-138.63307	1.0096885	-49.050198	3.7799282	44.486088	-61.64715	-49.04918	0.3	76375982	40606.2175347805
380	-147.55168	-147.55168	7.0992565	-49.034866	3.8181689	17.808382	-58.829826	-49.034046	0.1	76576984	40707.188626527786
381	-135.19687	-135.19687	-2.0721245	-49.038754	3.831122	20.421711	-61.27246	-49.037457	0.1	76777981	40808.24435853958
382	-148.41798	-148.41798	8.144506	-49.05457	3.7839518	21.511017	-58.5711	-49.054173	0.3	76978985	40909.58714580536
383	-143.0186	-143.0186	-0.68164515	-49.054104	3.7442884	18.063332	-59.046135	-49.053192	0.3	77179982	41010.843167066574
384	-172.70653	-172.70653	-33.89592	-49.046776	3.7625299	17.22772	-62.26683	-49.04545	0.2	77380983	41112.70911574364
385	-137.2015	-137.2015	-16.74184	-49.047817	3.7875128	23.26646	-60.448395	-49.046535	0.2	77581982	41213.49304318428
386	-173.61021	-173.61021	-5.8731337	-49.0398	3.8283112	16.925644	-59.84448	-49.03992	0.3	77782983	41314.45897483826
387	-134.40556	-134.40556	-11.822803	-49.04156	3.7925448	15.243614	-58.265785	-49.040813	0.3	77983981	41415.361362457275
388	-147.93336	-147.93336	4.502149	-49.04194	3.833704	22.383928	-60.539433	-49.040718	0.0	78184984	41516.050127744675
389	-143.6538	-143.6538	8.582894	-49.049023	3.7914917	19.23936	-58.63374	-49.047993	0.1	78385981	41616.01982665062
390	-155.02887	-155.02887	-8.899343	-49.036736	3.8336957	20.276625	-59.911552	-49.03593	0.4	78586986	41716.02051329613
391	-153.1174	-153.1174	-2.0252435	-49.032017	3.82628	19.196508	-59.569313	-49.031704	0.4	78787982	41816.329587221146
392	-154.95224	-154.95224	-8.22056	-49.03191	3.812912	27.305271	-60.067944	-49.030815	0.4	78988983	41916.97997045517
393	-165.75926	-165.75926	-13.703045	-49.039146	3.8522882	16.85385	-60.016884	-49.038616	0.3	79189983	42016.669684410095
394	-146.93031	-146.93031	-2.0593946	-49.045452	3.7988188	21.892841	-69.784256	-49.044106	0.2	79390982	42117.385872364044
395	-148.08003	-148.08003	6.072481	-49.046814	3.7881234	18.799814	-60.866856	-49.04655	0.3	79591982	42217.616520404816
396	-175.15222	-175.15222	-25.703472	-49.025574	3.863939	20.757286	-66.27561	-49.024357	0.4	79792984	42317.28601551056
397	-145.84184	-145.84184	-30.63607	-49.03902	3.8421018	15.929141	-66.7843	-49.038857	0.2	79993983	42416.24295949936
398	-149.37958	-149.37958	-33.517307	-49.020123	3.8970554	21.462362	-62.77855	-49.018898	0.2	80194985	42516.08168840408
399	-144.85349	-144.85349	4.1395564	-49.028545	3.8463979	16.587189	-77.10002	-49.02762	0.2	80395982	42615.72568535805
400	-158.82735	-158.82735	-27.746485	-49.039036	3.7913854	16.560692	-62.316235	-49.038193	0.3	80596982	42715.010080337524
401	-167.84805	-167.84805	4.3375735	-49.027218	3.841161	24.091015	-60.137066	-49.026295	0.4	80797991	42815.1585958004
402	-146.55743	-146.55743	2.43775	-49.033417	3.8401766	18.659588	-58.307518	-49.032528	0.3	80998981	42915.345526218414
403	-136.75473	-136.75473	5.117495	-49.04346	3.800915	19.718147	-60.29624	-49.042904	0.4	81199982	43016.38432908058
404	-154.90895	-154.90895	9.035093	-49.0349	3.8301938	22.52806	-59.640114	-49.03415	0.4	81400986	43117.03538441658
405	-151.23972	-151.23972	-6.812926	-49.02743	3.8624525	21.635399	-63.12826	-49.026203	0.1	81601985	43217.17443227768
406	-172.5808	-172.5808	-0.4377919	-49.033398	3.8288572	14.453093	-62.04661	-49.032738	0.1	81802981	43316.296389102936
407	-114.019135	-114.019135	-10.601997	-49.02621	3.8601675	17.413391	-59.76286	-49.025238	0.4	82003982	43415.891454935074
408	-153.94547	-153.94547	-5.356494	-49.02202	3.8837376	21.48971	-59.797714	-49.02121	0.2	82204981	43515.933183431625
409	-155.59767	-155.59767	-40.460342	-49.01551	3.9184613	19.790276	-61.9739	-49.014442	0.2	82405984	43615.13633751869
410	-134.3658	-134.3658	-3.2987845	-49.019146	3.8903208	16.314178	-59.961155	-49.01788	0.2	82606984	43714.6202609539
411	-150.1516	-150.1516	-22.200191	-49.023598	3.8605664	21.140821	-58.85563	-49.023117	0.2	82807982	43813.48222208023
412	-130.97383	-130.97383	-13.343118	-49.02175	3.8516247	16.132307	-59.301605	-49.020416	0.3	83008983	43913.10517477989
413	-151.6544	-151.6544	9.613143	-49.009327	3.8766997	21.499996	-62.861763	-49.008133	0.3	83209985	44012.80181980133
414	-170.68683	-170.68683	1.552866	-49.0262	3.8617938	22.400986	-62.626484	-49.025723	0.1	83410988	44111.950211286545
415	-150.4779	-150.4779	-36.42327	-49.00943	3.876431	17.94368	-59.684105	-49.00825	0.3	83611981	44210.69262981415
416	-152.45854	-152.45854	-43.18591	-49.001377	3.9490535	22.885906	-58.363754	-48.99997	0.1	83812982	44309.79566168785
417	-156.35448	-156.35448	-7.6807094	-49.009407	3.9094126	19.623047	-59.713013	-49.008675	0.3	84013982	44408.73592329025
418	-133.59827	-133.59827	-2.930517	-49.004593	3.8862321	18.983366	-63.08713	-49.003025	0.1	84214981	44508.16079831123
419	-173.44508	-173.44508	-1.3774992	-49.020306	3.8685434	17.65536	-60.20006	-49.019302	0.0	84415986	44607.13110661507
420	-150.07104	-150.07104	1.2044235	-49.015896	3.887113	23.964106	-58.675323	-49.015015	0.5	84616991	44706.365684986115
421	-155.08342	-155.08342	-1.4051248	-49.021133	3.845647	20.553532	-71.46597	-49.01985	0.2	84817983	44805.49753117561
422	-166.02365	-166.02365	5.547495	-49.018887	3.830211	18.284084	-60.43633	-49.017754	0.3	85018983	44905.88120031357
423	-128.43611	-128.43611	-35.83824	-49.01957	3.861261	20.439405	-64.148544	-49.018566	0.4	85219983	45004.3480796814
424	-123.7031	-123.7031	-18.426323	-49.015423	3.8646283	18.800938	-61.24592	-49.01409	0.1	85420984	45102.8583381176
425	-160.7836	-160.7836	-8.139392	-49.00987	3.9055936	17.10658	-61.89067	-49.008476	0.4	85621981	45200.982100486755
426	-134.2628	-134.2628	-65.984085	-49.01192	3.887228	15.775019	-58.855824	-49.011032	0.0	85822983	45299.102216005325
427	-143.9037	-143.9037	-11.418069	-49.016117	3.9016664	34.724155	-61.67161	-49.01433	0.6	86023982	45398.19625663757
428	-136.58876	-136.58876	3.95488	-49.00526	3.9019737	20.296112	-60.90477	-49.003803	0.3	86224985	45497.06324052811
429	-147.67668	-147.67668	5.9950256	-49.009094	3.8391356	21.915648	-59.140835	-49.00799	0.3	86425983	45595.575593948364
430	-139.32755	-139.32755	-12.427008	-49.002445	3.9091105	16.717537	-61.34648	-49.000526	0.4	86626983	45694.673104286194
431	-158.78781	-158.78781	7.0654497	-49.005054	3.8966517	31.00064	-59.347538	-49.003876	0.3	86827981	45793.42656826973
432	-132.01634	-132.01634	1.9565078	-49.016186	3.8498905	19.080584	-59.973587	-49.015472	0.3	87028983	45891.862198352814
433	-160.29329	-160.29329	3.9914026	-49.005314	3.8851974	33.37728	-66.36848	-49.004234	0.2	87229984	45989.85638833046
434	-135.44026	-135.44026	-1.8030998	-49.013496	3.8742979	17.780125	-65.59152	-49.012096	0.2	87430982	46088.18575978279
435	-168.21709	-168.21709	-33.545746	-48.99296	3.9399288	18.217382	-64.335915	-48.991405	0.2	87631982	46186.846083402634
436	-162.3921	-162.3921	1.7400292	-48.99334	3.9427722	34.62987	-61.880356	-48.99206	0.2	87832984	46285.20481610298
437	-156.25943	-156.25943	-24.275383	-49.00202	3.8954	17.144186	-61.48735	-49.00125	0.2	88033983	46383.78525018692
438	-153.26831	-153.26831	-40.4182	-48.996906	3.9163928	17.370644	-61.246902	-48.99544	0.4	88234986	46482.574786901474
439	-144.34096	-144.34096	-68.31728	-48.998665	3.8865416	16.29204	-61.006504	-48.99612	0.4	88435987	46581.64785861969
440	-161.15431	-161.15431	-28.186249	-48.991623	3.9371994	17.050179	-61.86226	-48.99039	0.4	88636982	46680.47000718117
441	-148.20404	-148.20404	-48.571617	-48.991005	3.9406667	16.194365	-62.774296	-48.989788	0.4	88837983	46778.842665195465
442	-143.54614	-143.54614	-9.087447	-49.004745	3.88834	28.0255	-60.433662	-49.00302	0.4	89038982	46877.68788123131
443	-148.36815	-148.36815	0.555599	-48.99345	3.9187288	27.267313	-59.83253	-48.992607	0.0	89239983	46976.09918618202
444	-172.1353	-172.1353	4.137035	-49.0039	3.895203	34.31435	-61.131454	-49.00269	0.0	89440982	47074.94114947319
445	-143.18852	-143.18852	-20.922436	-48.98249	3.9552903	18.534767	-59.512356	-48.980957	0.2	89641983	47173.65089964867
446	-156.09052	-156.09052	-57.181057	-49.00758	3.8745785	20.510677	-60.755714	-49.006226	0.3	89842981	47272.50406718254
447	-163.23775	-163.23775	6.34328	-48.997124	3.8931513	18.307089	-58.775166	-48.996002	0.3	90043983	47370.71170949936
448	-132.56174	-132.56174	6.5503755	-48.992126	3.95386	20.66729	-62.369976	-48.990734	0.3	90244983	47468.34384679794
449	-135.2444	-135.2444	-26.162104	-48.995335	3.9234025	16.829847	-63.000366	-48.994198	0.1	90445984	47566.32448601723
450	-136.10114	-136.10114	5.5028486	-48.994728	3.9251144	16.044863	-59.37444	-48.99268	0.3	90646982	47663.9558596611
451	-141.54901	-141.54901	4.717555	-48.993477	3.9102614	21.094011	-60.86811	-48.992832	0.2	90847982	47762.40910768509
452	-151.30182	-151.30182	1.3933011	-48.991207	3.952006	19.024223	-61.820015	-48.989445	0.2	91048983	47861.119213581085
453	-171.41719	-171.41719	-36.169582	-48.986607	3.950679	16.39847	-61.409096	-48.985325	0.2	91249982	47959.5824842453
454	-137.3558	-137.3558	-2.9427316	-48.9792	3.9615278	18.832378	-59.248344	-48.977646	0.2	91450987	48057.020622968674
455	-147.09676	-147.09676	-5.084516	-48.986404	3.937066	23.382414	-60.0642	-48.98515	0.4	91651981	48155.20869231224
456	-138.73225	-138.73225	9.311031	-48.980114	3.955118	14.072144	-60.134705	-48.978756	0.5	91852987	48260.099907159805
457	-149.24469	-149.24469	4.053616	-48.97871	3.972349	17.137165	-59.857018	-48.97671	0.6	92053983	48359.191855192184
458	-141.82074	-141.82074	8.295879	-48.973106	3.966283	16.96089	-62.786057	-48.971333	0.5	92254982	48457.66920495033
459	-125.98961	-125.98961	5.8820567	-48.977455	3.921129	25.824047	-60.62486	-48.976746	0.4	92455985	48555.59854269028
460	-123.21826	-123.21826	-44.58661	-48.975555	3.9391806	22.597536	-60.214172	-48.973545	0.1	92656982	48653.2797973156
461	-147.57738	-147.57738	10.270287	-48.977047	3.9605253	15.757746	-63.43879	-48.975727	0.2	92857983	48750.942069768906
462	-138.51508	-138.51508	-17.247688	-48.95478	4.0199327	20.176119	-65.39369	-48.953053	0.1	93058986	48849.125478982925
463	-140.18843	-140.18843	-47.97428	-48.96659	4.0001493	16.136003	-62.34637	-48.966007	0.1	93259983	48946.82868385315
464	-144.48422	-144.48422	-20.768461	-48.961666	3.990476	18.787586	-61.41814	-48.960144	0.4	93460981	49044.34231686592
465	-140.67422	-140.67422	1.213452	-48.96756	3.9927056	14.586718	-61.61172	-48.966404	0.2	93661981	49142.08449792862
466	-148.32681	-148.32681	-2.888566	-48.96006	3.9879127	17.338629	-60.708664	-48.958866	0.2	93862981	49240.14345026016
467	-151.88153	-151.88153	-0.27327543	-48.96726	3.9416733	20.945034	-59.623005	-48.966137	0.3	94063988	49337.47123527527
468	-133.76224	-133.76224	8.411704	-48.948845	4.038815	21.885386	-60.746235	-48.947044	0.5	94264984	49435.405343055725
469	-162.05551	-162.05551	-18.82797	-48.959057	3.9970264	14.17531	-59.899906	-48.957253	0.1	94465981	49533.13029718399
470	-143.89917	-143.89917	-7.2534623	-48.952988	4.020829	32.574085	-61.92125	-48.95187	0.2	94666983	49631.587433338165
471	-156.17363	-156.17363	4.3648825	-48.95185	3.9999638	21.231384	-61.93704	-48.950573	0.2	94867982	49729.17777824402
472	-132.33856	-132.33856	-2.8205721	-48.952442	4.013283	34.36487	-60.54194	-48.951027	0.2	95068982	49827.61304426193
473	-155.29486	-155.29486	6.9532323	-48.938046	4.0677958	31.961512	-61.64099	-48.93668	0.2	95269982	49925.73526215553
474	-146.74565	-146.74565	4.1699266	-48.955402	4.0092435	21.915169	-65.479454	-48.953922	0.3	95470986	50023.04281759262
475	-144.75642	-144.75642	4.6411796	-48.940742	4.03369	19.199335	-62.399937	-48.939144	0.2	95671982	50120.78302645683
476	-150.70293	-150.70293	8.390025	-48.945145	4.0247784	17.983313	-65.29581	-48.94397	0.4	95872991	50218.70416045189
477	-119.3092	-119.3092	5.490161	-48.935463	4.084533	18.878315	-61.25233	-48.933197	0.3	96073984	50317.11146783829
478	-139.48462	-139.48462	-27.789762	-48.940407	4.0422673	19.520565	-61.720116	-48.938835	0.0	96274982	50415.038952589035
479	-141.15907	-141.15907	6.5453873	-48.93417	4.063696	18.728733	-65.215675	-48.932835	0.2	96475982	50512.92209863663
480	-148.6035	-148.6035	7.5139647	-48.93357	4.0391393	20.153545	-62.083134	-48.931408	0.4	96676985	50610.10229372978
481	-139.40254	-139.40254	7.755185	-48.937046	4.054812	24.43597	-60.088707	-48.935402	0.4	96877983	50707.83242416382
482	-156.09966	-156.09966	6.2485747	-48.94585	3.9788723	16.682066	-63.096256	-48.944427	0.2	97078985	50805.21741127968
483	-150.6085	-150.6085	-6.8092194	-48.949005	3.9959915	15.2221155	-61.921143	-48.94722	0.3	97279982	50903.21071887016
484	-124.75889	-124.75889	10.576557	-48.938923	4.0298734	20.09413	-66.01296	-48.93711	0.6	97480985	51001.482830286026
485	-153.43933	-153.43933	-30.408363	-48.934284	4.042643	17.072	-60.521305	-48.932816	0.2	97681981	51098.86651659012
486	-163.68944	-163.68944	3.5670624	-48.93643	4.0472093	16.377481	-61.445477	-48.93512	0.4	97882981	51196.898584127426
487	-148.5006	-148.5006	-0.5404791	-48.92382	4.0974236	15.169936	-69.23266	-48.922062	0.6	98083983	51294.138028383255
488	-158.71768	-158.71768	-20.143703	-48.933964	4.0594783	20.932598	-61.472805	-48.9328	0.4	98284983	51391.505145311356
489	-131.24484	-131.24484	-11.8740635	-48.93783	4.069059	18.818172	-63.90928	-48.936394	0.3	98485981	51488.41988015175
490	-127.10659	-127.10659	12.014802	-48.943077	4.038636	21.691137	-64.1684	-48.9414	0.2	98686981	51585.78053855896
491	-152.72313	-152.72313	8.629331	-48.926487	4.061319	25.93587	-63.59509	-48.92538	0.3	98887982	51683.08933830261
492	-143.80676	-143.80676	-24.333342	-48.924335	4.0518293	18.23648	-63.65507	-48.922596	0.1	99088983	51780.23756361008
493	-150.88556	-150.88556	-30.088533	-48.92423	4.1116543	25.042744	-62.45405	-48.922115	0.3	99289981	51877.4658536911
494	-148.11902	-148.11902	9.101162	-48.925133	4.090114	21.598145	-61.76926	-48.923203	0.4	99490981	51974.52771735191
495	-147.99771	-147.99771	-0.367604	-48.930477	4.0578475	29.407034	-64.37285	-48.928314	0.3	99691981	52071.92091631889
496	-157.38017	-157.38017	3.380883	-48.945774	3.9985328	25.532887	-64.08317	-48.94427	0.4	99892981	52169.21529006958
497	-146.51396	-146.51396	-5.573683	-48.927666	4.076438	19.600298	-64.23346	-48.925705	0.4	100093982	52266.45975971222
498	-139.70207	-139.70207	-9.075714	-48.925472	4.0658784	19.55816	-65.38923	-48.924103	0.1	100294981	52363.98808884621
499	-107.17602	-107.17602	7.8696656	-48.924706	4.0682735	17.348812	-62.48268	-48.92266	0.1	100495983	52461.10700082779
