Epoch	EpRet	EpRealRet	TestEpRet	AverageQ1	StdQ1	MaxQ1	MinQ1	Q2	TestSuccess	TotalEnvInteracts	TotalTime
0	-103.33043	-103.33043	-85.801956	-20.096119	9.60997	0.016506545	-43.62297	-20.093887	0.0	197012	35.71096324920654
1	-150.3434	-150.3434	-387.46133	-46.90507	4.2829423	-34.71826	-52.505707	-46.90519	0.0	397988	73.24551296234131
2	-107.416534	-107.416534	-28.815899	-49.99993	0.079034574	-49.42617	-50.491646	-49.999928	0.0	599044	106.39180493354797
3	-78.00404	-78.00404	-389.4404	-49.99995	0.069862165	-49.607357	-50.396317	-49.999924	0.0	800081	140.52699780464172
4	-100.76086	-100.76086	-36.275333	-49.999935	0.06481087	-49.604347	-50.42276	-49.99996	0.0	1001002	174.52109289169312
5	-59.179672	-59.179672	-38.482147	-49.999958	0.061676104	-49.636696	-50.32122	-49.999985	0.0	1201990	208.0086088180542
6	-92.2859	-92.2859	-406.8116	-49.999947	0.05976151	-49.680237	-50.310963	-49.99993	0.0	1402984	244.65977096557617
7	-60.57533	-60.57533	-393.28574	-49.99997	0.057933412	-49.71968	-50.546074	-49.999973	0.0	1603995	281.15197467803955
8	-99.969765	-99.969765	-391.59308	-49.999935	0.057345428	-49.67693	-50.28582	-49.999947	0.0	1805004	318.1003305912018
9	-131.60327	-131.60327	-393.7386	-49.999985	0.056108534	-49.625896	-50.38489	-49.999977	0.0	2006079	356.6211543083191
10	-67.081184	-67.081184	0.0	-49.999966	0.054709263	-49.694965	-50.271904	-49.999954	0.0	2206982	391.8758034706116
11	-14.363347	-14.363347	0.0	-49.999928	0.05551365	-49.6182	-50.324764	-49.99996	0.0	2407981	426.1565010547638
12	-37.179157	-37.179157	0.0	-49.99993	0.06117127	-48.251934	-50.573364	-49.99995	0.0	2608981	461.4420030117035
13	-11.958192	-11.958192	0.0	-49.99998	0.056252185	-49.33433	-50.371	-49.999958	0.0	2809981	494.88560485839844
14	-12.333412	-12.333412	0.0	-49.999943	0.05271465	-49.532646	-50.357773	-49.999985	0.0	3010981	529.8496322631836
15	-12.225323	-12.225323	0.0	-49.999973	0.053082153	-49.641342	-50.266598	-49.99996	0.0	3211981	565.4248919487
16	-12.10986	-12.10986	0.0	-49.999966	0.05279874	-49.627735	-50.312992	-49.999943	0.0	3412981	600.8431806564331
17	-12.769787	-12.769787	0.0	-49.99996	0.050455753	-49.638264	-50.312794	-49.999966	0.0	3613981	637.5079028606415
18	-11.859528	-11.859528	0.0	-49.999958	0.050681	-49.66989	-50.255836	-49.999996	0.0	3814981	674.9765350818634
19	-12.666394	-12.666394	0.0	-49.999992	0.05060679	-49.65044	-50.312187	-49.999966	0.0	4015981	709.8301146030426
20	-11.512871	-11.512871	0.0	-49.99995	0.050317172	-49.670723	-50.29317	-49.99996	0.0	4216981	746.1741547584534
21	-12.897553	-12.897553	0.0	-49.999973	0.050272875	-49.726536	-50.257893	-49.999958	0.0	4417982	782.9086966514587
22	-11.616046	-11.616046	0.0	-49.99996	0.051036153	-49.588627	-50.34371	-49.999966	0.0	4618981	819.1626892089844
23	-11.708631	-11.708631	0.0	-49.999977	0.049959302	-49.684452	-50.266552	-49.999966	0.0	4819981	855.9579880237579
24	-13.276711	-13.276711	0.0	-49.99996	0.048774194	-49.71248	-50.354733	-49.99995	0.0	5020983	892.1958680152893
25	-12.283747	-12.283747	0.0	-49.999977	0.050834894	-49.68296	-50.300976	-49.999996	0.0	5221981	928.835173368454
26	-11.898092	-11.898092	0.0	-49.99994	0.048011184	-49.755512	-50.24376	-49.999985	0.0	5422981	964.8571789264679
27	-10.751478	-10.751478	0.0	-49.99999	0.049807787	-49.702885	-50.281303	-49.999973	0.0	5623981	1001.4928498268127
28	-11.975288	-11.975288	0.0	-49.99996	0.04875919	-49.739372	-50.271107	-49.99995	0.0	5824981	1037.0951375961304
29	-11.866695	-11.866695	0.0	-49.999947	0.04868125	-49.70094	-50.316895	-50.000004	0.0	6025982	1074.3567807674408
30	-12.427605	-12.427605	0.0	-49.999985	0.04930302	-49.694637	-50.29937	-49.999954	0.0	6226983	1111.4583961963654
31	-12.161394	-12.161394	0.0	-49.999958	0.04920974	-49.73583	-50.28589	-49.99998	0.0	6427981	1153.1030654907227
32	-12.517429	-12.517429	0.0	-49.999985	0.048540656	-49.749474	-50.265408	-49.99995	0.0	6628981	1191.7575886249542
33	-12.594834	-12.594834	0.0	-49.999935	0.047773276	-49.723797	-50.282543	-50.000004	0.0	6829981	1223.668744802475
34	-11.906712	-11.906712	0.0	-49.99996	0.047680825	-49.785553	-50.21325	-49.99994	0.0	7030982	1256.8506438732147
35	-12.349894	-12.349894	0.0	-49.999973	0.047896903	-49.70774	-50.263226	-49.999985	0.0	7231984	1289.0210721492767
36	-12.6236515	-12.6236515	0.0	-49.99998	0.048269294	-49.67516	-50.309383	-49.99997	0.0	7432981	1321.2686169147491
37	-148.42218	-148.42218	-505.7755	-49.99996	0.048722137	-49.44296	-50.44022	-49.99996	0.0	7634039	1357.1230700016022
38	-305.73978	-305.73978	-542.9863	-49.999966	0.047905244	-49.698315	-50.33262	-49.99995	0.0	7835078	1399.4666180610657
39	-269.01453	-269.01453	-108.808685	-49.999977	0.048463017	-49.73656	-50.35555	-50.000004	0.0	8036012	1439.5741963386536
40	-120.77772	-120.77772	-47.82095	-49.999977	0.0475793	-49.757416	-52.73981	-49.999954	0.0	8236995	1478.481333732605
41	-102.75369	-102.75369	-105.86008	-49.99997	0.047273252	-49.673206	-50.331444	-49.99998	0.0	8438005	1517.82088971138
42	-88.54059	-88.54059	-53.304134	-49.999985	0.048193008	-49.733376	-50.295155	-49.999954	0.0	8639014	1556.4546883106232
43	-83.07914	-83.07914	-46.19061	-49.99996	0.04607462	-49.730354	-50.312878	-49.99999	0.0	8839988	1594.8605506420135
44	-70.09872	-70.09872	0.0	-49.999992	0.047076654	-49.744072	-50.25524	-49.999966	0.0	9040981	1632.7029666900635
45	-13.308533	-13.308533	0.0	-49.99996	0.047308814	-49.74144	-50.262825	-49.999958	0.0	9241981	1670.1484994888306
46	-11.73053	-11.73053	0.0	-49.999977	0.04670204	-49.72883	-50.271477	-50.000004	0.0	9442981	1706.922420501709
47	-11.8051195	-11.8051195	0.0	-49.999985	0.046758886	-49.72876	-50.305103	-49.999973	0.0	9643981	1745.1788518428802
48	-12.817945	-12.817945	-7.5134416	-49.999954	0.046564106	-49.788574	-50.221176	-49.999958	0.0	9844984	1782.2667734622955
49	-20.514624	-20.514624	-7.5169606	-49.99997	0.04692703	-49.64377	-50.33105	-49.999985	0.0	10045985	1820.926840543747
50	-18.52868	-18.52868	0.0	-49.999966	0.04540664	-49.765446	-50.22556	-49.99998	0.0	10246981	1858.353278875351
51	-11.899562	-11.899562	0.0	-49.99998	0.04700454	-49.653282	-50.342655	-49.99999	0.0	10447983	1896.8934280872345
52	-11.650662	-11.650662	0.0	-49.999966	0.045857865	-49.71466	-50.26375	-49.999977	0.0	10648982	1934.8743057250977
53	-12.21947	-12.21947	0.0	-49.99995	0.046194825	-49.684464	-50.293766	-49.999977	0.0	10849981	1971.936344385147
54	-12.170815	-12.170815	0.0	-50.0	0.045618508	-49.7437	-50.279587	-49.99997	0.0	11050981	2008.949702501297
55	-12.117301	-12.117301	0.0	-49.99997	0.046085708	-49.74702	-50.2504	-49.999985	0.0	11251981	2046.4293766021729
56	-12.889098	-12.889098	0.0	-50.000008	0.045347746	-49.72116	-50.283066	-49.99996	0.0	11452981	2083.864867925644
57	-12.236029	-12.236029	0.0	-49.999947	0.04626823	-49.724476	-50.26531	-49.999973	0.0	11653981	2121.315161705017
58	-12.597876	-12.597876	0.0	-49.999973	0.04527408	-49.65111	-50.342304	-49.999977	0.0	11854981	2158.321445941925
59	-11.30606	-11.30606	0.0	-49.99997	0.04577666	-49.770615	-50.2415	-49.999996	0.0	12055981	2195.81707406044
60	-12.529346	-12.529346	0.0	-49.99998	0.045047376	-49.726032	-50.280483	-49.999958	0.0	12256981	2234.2644114494324
61	-13.266868	-13.266868	0.0	-49.999977	0.046061743	-49.75802	-50.242912	-49.999973	0.0	12457981	2272.540070295334
62	-12.525032	-12.525032	0.0	-49.999977	0.04422171	-49.77047	-50.241554	-49.99997	0.0	12658981	2310.4317376613617
63	-12.664126	-12.664126	0.0	-49.99997	0.04564661	-49.67155	-50.29478	-49.999973	0.0	12859981	2348.884783744812
64	-12.262143	-12.262143	0.0	-49.999973	0.0450555	-49.706936	-50.28558	-49.999977	0.0	13060981	2386.8680126667023
65	-11.586681	-11.586681	0.0	-49.99998	0.045356948	-49.753708	-50.26682	-49.999977	0.0	13261981	2423.743372440338
66	-12.138393	-12.138393	0.0	-49.99996	0.04498633	-49.770916	-50.27014	-49.99998	0.0	13462981	2461.399224758148
67	-12.779372	-12.779372	0.0	-49.999977	0.045301113	-49.71439	-50.283394	-49.99997	0.0	13663982	2499.23303937912
68	-62.906326	-62.906326	-34.456814	-49.999973	0.04500618	-49.7445	-50.248558	-49.999966	0.0	13865018	2540.176291704178
69	-50.01149	-50.01149	-34.288063	-49.99996	0.04339998	-49.655045	-50.299187	-49.999977	0.0	14065987	2578.783713579178
70	-58.345413	-58.345413	-34.41699	-49.999966	0.045750532	-49.747894	-50.251614	-49.999966	0.0	14266988	2618.480587244034
71	-60.91975	-60.91975	-34.40097	-49.999966	0.044044565	-49.729855	-50.614723	-49.999966	0.0	14467981	2657.555357694626
72	-66.4669	-66.4669	-69.5617	-49.99997	0.045007966	-49.66998	-50.32023	-49.99997	0.0	14668996	2695.9986214637756
73	-127.762764	-127.762764	-41.791134	-49.999977	0.04492084	-49.72828	-50.274876	-50.00001	0.0	14870010	2736.8442845344543
74	-113.68733	-113.68733	-72.68425	-49.99999	0.044111438	-49.737568	-50.268032	-49.99995	0.0	15071001	2775.8936066627502
75	-130.15558	-130.15558	-78.61414	-49.999947	0.043791957	-49.742496	-50.244457	-49.999985	0.0	15272004	2815.938704967499
76	-134.44215	-134.44215	-83.72071	-49.999973	0.044892307	-49.535168	-52.230774	-49.999954	0.0	15473003	2855.991523742676
77	-132.2491	-132.2491	-83.447365	-49.999985	0.043740872	-49.7171	-50.30986	-49.999985	0.0	15674005	2895.8410081863403
78	-227.4601	-227.4601	-92.54848	-49.99996	0.043931406	-49.713295	-50.278316	-49.999973	0.0	15875081	2939.106198310852
79	-143.99327	-143.99327	-78.41365	-49.999973	0.043925904	-49.71371	-50.28989	-49.99998	0.0	16076004	2979.8061108589172
80	-151.7098	-151.7098	-64.967476	-49.999977	0.044252776	-49.743557	-50.263943	-49.99996	0.0	16277002	3020.586344242096
81	-176.75748	-176.75748	-467.3115	-49.99997	0.04396886	-49.762527	-50.232014	-49.999992	0.0	16478011	3064.213651895523
82	-159.70062	-159.70062	-93.29748	-49.999977	0.043186337	-49.772446	-50.225616	-49.999973	0.0	16679015	3103.6916811466217
83	-194.81006	-194.81006	-97.36709	-49.99996	0.044275027	-49.73412	-50.299988	-50.000023	0.0	16880008	3146.0355377197266
84	-241.48326	-241.48326	-230.76128	-49.999973	0.043281574	-49.773743	-50.2389	-49.999928	0.0	17081055	3188.9933385849
85	-334.14624	-334.14624	-82.056755	-49.999973	0.044472504	-49.732765	-50.267498	-49.99998	0.0	17282032	3231.84907412529
86	-211.87422	-211.87422	-455.9925	-49.99997	0.042772144	-49.801594	-50.21732	-49.999973	0.0	17483042	3275.7221500873566
87	-62.044533	-62.044533	0.0	-49.999977	0.04402438	-49.774067	-50.231983	-49.99998	0.0	17683981	3313.554461479187
88	-66.31082	-66.31082	-38.13514	-49.999996	0.043540355	-49.696243	-50.29181	-49.99996	0.0	17884992	3353.2516751289368
89	-130.28693	-130.28693	-171.04684	-49.99995	0.043162692	-49.753887	-50.25975	-49.999973	0.0	18085995	3394.791661977768
90	-213.86565	-213.86565	-473.44492	-49.99999	0.04282286	-49.78222	-50.225872	-49.999996	0.0	18286993	3437.553859233856
91	-106.30326	-106.30326	-474.41348	-49.999973	0.043235917	-49.772804	-50.226532	-49.999992	0.0	18487983	3477.6631700992584
92	-335.5391	-335.5391	-18.893427	-49.99997	0.043126736	-49.706673	-50.28936	-49.99996	0.0	18688981	3521.4673619270325
93	-206.10289	-206.10289	0.0	-49.99998	0.043077897	-49.702477	-50.318485	-49.999985	0.0	18889981	3562.0009565353394
94	-12.06628	-12.06628	0.0	-49.999985	0.04375054	-49.734795	-50.2636	-49.99997	0.0	19090983	3601.373034954071
95	-13.893408	-13.893408	-7.965662	-49.99997	0.043616608	-49.754772	-50.251232	-49.999973	0.0	19291982	3638.3901693820953
96	-23.076157	-23.076157	-7.7371264	-49.99997	0.04267263	-49.77081	-50.227085	-49.99998	0.0	19492983	3676.801671266556
97	-21.928156	-21.928156	-7.6272936	-49.999977	0.042655244	-49.76392	-50.236313	-49.999966	0.0	19693985	3714.2563796043396
98	-24.256071	-24.256071	-7.579013	-49.99998	0.042013016	-49.79149	-50.203594	-49.999996	0.0	19894983	3751.774954557419
99	-21.620293	-21.620293	-7.6300654	-49.999985	0.0428042	-49.78474	-50.244335	-49.999973	0.0	20095983	3790.2476003170013
100	-18.4575	-18.4575	-463.55176	-49.999973	0.042872276	-49.73629	-50.276295	-49.99999	0.0	20296993	3831.5770061016083
101	-343.60956	-343.60956	-437.03366	-49.999977	0.043567155	-49.773106	-50.24984	-49.99997	0.0	20497983	3877.532795906067
102	-160.39235	-160.39235	-39.183933	-49.999977	0.042471167	-49.71848	-50.304676	-49.99999	0.0	20698981	3917.841402053833
103	-222.59195	-222.59195	-413.90768	-49.999973	0.04184642	-49.784668	-50.221592	-49.99998	0.0	20900081	3962.7455933094025
