Epoch	EpRet	EpRealRet	TestEpRet	AverageQ1	StdQ1	MaxQ1	MinQ1	Q2	TestSuccess	TotalEnvInteracts	TotalTime
0	-177.52196	-177.52196	-161.2121	-47.630146	7.1584044	-0.08133515	-101.98246	-47.653423	0.0	196982	104.93535947799683
1	-176.46887	-176.46887	-46.774136	-49.57353	3.0746794	-8.425841	-68.26502	-49.57406	0.0	397984	215.67907643318176
2	-175.54999	-175.54999	-91.079666	-49.718838	1.6673187	-12.419028	-78.85576	-49.719112	0.0	598982	327.9303753376007
3	-169.18417	-169.18417	-111.013176	-49.763416	1.1595812	-36.25132	-58.140224	-49.7637	0.0	799981	446.2528338432312
4	-162.25159	-162.25159	-67.09692	-49.74061	1.2566526	-35.994877	-55.472954	-49.740738	0.1	1000983	550.9269950389862
5	-176.91045	-176.91045	-118.10027	-49.76685	1.1735014	-35.52275	-56.84535	-49.766922	0.0	1201985	659.9577305316925
6	-175.0284	-175.0284	-119.072624	-49.769833	1.1265106	-36.19979	-64.69257	-49.7698	0.0	1402983	782.9398305416107
7	-182.39825	-182.39825	-166.34776	-49.792717	1.0184404	-37.49054	-61.32134	-49.792625	0.0	1603982	906.7496976852417
8	-197.31647	-197.31647	-221.62784	-49.736607	1.4311699	0.347755	-54.268295	-49.736916	0.0	1804986	1024.049255847931
9	-204.42578	-204.42578	-126.763306	-49.726143	1.7789167	1.6873652	-75.801575	-49.726612	0.0	2005983	1123.921975851059
10	-195.7125	-195.7125	-145.4904	-49.72913	1.7411562	2.2986743	-53.161057	-49.729187	0.0	2206983	1224.8169162273407
11	-199.38504	-199.38504	-148.07631	-49.727562	1.6699022	2.7450058	-53.93609	-49.72756	0.0	2407984	1322.9729359149933
12	-194.02106	-194.02106	-118.48164	-49.726295	1.6304475	3.0369875	-54.255386	-49.72665	0.0	2608982	1421.0698583126068
13	-179.24823	-179.24823	-135.10658	-49.73396	1.5614765	3.3439991	-52.12421	-49.734097	0.2	2809982	1520.9283773899078
14	-202.67862	-202.67862	-163.11494	-49.720127	1.5901793	3.1348455	-53.417706	-49.720264	0.0	3010987	1623.8200142383575
15	-193.42091	-193.42091	-88.63796	-49.709003	1.5548413	2.9889085	-52.970516	-49.709263	0.1	3211984	1727.4533121585846
16	-194.36319	-194.36319	-161.67511	-49.71924	1.5337155	5.0068717	-54.85129	-49.719616	0.0	3412983	1825.3894562721252
17	-201.8165	-201.8165	-117.81753	-49.70361	1.5897579	4.226363	-54.06193	-49.703873	0.0	3613985	1922.9385378360748
18	-202.56349	-202.56349	-55.37955	-49.69761	1.562401	4.7764444	-53.79184	-49.69773	0.0	3814982	2017.1245396137238
19	-185.14258	-185.14258	-76.1282	-49.679604	1.6375439	6.2313585	-56.085262	-49.679764	0.1	4015985	2113.5606718063354
20	-170.45747	-170.45747	-107.15687	-49.674366	1.5879879	5.7060313	-56.270893	-49.67434	0.0	4216985	2205.7357318401337
21	-203.33727	-203.33727	-138.14667	-49.646763	1.6370174	6.0573864	-55.40411	-49.6467	0.0	4417982	2295.489014148712
22	-192.50577	-192.50577	-122.57453	-49.62782	1.6729386	6.5094047	-60.778076	-49.627876	0.1	4618984	2384.5241515636444
23	-207.24806	-207.24806	-73.14562	-49.627914	1.6472064	9.743616	-56.15265	-49.627907	0.1	4819982	2473.8026072978973
24	-192.18723	-192.18723	-122.96485	-49.61565	1.6798675	6.391346	-53.44145	-49.61555	0.0	5020983	2563.096180200577
25	-216.83914	-216.83914	-133.22717	-49.600758	1.7335653	4.6913924	-57.213737	-49.601093	0.0	5221982	2652.1333994865417
26	-211.24588	-211.24588	-171.77602	-49.58544	1.8273906	5.748499	-54.336147	-49.585316	0.0	5422987	2741.203342437744
27	-212.2228	-212.2228	-95.92199	-49.557575	2.1386302	10.228445	-53.178036	-49.557587	0.2	5623985	2833.828973531723
28	-171.64153	-171.64153	-105.12117	-49.549603	2.110873	6.42403	-53.160816	-49.549522	0.0	5824983	2926.326097011566
29	-197.04005	-197.04005	-129.99825	-49.523403	2.1556516	12.699276	-53.250423	-49.523727	0.0	6025987	3013.0567214488983
30	-183.46324	-183.46324	-94.8364	-49.517036	2.2895596	10.999999	-55.570408	-49.517204	0.0	6226981	3099.6088452339172
31	-207.75996	-207.75996	-74.14877	-49.497158	2.3888052	12.778357	-53.638203	-49.497505	0.2	6427986	3186.044120788574
32	-219.92558	-219.92558	-157.96288	-49.482883	2.4292066	10.949054	-54.563347	-49.48276	0.0	6628984	3272.206339120865
33	-225.23802	-225.23802	-104.75341	-49.450798	2.5523639	18.22605	-55.88767	-49.45095	0.1	6829984	3357.7095227241516
34	-208.01715	-208.01715	-105.01295	-49.408817	2.629743	11.286942	-54.492523	-49.40857	0.1	7030987	3443.7455677986145
35	-194.87904	-194.87904	-80.061035	-49.314034	2.988181	12.861776	-53.93035	-49.313576	0.5	7231984	3528.733455181122
36	-204.11737	-204.11737	-189.09593	-49.343853	2.9871323	12.316617	-53.273422	-49.343372	0.0	7432988	3614.0688123703003
37	-201.77446	-201.77446	-104.62487	-49.388065	2.8878803	15.815463	-52.928043	-49.387627	0.2	7633981	3699.2313945293427
38	-218.09103	-218.09103	-173.41962	-49.41623	2.8001351	18.61506	-53.632694	-49.416145	0.2	7834985	3784.7821311950684
39	-206.5661	-206.5661	-155.6814	-49.42366	2.748699	14.695658	-53.517967	-49.423447	0.1	8035988	3870.783037662506
40	-201.34042	-201.34042	-157.1396	-49.405388	2.8327858	19.894121	-62.317005	-49.405224	0.1	8236985	3955.879273891449
41	-195.15523	-195.15523	-126.640526	-49.38588	2.9307017	15.29165	-53.122097	-49.38575	0.1	8437984	4041.4151701927185
42	-228.59583	-228.59583	-139.7477	-49.384262	2.9888463	16.932966	-53.3539	-49.38421	0.4	8638983	4126.609514474869
43	-198.6589	-198.6589	-216.22398	-49.380775	2.9832723	21.099018	-52.855137	-49.380367	0.2	8839983	4211.305915594101
44	-200.08691	-200.08691	-88.882385	-49.349766	3.062961	19.637012	-54.659683	-49.350006	0.3	9040985	4295.7035121917725
45	-243.81398	-243.81398	-166.12772	-49.332516	3.1594539	15.026232	-54.153137	-49.332985	0.3	9241984	4380.353780031204
46	-253.69069	-253.69069	-200.62376	-49.32218	3.2394686	15.290117	-54.902557	-49.32256	0.2	9442986	4465.051611185074
47	-213.13275	-213.13275	-198.75107	-49.301617	3.3649287	16.140146	-54.70051	-49.301754	0.3	9643987	4549.637475728989
48	-221.37578	-221.37578	-107.34853	-49.27763	3.4300506	15.228381	-53.17828	-49.277454	0.4	9844982	4634.227822065353
49	-259.0755	-259.0755	-195.91626	-49.247715	3.507338	18.757626	-53.323578	-49.247528	0.3	10045981	4718.462179899216
50	-240.59167	-240.59167	-117.116356	-49.214184	3.6444597	15.496841	-53.34454	-49.214027	0.4	10246986	4802.93094086647
51	-216.13387	-216.13387	-58.285816	-49.18998	3.7045767	14.793206	-54.238598	-49.189724	0.5	10447981	4886.967641830444
52	-241.83398	-241.83398	-143.61652	-49.169415	3.7600238	23.92592	-53.290012	-49.169037	0.3	10648983	4971.163917303085
53	-264.50482	-264.50482	-277.77936	-49.170082	3.7342367	19.17213	-53.651974	-49.169582	0.4	10849989	5055.607172012329
54	-231.61433	-231.61433	-104.0007	-49.185036	3.6692774	14.920658	-53.49051	-49.184742	0.7	11050984	5139.190623283386
55	-243.55113	-243.55113	-258.58957	-49.165478	3.7297225	18.979708	-53.158577	-49.165123	0.3	11251983	5223.40146279335
56	-203.94846	-203.94846	-133.59966	-49.141884	3.8372476	14.36057	-53.194218	-49.141605	0.7	11452991	5306.786850690842
57	-213.759	-213.759	-269.22903	-49.12367	3.9141788	15.669735	-53.64238	-49.12357	0.4	11653983	5390.541484117508
58	-277.5735	-277.5735	-225.1527	-49.117786	3.9461238	16.749626	-53.858303	-49.118214	0.6	11854981	5474.417729854584
59	-230.69739	-230.69739	-288.25583	-49.104763	3.9841177	18.536276	-55.027245	-49.104473	0.5	12055990	5557.620606422424
60	-243.67485	-243.67485	-259.595	-49.081627	4.007432	20.055424	-58.84103	-49.081295	0.6	12256984	5641.836650848389
61	-246.27486	-246.27486	-314.28848	-49.047184	4.176267	17.192741	-53.8777	-49.047142	0.5	12457982	5725.729862451553
62	-242.44635	-242.44635	-272.715	-49.014557	4.243499	27.209019	-54.517784	-49.014343	0.4	12658984	5809.530394554138
63	-242.30557	-242.30557	-207.65578	-48.97896	4.326784	19.073092	-56.14498	-48.978806	0.6	12859987	5893.214790821075
64	-203.45683	-203.45683	-178.42409	-48.924892	4.5186195	23.874224	-57.09591	-48.924923	0.8	13060982	5976.824330329895
65	-259.21008	-259.21008	-179.68785	-48.85825	4.708753	15.618719	-59.832344	-48.858593	0.5	13261985	6060.158293247223
66	-221.20094	-221.20094	-197.9319	-48.83583	4.77279	17.485523	-56.16207	-48.836254	0.6	13462985	6143.502960681915
67	-278.753	-278.753	-166.2044	-48.850533	4.8165226	14.579359	-57.912865	-48.85101	0.6	13663982	6227.0715873241425
68	-234.41447	-234.41447	-171.07619	-48.833694	4.8328176	22.441566	-56.829327	-48.834118	0.6	13864989	6310.611134052277
69	-219.19055	-219.19055	-144.06374	-48.77355	4.9666557	18.759245	-56.533092	-48.77364	0.6	14065986	6394.375257015228
70	-201.7989	-201.7989	-75.359375	-48.742126	5.0974383	19.742275	-57.27276	-48.742416	0.9	14266986	6477.292295217514
71	-216.42213	-216.42213	-92.9605	-48.67546	5.2223134	18.578924	-56.871506	-48.675976	0.9	14467989	6560.4247126579285
72	-210.05125	-210.05125	-113.99792	-48.64986	5.319777	19.758205	-56.52918	-48.650105	0.8	14668983	6643.738112211227
73	-285.34183	-285.34183	-167.90446	-48.6124	5.4279118	21.21843	-56.64615	-48.612816	0.6	14869981	6727.106106996536
74	-222.2179	-222.2179	-58.93871	-48.623486	5.402975	18.029186	-57.45931	-48.62345	0.9	15070988	6810.096850395203
75	-208.86734	-208.86734	-141.60617	-48.607468	5.4865766	18.474094	-56.759266	-48.607933	0.7	15271986	6892.739912033081
76	-241.62634	-241.62634	-112.77117	-48.62646	5.4393053	22.492477	-57.10988	-48.626694	0.8	15472983	6975.965578079224
77	-285.46426	-285.46426	-4.028085	-48.608562	5.4895372	18.379387	-60.133095	-48.608696	1.0	15673984	7058.887196302414
78	-268.70435	-268.70435	-177.34612	-48.597454	5.501941	15.231655	-58.441483	-48.597862	0.6	15874988	7142.496340036392
79	-220.4358	-220.4358	-96.866066	-48.585815	5.5471163	15.560912	-58.450455	-48.58594	1.0	16075981	7225.350727796555
80	-256.7618	-256.7618	-30.698692	-48.56545	5.6283884	17.667154	-59.681526	-48.565376	1.0	16276982	7308.237054824829
81	-302.0405	-302.0405	-209.55118	-48.518295	5.716286	21.169353	-59.565163	-48.51778	0.7	16477990	7391.210523366928
82	-175.59338	-175.59338	-49.584934	-48.503002	5.778352	22.835588	-60.616497	-48.503033	0.9	16678981	7473.9962866306305
83	-245.72473	-245.72473	-138.49585	-48.457264	5.838319	21.943792	-59.090405	-48.456993	0.8	16879984	7556.570012807846
84	-197.90004	-197.90004	-8.987404	-48.430996	5.9134746	22.603706	-57.61332	-48.431217	1.0	17080983	7639.059350728989
85	-228.50156	-228.50156	-43.81786	-48.392136	5.971733	22.067696	-61.6607	-48.391987	1.0	17281983	7722.38009929657
86	-220.99261	-220.99261	-114.09854	-48.370205	6.0478115	22.474354	-59.187054	-48.36939	0.8	17482984	7805.1717257499695
87	-234.32156	-234.32156	-51.20494	-48.375576	6.0489993	21.657234	-60.506084	-48.375225	0.9	17683988	7887.576694965363
88	-268.53152	-268.53152	-53.146645	-48.362328	6.1125917	18.88181	-58.383083	-48.36154	0.9	17884989	7969.957689285278
89	-246.86359	-246.86359	-58.920944	-48.328083	6.2055836	19.82183	-58.97459	-48.327682	0.9	18085982	8052.589963436127
90	-207.0091	-207.0091	-114.55228	-48.348907	6.1980224	23.938953	-59.07373	-48.34836	0.8	18286983	8134.878886461258
91	-249.30261	-249.30261	-199.86823	-48.326046	6.245005	20.191723	-62.829327	-48.324795	0.8	18487982	8217.24829530716
92	-256.59744	-256.59744	-101.662224	-48.321487	6.213673	18.876019	-61.668953	-48.320408	0.8	18688989	8299.869806051254
93	-224.69847	-224.69847	-195.73187	-48.32552	6.25198	20.533213	-59.781296	-48.324997	0.5	18889982	8381.900187015533
94	-219.17131	-219.17131	-263.8567	-48.323948	6.2564783	18.228806	-61.423157	-48.322716	0.7	19090982	8464.51676106453
95	-244.56516	-244.56516	-97.43611	-48.32956	6.265159	16.862263	-58.59705	-48.32834	0.9	19291991	8546.643453836441
96	-239.98882	-239.98882	-142.1842	-48.307297	6.3301373	18.966373	-60.17511	-48.306343	0.8	19492983	8628.762201786041
97	-245.92444	-245.92444	-157.9462	-48.31569	6.292268	17.71136	-59.757442	-48.314953	0.8	19693981	8710.571714639664
98	-252.8809	-252.8809	-54.75858	-48.290916	6.334565	18.228987	-61.896847	-48.289597	0.8	19894987	8792.530694246292
99	-256.31628	-256.31628	-86.223755	-48.30381	6.321781	20.481472	-60.894783	-48.303127	0.9	20095984	8874.43658876419
100	-237.2377	-237.2377	-84.829475	-48.326675	6.2808022	19.464914	-63.737766	-48.325397	0.9	20296985	8956.25361585617
101	-252.37987	-252.37987	-43.77295	-48.29908	6.3556304	19.448538	-59.958984	-48.298336	1.0	20497989	9037.990556001663
102	-262.67938	-262.67938	-102.152145	-48.2722	6.3928175	25.777462	-62.084106	-48.271206	0.8	20698989	9120.552061080933
103	-266.0411	-266.0411	-81.0709	-48.28073	6.359394	17.260605	-62.88089	-48.279835	0.9	20899983	9203.148761034012
104	-172.75397	-172.75397	-111.829124	-48.238365	6.476454	20.250362	-60.401115	-48.237545	0.9	21100983	9285.20826792717
105	-216.8793	-216.8793	-48.10238	-48.231922	6.4822874	27.514753	-60.273724	-48.23027	0.9	21301981	9367.491885185242
106	-195.09793	-195.09793	-142.60129	-48.20353	6.543477	15.502408	-62.646507	-48.20241	0.9	21502987	9449.504981994629
107	-250.70312	-250.70312	-195.03265	-48.21021	6.5256643	16.468647	-62.655193	-48.2092	0.6	21703981	9531.993572711945
108	-214.44327	-214.44327	-10.356376	-48.204945	6.516394	16.84791	-61.79133	-48.20406	1.0	21904991	9614.13084101677
109	-196.13104	-196.13104	-228.62578	-48.139275	6.6083083	25.05288	-63.35012	-48.137917	0.7	22105983	9696.219898223877
110	-237.5142	-237.5142	-266.52362	-48.140827	6.6134315	15.69982	-61.44839	-48.140053	0.8	22306985	9778.201022863388
111	-248.19868	-248.19868	-29.962715	-48.10933	6.7059064	17.487463	-61.306007	-48.10894	0.9	22507981	9859.975293636322
112	-198.52203	-198.52203	-150.04626	-48.120407	6.6821294	17.63406	-61.823105	-48.11972	0.9	22708983	9941.708768129349
113	-268.20773	-268.20773	-62.9645	-48.086086	6.7461085	20.554754	-67.91922	-48.085835	0.9	22909983	10023.881694316864
114	-269.34113	-269.34113	-189.80287	-48.081146	6.748803	20.687262	-65.390884	-48.080585	0.7	23110984	10106.17899107933
115	-169.43848	-169.43848	-219.53644	-48.074875	6.7628355	15.367209	-62.388912	-48.074474	0.7	23311989	10187.891961097717
116	-255.91602	-255.91602	-99.501366	-48.063282	6.792129	22.428514	-63.241898	-48.062435	0.8	23512989	10270.092681646347
117	-250.15819	-250.15819	-49.057423	-48.080162	6.751228	20.950676	-60.548702	-48.07953	1.0	23713981	10352.595820903778
118	-285.26865	-285.26865	-71.13386	-48.080265	6.776195	17.430622	-60.769897	-48.08037	0.9	23914983	10435.077826738358
119	-201.55936	-201.55936	-144.75279	-48.066338	6.7983418	22.056675	-62.31781	-48.065395	0.8	24115981	10516.993737459183
120	-269.9487	-269.9487	-19.762426	-48.043076	6.837906	22.228848	-63.8848	-48.042423	1.0	24316981	10599.242819547653
121	-179.72069	-179.72069	-53.71693	-48.042114	6.841658	19.539787	-62.39126	-48.041878	0.9	24517985	10680.87055683136
122	-259.96848	-259.96848	-169.53937	-48.01159	6.9409604	25.556185	-65.350655	-48.010513	0.7	24718984	10762.664553403854
123	-237.8006	-237.8006	-22.632776	-48.0136	6.93794	17.150944	-60.166985	-48.012463	1.0	24919984	10843.92989206314
124	-241.24393	-241.24393	-292.203	-47.964462	7.0402293	19.981117	-65.25721	-47.96412	0.6	25120981	10925.913342952728
125	-253.64316	-253.64316	2.475602	-47.98404	7.0070157	18.964506	-62.618473	-47.983574	1.0	25321987	11007.994655132294
126	-262.17303	-262.17303	-6.5871577	-47.970448	7.0438933	19.35431	-65.90399	-47.969944	1.0	25522984	11090.391524791718
127	-238.68738	-238.68738	-57.61995	-47.991074	6.989115	24.662382	-65.85502	-47.989998	0.9	25723982	11172.591574192047
128	-203.7657	-203.7657	-5.8271236	-47.98316	6.984506	20.14339	-61.407516	-47.981815	1.0	25924988	11254.452365636826
129	-213.76115	-213.76115	-72.63535	-47.942287	7.050788	20.480677	-64.122986	-47.941765	0.9	26125982	11336.993849515915
130	-187.0567	-187.0567	-26.90577	-47.943047	7.0515265	17.888317	-62.990627	-47.942116	1.0	26326984	11418.98301744461
131	-209.98407	-209.98407	-107.37107	-47.924706	7.05669	19.734484	-66.694115	-47.923435	0.9	26527981	11500.730192422867
132	-227.01743	-227.01743	-59.476307	-47.907	7.0879364	17.158459	-64.30225	-47.906326	1.0	26728981	11582.740928411484
133	-215.09647	-215.09647	-44.943794	-47.84617	7.236314	18.035955	-61.662643	-47.84479	0.9	26929985	11664.518402814865
134	-228.14056	-228.14056	-108.97861	-47.876087	7.1552463	21.85435	-70.62803	-47.87494	0.9	27130982	11746.531195402145
135	-223.62816	-223.62816	-126.820724	-47.873444	7.1571126	18.353205	-74.71385	-47.87151	0.8	27331981	11828.450870275497
136	-193.16176	-193.16176	9.6664505	-47.835705	7.250284	19.224283	-75.99812	-47.83453	1.0	27532985	11910.001464128494
137	-177.44771	-177.44771	-84.99816	-47.84522	7.240013	21.835155	-63.833843	-47.844128	1.0	27733982	11991.623401165009
138	-238.65352	-238.65352	-106.45389	-47.817753	7.269762	16.754215	-62.406166	-47.816074	0.9	27934986	12074.062449216843
139	-242.5999	-242.5999	-62.568336	-47.78208	7.3215027	18.531012	-68.84358	-47.78062	1.0	28135991	12156.437932252884
140	-255.24619	-255.24619	-70.199875	-47.7796	7.341512	21.187231	-69.97261	-47.77814	0.9	28336988	12238.896296024323
141	-245.10304	-245.10304	-112.22886	-47.78538	7.282635	31.017513	-64.64223	-47.784145	0.9	28537984	12321.30746459961
142	-215.93353	-215.93353	-160.46164	-47.787937	7.299795	24.306143	-64.54806	-47.786312	0.8	28738990	12403.89571094513
143	-235.19533	-235.19533	-21.6422	-47.7681	7.358183	17.828535	-64.05215	-47.76654	1.0	28939984	12486.19762969017
144	-235.77666	-235.77666	-21.515425	-47.776257	7.313405	29.88826	-66.00529	-47.77467	0.9	29140981	12569.21940279007
145	-191.15843	-191.15843	-122.8186	-47.712555	7.4474936	22.076172	-65.86284	-47.710114	0.8	29341981	12651.62699508667
146	-229.13046	-229.13046	10.98982	-47.723557	7.444991	20.419317	-62.984936	-47.721897	1.0	29542986	12733.93237733841
147	-264.24506	-264.24506	-56.69828	-47.713894	7.446347	19.578508	-64.486984	-47.71229	0.9	29743982	12816.606888532639
148	-232.08607	-232.08607	-87.83256	-47.70203	7.4924397	21.59009	-62.84813	-47.699852	0.9	29944988	12898.971920013428
149	-213.90529	-213.90529	-20.802738	-47.71442	7.4671164	50.60766	-63.10333	-47.7132	1.0	30145991	12981.607964992523
150	-172.64656	-172.64656	-69.58059	-47.689964	7.5027046	19.825361	-62.979073	-47.688335	1.0	30346985	13064.016100645065
151	-232.5375	-232.5375	-44.01977	-47.678783	7.544152	21.17848	-64.20607	-47.676613	0.9	30547985	13146.122383356094
152	-290.62274	-290.62274	-35.20313	-47.657215	7.555895	19.01115	-72.919975	-47.655357	0.9	30748982	13228.755064487457
153	-222.35614	-222.35614	8.833421	-47.673088	7.5497613	18.374239	-64.254814	-47.671345	1.0	30949984	13310.950036287308
154	-259.4792	-259.4792	-102.02054	-47.68333	7.524164	24.677513	-68.00975	-47.68179	0.9	31150985	13393.266180992126
155	-263.32996	-263.32996	-99.99031	-47.671688	7.538628	22.180588	-72.6228	-47.669907	0.9	31351985	13475.31952047348
156	-248.42004	-248.42004	-15.050918	-47.641933	7.6249247	26.139181	-64.59364	-47.641403	1.0	31552981	13557.457966089249
157	-228.88043	-228.88043	-9.175703	-47.64937	7.575817	23.38517	-63.997074	-47.647167	1.0	31753981	13639.815684318542
158	-245.7493	-245.7493	-116.54554	-47.633667	7.603719	45.07034	-64.39629	-47.631973	0.8	31954983	13722.516525745392
159	-198.90038	-198.90038	-65.72004	-47.628456	7.635725	19.618149	-75.2303	-47.626205	1.0	32155984	13805.617735624313
160	-243.05206	-243.05206	0.33937043	-47.6344	7.626458	24.701084	-72.43479	-47.632805	1.0	32356982	13888.26866197586
161	-209.41902	-209.41902	-154.25665	-47.621136	7.6906137	22.40329	-66.90019	-47.619534	0.8	32557982	13971.407115459442
162	-258.66068	-258.66068	10.014777	-47.635387	7.623996	18.756582	-62.90589	-47.634148	1.0	32758985	14053.962733268738
163	-249.58923	-249.58923	10.0834465	-47.597977	7.701628	20.578283	-81.76762	-47.596176	1.0	32959984	14136.294130086899
164	-188.13882	-188.13882	-6.3736997	-47.5857	7.713587	19.39551	-70.10469	-47.58419	1.0	33160981	14218.677608013153
165	-214.16669	-214.16669	8.304151	-47.566174	7.72979	19.609636	-72.66938	-47.5652	1.0	33361983	14300.338817596436
166	-221.21701	-221.21701	-125.636696	-47.57778	7.6962523	21.558628	-66.46845	-47.57562	0.9	33562985	14381.868800163269
167	-198.53438	-198.53438	-57.10867	-47.554916	7.764001	19.091171	-74.01011	-47.554077	1.0	33763989	14463.636690378189
168	-184.65533	-184.65533	0.05436319	-47.551044	7.764865	16.775955	-73.88988	-47.54902	1.0	33964983	14545.810911417007
169	-226.31668	-226.31668	-119.24165	-47.545094	7.7860255	27.807386	-67.50961	-47.542847	0.9	34165987	14628.690750598907
170	-139.76094	-139.76094	-185.80067	-47.518246	7.8010783	35.99	-71.09504	-47.51645	0.8	34366982	14711.079924821854
171	-257.54227	-257.54227	-16.647993	-47.508934	7.8615537	19.627447	-65.68835	-47.507767	1.0	34567983	14793.82991719246
172	-221.0383	-221.0383	11.936917	-47.51513	7.833813	27.620535	-67.3727	-47.512985	1.0	34768982	14876.409133195877
173	-248.57217	-248.57217	-84.28024	-47.502228	7.878072	19.23108	-80.71783	-47.500313	0.9	34969986	14959.218322515488
174	-235.24887	-235.24887	-104.91343	-47.504738	7.859613	18.313025	-67.236275	-47.50233	0.8	35170986	15040.869441986084
175	-185.34094	-185.34094	-71.65528	-47.4947	7.864317	17.454481	-64.29357	-47.49285	0.9	35371981	15123.232072114944
176	-179.70757	-179.70757	-5.4549627	-47.49246	7.8724666	21.723148	-64.84677	-47.491043	1.0	35572991	15205.452117443085
177	-283.3864	-283.3864	-49.181873	-47.473133	7.896608	19.559214	-68.15607	-47.470985	1.0	35773986	15287.766710281372
178	-178.36191	-178.36191	-9.465453	-47.480846	7.8833766	49.624233	-78.11942	-47.47891	1.0	35974984	15370.44278049469
179	-212.02576	-212.02576	7.32317	-47.472836	7.8962593	27.080929	-70.443306	-47.471195	1.0	36175982	15452.651803255081
180	-231.52719	-231.52719	-82.19388	-47.43835	7.960974	21.505817	-74.80718	-47.435146	0.9	36376984	15535.371309518814
181	-228.14514	-228.14514	9.611854	-47.44431	7.9376144	19.494385	-69.94686	-47.44202	1.0	36577983	15618.113275527954
182	-198.0152	-198.0152	-48.720036	-47.43239	7.946287	24.216955	-66.17992	-47.430477	0.9	36778983	15700.633352518082
183	-259.96634	-259.96634	-86.43002	-47.39854	8.009285	21.54122	-66.261505	-47.396603	0.9	36979990	15782.542971849442
184	-199.41193	-199.41193	-1.6101025	-47.415676	7.9606524	20.817091	-68.25868	-47.41476	1.0	37180983	15864.863092422485
185	-239.51193	-239.51193	-180.15479	-47.398853	8.00374	25.184948	-67.07725	-47.39659	0.8	37381984	15946.936064004898
186	-197.06232	-197.06232	11.482083	-47.394745	8.002586	18.915895	-71.49341	-47.392937	1.0	37582987	16029.020425796509
187	-178.46017	-178.46017	0.5435908	-47.34957	8.08525	46.342842	-65.98034	-47.347214	1.0	37783984	16110.631608247757
188	-194.06796	-194.06796	-109.852394	-47.350636	8.089621	21.480286	-69.151566	-47.348835	0.9	37984981	16192.936841249466
189	-191.00232	-191.00232	-5.5155525	-47.365242	8.036321	18.748695	-69.7547	-47.36329	1.0	38185982	16274.90068244934
190	-164.88234	-164.88234	-119.156494	-47.340057	8.104456	18.455048	-71.439545	-47.33808	1.0	38386983	16356.728521823883
191	-221.06125	-221.06125	-80.61079	-47.31159	8.11529	36.81248	-65.1169	-47.31037	0.9	38587991	16438.905144691467
192	-201.3724	-201.3724	-8.813747	-47.28777	8.180412	34.88644	-71.09027	-47.285908	1.0	38788984	16520.843329668045
193	-233.2818	-233.2818	-7.535773	-47.28738	8.172356	19.569767	-71.80667	-47.285603	1.0	38989981	16602.95858979225
194	-276.2592	-276.2592	-68.95227	-47.296204	8.163264	18.280045	-70.629616	-47.294075	0.9	39190986	16685.15404677391
195	-222.26425	-222.26425	5.689816	-47.287807	8.163682	20.70451	-87.3249	-47.28523	1.0	39391991	16767.359523534775
196	-206.9368	-206.9368	-113.114456	-47.259342	8.220945	19.100464	-79.888916	-47.258938	0.9	39592991	16848.82682776451
197	-241.34793	-241.34793	12.344726	-47.259632	8.199042	21.327927	-69.47214	-47.257652	1.0	39793983	16930.492713212967
198	-200.74855	-200.74855	-54.06401	-47.269424	8.197758	17.871523	-72.60068	-47.267895	0.9	39994985	17012.64630818367
199	-208.88109	-208.88109	-18.349464	-47.241974	8.223881	28.259565	-69.90983	-47.240013	1.0	40195982	17094.82289004326
