Epoch	EpRet	EpRealRet	TestEpRet	AverageQ1	StdQ1	MaxQ1	MinQ1	Q2	TestSuccess	TotalEnvInteracts	TotalTime
0	-539.51416	-539.51416	-681.5269	-48.01757	7.3601737	-0.12869555	-148.98921	-48.04974	0.0	196991	94.81842088699341
1	-619.9943	-619.9943	-577.90076	-49.614628	2.757715	7.888286	-54.99051	-49.614613	0.0	397991	178.58389472961426
2	-529.4139	-529.4139	-588.30853	-49.57277	3.296808	6.079134	-78.69241	-49.57293	0.0	598991	252.1075577735901
3	-553.1926	-553.1926	-672.1971	-49.747826	2.2823997	3.886159	-56.711937	-49.748005	0.0	799981	330.2914762496948
4	-691.55585	-691.55585	-691.332	-49.81158	1.5707315	-2.104153	-57.926285	-49.811672	0.0	1000991	403.54279017448425
5	-639.8402	-639.8402	-400.39017	-49.86776	0.9432056	-28.805832	-55.75574	-49.867924	0.0	1201989	477.87345790863037
6	-594.6577	-594.6577	-463.96933	-49.868034	0.891561	-30.655252	-58.58659	-49.867966	0.0	1402989	550.2489097118378
7	-568.6751	-568.6751	-614.8488	-49.86318	0.8904537	-29.464464	-59.394615	-49.86313	0.0	1603982	619.782958984375
8	-500.30466	-500.30466	-474.0981	-49.86337	0.9262129	-26.768393	-55.475666	-49.863457	0.0	1804991	689.8007206916809
9	-492.70242	-492.70242	-451.72577	-49.859856	0.9668837	-25.987766	-56.965073	-49.85983	0.0	2005991	760.4403390884399
10	-660.3808	-660.3808	-580.9849	-49.858147	0.9910643	-26.586807	-60.52608	-49.858234	0.0	2206989	829.5606045722961
11	-592.2173	-592.2173	-501.928	-49.86486	0.9620869	-24.24805	-59.12855	-49.86473	0.0	2407991	891.9309222698212
12	-603.896	-603.896	-537.4561	-49.866478	0.93275434	-27.396994	-54.100872	-49.86666	0.0	2608988	952.5834760665894
13	-545.606	-545.606	-299.46432	-49.873432	0.8919496	-26.462309	-55.088184	-49.8735	0.0	2809991	1013.5946917533875
14	-453.05243	-453.05243	-359.74268	-49.86732	0.8752425	-26.680992	-57.19942	-49.8672	0.0	3010991	1073.92879986763
15	-528.6907	-528.6907	-468.14835	-49.863453	0.88400716	-25.248981	-58.81248	-49.86358	0.0	3211991	1134.1328666210175
16	-489.23358	-489.23358	-545.5892	-49.866924	0.8794408	-21.629673	-57.902744	-49.86697	0.0	3412986	1194.413533449173
17	-479.59525	-479.59525	-329.79434	-49.86589	0.8875648	-18.590702	-56.055508	-49.86585	0.0	3613985	1254.5083384513855
18	-398.08133	-398.08133	-461.85226	-49.864746	0.9131469	-16.785595	-65.24641	-49.864857	0.0	3814991	1315.5080742835999
19	-437.28528	-437.28528	-302.89185	-49.86114	0.9475596	-13.198839	-56.02766	-49.861122	0.0	4015983	1375.0360009670258
20	-468.6775	-468.6775	-380.75995	-49.851963	0.9975976	-7.7099934	-58.061047	-49.85208	0.0	4216984	1435.3161520957947
21	-384.9201	-384.9201	-240.32497	-49.853554	1.0225629	-4.213799	-63.0762	-49.853626	0.0	4417991	1494.8702838420868
22	-373.06723	-373.06723	-269.27618	-49.85819	0.9588172	0.29853898	-61.695198	-49.858128	0.0	4618981	1553.8867053985596
23	-360.8062	-360.8062	-219.20998	-49.855705	1.0025842	0.2231496	-57.149002	-49.85578	0.0	4819987	1612.3383152484894
24	-456.50375	-456.50375	-198.5982	-49.857765	0.9645982	-2.8681383	-57.288433	-49.857716	0.0	5020991	1672.4540519714355
25	-429.39862	-429.39862	-331.09528	-49.85911	0.9460593	-4.3519435	-55.124027	-49.8591	0.0	5221981	1732.8546562194824
26	-444.55966	-444.55966	-316.74002	-49.85561	0.9358498	-3.414996	-57.749725	-49.8556	0.0	5422991	1795.350984096527
27	-402.33423	-402.33423	-206.88887	-49.84963	0.9468986	-5.0986776	-54.58698	-49.849483	0.0	5623981	1854.8937668800354
28	-412.095	-412.095	-216.1892	-49.848526	0.912817	-7.026009	-55.28418	-49.848392	0.0	5824989	1914.3055264949799
29	-387.91547	-387.91547	-83.38232	-49.846134	0.9412742	5.7221427	-58.103123	-49.84612	0.0	6025991	1972.9928171634674
30	-325.8439	-325.8439	-90.17567	-49.843082	0.9272425	-7.906371	-53.597855	-49.84296	0.0	6226981	2031.677653312683
31	-377.1872	-377.1872	-204.27148	-49.829838	0.94555396	-7.0426073	-53.1464	-49.829716	0.0	6427986	2090.5190172195435
32	-429.36667	-429.36667	-223.55247	-49.823338	0.9457242	-8.139212	-56.227776	-49.82328	0.0	6628984	2149.547897338867
33	-377.61047	-377.61047	-197.93524	-49.82192	0.93793374	-15.036724	-53.952663	-49.821938	0.0	6829991	2208.327704668045
34	-417.68796	-417.68796	-180.6506	-49.812023	0.952645	-12.925468	-54.530914	-49.811874	0.0	7030981	2267.1242809295654
35	-304.47717	-304.47717	-8.184596	-49.80552	0.98003185	-8.420035	-54.026436	-49.805534	0.0	7231991	2326.0628304481506
36	-345.93182	-345.93182	-260.4147	-49.790684	1.0494813	-4.148874	-54.030483	-49.790653	0.0	7432988	2384.852613210678
37	-334.58054	-334.58054	-107.5537	-49.788113	1.0635732	-2.0703754	-53.401352	-49.78824	0.0	7633982	2443.851170539856
38	-327.3522	-327.3522	-183.48737	-49.78009	1.067421	-6.831949	-54.50454	-49.780064	0.0	7834982	2503.5213027000427
39	-391.43277	-391.43277	-164.3996	-49.76656	1.1308602	-6.4967084	-53.606667	-49.76654	0.2	8035990	2562.818728208542
40	-402.8323	-402.8323	-55.613026	-49.759003	1.1724168	-0.33306322	-53.243587	-49.75888	0.1	8236991	2621.4668884277344
41	-299.97375	-299.97375	-64.712036	-49.75364	1.2095503	0.6118884	-54.31693	-49.753468	0.0	8437984	2680.3793432712555
42	-353.37695	-353.37695	-127.06504	-49.73558	1.2869211	3.314691	-54.650703	-49.735558	0.0	8638989	2739.097029685974
43	-377.12598	-377.12598	-160.8328	-49.736588	1.3371162	8.336378	-54.982166	-49.736233	0.0	8839991	2797.8506557941437
44	-290.31165	-290.31165	-156.18631	-49.718082	1.4526775	7.7988963	-52.92587	-49.71789	0.1	9040988	2856.565747022629
45	-273.81277	-273.81277	-3.4012156	-49.70913	1.5522404	13.255285	-53.7443	-49.7088	0.2	9241981	2915.0817246437073
46	-294.1803	-294.1803	-65.30409	-49.71597	1.5477641	14.018413	-53.671177	-49.715866	0.1	9442991	2973.423947095871
47	-249.55731	-249.55731	-44.939655	-49.711475	1.5995749	16.650496	-53.547264	-49.711063	0.2	9643982	3031.2314643859863
48	-303.47784	-303.47784	-83.43524	-49.712124	1.5886365	29.295322	-53.701565	-49.711918	0.1	9844984	3089.6890597343445
49	-297.8758	-297.8758	-12.000189	-49.697075	1.6757808	20.998272	-54.428436	-49.696964	0.3	10045984	3148.2578315734863
50	-286.71494	-286.71494	-56.028427	-49.67803	1.7042226	15.159261	-53.83816	-49.677765	0.1	10246991	3206.91917014122
51	-319.74353	-319.74353	-23.908735	-49.6615	1.7873149	21.927694	-56.970623	-49.661373	0.0	10447982	3265.4165637493134
52	-318.40073	-318.40073	-24.632841	-49.661396	1.8175093	14.950687	-55.72061	-49.66136	0.2	10648989	3324.482721567154
53	-270.1922	-270.1922	-175.25879	-49.65997	1.8209529	29.92772	-55.096645	-49.6597	0.1	10849988	3383.1635246276855
54	-305.698	-305.698	-44.20768	-49.643642	1.853817	18.358398	-54.687576	-49.643772	0.0	11050990	3441.4636142253876
55	-287.13788	-287.13788	-43.902462	-49.63579	1.8669343	22.22845	-54.300667	-49.635723	0.3	11251983	3500.166209936142
56	-297.36652	-297.36652	-50.3198	-49.620464	1.9695952	19.296904	-54.67712	-49.62055	0.3	11452981	3558.173997402191
57	-314.46265	-314.46265	-67.982666	-49.61659	2.0037234	26.8734	-55.48434	-49.61652	0.2	11653985	3616.4242734909058
58	-324.7857	-324.7857	-87.51956	-49.598938	2.0712378	22.728466	-55.708336	-49.598976	0.1	11854982	3675.6555569171906
59	-321.308	-321.308	-35.488842	-49.60027	2.0901563	19.308899	-56.722935	-49.600327	0.4	12055990	3734.1773221492767
60	-336.0071	-336.0071	-7.9373336	-49.594093	2.1204376	21.481518	-57.610386	-49.59414	0.0	12256990	3793.018103122711
61	-314.04117	-314.04117	-74.282616	-49.588863	2.15625	21.667551	-55.653847	-49.58904	0.2	12457981	3851.180105447769
62	-297.31754	-297.31754	-103.84892	-49.599476	2.1338	25.026161	-55.954456	-49.59941	0.3	12658988	3909.086074590683
63	-263.17773	-263.17773	-57.93583	-49.58428	2.2155583	22.896938	-55.125095	-49.584354	0.2	12859991	3967.6663649082184
64	-297.84558	-297.84558	-120.29046	-49.573288	2.2481697	25.402534	-56.93667	-49.57326	0.2	13060981	4025.9665067195892
65	-312.34555	-312.34555	-59.69951	-49.571087	2.2627957	20.889566	-55.676346	-49.571125	0.2	13261981	4083.659102678299
66	-273.72665	-273.72665	-31.304506	-49.580406	2.2498772	32.396587	-56.057373	-49.58042	0.3	13462982	4141.647060871124
67	-318.90887	-318.90887	-76.18315	-49.58246	2.2199495	21.860428	-56.291637	-49.582527	0.1	13663985	4199.87130856514
68	-292.768	-292.768	-24.959326	-49.572174	2.3157868	27.813938	-55.47387	-49.57221	0.2	13864981	4257.781835079193
69	-354.5632	-354.5632	-13.178207	-49.57466	2.3159442	19.888807	-55.993515	-49.574684	0.3	14065984	4316.440299510956
70	-244.55963	-244.55963	-16.367796	-49.56776	2.3186567	17.991486	-57.485676	-49.567696	0.1	14266991	4374.718056440353
71	-341.08914	-341.08914	-26.85932	-49.556313	2.389291	19.21111	-57.424458	-49.55621	0.2	14467981	4432.576870918274
72	-304.13684	-304.13684	0.61451125	-49.54965	2.433687	29.51622	-55.665165	-49.549706	0.5	14668983	4490.112308263779
73	-267.56686	-267.56686	-53.547157	-49.5604	2.3908634	33.585915	-56.392742	-49.560333	0.2	14869988	4547.676755666733
74	-218.67873	-218.67873	-20.642256	-49.534412	2.4802408	31.61273	-57.80905	-49.53436	0.2	15070991	4604.964303016663
75	-296.57092	-296.57092	-39.68167	-49.53015	2.4487581	22.548353	-57.967197	-49.530106	0.1	15271991	4662.321310520172
76	-275.0608	-275.0608	-41.05167	-49.522964	2.478775	28.259468	-56.89707	-49.522785	0.2	15472982	4719.648914337158
77	-286.62613	-286.62613	-0.1556324	-49.500595	2.6106076	19.826849	-58.60323	-49.500797	0.3	15673989	4777.361518383026
78	-229.16783	-229.16783	-64.80337	-49.495647	2.599113	25.183205	-58.225266	-49.49559	0.2	15874981	4834.768656253815
79	-255.5424	-255.5424	-15.4289465	-49.49607	2.6195211	21.71696	-57.81504	-49.496044	0.2	16075981	4891.892787456512
80	-277.7773	-277.7773	-35.190277	-49.492897	2.626125	25.403969	-58.72399	-49.493095	0.3	16276988	4949.0676856040955
81	-258.3886	-258.3886	-19.526186	-49.49022	2.6149771	22.450356	-56.955288	-49.490242	0.6	16477991	5006.431025505066
82	-254.73146	-254.73146	-6.3677883	-49.47779	2.725687	25.051336	-57.569607	-49.47776	0.1	16678987	5063.442819595337
83	-316.64035	-316.64035	-4.949922	-49.475136	2.7519479	31.727402	-57.529476	-49.47504	0.2	16879991	5120.758444786072
84	-281.64038	-281.64038	-7.753242	-49.471653	2.7590241	20.767365	-58.781185	-49.47165	0.3	17080983	5178.071750879288
85	-248.75311	-248.75311	-4.845794	-49.45966	2.821418	25.04868	-59.713425	-49.459583	0.0	17281983	5235.11311340332
86	-309.141	-309.141	-0.14429897	-49.459797	2.792857	21.999985	-60.77268	-49.459755	0.5	17482983	5292.4012060165405
87	-284.9247	-284.9247	5.1498113	-49.46396	2.7884278	27.934744	-59.244358	-49.46417	0.3	17683983	5349.911785125732
88	-289.30054	-289.30054	4.289003	-49.44873	2.8198366	22.06516	-58.288292	-49.448677	0.1	17884985	5407.508767127991
89	-246.33315	-246.33315	7.3973713	-49.448956	2.8143778	24.443289	-58.82671	-49.449074	0.3	18085983	5465.205905675888
90	-259.86703	-259.86703	7.867735	-49.43849	2.9083672	20.442461	-57.791634	-49.438313	0.3	18286983	5522.453089952469
91	-301.1694	-301.1694	2.0340178	-49.43044	2.88855	25.97103	-59.192856	-49.430477	0.4	18487985	5579.723751306534
92	-302.2068	-302.2068	-10.9786	-49.423695	2.897578	20.863047	-58.592796	-49.423546	0.2	18688987	5637.884738445282
93	-221.50775	-221.50775	7.1714535	-49.41842	2.947228	20.92377	-59.089928	-49.418224	0.5	18889984	5695.553503751755
94	-246.60094	-246.60094	6.8073363	-49.413437	2.9744139	24.87636	-59.70231	-49.413616	0.2	19090983	5752.4610052108765
95	-262.40634	-262.40634	7.988358	-49.420525	2.935037	25.452742	-59.66494	-49.42056	0.2	19291982	5809.856134414673
96	-224.68414	-224.68414	5.154703	-49.417374	2.93687	23.47342	-58.45474	-49.417263	0.5	19492983	5867.379870176315
97	-274.05255	-274.05255	5.0430174	-49.394947	3.0076532	22.115288	-59.14053	-49.394913	0.1	19693983	5924.911827802658
98	-223.18292	-223.18292	7.0168943	-49.397346	2.997206	25.956753	-60.253292	-49.397335	0.2	19894986	5982.047967195511
99	-289.1962	-289.1962	-44.947086	-49.396206	3.0214539	21.78156	-59.781326	-49.396236	0.3	20095981	6039.688977241516
100	-297.0481	-297.0481	7.4321446	-49.379986	3.1181781	26.173304	-59.102776	-49.37988	0.1	20296986	6097.269382953644
101	-287.72916	-287.72916	-7.485314	-49.376667	3.1177676	27.117804	-61.020363	-49.37678	0.3	20497982	6154.37655377388
102	-303.35544	-303.35544	7.72496	-49.368748	3.1167274	27.2243	-62.74952	-49.368797	0.3	20698982	6211.9242951869965
103	-300.43912	-300.43912	6.637889	-49.367725	3.1511214	21.03616	-58.520058	-49.367554	0.4	20899986	6270.1355566978455
104	-216.22838	-216.22838	4.0468326	-49.340706	3.213743	32.097042	-59.797062	-49.340714	0.4	21100982	6327.489680767059
105	-233.91084	-233.91084	-9.274437	-49.33503	3.1856172	22.922186	-61.166225	-49.335037	0.5	21301981	6384.8811814785
106	-299.16556	-299.16556	-8.650219	-49.334396	3.18699	25.910114	-62.10997	-49.33417	0.2	21502991	6442.265114784241
107	-269.97003	-269.97003	-14.078095	-49.32448	3.2193463	35.715157	-60.744305	-49.32448	0.1	21703991	6499.9084441661835
108	-279.81128	-279.81128	-0.2611535	-49.343605	3.1871333	26.794909	-58.96001	-49.3437	0.2	21904983	6557.641092300415
109	-245.69727	-245.69727	2.0276587	-49.341232	3.172574	38.946896	-62.21325	-49.341072	0.2	22105981	6614.897891521454
110	-255.04828	-255.04828	-4.3874936	-49.32312	3.2600758	31.905602	-61.055107	-49.32325	0.5	22306981	6672.122678518295
111	-273.291	-273.291	4.4500213	-49.34703	3.1706715	23.014635	-64.74813	-49.34682	0.4	22507991	6729.527616739273
112	-289.65976	-289.65976	8.036866	-49.345932	3.2180407	19.705963	-62.45858	-49.34591	0.5	22708991	6786.837740421295
113	-253.1819	-253.1819	6.5012965	-49.332264	3.246474	24.712729	-63.55962	-49.331898	0.5	22909991	6844.191632986069
114	-315.79755	-315.79755	-4.5249667	-49.3338	3.2667851	25.537283	-60.417297	-49.334095	0.5	23110982	6901.5587384700775
115	-278.41833	-278.41833	8.14226	-49.34047	3.2341778	24.380959	-59.75636	-49.340458	0.1	23311986	6959.073569059372
116	-289.20145	-289.20145	-1.2917849	-49.33402	3.268787	31.500135	-65.19285	-49.333813	0.3	23512984	7016.870598554611
117	-254.9106	-254.9106	4.3019257	-49.334835	3.2195296	24.499575	-59.669933	-49.33486	0.5	23713981	7074.690148353577
118	-306.72067	-306.72067	8.753388	-49.31382	3.2936628	28.176125	-63.970154	-49.313698	0.0	23914991	7133.811434745789
119	-225.348	-225.348	5.802412	-49.300423	3.3354135	27.973677	-60.822247	-49.300564	0.3	24115981	7191.191141366959
120	-273.54208	-273.54208	-5.743362	-49.292244	3.376776	22.30084	-59.499615	-49.292164	0.3	24316982	7248.86993932724
121	-314.66452	-314.66452	1.7682167	-49.30143	3.3080685	26.897287	-65.49905	-49.30117	0.4	24517982	7306.6989579200745
122	-216.43547	-216.43547	8.915143	-49.282597	3.3759785	30.632578	-61.84416	-49.282825	0.3	24718983	7365.109951257706
123	-248.24896	-248.24896	-5.362228	-49.277004	3.411573	30.573153	-63.919456	-49.27678	0.5	24919988	7423.788988351822
124	-267.19626	-267.19626	8.719456	-49.273006	3.4267542	34.136497	-60.963753	-49.272987	0.3	25120986	7481.277195215225
125	-301.4743	-301.4743	7.780363	-49.269512	3.4334564	27.510317	-60.155846	-49.269356	0.2	25321982	7538.69593834877
126	-216.6424	-216.6424	4.3813605	-49.254547	3.4799876	19.128242	-64.27637	-49.25459	0.3	25522987	7596.221983194351
127	-273.3712	-273.3712	10.388345	-49.25467	3.4878666	23.817165	-61.02073	-49.25467	0.5	25723986	7653.430168390274
128	-317.303	-317.303	8.507951	-49.24257	3.5252552	28.834753	-66.41696	-49.242435	0.3	25924991	7711.249453783035
129	-321.8326	-321.8326	5.862665	-49.238094	3.5501003	31.221457	-62.027348	-49.23793	0.4	26125991	7769.077400684357
130	-222.6051	-222.6051	3.7736816	-49.24463	3.5187953	29.813759	-63.01353	-49.244728	0.4	26326991	7826.626267671585
131	-265.74426	-265.74426	7.186528	-49.238575	3.5231385	24.089317	-65.50341	-49.23827	0.2	26527981	7884.270156621933
132	-205.93184	-205.93184	7.1988497	-49.224766	3.585403	29.338274	-61.928123	-49.224728	0.2	26728983	7941.713438272476
133	-249.68947	-249.68947	6.5652237	-49.233204	3.5636215	24.87052	-59.89007	-49.23316	0.2	26929984	7999.955480337143
134	-246.70912	-246.70912	7.0128417	-49.212666	3.6053617	35.070236	-63.36266	-49.212734	0.3	27130991	8057.47748541832
135	-215.57162	-215.57162	-12.131908	-49.195454	3.6721961	23.600245	-61.44915	-49.195522	0.5	27331982	8115.017318248749
136	-254.11308	-254.11308	-29.113178	-49.195316	3.620132	24.942604	-61.330563	-49.194912	0.3	27532985	8172.81124997139
137	-280.5849	-280.5849	-10.404819	-49.192642	3.688614	24.961193	-61.840664	-49.192665	0.4	27733986	8230.251760482788
138	-243.8685	-243.8685	7.1809144	-49.193085	3.6407979	35.544353	-64.80636	-49.192852	0.5	27934991	8287.85020160675
139	-201.44215	-201.44215	-20.113588	-49.19119	3.6600065	26.902735	-62.132	-49.19058	0.4	28135983	8344.994231700897
140	-212.75546	-212.75546	-26.28584	-49.18348	3.668314	32.86127	-63.655327	-49.18371	0.5	28336981	8402.596147060394
141	-273.04492	-273.04492	4.246396	-49.172638	3.7080507	24.61588	-61.21379	-49.172386	0.1	28537991	8460.334161043167
142	-257.35767	-257.35767	-5.5742173	-49.168114	3.7531714	31.29752	-60.699112	-49.16801	0.3	28738991	8517.912958621979
143	-204.10184	-204.10184	-0.7207765	-49.16732	3.7444713	34.480698	-61.768574	-49.167164	0.5	28939990	8575.44848871231
144	-247.27853	-247.27853	-10.694253	-49.163628	3.750503	28.528173	-60.02432	-49.16326	0.3	29140986	8633.075068235397
145	-224.04665	-224.04665	-9.679741	-49.15245	3.7764149	25.133982	-61.733868	-49.152573	0.6	29341982	8690.691879034042
146	-252.07323	-252.07323	7.8147993	-49.1489	3.7908704	32.329113	-64.140854	-49.148407	0.5	29542982	8748.49516415596
147	-305.45685	-305.45685	4.9942846	-49.128815	3.852583	35.22486	-62.490715	-49.128613	0.1	29743985	8806.091708660126
148	-294.84076	-294.84076	-30.833948	-49.133415	3.8494112	28.81637	-68.906006	-49.133106	0.3	29944984	8863.58571600914
149	-258.7257	-258.7257	-47.810654	-49.136055	3.849129	19.467495	-67.77291	-49.13585	0.4	30145984	8921.07055068016
150	-279.76257	-279.76257	-28.703083	-49.116062	3.8970065	24.353771	-63.15891	-49.11581	0.2	30346982	8978.62421631813
151	-264.27487	-264.27487	1.1726817	-49.116325	3.8855298	23.637629	-69.42537	-49.11627	0.4	30547983	9036.398210763931
152	-265.64368	-265.64368	-35.969288	-49.122326	3.8769305	22.620144	-62.30893	-49.122086	0.3	30748986	9093.978080511093
153	-246.93448	-246.93448	-14.406066	-49.11253	3.8759048	26.26559	-65.71212	-49.11246	0.5	30949984	9151.690014123917
154	-304.3284	-304.3284	-2.8064694	-49.118587	3.8387678	23.023237	-64.57918	-49.118023	0.7	31150991	9209.691039562225
155	-214.6365	-214.6365	-15.925268	-49.113503	3.9088538	26.776073	-66.36611	-49.113884	0.5	31351987	9266.980046987534
156	-263.0757	-263.0757	9.580986	-49.104347	3.8975585	36.62253	-63.602177	-49.10402	0.6	31552982	9325.099313259125
157	-248.07602	-248.07602	7.4909134	-49.09507	3.9735894	24.212925	-62.461292	-49.094727	0.5	31753991	9382.54611158371
158	-294.16772	-294.16772	-3.554455	-49.085503	3.9310646	31.577805	-67.518715	-49.085194	0.5	31954983	9439.799877166748
159	-227.74687	-227.74687	5.7099032	-49.07714	3.9611194	42.31172	-63.430096	-49.077152	0.2	32155991	9497.562961101532
160	-237.20659	-237.20659	7.790207	-49.081825	3.9671972	47.872536	-66.1594	-49.082	0.4	32356984	9554.852422475815
161	-195.43895	-195.43895	1.6842808	-49.06618	4.0187902	24.255793	-62.68219	-49.06564	0.5	32557991	9612.865494012833
162	-249.54814	-249.54814	6.0905414	-49.07442	3.951939	26.827291	-62.58784	-49.074276	0.4	32758983	9671.056930541992
163	-281.66766	-281.66766	7.913849	-49.056866	4.0286884	26.52217	-65.855934	-49.056282	0.3	32959991	9729.206115722656
164	-308.95453	-308.95453	9.122775	-49.06832	3.9738748	27.009127	-63.68103	-49.068363	0.6	33160991	9787.087870121002
165	-247.98264	-247.98264	7.483505	-49.072987	3.9556308	26.350903	-65.577156	-49.07279	0.5	33361981	9844.951714754105
166	-233.25752	-233.25752	9.81397	-49.058308	4.0339494	24.294024	-64.57803	-49.05789	0.5	33562987	9903.645668506622
167	-203.27422	-203.27422	1.6689342	-49.057884	4.00685	27.395039	-70.66067	-49.057346	0.5	33763991	9961.155796289444
168	-257.75238	-257.75238	-9.540912	-49.049202	4.041672	21.504862	-67.2167	-49.049267	0.6	33964991	10019.140246629715
169	-301.33585	-301.33585	4.437081	-49.039845	4.0637593	21.699356	-64.24786	-49.03936	0.3	34165991	10076.971920251846
170	-255.48775	-255.48775	8.302733	-49.046482	4.060461	29.73854	-65.71166	-49.04623	0.7	34366983	10134.594004869461
171	-296.70547	-296.70547	-31.91941	-49.041233	4.0636277	27.350584	-63.157166	-49.040836	0.4	34567985	10192.293977737427
172	-204.15947	-204.15947	6.5148997	-49.037037	4.050781	34.93483	-66.08036	-49.036247	0.5	34768987	10249.667696475983
173	-270.82236	-270.82236	5.2688966	-49.040012	4.070154	31.610317	-70.70538	-49.040066	0.3	34969983	10307.383324623108
174	-219.65297	-219.65297	-41.56544	-49.02382	4.118364	23.973675	-67.05643	-49.02328	0.3	35170985	10364.965178728104
175	-262.34692	-262.34692	7.827135	-49.025	4.12033	28.702805	-64.11259	-49.024296	0.5	35371981	10422.859550714493
176	-264.29117	-264.29117	-24.423891	-49.027863	4.136856	30.116827	-64.092766	-49.0275	0.3	35572981	10480.38194990158
177	-199.50162	-199.50162	8.887801	-49.026325	4.1132	25.130362	-67.51922	-49.025482	0.4	35773985	10537.784994840622
178	-252.77765	-252.77765	7.779816	-49.007156	4.1995654	22.296219	-65.56458	-49.006752	0.6	35974985	10595.455674648285
179	-239.38512	-239.38512	7.0944476	-49.016575	4.1175594	23.985088	-70.117714	-49.01653	0.5	36175981	10652.373921632767
180	-244.7585	-244.7585	-13.160538	-49.009464	4.1669364	19.980974	-65.11048	-49.008442	0.2	36376986	10710.272829532623
181	-180.30304	-180.30304	7.513725	-49.00865	4.187885	27.679195	-67.139656	-49.00796	0.3	36577988	10767.676856279373
182	-283.88943	-283.88943	-16.28421	-48.99396	4.1716084	25.196417	-69.48388	-48.993366	0.2	36778991	10825.673008203506
183	-263.0176	-263.0176	-0.9846435	-48.99301	4.188356	21.075253	-64.64288	-48.992485	0.2	36979991	10883.660700559616
184	-236.89264	-236.89264	-4.41546	-48.989994	4.234667	35.687973	-66.005066	-48.98942	0.2	37180991	10941.43139076233
185	-226.80109	-226.80109	-2.5883055	-48.997486	4.1911154	36.838863	-65.46803	-48.99678	0.2	37381991	10999.036227226257
186	-302.2645	-302.2645	0.6242241	-48.9719	4.25816	26.692444	-71.40185	-48.971596	0.4	37582991	11057.194470405579
187	-200.29883	-200.29883	5.994379	-48.977413	4.20164	23.804842	-68.81528	-48.976986	0.6	37783985	11116.132399320602
188	-201.97588	-201.97588	7.6561627	-48.959328	4.2435536	25.065258	-68.31616	-48.959152	0.3	37984987	11173.796118497849
189	-228.4725	-228.4725	7.4383473	-48.968098	4.2073956	27.746876	-64.24339	-48.967297	0.2	38185986	11231.628243684769
190	-188.94366	-188.94366	8.362717	-48.953915	4.2673373	32.952766	-77.02851	-48.95354	0.3	38386985	11289.573911190033
191	-230.0967	-230.0967	6.5323086	-48.9438	4.2936416	28.196655	-65.16876	-48.942684	0.4	38587982	11347.237943172455
192	-248.96768	-248.96768	-7.547415	-48.92801	4.366717	34.431644	-67.238045	-48.927788	0.5	38788987	11404.948464632034
193	-235.63866	-235.63866	-17.03273	-48.930298	4.329171	24.094313	-67.821785	-48.929703	0.4	38989986	11462.850363016129
194	-271.70166	-271.70166	-6.332973	-48.9396	4.288348	22.711987	-64.479324	-48.939163	0.7	39190991	11521.281559705734
195	-224.32785	-224.32785	6.877727	-48.937	4.309442	22.368761	-65.153305	-48.936398	0.4	39391991	11579.15011382103
196	-271.63116	-271.63116	-2.9717681	-48.939137	4.3177786	25.418013	-65.256516	-48.93808	0.4	39592991	11637.352405309677
197	-255.03395	-255.03395	-5.8342786	-48.92227	4.354705	40.260124	-67.87571	-48.921745	0.7	39793982	11695.233340024948
198	-272.66333	-272.66333	5.5834394	-48.926075	4.3337903	37.18478	-66.38925	-48.925224	0.3	39994991	11753.338742494583
199	-263.50235	-263.50235	5.33186	-48.920685	4.3336334	28.66396	-64.47079	-48.920647	0.4	40195981	11811.333718776703
200	-259.09674	-259.09674	4.8665285	-48.91379	4.3563128	25.291557	-66.497246	-48.912903	0.6	40396991	11869.457570552826
201	-224.426	-224.426	-12.859943	-48.89492	4.400725	21.197773	-65.562546	-48.89412	0.5	40597989	11927.756994247437
202	-271.37585	-271.37585	-9.483445	-48.900143	4.376221	25.295033	-66.15147	-48.899387	0.6	40798991	11986.0280854702
203	-226.70786	-226.70786	-12.560308	-48.90933	4.3518043	36.341496	-81.72922	-48.908558	0.5	40999991	12043.402326345444
204	-225.55623	-225.55623	-13.96222	-48.88492	4.406889	23.712265	-81.94478	-48.88435	0.5	41200991	12100.93215751648
205	-219.55084	-219.55084	4.2557077	-48.883488	4.433862	25.00235	-66.55298	-48.883034	0.4	41401982	12158.916576623917
206	-172.43954	-172.43954	7.5773926	-48.869278	4.4744663	31.357052	-68.68859	-48.868206	0.2	41602983	12216.33254146576
207	-215.98447	-215.98447	-4.3424697	-48.853325	4.5111585	24.654005	-66.73007	-48.85282	0.2	41803981	12274.281089305878
208	-198.10614	-198.10614	6.898122	-48.852104	4.4862423	24.890186	-67.82731	-48.850903	0.7	42004984	12332.525758981705
209	-226.92499	-226.92499	-7.1801662	-48.855865	4.452771	28.933815	-66.03031	-48.855362	0.3	42205982	12389.904997110367
210	-227.0542	-227.0542	-16.166626	-48.8431	4.5234203	26.312408	-65.226906	-48.84179	0.4	42406982	12447.889664173126
211	-263.32355	-263.32355	6.1678543	-48.846985	4.542309	28.544523	-66.486015	-48.845867	0.3	42607985	12506.0814909935
212	-212.05394	-212.05394	-11.758335	-48.846943	4.5243087	22.310896	-69.15174	-48.84653	0.4	42808982	12563.95511341095
213	-227.70926	-227.70926	9.185271	-48.842583	4.5212507	20.12684	-72.430984	-48.84159	0.4	43009991	12621.668458461761
214	-210.27742	-210.27742	4.6878343	-48.845497	4.524723	34.54279	-71.18096	-48.844845	0.2	43210991	12679.913998126984
215	-204.5088	-204.5088	5.5272017	-48.844116	4.5156145	25.216623	-68.45983	-48.84319	0.3	43411989	12738.576406240463
216	-237.60483	-237.60483	-8.983646	-48.84545	4.519133	23.731697	-64.06148	-48.84496	0.6	43612991	12796.727222681046
217	-208.41264	-208.41264	9.841935	-48.826088	4.5523086	27.636906	-69.315445	-48.825443	0.4	43813981	12855.042065858841
218	-215.81885	-215.81885	3.118978	-48.833168	4.535392	24.76527	-65.931274	-48.832485	0.3	44014991	12912.993822336197
219	-227.02428	-227.02428	7.468718	-48.820374	4.560074	23.271938	-72.88561	-48.819492	0.4	44215985	12970.746465444565
220	-212.86026	-212.86026	9.173989	-48.812714	4.599764	35.864098	-63.88544	-48.8115	0.5	44416981	13028.665406942368
221	-236.1801	-236.1801	-0.037548896	-48.813816	4.585205	23.812485	-67.774536	-48.81298	0.3	44617990	13086.461231946945
222	-194.69545	-194.69545	-15.997775	-48.81108	4.6192737	24.70297	-68.82746	-48.810715	0.3	44818983	13144.437269210815
223	-284.58423	-284.58423	7.916937	-48.817944	4.5967245	27.803019	-62.84531	-48.81656	0.7	45019991	13202.278723716736
224	-281.29797	-281.29797	-28.514544	-48.813034	4.61429	30.6491	-69.73744	-48.81285	0.5	45220990	13260.32345199585
225	-263.70157	-263.70157	-12.5681305	-48.820675	4.5810676	32.38802	-78.423615	-48.81951	0.5	45421981	13318.210973501205
226	-250.02524	-250.02524	7.0247517	-48.8117	4.62978	24.514431	-64.43424	-48.81075	0.5	45622982	13376.310598134995
227	-238.89604	-238.89604	5.334404	-48.826534	4.5737686	21.58029	-72.54248	-48.826195	0.5	45823989	13434.635917186737
228	-233.87338	-233.87338	9.410632	-48.81727	4.591224	27.254799	-65.40487	-48.81676	0.5	46024991	13492.799312353134
229	-253.08224	-253.08224	-4.2845287	-48.80387	4.610038	40.90057	-64.84735	-48.803104	0.5	46225982	13551.343131780624
230	-240.60847	-240.60847	7.946048	-48.806583	4.591107	34.420746	-67.9968	-48.80569	0.5	46426982	13609.723278999329
231	-232.51118	-232.51118	8.893464	-48.789223	4.648623	28.322124	-68.45423	-48.78904	0.2	46627984	13667.717350006104
232	-202.12465	-202.12465	-9.240891	-48.799664	4.6347017	25.3762	-65.07137	-48.79892	0.4	46828991	13725.702607393265
233	-222.38837	-222.38837	-2.0390885	-48.79376	4.61768	35.741684	-73.31226	-48.793198	0.5	47029991	13783.257590055466
234	-182.7226	-182.7226	6.663878	-48.79456	4.6225634	24.431047	-78.16125	-48.793995	0.5	47230982	13840.506945610046
235	-248.45154	-248.45154	-2.4993591	-48.78959	4.6739674	30.512074	-66.37176	-48.78891	0.5	47431991	13898.322093009949
236	-216.29877	-216.29877	5.907468	-48.786446	4.622297	30.253426	-70.09266	-48.7861	0.3	47632991	13955.777704715729
237	-278.8829	-278.8829	-13.366986	-48.777695	4.696176	44.371593	-68.18741	-48.776745	0.5	47833983	14013.500467061996
238	-237.83865	-237.83865	8.064141	-48.787243	4.652019	25.655954	-66.54618	-48.78694	0.4	48034981	14070.762111186981
239	-235.04816	-235.04816	7.2435436	-48.774685	4.6789646	27.393112	-65.437035	-48.77397	0.2	48235984	14128.248250961304
240	-227.38191	-227.38191	3.4488893	-48.772186	4.672505	38.901905	-65.97215	-48.771355	0.7	48436991	14185.935962438583
241	-239.31145	-239.31145	1.936673	-48.777313	4.671193	30.604246	-67.52693	-48.77682	0.6	48637984	14243.529003620148
242	-235.74512	-235.74512	11.446931	-48.77162	4.6755385	28.963934	-65.28161	-48.771194	0.5	48838983	14301.462867736816
243	-240.17606	-240.17606	5.8939257	-48.745964	4.7398586	24.245213	-69.37331	-48.74519	0.5	49039991	14358.99719619751
244	-222.48174	-222.48174	-1.3344375	-48.758972	4.690578	26.733776	-69.716064	-48.758152	0.4	49240982	14416.681478023529
245	-237.87352	-237.87352	6.599173	-48.75518	4.7199154	26.677214	-65.85746	-48.75439	0.7	49441985	14474.935017108917
246	-241.78378	-241.78378	2.7812538	-48.729168	4.7997885	28.526066	-69.576706	-48.72866	0.4	49642989	14533.136092662811
247	-231.44977	-231.44977	-5.9258504	-48.751194	4.7222548	25.618065	-71.39263	-48.750443	0.3	49843984	14590.897556304932
248	-216.75621	-216.75621	6.7958694	-48.744648	4.7135453	26.282217	-74.01428	-48.74359	0.6	50044986	14649.051583766937
249	-225.78635	-225.78635	6.3626585	-48.730038	4.743086	22.36352	-68.91485	-48.729954	0.6	50245984	14707.52148604393
250	-268.57724	-268.57724	6.099359	-48.716705	4.8075614	38.344593	-76.99842	-48.71594	0.4	50446983	14765.596079349518
251	-184.39465	-184.39465	8.695322	-48.7352	4.756774	23.104753	-69.26692	-48.734898	0.6	50647991	14823.808919668198
252	-242.38197	-242.38197	2.663809	-48.71212	4.770863	22.635723	-70.42682	-48.71117	0.3	50848984	14882.205934762955
253	-184.3249	-184.3249	-5.781607	-48.7091	4.794786	31.774712	-64.86032	-48.708355	0.4	51049985	14940.213045597076
254	-202.66727	-202.66727	7.1669507	-48.690044	4.8600016	22.17869	-68.66019	-48.688774	0.5	51250986	14998.014776468277
255	-214.33902	-214.33902	9.101333	-48.680813	4.8895407	22.020517	-68.67276	-48.680065	0.5	51451983	15055.817528486252
256	-243.60902	-243.60902	-18.071651	-48.69238	4.7901483	22.350676	-68.77778	-48.6908	0.4	51652988	15114.124446868896
257	-197.38518	-197.38518	6.0185027	-48.685764	4.8533597	25.994902	-74.54255	-48.684483	0.4	51853986	15171.962719202042
258	-241.22774	-241.22774	11.056222	-48.676384	4.863702	25.620893	-68.371704	-48.67535	0.7	52054991	15230.529913425446
259	-216.12054	-216.12054	7.444498	-48.686108	4.8435993	25.980053	-67.82191	-48.685085	0.3	52255984	15288.802063703537
260	-269.59512	-269.59512	-7.9621487	-48.685738	4.824711	26.972744	-66.239746	-48.68413	0.4	52456991	15346.779593229294
261	-225.43282	-225.43282	8.961069	-48.66898	4.8932467	25.176235	-68.777534	-48.66825	0.4	52657990	15404.922837495804
262	-237.90533	-237.90533	8.396662	-48.667484	4.8789845	39.30685	-67.77273	-48.665035	0.4	52858984	15463.019071817398
263	-254.03053	-254.03053	5.654776	-48.683575	4.849881	34.904736	-67.79247	-48.683678	0.6	53059981	15521.608736276627
264	-232.19185	-232.19185	4.55036	-48.679142	4.8593025	25.882734	-71.86879	-48.676765	0.3	53260986	15579.69733119011
265	-208.25266	-208.25266	8.979148	-48.673523	4.87414	26.45021	-69.18628	-48.6723	0.5	53461982	15637.682966947556
266	-183.24574	-183.24574	6.600176	-48.6832	4.8661036	23.435793	-73.460785	-48.68196	0.2	53662985	15695.311431884766
267	-220.67786	-220.67786	7.7148285	-48.65025	4.9053593	28.453997	-72.03463	-48.648094	0.9	53863981	15753.165193796158
268	-258.5286	-258.5286	6.974683	-48.671417	4.878492	25.530592	-70.32772	-48.670383	0.7	54064981	15810.766705751419
269	-277.44968	-277.44968	8.556969	-48.6738	4.8711267	24.409395	-69.24519	-48.672333	0.5	54265981	15868.440985441208
270	-230.96666	-230.96666	6.9296956	-48.670338	4.915699	35.306553	-69.330055	-48.669052	0.5	54466991	15926.171617984772
271	-218.04485	-218.04485	4.3036537	-48.649734	4.917852	27.001068	-73.65431	-48.648205	0.3	54667981	15983.814260721207
272	-280.8722	-280.8722	6.603717	-48.651657	4.9479156	25.275986	-69.63256	-48.65061	0.4	54868991	16041.706634759903
273	-227.7394	-227.7394	0.56748873	-48.677986	4.8620796	26.35609	-69.08616	-48.67679	0.6	55069985	16099.420486211777
274	-251.50533	-251.50533	10.06869	-48.656334	4.884315	33.15045	-68.246124	-48.655186	0.3	55270983	16157.062445402145
275	-203.48466	-203.48466	8.762639	-48.65083	4.948883	28.160322	-67.57713	-48.64901	0.7	55471982	16214.485206604004
276	-211.92982	-211.92982	7.3480544	-48.6281	5.004264	28.199043	-69.63542	-48.626427	0.5	55672982	16274.689182519913
277	-253.72878	-253.72878	9.16799	-48.625866	5.0077653	29.766489	-69.78839	-48.624092	0.6	55873991	16332.453773021698
278	-218.22878	-218.22878	8.555696	-48.662113	4.8934975	28.233725	-67.86987	-48.661224	0.5	56074981	16390.425204992294
279	-208.63272	-208.63272	6.759741	-48.65314	4.943966	20.892782	-81.97295	-48.65237	0.2	56275991	16448.374792814255
280	-187.56705	-187.56705	8.891425	-48.619495	5.0221667	26.370804	-69.10515	-48.61773	0.6	56476990	16505.853518486023
281	-218.69243	-218.69243	-0.84697574	-48.612118	5.044816	22.47301	-69.10302	-48.610638	0.3	56677986	16564.83629179001
282	-236.46533	-236.46533	5.8472795	-48.607403	5.0365868	31.733145	-69.28437	-48.605858	0.2	56878991	16622.291779756546
283	-217.78821	-217.78821	7.54969	-48.604027	5.040484	26.523134	-67.12106	-48.60211	0.5	57079985	16679.559191703796
284	-241.94185	-241.94185	3.6281042	-48.594597	5.051935	23.639145	-69.69875	-48.593414	0.4	57280984	16737.165939092636
285	-237.31157	-237.31157	7.969684	-48.623386	4.966889	28.469011	-68.9372	-48.622	0.5	57481988	16794.61785721779
286	-282.39847	-282.39847	5.0289645	-48.611393	5.020826	28.033604	-70.996475	-48.610394	0.5	57682991	16851.762053728104
287	-237.13435	-237.13435	6.2523375	-48.60736	5.0262527	29.009695	-67.987946	-48.60578	0.7	57883982	16909.087312698364
288	-198.55107	-198.55107	8.628562	-48.606308	5.0436187	24.94858	-69.134254	-48.605404	0.5	58084987	16966.70031285286
289	-236.9281	-236.9281	11.207276	-48.61264	5.0331388	26.718985	-68.75091	-48.611187	0.5	58285986	17024.43655896187
290	-234.0847	-234.0847	2.5081885	-48.604	5.0363927	22.36834	-75.453476	-48.603065	0.3	58486982	17082.572707653046
291	-190.43623	-190.43623	9.295365	-48.610985	5.0175705	29.44977	-67.714066	-48.609848	0.3	58687984	17140.687690973282
292	-197.84726	-197.84726	10.826988	-48.601795	5.026923	27.539396	-74.99397	-48.600418	0.5	58888987	17198.41663789749
293	-251.0838	-251.0838	7.132658	-48.60775	5.0359	28.23234	-72.61093	-48.60714	0.4	59089991	17256.066688537598
294	-273.87045	-273.87045	6.643341	-48.600548	5.0330105	23.079933	-75.231766	-48.59955	0.7	59290982	17313.7813103199
295	-261.20596	-261.20596	8.638696	-48.605133	5.042587	35.772194	-68.68907	-48.603905	0.5	59491983	17371.13752770424
296	-220.90227	-220.90227	12.118832	-48.587746	5.0731716	28.138338	-68.27356	-48.58724	0.6	59692983	17428.945331573486
297	-163.86809	-163.86809	10.790366	-48.586143	5.0826836	29.371624	-67.51669	-48.584858	0.7	59893983	17486.225843667984
298	-240.75159	-240.75159	6.8184204	-48.591686	5.0760727	23.034332	-70.62814	-48.590767	0.6	60094991	17543.34946846962
299	-231.3544	-231.3544	12.160111	-48.58037	5.071643	26.806005	-70.46247	-48.579422	0.3	60295982	17600.688574790955
300	-196.06778	-196.06778	9.724088	-48.5798	5.10529	26.985113	-69.96865	-48.57928	0.4	60496981	17657.992534399033
301	-258.90994	-258.90994	-1.035064	-48.57285	5.117341	28.348717	-77.01987	-48.571953	0.3	60697986	17714.775732278824
302	-185.38547	-185.38547	8.615639	-48.581863	5.0942435	23.964027	-66.313095	-48.580414	0.5	60898991	17772.609590530396
303	-234.27676	-234.27676	-21.12903	-48.58685	5.0620584	31.990103	-74.027954	-48.585976	0.5	61099983	17829.984630584717
304	-240.66379	-240.66379	12.017298	-48.56153	5.1230526	30.476368	-72.386955	-48.559975	0.6	61300991	17887.518993616104
305	-215.9795	-215.9795	-14.0070915	-48.55145	5.1495023	24.677677	-70.25144	-48.55038	0.6	61501986	17945.187979459763
306	-259.61005	-259.61005	8.234467	-48.556328	5.140208	36.234295	-65.86376	-48.554955	0.5	61702982	18002.825524568558
307	-238.3153	-238.3153	2.6902487	-48.561386	5.0935903	25.75613	-71.40159	-48.560993	0.4	61903983	18060.56131386757
308	-265.90204	-265.90204	10.277207	-48.571266	5.079386	31.75813	-69.43175	-48.569702	0.6	62104984	18117.823464155197
309	-217.51697	-217.51697	5.3203096	-48.552876	5.1646876	22.863018	-68.587074	-48.55109	0.3	62305991	18175.413538455963
310	-198.34273	-198.34273	-1.2270116	-48.55601	5.093913	32.47357	-67.615234	-48.55495	0.4	62506984	18233.280881643295
311	-251.25137	-251.25137	6.8715954	-48.56584	5.1112914	27.055666	-75.49709	-48.564705	0.7	62707981	18291.442059993744
312	-205.92822	-205.92822	8.867563	-48.55307	5.1043286	28.188133	-66.59279	-48.551964	0.7	62908991	18348.7674973011
313	-243.4018	-243.4018	9.8564415	-48.564995	5.092293	37.171947	-67.02789	-48.562378	0.5	63109991	18405.687882184982
314	-185.06396	-185.06396	9.118691	-48.55973	5.097877	29.1873	-72.5285	-48.558666	0.5	63310982	18462.92164850235
315	-252.77798	-252.77798	7.239168	-48.542297	5.1354065	22.177715	-65.84327	-48.541363	0.4	63511988	18520.14126586914
316	-246.2497	-246.2497	11.195979	-48.55134	5.098513	25.423883	-71.9332	-48.54893	0.5	63712991	18577.47239923477
317	-189.38206	-189.38206	-2.9122193	-48.532494	5.1953983	30.886198	-70.31779	-48.53188	0.5	63913991	18635.15020942688
318	-244.92867	-244.92867	7.2565794	-48.539383	5.1656785	24.288778	-69.18002	-48.537663	0.4	64114988	18692.382973909378
319	-230.57211	-230.57211	6.475694	-48.546684	5.129741	36.220894	-67.18719	-48.545162	0.4	64315985	18749.72080540657
320	-219.90108	-219.90108	11.163344	-48.541145	5.12985	24.574123	-80.56098	-48.53991	0.2	64516981	18806.987287044525
321	-215.53264	-215.53264	-2.7940636	-48.54449	5.1452703	38.293095	-85.53214	-48.54374	0.7	64717987	18864.37785243988
322	-231.25462	-231.25462	11.235527	-48.526173	5.177876	24.159946	-80.75403	-48.52359	0.7	64918981	18921.359223604202
323	-273.8193	-273.8193	8.741792	-48.531666	5.184364	24.052357	-72.57185	-48.530365	0.4	65119983	18978.580154895782
324	-226.66046	-226.66046	8.984392	-48.52698	5.1554956	37.056183	-73.711655	-48.5255	0.4	65320988	19035.561332941055
325	-250.72139	-250.72139	8.985607	-48.536003	5.1633368	23.3006	-72.25569	-48.534622	0.5	65521985	19092.83350419998
326	-276.32736	-276.32736	11.52768	-48.53281	5.1806173	26.644394	-71.88114	-48.530697	0.6	65722991	19150.753180742264
327	-235.56932	-235.56932	6.062353	-48.522938	5.191107	22.812468	-71.176834	-48.521595	0.6	65923981	19208.07486629486
328	-247.01263	-247.01263	8.797049	-48.525757	5.1867313	28.895504	-68.53141	-48.52425	0.4	66124984	19265.710216522217
329	-227.66313	-227.66313	7.476614	-48.513256	5.2029	33.256897	-79.067215	-48.511803	0.4	66325985	19323.593808174133
330	-177.07555	-177.07555	10.779375	-48.526657	5.1522255	28.04684	-71.59718	-48.525272	0.5	66526989	19381.19988846779
331	-288.2471	-288.2471	10.671297	-48.49733	5.2396317	26.100304	-71.160675	-48.495975	0.5	66727991	19439.06645011902
332	-262.1675	-262.1675	8.478789	-48.512817	5.2130876	25.029734	-76.39835	-48.510864	0.6	66928983	19497.666516780853
333	-238.21477	-238.21477	-6.7844563	-48.490322	5.2481666	26.352581	-71.7418	-48.4887	0.4	67129991	19555.673433303833
334	-246.81174	-246.81174	9.068162	-48.511845	5.21108	25.45515	-69.002975	-48.509884	0.4	67330991	19613.64749288559
335	-204.65225	-204.65225	2.3942559	-48.507988	5.222232	24.60975	-69.46451	-48.507057	0.3	67531982	19671.774210214615
336	-243.52267	-243.52267	-1.2734213	-48.50815	5.221672	26.619152	-68.50977	-48.50584	0.6	67732991	19729.657039403915
337	-284.43	-284.43	7.6789446	-48.518856	5.2095118	29.442719	-66.94255	-48.51787	0.6	67933991	19787.440121412277
338	-222.56334	-222.56334	8.504661	-48.52261	5.2161875	26.93018	-69.30176	-48.521526	0.6	68134983	19845.320138692856
339	-266.84354	-266.84354	7.393286	-48.514442	5.2017417	29.288317	-70.829765	-48.513382	0.7	68335988	19903.582018375397
340	-221.32288	-221.32288	9.969743	-48.493298	5.231764	28.992851	-71.98134	-48.491344	0.7	68536983	19961.234451293945
341	-163.81316	-163.81316	7.7528577	-48.507103	5.2231526	24.641914	-71.03445	-48.506145	0.1	68737986	20018.846670866013
342	-186.89021	-186.89021	6.272627	-48.5096	5.2024527	26.542223	-74.10858	-48.507145	0.4	68938983	20076.89698600769
343	-175.41434	-175.41434	9.476729	-48.508713	5.236899	39.134323	-68.38961	-48.50709	0.7	69139982	20134.503819942474
344	-228.46611	-228.46611	9.002262	-48.516388	5.1730385	25.9549	-68.02309	-48.513973	0.8	69340991	20192.147829771042
345	-204.95863	-204.95863	8.126113	-48.488075	5.2591863	27.306133	-71.409706	-48.486996	0.2	69541987	20249.796367406845
346	-216.46402	-216.46402	9.704392	-48.49011	5.285314	24.88505	-75.74067	-48.48773	0.5	69742981	20307.54630279541
347	-206.98965	-206.98965	-18.44146	-48.490738	5.2694397	25.903883	-71.431076	-48.488846	0.8	69943984	20365.1389067173
348	-203.7007	-203.7007	8.189993	-48.490383	5.2927437	36.68293	-79.066956	-48.489048	0.7	70144990	20422.728719472885
349	-267.23596	-267.23596	8.180837	-48.50267	5.223658	30.12997	-71.698265	-48.50082	0.4	70345983	20480.504915237427
350	-233.95123	-233.95123	7.176697	-48.48864	5.278206	25.51017	-78.82904	-48.48722	0.5	70546982	20538.277973413467
351	-226.37918	-226.37918	-13.313279	-48.50407	5.237525	37.593616	-73.34178	-48.50254	0.4	70747983	20595.88212108612
352	-188.37456	-188.37456	7.42146	-48.488926	5.2444687	29.315369	-68.21473	-48.48714	0.7	70948984	20653.396775007248
353	-235.90146	-235.90146	1.2144068	-48.47361	5.293744	23.701046	-72.1549	-48.47186	0.7	71149991	20711.588161230087
354	-190.5937	-190.5937	9.993694	-48.492176	5.2188144	33.594044	-69.05213	-48.491024	0.2	71350989	20769.86820459366
355	-214.05405	-214.05405	11.103226	-48.45213	5.341519	53.793907	-72.17495	-48.450947	0.4	71551987	20827.937657356262
356	-260.35153	-260.35153	11.981125	-48.478024	5.3016148	34.9423	-77.30762	-48.4757	0.8	71752991	20886.08041524887
357	-201.77887	-201.77887	11.374474	-48.495045	5.198652	27.61121	-84.983925	-48.493626	0.5	71953984	20944.21773648262
358	-267.26245	-267.26245	8.835093	-48.458504	5.3176193	25.66725	-84.01036	-48.45678	0.8	72154985	21002.450614213943
359	-239.75655	-239.75655	7.535584	-48.467346	5.238742	35.059616	-75.393005	-48.464943	0.3	72355984	21060.482057094574
360	-267.9621	-267.9621	7.082811	-48.470078	5.2986546	24.967705	-81.034386	-48.46887	0.5	72556991	21119.17174553871
361	-212.82881	-212.82881	8.160709	-48.472706	5.254876	27.215105	-70.70263	-48.471832	0.6	72757983	21177.199070453644
362	-267.1483	-267.1483	8.95997	-48.465755	5.2988396	25.472956	-84.69309	-48.463215	0.6	72958983	21235.602140665054
363	-235.18488	-235.18488	8.611016	-48.474815	5.271706	26.481403	-73.86032	-48.473095	0.8	73159986	21293.547853946686
364	-211.58086	-211.58086	8.346795	-48.484898	5.234909	25.631474	-76.42054	-48.483925	0.3	73360991	21351.86622285843
365	-186.88757	-186.88757	-0.72930723	-48.458145	5.3045034	23.509817	-76.21342	-48.457165	0.5	73561991	21410.050884485245
366	-217.57507	-217.57507	8.962445	-48.465622	5.2536507	25.555662	-73.029686	-48.463684	0.3	73762987	21468.044369220734
367	-246.06815	-246.06815	10.337032	-48.48178	5.258461	27.411873	-77.20189	-48.480274	0.3	73963984	21526.300484895706
368	-179.80873	-179.80873	7.968056	-48.47755	5.239831	30.30697	-74.55345	-48.476448	0.5	74164983	21583.67551612854
369	-233.11406	-233.11406	7.05087	-48.465824	5.2956166	30.52658	-74.67748	-48.464096	0.5	74365991	21642.206557273865
370	-232.0602	-232.0602	8.503965	-48.459988	5.2782345	27.76036	-70.76354	-48.458736	0.5	74566981	21700.397650957108
371	-256.32797	-256.32797	10.223865	-48.458927	5.305659	33.644653	-71.57001	-48.456963	0.4	74767981	21758.01453924179
372	-206.0258	-206.0258	8.473286	-48.475563	5.245482	25.479538	-69.95861	-48.474495	0.3	74968982	21816.105749368668
373	-217.15594	-217.15594	10.250181	-48.468563	5.2542367	31.433582	-71.306984	-48.46605	0.5	75169991	21874.930119991302
374	-245.58586	-245.58586	9.442085	-48.458412	5.285869	32.70792	-74.02886	-48.456352	0.5	75370985	21932.785049915314
375	-231.22324	-231.22324	7.314397	-48.464912	5.2763934	28.490513	-74.00972	-48.46321	0.7	75571986	21990.42045879364
376	-200.86574	-200.86574	8.061359	-48.462727	5.332974	26.954254	-70.65509	-48.46121	0.6	75772984	22048.63735818863
377	-231.74722	-231.74722	5.8166614	-48.483692	5.224598	24.04715	-73.288864	-48.4819	0.5	75973987	22107.23920893669
378	-232.68242	-232.68242	9.478342	-48.462112	5.2874093	28.241867	-73.592316	-48.46022	0.6	76174984	22165.480892896652
379	-220.4403	-220.4403	9.506431	-48.432022	5.360377	30.428677	-77.58879	-48.42985	0.5	76375984	22223.84206867218
380	-202.32207	-202.32207	7.723587	-48.45252	5.3257093	43.313374	-70.90605	-48.449615	0.6	76576983	22282.298065185547
381	-221.90623	-221.90623	9.497497	-48.436047	5.35819	26.700886	-72.39676	-48.434647	0.7	76777982	22340.634807109833
382	-231.47728	-231.47728	7.401367	-48.449833	5.3082566	35.43776	-77.63851	-48.44785	0.5	76978982	22399.074818849564
383	-254.39468	-254.39468	-0.20591116	-48.434277	5.378654	34.84748	-74.4767	-48.431736	0.5	77179984	22456.876182317734
384	-193.84691	-193.84691	10.997305	-48.44551	5.3414507	30.239817	-70.53819	-48.443382	0.4	77380986	22514.439955234528
385	-183.59709	-183.59709	5.231423	-48.428326	5.371804	27.275173	-71.07507	-48.42671	0.4	77581982	22572.298944234848
386	-272.30896	-272.30896	9.520128	-48.420273	5.3965096	33.7371	-72.03022	-48.41829	0.8	77782986	22630.599521636963
387	-219.98749	-219.98749	-1.9187955	-48.43208	5.337991	27.650164	-72.62765	-48.43062	0.5	77983983	22688.40340614319
388	-251.19176	-251.19176	7.581941	-48.43192	5.375216	34.433647	-76.66633	-48.431118	0.5	78184982	22746.33654808998
389	-246.40428	-246.40428	9.161031	-48.437668	5.319097	27.54983	-74.3939	-48.43558	0.4	78385984	22804.306258440018
390	-221.77957	-221.77957	11.278312	-48.437794	5.313115	29.697073	-70.83551	-48.43631	0.3	78586982	22862.3853225708
391	-223.28654	-223.28654	9.804797	-48.428123	5.36811	31.347425	-72.5191	-48.427105	0.4	78787989	22920.285120487213
392	-258.48285	-258.48285	9.633297	-48.427128	5.3697634	30.62655	-77.38491	-48.425255	0.2	78988989	22978.338432073593
393	-217.65764	-217.65764	8.782976	-48.42827	5.3865337	36.69475	-74.587	-48.42726	0.5	79189983	23036.550848960876
394	-185.77032	-185.77032	6.1934505	-48.449074	5.3146677	26.466852	-70.90277	-48.447803	0.5	79390983	23094.483176469803
395	-243.58755	-243.58755	10.376021	-48.436127	5.310514	23.32129	-69.64387	-48.43409	0.8	79591986	23152.593498706818
396	-205.14172	-205.14172	12.92683	-48.441845	5.3383307	25.486767	-75.58861	-48.4408	0.7	79792987	23210.502421855927
397	-206.17572	-206.17572	1.0986083	-48.42481	5.3580723	27.441729	-69.45085	-48.422832	0.4	79993984	23269.100600004196
398	-256.16623	-256.16623	9.7054405	-48.42362	5.3492928	30.747066	-69.71582	-48.42173	0.6	80194983	23327.913008213043
399	-231.00902	-231.00902	12.406695	-48.423927	5.351228	29.415615	-71.303406	-48.422146	0.6	80395986	23386.303040981293
400	-229.41183	-229.41183	7.943454	-48.41355	5.378843	32.21872	-79.25452	-48.412483	0.7	80596985	23444.974288225174
401	-211.36308	-211.36308	8.391415	-48.419796	5.3587003	24.83247	-70.97756	-48.41821	0.6	80797982	23503.055474042892
402	-223.911	-223.911	8.984939	-48.40846	5.3910317	28.23026	-71.71859	-48.406414	0.6	80998982	23561.242745876312
403	-183.04034	-183.04034	9.8343725	-48.407055	5.372007	26.434486	-76.74034	-48.405212	0.4	81199986	23619.76758670807
404	-221.66083	-221.66083	3.6098146	-48.408848	5.386295	41.218803	-70.85005	-48.40715	0.4	81400982	23678.169468164444
405	-163.36664	-163.36664	7.833066	-48.41764	5.368558	22.424929	-67.73637	-48.415688	0.4	81601984	23736.287703752518
406	-207.51219	-207.51219	8.594771	-48.41289	5.324322	32.607098	-70.9545	-48.41118	0.4	81802981	23795.61786389351
407	-193.34502	-193.34502	11.532634	-48.40567	5.3447366	28.985512	-68.92154	-48.40402	0.6	82003991	23853.61209177971
408	-150.90036	-150.90036	6.0455203	-48.399837	5.3851423	34.21781	-69.06422	-48.398033	0.4	82204983	23911.527861595154
409	-185.05994	-185.05994	7.8118086	-48.403366	5.3619127	25.598978	-70.62337	-48.40057	0.3	82405990	23969.327563285828
410	-272.1913	-272.1913	9.652281	-48.397537	5.394521	41.8814	-70.368675	-48.3968	0.4	82606987	24026.975638628006
411	-236.83223	-236.83223	9.673476	-48.38058	5.42027	31.754625	-77.26215	-48.378204	0.6	82807981	24085.398917913437
412	-237.24332	-237.24332	10.1734	-48.38681	5.3941064	25.784765	-75.09475	-48.38591	0.6	83008981	24143.590539216995
413	-203.61086	-203.61086	10.232943	-48.366703	5.467781	36.3734	-71.85207	-48.364517	0.3	83209983	24201.71718454361
414	-227.03273	-227.03273	11.676694	-48.363735	5.4762115	27.00806	-74.148575	-48.362404	0.8	83410991	24259.7017018795
415	-255.38136	-255.38136	9.403962	-48.364243	5.4654326	28.495836	-71.868454	-48.361385	0.7	83611983	24318.14345550537
416	-247.5269	-247.5269	7.1879363	-48.376984	5.436783	29.627249	-71.73433	-48.37504	0.3	83812991	24377.2102124691
417	-213.78459	-213.78459	3.1170073	-48.37661	5.4497128	26.05707	-72.52537	-48.373447	0.7	84013991	24435.504201889038
418	-256.66238	-256.66238	1.0017083	-48.370766	5.44483	36.573948	-72.260086	-48.369022	0.7	84214983	24493.906059265137
419	-162.18738	-162.18738	9.687787	-48.36455	5.4689674	44.174843	-79.40038	-48.36234	0.5	84415981	24552.256519556046
420	-238.62334	-238.62334	9.374877	-48.365562	5.445896	27.656021	-69.41521	-48.363937	0.4	84616983	24610.469599723816
421	-206.71254	-206.71254	9.768397	-48.365704	5.4673915	30.873219	-68.26889	-48.363556	0.7	84817988	24668.88453269005
422	-250.6541	-250.6541	8.694589	-48.37483	5.419452	29.189638	-68.379234	-48.372135	0.6	85018990	24727.271374225616
423	-251.18515	-251.18515	7.113599	-48.373493	5.416186	65.803	-71.20641	-48.371758	0.5	85219982	24785.380771160126
424	-236.33824	-236.33824	11.862887	-48.36947	5.4658647	26.62803	-69.825485	-48.367363	0.6	85420983	24843.559655427933
425	-208.41342	-208.41342	9.709054	-48.378166	5.433462	24.671284	-71.35503	-48.376663	0.5	85621991	24901.89898467064
426	-199.96318	-199.96318	8.718848	-48.352417	5.4512744	31.27843	-71.23479	-48.350704	0.5	85822986	24959.87147283554
427	-242.84541	-242.84541	9.5664835	-48.345013	5.4711723	26.744663	-68.442986	-48.343025	0.6	86023988	25018.168533802032
428	-259.35376	-259.35376	11.349316	-48.35617	5.4380355	56.43311	-76.48076	-48.35395	0.6	86224991	25076.38903951645
429	-217.40878	-217.40878	10.686578	-48.35714	5.4553237	48.593914	-71.42597	-48.355392	0.8	86425990	25134.57246541977
430	-213.7586	-213.7586	7.806402	-48.359238	5.442995	27.768751	-75.01187	-48.357155	0.7	86626991	25193.033857584
431	-176.8797	-176.8797	8.5556555	-48.339706	5.4699807	31.557465	-71.50084	-48.336872	0.7	86827991	25251.53699374199
432	-207.86584	-207.86584	0.8407648	-48.337307	5.499278	27.220215	-88.08886	-48.336178	0.6	87028988	25310.010146856308
433	-248.39516	-248.39516	9.61481	-48.32939	5.5240827	24.255077	-80.6027	-48.327385	0.4	87229981	25368.169085264206
434	-178.71645	-178.71645	12.548585	-48.32806	5.5266514	79.905045	-80.616974	-48.326237	0.7	87430982	25426.520352840424
435	-208.25159	-208.25159	9.560271	-48.324635	5.537607	35.858307	-77.087715	-48.3224	0.5	87631982	25485.460050821304
436	-165.84998	-165.84998	7.411981	-48.330276	5.492294	33.663246	-71.027466	-48.328575	0.8	87832983	25544.70139312744
437	-255.83377	-255.83377	8.042037	-48.299076	5.5536213	28.236727	-77.96776	-48.297337	0.6	88033991	25603.335449695587
438	-222.02939	-222.02939	9.270425	-48.325375	5.4829063	25.606445	-78.350494	-48.324135	0.3	88234991	25661.687636375427
439	-196.67381	-196.67381	10.769792	-48.319397	5.5185924	26.114204	-74.848694	-48.316784	0.8	88435983	25719.934369564056
440	-230.89877	-230.89877	7.3311267	-48.3334	5.460594	32.21929	-79.778946	-48.332123	0.6	88636983	25778.02860403061
441	-226.44762	-226.44762	8.43512	-48.329746	5.472074	24.70859	-75.83357	-48.32731	0.4	88837988	25836.427238702774
442	-250.71011	-250.71011	9.70814	-48.32786	5.501364	26.733662	-75.2	-48.325825	0.9	89038986	25894.795169591904
443	-208.67215	-208.67215	7.6639314	-48.318436	5.527827	30.020655	-71.08395	-48.317238	0.3	89239987	25952.787264823914
444	-187.59729	-187.59729	9.152985	-48.31326	5.527458	24.416145	-78.85606	-48.311653	0.6	89440983	26011.11475467682
445	-230.30711	-230.30711	7.265823	-48.295143	5.56853	26.070745	-72.44294	-48.29329	0.7	89641982	26069.484620332718
446	-215.8632	-215.8632	8.644642	-48.30403	5.5220737	26.99703	-74.63295	-48.301517	0.6	89842982	26127.288526535034
447	-234.97537	-234.97537	10.809626	-48.29948	5.5337496	39.525295	-91.66964	-48.29858	0.9	90043986	26185.32212972641
448	-232.57793	-232.57793	9.306751	-48.293987	5.526149	31.202824	-69.38334	-48.29225	0.6	90244984	26243.318467378616
449	-196.31915	-196.31915	7.1458592	-48.27758	5.59474	37.10612	-75.34346	-48.275257	0.5	90445985	26301.551379680634
450	-201.47871	-201.47871	8.930734	-48.297684	5.5324945	26.461	-77.32602	-48.296196	0.6	90646981	26360.164034366608
451	-212.31445	-212.31445	11.12035	-48.30664	5.5284696	31.086258	-71.6062	-48.30459	0.5	90847982	26418.311175584793
452	-214.88939	-214.88939	8.762826	-48.30158	5.5132914	26.032745	-69.321335	-48.299694	0.5	91048985	26476.512254953384
453	-212.85388	-212.85388	4.690547	-48.29448	5.558757	27.873796	-71.445625	-48.293606	0.6	91249982	26535.08392047882
454	-207.85526	-207.85526	8.7025	-48.29065	5.5726805	25.401644	-75.993126	-48.2888	0.8	91450991	26593.016325235367
455	-212.31828	-212.31828	6.361801	-48.284954	5.557179	28.247208	-74.48618	-48.28363	0.5	91651983	26650.92648291588
456	-233.17075	-233.17075	10.021209	-48.28432	5.5880127	29.111765	-73.41492	-48.281822	0.7	91852989	26709.22429251671
457	-220.71988	-220.71988	8.866843	-48.277836	5.537881	28.530602	-73.15421	-48.27678	0.6	92053989	26767.972897529602
458	-233.72623	-233.72623	9.855752	-48.277157	5.558446	23.887373	-71.93801	-48.275826	0.7	92254991	26826.704152584076
459	-168.6956	-168.6956	10.454823	-48.278057	5.565263	27.95922	-71.58509	-48.277157	0.7	92455991	26884.983881235123
460	-218.34926	-218.34926	11.6926155	-48.237442	5.698839	42.885624	-69.508026	-48.23431	0.4	92656981	26943.72100019455
461	-208.69623	-208.69623	6.358309	-48.26692	5.5705714	29.606573	-70.436134	-48.264675	0.7	92857982	27002.0684633255
462	-209.42001	-209.42001	8.31794	-48.24862	5.625228	24.89241	-83.40928	-48.24736	0.6	93058991	27060.57645559311
463	-155.53723	-155.53723	9.216765	-48.257824	5.62554	27.741066	-73.02894	-48.256935	0.7	93259983	27118.474489927292
464	-232.26924	-232.26924	10.949378	-48.268604	5.5894756	27.274153	-73.552025	-48.26585	0.5	93460985	27176.347009420395
465	-238.6446	-238.6446	8.779263	-48.272144	5.57419	25.476381	-72.18856	-48.271152	0.5	93661981	27234.611287117004
466	-206.10396	-206.10396	10.210741	-48.26656	5.57564	28.926731	-77.72135	-48.264957	0.8	93862984	27292.566570043564
467	-187.39328	-187.39328	10.223517	-48.26952	5.5885406	26.469475	-67.86811	-48.26784	0.7	94063982	27350.46773982048
468	-167.16595	-167.16595	9.925756	-48.278862	5.5663815	24.750732	-76.73381	-48.276653	0.8	94264986	27408.922487974167
469	-222.94931	-222.94931	10.248031	-48.264343	5.5861073	34.84389	-74.42543	-48.263523	0.9	94465991	27467.066856861115
470	-247.08006	-247.08006	11.428659	-48.250397	5.6017284	28.967545	-73.05048	-48.24915	0.6	94666982	27526.024438381195
471	-168.48108	-168.48108	4.163683	-48.230366	5.6385584	30.585716	-72.79441	-48.22864	0.8	94867991	27584.354728460312
472	-209.84091	-209.84091	11.853137	-48.23596	5.6574764	29.371473	-69.38393	-48.233837	0.5	95068988	27642.76591706276
473	-225.91118	-225.91118	9.601569	-48.243168	5.6294804	29.331211	-72.23303	-48.24242	0.6	95269991	27701.19501709938
474	-226.42706	-226.42706	9.911214	-48.22673	5.644612	28.32378	-76.57036	-48.225	0.4	95470991	27759.52548646927
475	-189.30328	-189.30328	7.0574446	-48.241898	5.644932	31.061083	-77.799736	-48.239403	0.8	95671982	27817.88379263878
476	-201.63551	-201.63551	8.082453	-48.245613	5.612912	42.967503	-76.55491	-48.24366	0.6	95872981	27876.151435613632
477	-210.97528	-210.97528	11.639621	-48.24971	5.632663	39.713097	-70.620575	-48.248028	0.9	96073990	27934.451003074646
478	-190.89253	-190.89253	9.936604	-48.23865	5.649486	64.495926	-71.452034	-48.23684	0.8	96274983	27992.735595464706
479	-189.43367	-189.43367	8.42757	-48.229504	5.6586103	34.21324	-82.42415	-48.228416	0.2	96475981	28051.441734790802
480	-227.32315	-227.32315	3.6212754	-48.24911	5.635852	39.508884	-74.049446	-48.246613	0.4	96676982	28109.81981897354
481	-250.65627	-250.65627	6.3660474	-48.230606	5.641591	42.356544	-70.235146	-48.22877	0.2	96877988	28168.47164440155
482	-163.27914	-163.27914	5.2349133	-48.229725	5.6739907	36.333412	-75.576645	-48.228687	0.5	97078981	28227.314447164536
483	-223.40741	-223.40741	10.66771	-48.241997	5.6023374	32.95919	-70.719086	-48.238503	0.6	97279990	28285.686244010925
484	-176.85623	-176.85623	10.194741	-48.24573	5.6128597	34.137833	-71.81144	-48.24483	0.5	97480982	28343.44405221939
485	-174.03702	-174.03702	11.108267	-48.211945	5.6733027	30.513641	-75.41475	-48.21069	0.5	97681987	28401.685930013657
486	-206.6427	-206.6427	3.5051599	-48.185757	5.732889	30.467125	-74.99761	-48.184055	0.8	97882982	28460.02600169182
487	-195.48004	-195.48004	3.9940536	-48.21494	5.6992784	28.958849	-72.16739	-48.21413	0.7	98083985	28518.119156837463
488	-202.47363	-202.47363	-6.965868	-48.207577	5.7207594	30.133018	-70.541145	-48.20529	0.8	98284983	28576.66930794716
489	-172.61844	-172.61844	8.555484	-48.18443	5.737893	28.782839	-71.49676	-48.183907	0.5	98485984	28635.253838300705
490	-258.48837	-258.48837	8.755912	-48.1927	5.7264414	34.24927	-73.62014	-48.19178	0.5	98686985	28693.431136131287
491	-190.24551	-190.24551	7.9871826	-48.17836	5.7221622	23.536903	-78.297935	-48.175983	0.5	98887981	28751.65783071518
492	-239.67549	-239.67549	13.258801	-48.196556	5.718858	29.243963	-71.9836	-48.19448	0.6	99088982	28810.158304929733
493	-260.1374	-260.1374	13.142136	-48.185085	5.733117	30.040453	-71.79033	-48.183926	0.6	99289991	28868.998348236084
494	-262.29376	-262.29376	4.1258197	-48.192787	5.70945	32.027386	-68.98802	-48.191353	0.4	99490982	28927.2026617527
495	-162.20677	-162.20677	1.4450927	-48.206104	5.6858582	40.469837	-73.90771	-48.20496	0.9	99691987	28985.58096718788
496	-224.99872	-224.99872	6.262695	-48.192722	5.732806	32.341045	-74.65966	-48.190464	0.9	99892991	29043.942005634308
497	-220.24916	-220.24916	9.05814	-48.197212	5.7043524	25.958801	-74.76019	-48.196667	0.7	100093983	29102.71476316452
498	-209.14972	-209.14972	8.907836	-48.193462	5.6875095	33.941624	-75.30375	-48.191956	0.7	100294985	29160.79366517067
499	-223.18135	-223.18135	11.172271	-48.189083	5.7155886	46.430378	-80.00467	-48.188725	0.4	100495991	29218.74055624008
