Epoch	EpRet	EpRealRet	TestEpRet	AverageQ1	StdQ1	MaxQ1	MinQ1	Q2	TestSuccess	TotalEnvInteracts	TotalTime
0	-91.6479	-91.6479	-191.3208	-39.77624	13.519043	0.04036397	-57.516308	-39.77529	0.0	196988	112.6052258014679
1	-119.41609	-119.41609	-108.42131	-49.89469	1.1680908	-12.055393	-55.644207	-49.896095	0.0	397991	223.78251695632935
2	-85.67487	-85.67487	-53.5865	-49.884468	1.8359591	-0.24981645	-53.99943	-49.88677	0.0	598988	337.2707154750824
3	-76.66341	-76.66341	-79.31884	-49.89655	1.6876976	4.6738153	-52.9338	-49.897522	0.0	799985	451.62130904197693
4	-75.20427	-75.20427	-113.515724	-49.80161	2.1759198	5.6850557	-53.150772	-49.802036	0.0	1000991	559.8511009216309
5	-91.82899	-91.82899	-62.757385	-49.66431	2.6381853	4.6978383	-54.55469	-49.663048	0.0	1201991	664.9769480228424
6	-97.6933	-97.6933	-93.0891	-49.554764	3.279673	6.268051	-55.656406	-49.554775	0.1	1402982	780.5421612262726
7	-87.373924	-87.373924	-104.244255	-49.43535	3.793763	6.8353534	-54.7896	-49.433945	0.0	1603982	897.649097442627
8	-90.662674	-90.662674	-19.008787	-49.392925	4.237796	11.724983	-56.354916	-49.391693	0.1	1804991	1007.5164437294006
9	-124.46841	-124.46841	-73.008125	-49.399906	4.4130306	7.731764	-56.073704	-49.399925	0.0	2005991	1118.1031725406647
10	-95.13045	-95.13045	-88.02546	-49.391254	4.4419146	11.550301	-54.102345	-49.390953	0.1	2206982	1227.7415449619293
11	-96.725334	-96.725334	-127.90996	-49.405197	4.2723713	7.9488206	-54.12896	-49.40405	0.1	2407985	1347.4823229312897
12	-81.24476	-81.24476	-56.55936	-49.403706	4.138907	13.540659	-54.177044	-49.40208	0.1	2608990	1459.44700050354
13	-69.84662	-69.84662	-65.669685	-49.39088	4.186873	15.372346	-55.389034	-49.38971	0.2	2809984	1566.33642911911
14	-87.7508	-87.7508	-79.72242	-49.386707	4.199612	9.660393	-55.597137	-49.385593	0.0	3010991	1681.1538245677948
15	-77.35355	-77.35355	-72.92416	-49.38173	4.195849	12.837534	-55.873966	-49.38008	0.2	3211991	1797.6970245838165
16	-74.97406	-74.97406	-16.688698	-49.303555	4.3594236	10.197367	-54.59868	-49.30168	0.1	3412991	1914.2830929756165
17	-81.40614	-81.40614	-52.06642	-49.345913	3.9900563	11.311824	-54.881332	-49.34471	0.2	3613991	2035.2060849666595
18	-81.18146	-81.18146	-22.998594	-49.40165	3.8087928	8.450075	-58.22767	-49.401264	0.1	3814981	2154.6038858890533
19	-99.856514	-99.856514	-30.331762	-49.40392	3.839673	7.850001	-56.019623	-49.404366	0.0	4015991	2278.324277162552
20	-88.6636	-88.6636	-45.23352	-49.40446	4.035217	10.391951	-56.37935	-49.40544	0.1	4216981	2387.295826435089
21	-78.27438	-78.27438	-74.11264	-49.395393	4.2728443	10.679882	-54.82794	-49.397568	0.2	4417986	2501.064841747284
22	-69.55671	-69.55671	-90.47818	-49.377026	4.4550176	15.791688	-55.539364	-49.37887	0.2	4618987	2620.9754481315613
23	-65.95672	-65.95672	-58.291115	-49.36366	4.545117	13.973005	-56.189423	-49.36544	0.1	4819981	2731.1101269721985
24	-80.41674	-80.41674	-50.964745	-49.360455	4.6361246	17.558517	-54.78054	-49.362633	0.1	5020991	2848.162096977234
25	-67.34135	-67.34135	-62.440952	-49.384872	4.5904074	20.189142	-58.43019	-49.386505	0.0	5221988	2961.0974435806274
26	-76.435814	-76.435814	-16.111265	-49.35486	4.7277093	20.8495	-56.126682	-49.355072	0.2	5422991	3074.22230386734
27	-50.961708	-50.961708	-19.509768	-49.35868	4.604476	20.167862	-55.770546	-49.35835	0.3	5623991	3186.2061364650726
28	-57.314205	-57.314205	-46.57225	-49.32355	4.7329183	20.900743	-56.09144	-49.321953	0.1	5824983	3310.8572900295258
29	-46.993805	-46.993805	-45.24258	-49.308537	4.7640142	21.295948	-55.56798	-49.306797	0.0	6025986	3422.6162338256836
30	-48.41061	-48.41061	-51.684315	-49.295563	4.7875338	18.898102	-55.7841	-49.293644	0.1	6226991	3533.465089559555
31	-62.95415	-62.95415	-39.767853	-49.282936	4.695551	19.112383	-55.01835	-49.281002	0.0	6427982	3648.052694797516
32	-41.631855	-41.631855	-25.392698	-49.25523	4.7995358	20.829851	-54.141846	-49.253746	0.1	6628983	3762.6302556991577
33	-47.4292	-47.4292	-30.07514	-49.251	4.8348913	19.821972	-54.151268	-49.24925	0.0	6829988	3877.2526664733887
34	-47.8083	-47.8083	-30.407171	-49.248135	4.79449	22.316698	-56.194485	-49.246864	0.0	7030981	3993.796759366989
35	-61.355473	-61.355473	-37.78006	-49.245724	4.7501664	19.396807	-54.647575	-49.243645	0.1	7231984	4099.417033672333
36	-61.25523	-61.25523	-54.045433	-49.237453	4.7434864	17.992487	-55.39633	-49.236813	0.0	7432991	4216.619953870773
37	-54.58792	-54.58792	-79.03966	-49.212345	4.8092623	29.566767	-55.383003	-49.21059	0.1	7633985	4329.3416159152985
38	-49.731792	-49.731792	-29.395079	-49.195415	4.785354	23.454737	-55.395123	-49.19417	0.3	7834984	4445.127580881119
39	-62.819557	-62.819557	-42.67324	-49.173206	4.9170294	24.455101	-60.141594	-49.172325	0.2	8035985	4554.915126085281
40	-46.027794	-46.027794	-30.231844	-49.14268	4.9921813	22.26548	-57.763668	-49.141163	0.0	8236981	4674.658594608307
41	-50.641857	-50.641857	-33.815838	-49.139675	4.996183	28.292562	-56.795097	-49.138615	0.3	8437982	4787.012275218964
42	-58.0125	-58.0125	-24.82524	-49.116566	5.033836	20.712208	-55.916725	-49.11626	0.2	8638989	4899.782823562622
43	-60.860462	-60.860462	-34.7174	-49.097313	5.1457257	19.327433	-56.340553	-49.0961	0.1	8839984	5011.980437040329
44	-54.380028	-54.380028	-48.71851	-49.073566	5.1607814	23.022768	-56.0739	-49.073273	0.3	9040981	5118.28330373764
45	-59.77739	-59.77739	-17.523592	-49.09623	5.076177	24.591623	-58.29873	-49.0957	0.2	9241989	5231.654884815216
46	-42.505768	-42.505768	-13.715636	-49.089035	5.0788054	25.306252	-57.886078	-49.088215	0.1	9442983	5344.775654792786
47	-61.175644	-61.175644	-30.560509	-49.071342	5.0732107	24.42729	-56.91451	-49.070988	0.1	9643981	5457.161846876144
48	-31.899511	-31.899511	-48.53927	-49.037	5.1790886	22.015163	-58.191177	-49.036987	0.0	9844981	5571.031133174896
49	-56.313526	-56.313526	-8.914164	-49.05903	5.0923357	22.01425	-57.535954	-49.05854	0.2	10045991	5691.62718629837
50	-47.437355	-47.437355	-7.9731293	-49.03115	5.203535	22.69588	-57.25594	-49.030914	0.3	10246989	5808.289583206177
51	-59.062748	-59.062748	-18.694365	-49.034237	5.2323923	21.80258	-57.723907	-49.034714	0.1	10447990	5922.57643699646
52	-52.324413	-52.324413	-33.619514	-49.049084	5.178432	25.463165	-59.1522	-49.050007	0.1	10648982	6036.9711129665375
53	-65.41135	-65.41135	-49.36422	-49.024994	5.2193317	34.94984	-58.197105	-49.02577	0.3	10849991	6144.7012155056
54	-42.32813	-42.32813	-64.86492	-49.013775	5.221874	22.150223	-58.915993	-49.014874	0.0	11050985	6250.553246974945
55	-42.74001	-42.74001	-5.7969804	-49.00383	5.254069	26.253582	-59.332077	-49.003857	0.1	11251986	6364.040399551392
56	-44.308292	-44.308292	-24.916107	-48.9842	5.3469605	28.691313	-57.531376	-48.98443	0.0	11452981	6470.5931606292725
57	-56.39113	-56.39113	-4.79088	-48.983128	5.29314	29.166504	-57.486195	-48.98298	0.1	11653988	6588.884642601013
58	-53.150757	-53.150757	-35.10641	-48.965267	5.375542	23.873308	-57.456146	-48.965813	0.0	11854982	6696.608410835266
59	-67.66365	-67.66365	-51.21931	-48.970707	5.424307	20.31619	-58.443592	-48.970943	0.2	12055987	6806.993566989899
60	-52.183617	-52.183617	-24.642656	-48.978737	5.4261456	32.160168	-57.92739	-48.979626	0.2	12256981	6920.224587917328
61	-49.25167	-49.25167	-52.700096	-48.9953	5.357757	34.304745	-58.12818	-48.99649	0.1	12457989	7031.079134941101
62	-41.6145	-41.6145	-34.85548	-48.941193	5.4974937	23.038877	-58.741295	-48.942066	0.4	12658982	7141.6708652973175
63	-46.38831	-46.38831	-34.914272	-48.95111	5.4504614	26.096937	-59.95869	-48.953377	0.1	12859991	7265.385750055313
64	-44.005512	-44.005512	-29.44491	-48.937973	5.442376	24.580656	-58.62977	-48.93922	0.2	13060981	7381.973014831543
65	-42.315845	-42.315845	-39.01802	-48.910164	5.5571103	29.537258	-57.678997	-48.911705	0.4	13261984	7500.903358459473
66	-59.782883	-59.782883	-11.445725	-48.893517	5.6334815	26.75687	-57.018574	-48.89522	0.1	13462991	7606.365034341812
67	-51.316147	-51.316147	-19.161703	-48.90539	5.62331	33.320026	-56.88544	-48.9071	0.3	13663981	7725.55061006546
68	-34.821163	-34.821163	-39.125637	-48.863964	5.7689548	27.548607	-56.597233	-48.865486	0.3	13864984	7840.788939714432
69	-45.710777	-45.710777	-21.389711	-48.854816	5.828435	34.51626	-56.364193	-48.856583	0.1	14065989	7947.006824970245
70	-52.927994	-52.927994	-4.852884	-48.836704	5.825219	27.129877	-55.680416	-48.83915	0.1	14266982	8059.231281757355
71	-38.636787	-38.636787	-11.705243	-48.82762	5.882722	29.216412	-56.560455	-48.829746	0.1	14467982	8177.7714211940765
72	-48.262028	-48.262028	-61.811024	-48.791206	5.981253	32.258972	-55.472965	-48.791985	0.2	14668991	8289.219002962112
73	-39.407623	-39.407623	-33.061787	-48.79343	5.979997	39.065742	-55.779827	-48.794987	0.2	14869982	8399.627815008163
74	-62.104683	-62.104683	-37.541256	-48.766285	6.0686884	28.618763	-55.34373	-48.76756	0.2	15070982	8511.758443117142
75	-35.883095	-35.883095	-16.290144	-48.782387	6.0241456	28.436834	-55.35889	-48.784607	0.2	15271984	8619.146392583847
76	-41.950317	-41.950317	-92.94883	-48.77222	6.0534434	29.57254	-56.188133	-48.77313	0.3	15472983	8729.582533836365
77	-51.45635	-51.45635	-36.941525	-48.759914	6.1390505	27.054863	-55.363274	-48.76102	0.2	15673986	8838.13678741455
78	-61.373295	-61.373295	-28.544243	-48.747066	6.2018185	35.748245	-54.53574	-48.748135	0.4	15874988	8954.99322104454
79	-52.743507	-52.743507	-14.405727	-48.76072	6.1913137	33.069706	-54.415447	-48.762196	0.4	16075981	9061.059804916382
80	-53.943966	-53.943966	-23.26288	-48.75175	6.2312965	25.761215	-54.183537	-48.752613	0.4	16276983	9170.829342842102
81	-52.2187	-52.2187	-45.792923	-48.717293	6.3375154	38.482815	-54.488735	-48.717194	0.2	16477984	9275.001073122025
82	-43.94364	-43.94364	-11.338303	-48.73871	6.2723837	35.587208	-54.794	-48.739212	0.3	16678984	9383.055446386337
83	-31.079023	-31.079023	-52.60012	-48.72836	6.3043065	27.927963	-54.270626	-48.728027	0.1	16879983	9500.473088502884
84	-70.36507	-70.36507	-17.756926	-48.71431	6.359451	41.122936	-54.55262	-48.714832	0.1	17080991	9616.015709161758
85	-23.981455	-23.981455	-24.498152	-48.71566	6.368095	31.854023	-54.2273	-48.715927	0.3	17281982	9724.097333192825
86	-36.193897	-36.193897	-37.643204	-48.68756	6.432919	33.528343	-54.33906	-48.688244	0.3	17482981	9841.942247152328
87	-40.226345	-40.226345	-19.363283	-48.676144	6.431656	40.38282	-53.803917	-48.67602	0.3	17683982	9954.57265663147
88	-31.17088	-31.17088	-58.64957	-48.64561	6.5240955	46.720562	-54.28499	-48.645702	0.2	17884981	10064.999695539474
89	-78.552025	-78.552025	-24.360168	-48.636177	6.562554	35.999443	-54.302116	-48.63653	0.4	18085991	10183.478661060333
90	-17.977764	-17.977764	-22.510695	-48.641003	6.528778	32.86679	-53.93048	-48.641106	0.5	18286981	10298.400931835175
91	-54.282787	-54.282787	-33.786343	-48.617554	6.591296	37.470936	-56.552986	-48.61819	0.3	18487983	10410.059091567993
92	-29.030483	-29.030483	-8.150223	-48.61338	6.5745673	42.887115	-54.320137	-48.61267	0.6	18688982	10522.762626886368
93	-47.887386	-47.887386	-14.179737	-48.597275	6.6348834	35.502903	-55.010387	-48.59695	0.2	18889988	10641.260509967804
94	-39.409058	-39.409058	-31.267195	-48.57804	6.71529	42.837727	-55.565895	-48.577667	0.1	19090983	10755.497244119644
95	-28.41916	-28.41916	-26.273523	-48.543194	6.7253513	45.631565	-56.753986	-48.542744	0.3	19291982	10866.751276016235
96	-24.864292	-24.864292	-1.4241103	-48.530922	6.7638254	35.335762	-54.922787	-48.531208	0.3	19492982	10987.721991300583
97	-43.542862	-43.542862	-45.664074	-48.519653	6.806591	35.718254	-55.618034	-48.519897	0.4	19693991	11095.142712831497
98	-64.02103	-64.02103	-39.542732	-48.511353	6.8266563	37.444187	-56.925495	-48.511467	0.4	19894989	11202.778168201447
99	-49.771908	-49.771908	-24.870552	-48.498585	6.8819246	38.365044	-54.84294	-48.49909	0.3	20095985	11318.498340845108
100	-52.80362	-52.80362	-10.006946	-48.511517	6.9170494	36.365265	-54.563675	-48.51138	0.6	20296981	11426.271406412125
101	-42.447853	-42.447853	-10.571815	-48.520435	6.8536716	33.393097	-54.491676	-48.52058	0.4	20497981	11547.789752721786
102	-46.552563	-46.552563	-20.428633	-48.497597	6.9276366	37.97709	-55.442993	-48.496883	0.5	20698991	11658.414041280746
103	-17.74644	-17.74644	-18.664225	-48.492207	6.907749	38.493122	-55.174545	-48.492676	0.5	20899982	11766.64262509346
104	-65.521835	-65.521835	-14.316034	-48.472202	6.9394193	37.753956	-54.862522	-48.471478	0.2	21100988	11892.145050048828
105	-13.424194	-13.424194	-20.87207	-48.45715	6.956965	43.168663	-54.684265	-48.45662	0.3	21301981	12001.807599067688
106	-31.882526	-31.882526	-18.705654	-48.44177	6.935709	36.234432	-55.369057	-48.442234	0.3	21502985	12122.396336317062
107	-41.755505	-41.755505	-17.70787	-48.391552	7.0581584	40.499866	-55.687748	-48.391003	0.4	21703991	12231.661259412766
108	-41.930542	-41.930542	-4.645165	-48.38862	7.071368	33.021397	-55.54435	-48.3883	0.5	21904981	12343.04889035225
109	-13.813102	-13.813102	-10.5131235	-48.381516	7.088274	33.60205	-56.146687	-48.380936	0.3	22105989	12457.094433307648
110	-37.889225	-37.889225	-9.393374	-48.386635	7.062118	42.060883	-55.903603	-48.38665	0.3	22306983	12569.297542333603
111	-54.38749	-54.38749	-11.767843	-48.36095	7.1137176	61.71196	-56.30732	-48.359795	0.8	22507990	12677.225897789001
112	-29.957651	-29.957651	-71.719795	-48.330006	7.1321745	36.499424	-55.366016	-48.330414	0.1	22708981	12788.531055927277
113	-18.458378	-18.458378	-3.2022285	-48.313427	7.1459475	36.61676	-55.4014	-48.312668	0.4	22909985	12901.082738399506
114	-60.40574	-60.40574	-23.147636	-48.28986	7.1791635	47.8887	-55.523087	-48.288094	0.5	23110991	13015.653754234314
115	-32.06555	-32.06555	-7.9294357	-48.298447	7.165404	44.83958	-55.88244	-48.299126	0.4	23311991	13125.022845029831
116	-39.470924	-39.470924	-6.891675	-48.264786	7.21197	46.803123	-55.82869	-48.263065	0.3	23512981	13238.647567272186
117	-2.1507325	-2.1507325	-7.803067	-48.245876	7.2120047	35.139874	-58.37323	-48.244987	0.2	23713981	13352.36784696579
118	-31.289967	-31.289967	-42.40528	-48.228333	7.2547026	36.28639	-56.185154	-48.2271	0.4	23914982	13463.021244049072
119	-43.37918	-43.37918	-3.1527648	-48.183743	7.31709	46.24625	-55.962376	-48.18398	0.2	24115985	13574.337040662766
120	-23.549793	-23.549793	-9.178789	-48.162884	7.347739	46.601387	-57.430965	-48.16183	0.6	24316981	13687.308029174805
121	-41.94568	-41.94568	-13.485489	-48.143005	7.3984084	58.96739	-56.348404	-48.143955	0.1	24517988	13805.863891839981
122	-34.240406	-34.240406	-21.331268	-48.154118	7.362559	35.4654	-57.70561	-48.1545	0.4	24718981	13921.132272005081
123	-46.21402	-46.21402	-14.875657	-48.126446	7.427665	34.17739	-57.557842	-48.125828	0.5	24919991	14033.4381878376
124	-16.848175	-16.848175	-2.793417	-48.12856	7.3874373	38.204155	-57.059666	-48.12803	0.4	25120982	14149.940509796143
125	-27.610004	-27.610004	-43.899628	-48.068356	7.511665	46.316868	-57.256023	-48.069447	0.4	25321991	14261.692007780075
126	-22.662983	-22.662983	-5.9699383	-48.047905	7.515582	40.396217	-58.263134	-48.047527	0.6	25522983	14379.76283788681
127	-22.243742	-22.243742	-3.472699	-48.059505	7.5015683	51.60039	-58.925533	-48.05939	0.6	25723982	14488.482941865921
128	-30.102114	-30.102114	-29.022472	-48.06122	7.4621634	50.332035	-57.275356	-48.059795	0.2	25924991	14605.077263116837
129	-33.915474	-33.915474	-5.5796046	-48.039345	7.511646	39.09525	-57.69572	-48.039967	0.3	26125981	14716.27461028099
130	-30.968328	-30.968328	-2.2179725	-48.01771	7.560693	35.038837	-58.360535	-48.017788	0.4	26326981	14830.712926864624
131	-36.1293	-36.1293	-2.1178787	-47.990547	7.6033206	35.165863	-58.196568	-47.989788	0.4	26527984	14943.08915066719
132	-34.73752	-34.73752	-21.436663	-47.985897	7.642142	34.837963	-59.528088	-47.985363	0.3	26728981	15062.688734292984
133	-46.49639	-46.49639	-13.705868	-48.011562	7.524222	43.1741	-57.93447	-48.01073	0.3	26929985	15176.955110311508
134	-20.444872	-20.444872	-4.644516	-47.99774	7.567138	50.4139	-57.70155	-47.998096	0.4	27130985	15282.311599969864
135	-27.856274	-27.856274	-7.510182	-47.957558	7.6128564	36.386303	-58.398613	-47.956497	0.4	27331986	15393.19590997696
136	-17.891888	-17.891888	-16.560532	-47.97155	7.5759635	52.66351	-58.045147	-47.97058	0.3	27532982	15508.100311279297
137	-20.885803	-20.885803	-1.160647	-47.92434	7.683614	36.62668	-60.02716	-47.924133	0.5	27733983	15619.238977909088
138	-19.481297	-19.481297	-24.310595	-47.918232	7.6922426	35.83404	-58.27086	-47.91873	0.6	27934981	15727.773106098175
139	-38.473907	-38.473907	-27.36435	-47.90779	7.685354	35.26587	-59.72069	-47.907486	0.3	28135982	15845.276826143265
140	-44.371815	-44.371815	-2.4897487	-47.873596	7.749083	33.567547	-58.409184	-47.87366	0.4	28336991	15957.181515693665
141	-37.376434	-37.376434	-23.473396	-47.882454	7.7718654	41.640106	-57.74107	-47.882824	0.2	28537988	16075.134863138199
142	-17.377872	-17.377872	-10.583016	-47.863747	7.745955	38.469666	-57.738235	-47.863228	0.4	28738991	16182.276180267334
143	-7.548132	-7.548132	-21.398201	-47.83133	7.793939	37.655994	-57.624626	-47.830822	0.5	28939981	16295.44057917595
144	-26.116993	-26.116993	-3.9248452	-47.8305	7.7775517	37.201435	-57.92461	-47.8303	0.4	29140981	16403.56276321411
145	-19.450573	-19.450573	-2.2101002	-47.81172	7.8077307	40.830658	-59.689735	-47.811962	0.6	29341984	16516.381741285324
146	-30.37535	-30.37535	-4.062743	-47.78059	7.8309703	47.629272	-58.147636	-47.782288	0.5	29542983	16631.560884952545
147	-34.213356	-34.213356	-8.968338	-47.786045	7.8219347	41.279064	-57.699512	-47.78517	0.2	29743983	16739.790086984634
148	-35.401695	-35.401695	-13.647684	-47.761547	7.869469	31.907852	-58.94459	-47.763638	0.2	29944990	16860.0256690979
149	-12.858966	-12.858966	-4.773995	-47.74766	7.873368	37.72914	-57.354843	-47.75016	0.5	30145984	16968.295519590378
150	-12.14909	-12.14909	-11.117608	-47.74633	7.8584876	58.611774	-58.8941	-47.747917	0.4	30346981	17088.592000961304
151	-33.628998	-33.628998	-4.086193	-47.693417	7.945291	40.51321	-58.157867	-47.69488	0.4	30547982	17197.720012664795
152	-21.73269	-21.73269	-8.578353	-47.71726	7.884203	40.058376	-59.81875	-47.717674	0.4	30748984	17312.778072595596
153	-21.356167	-21.356167	-1.7152665	-47.672646	7.9123616	41.1047	-58.064545	-47.676487	0.5	30949981	17432.628136873245
154	-36.575924	-36.575924	-7.042383	-47.638336	8.005777	44.331947	-58.820553	-47.639645	0.3	31150986	17547.364858865738
155	-15.737432	-15.737432	-16.436722	-47.6575	7.938526	138.39487	-58.70789	-47.65829	0.5	31351991	17659.818281412125
156	-38.65914	-38.65914	-10.427405	-47.6076	8.009099	111.267624	-59.268295	-47.61077	0.6	31552982	17777.488318920135
157	-22.37615	-22.37615	-29.732508	-47.602848	7.985755	44.853233	-60.155613	-47.604645	0.3	31753985	17886.493159532547
158	-31.820505	-31.820505	-1.7231423	-47.567493	7.9910617	42.479954	-60.651405	-47.5701	0.3	31954984	17990.714126348495
159	-19.981606	-19.981606	-14.735493	-47.515358	8.0864525	56.240494	-58.923473	-47.515743	0.3	32155990	18106.268383026123
160	-34.997738	-34.997738	-3.0126023	-47.513935	8.065961	48.823246	-59.195473	-47.51607	0.4	32356990	18219.72083568573
161	-47.04009	-47.04009	-5.698572	-47.53793	8.035818	40.791965	-57.96995	-47.53935	0.4	32557983	18331.426003932953
162	-30.636892	-30.636892	-4.2780175	-47.526756	7.9925466	36.841694	-59.784264	-47.528454	0.5	32758983	18439.678168058395
163	-31.900799	-31.900799	-4.0435176	-47.467564	8.065945	32.726273	-58.44774	-47.469814	0.5	32959987	18556.59729409218
164	-18.756804	-18.756804	-1.3594534	-47.47482	8.04742	41.943882	-59.045753	-47.476162	0.2	33160981	18671.233939886093
165	-40.52615	-40.52615	-25.901934	-47.413536	8.20865	33.754395	-58.892113	-47.417183	0.2	33361984	18791.9708878994
166	-35.63418	-35.63418	-2.0819452	-47.458775	8.085092	40.018578	-60.58309	-47.460243	0.5	33562981	18899.057552814484
167	-15.553725	-15.553725	-10.514213	-47.432	8.090397	34.772297	-60.603462	-47.4363	0.5	33763991	19006.728110074997
168	-2.0550141	-2.0550141	-15.955257	-47.35831	8.183378	42.9418	-61.63626	-47.359497	0.6	33964981	19120.317135334015
169	-32.732716	-32.732716	-1.9702471	-47.363857	8.149624	41.55342	-58.192368	-47.367172	0.6	34165982	19229.569212913513
170	-25.88074	-25.88074	-10.884954	-47.327427	8.189969	37.60193	-59.37243	-47.329006	0.4	34366985	19342.589895248413
171	0.4926361	0.4926361	-5.2057285	-47.32982	8.190959	42.96618	-59.731537	-47.332672	0.6	34567982	19456.45907688141
172	-35.92365	-35.92365	-9.98584	-47.267845	8.268107	37.6445	-60.00056	-47.269814	0.4	34768981	19572.257548332214
173	-27.350454	-27.350454	-1.3931508	-47.29342	8.218544	48.249184	-62.047424	-47.295876	0.1	34969981	19683.333818674088
174	-38.433872	-38.433872	-1.4103318	-47.292126	8.196011	55.37624	-61.78509	-47.29418	0.6	35170984	19801.787222385406
175	-45.551563	-45.551563	-1.4930238	-47.271217	8.191157	42.07977	-59.023045	-47.274254	0.5	35371984	19920.541939020157
176	-15.028274	-15.028274	-15.134497	-47.223656	8.282422	37.651684	-59.466724	-47.22623	0.6	35572991	20033.444204092026
177	-21.412771	-21.412771	-1.8859137	-47.191387	8.32823	49.236866	-58.666996	-47.194668	0.5	35773985	20151.519222021103
178	-23.930243	-23.930243	-6.311226	-47.17668	8.290547	38.932667	-62.085915	-47.18031	0.3	35974990	20265.26977109909
179	-23.2317	-23.2317	-1.9908653	-47.176094	8.289552	42.729225	-60.624256	-47.179348	0.6	36175986	20379.946472644806
180	-22.530525	-22.530525	-25.38136	-47.1649	8.295157	39.61923	-61.53714	-47.16761	0.6	36376981	20490.85882806778
181	-32.41494	-32.41494	-2.529495	-47.166485	8.320087	45.67656	-60.772957	-47.170227	0.4	36577984	20599.429797649384
182	-24.302229	-24.302229	-4.7032714	-47.107388	8.394933	41.383125	-60.95387	-47.109882	0.5	36778984	20714.46659564972
183	-26.049372	-26.049372	-32.771137	-47.12455	8.345122	47.249153	-62.767227	-47.127316	0.1	36979991	20825.03716468811
184	-12.673475	-12.673475	-5.4393	-47.077396	8.415467	57.60363	-61.71917	-47.080414	0.4	37180984	20936.049248456955
185	-42.37035	-42.37035	-2.551015	-47.069	8.406652	36.55342	-63.576958	-47.0729	0.4	37381983	21055.277755737305
186	-35.492428	-35.492428	-4.6220136	-47.066998	8.384597	42.99201	-60.07325	-47.069992	0.5	37582991	21165.18098092079
187	-11.910396	-11.910396	-3.576368	-47.05919	8.407698	41.387535	-61.000793	-47.062305	0.4	37783981	21280.91872358322
188	-28.76385	-28.76385	-2.2463913	-47.063995	8.368811	49.119083	-61.489628	-47.06674	0.3	37984982	21397.656111717224
189	-41.990425	-41.990425	-2.8940213	-47.043365	8.436668	49.607635	-60.494152	-47.045784	0.6	38185986	21508.610446691513
190	-8.469007	-8.469007	0.0	-47.011906	8.447716	43.621334	-61.140068	-47.014668	0.5	38386982	21620.578673362732
191	-33.692444	-33.692444	-17.813122	-47.00032	8.464096	52.688072	-60.459717	-47.0029	0.4	38587985	21733.449196338654
192	-15.036203	-15.036203	-1.8184876	-46.97519	8.454436	43.901855	-63.35197	-46.97836	0.4	38788987	21852.106733083725
193	-33.246002	-33.246002	-16.807875	-46.93573	8.535188	38.70755	-62.602886	-46.938526	0.5	38989991	21968.89164829254
194	-24.563913	-24.563913	-14.335281	-46.93136	8.53197	51.55343	-62.389584	-46.933964	0.4	39190986	22082.71259379387
195	-17.715448	-17.715448	-31.281649	-46.913918	8.499912	37.250107	-64.15701	-46.9177	0.3	39391981	22189.447598695755
196	-16.429335	-16.429335	-4.500129	-46.863647	8.559681	39.333996	-60.579235	-46.86639	0.4	39592982	22310.65149474144
197	-21.387503	-21.387503	-1.3224791	-46.83699	8.578923	57.81345	-65.192024	-46.8414	0.5	39793991	22424.221549272537
198	-4.037718	-4.037718	-4.5059524	-46.823677	8.677834	46.29377	-60.034702	-46.826595	0.5	39994991	22536.2583193779
199	-25.075249	-25.075249	-14.806326	-46.854565	8.527618	104.41737	-61.651108	-46.85697	0.7	40195991	22649.547144412994
200	-19.227303	-19.227303	-0.48222458	-46.834194	8.59454	38.93244	-63.951077	-46.838036	0.4	40396983	22759.11563682556
201	-26.346468	-26.346468	-3.2777984	-46.82436	8.609096	37.01942	-64.154465	-46.82702	0.6	40597981	22872.45214509964
202	-21.266502	-21.266502	-2.8548908	-46.811886	8.618288	42.470676	-62.198696	-46.815548	0.4	40798985	22987.85635972023
203	-30.84055	-30.84055	-6.436981	-46.78347	8.673669	32.92464	-63.450783	-46.787563	0.5	40999981	23100.176759004593
204	-27.237	-27.237	-4.154852	-46.792606	8.593682	42.433395	-64.572235	-46.795563	0.3	41200982	23207.39792394638
205	-10.823381	-10.823381	-2.1397297	-46.767868	8.619215	35.88716	-64.37032	-46.772	0.6	41401981	23313.73363852501
206	-20.595234	-20.595234	-23.81791	-46.706093	8.7344	55.561203	-62.48234	-46.70968	0.3	41602985	23439.454942703247
207	-24.224634	-24.224634	-3.5231369	-46.690784	8.718594	36.66512	-62.50182	-46.694675	0.4	41803983	23550.340802907944
208	-30.843016	-30.843016	-30.909937	-46.690033	8.699209	72.03948	-62.288082	-46.6945	0.3	42004991	23673.86958169937
209	-25.594772	-25.594772	-12.858352	-46.707886	8.6869	39.343807	-63.829327	-46.711597	0.2	42205987	23789.516080617905
210	-39.174347	-39.174347	-4.134834	-46.66128	8.706811	43.05288	-62.525967	-46.664352	0.5	42406991	23901.085159778595
211	-29.947094	-29.947094	-8.405835	-46.67658	8.686416	51.02964	-63.327614	-46.67966	0.6	42607982	24010.522175312042
212	-6.292393	-6.292393	-4.548385	-46.64208	8.723939	44.576653	-63.343964	-46.646023	0.5	42808985	24126.594236135483
213	-36.49491	-36.49491	-5.9239273	-46.645477	8.73453	44.509605	-64.10679	-46.647892	0.4	43009987	24236.713362455368
214	-18.44132	-18.44132	-12.268179	-46.61904	8.758111	46.498314	-61.937466	-46.62431	0.6	43210982	24352.10073518753
215	-19.315472	-19.315472	-17.446539	-46.599777	8.818573	39.71061	-64.53992	-46.602238	0.3	43411991	24468.723343849182
216	-15.48527	-15.48527	-13.9603615	-46.571968	8.81603	34.24703	-62.653183	-46.57583	0.3	43612985	24584.808537483215
217	-25.42114	-25.42114	-4.130218	-46.530033	8.845526	39.533752	-62.737873	-46.533813	0.5	43813981	24700.213438272476
218	-29.056452	-29.056452	-2.223682	-46.5349	8.813249	32.436417	-64.28177	-46.53663	0.5	44014982	24812.38386297226
219	-27.807024	-27.807024	-3.9056404	-46.545715	8.856448	34.447865	-65.10258	-46.54927	0.3	44215983	24925.23532485962
220	-22.461006	-22.461006	-4.432313	-46.553596	8.791775	43.906307	-62.833363	-46.555412	0.4	44416985	25030.80665421486
221	-22.381166	-22.381166	-1.3955202	-46.51494	8.839081	46.58569	-62.545856	-46.517494	0.2	44617981	25140.23209285736
222	-14.99541	-14.99541	-1.7389008	-46.49381	8.853978	39.06482	-63.91106	-46.498154	0.3	44818982	25253.38155913353
223	-11.867654	-11.867654	-2.6153634	-46.49612	8.841443	33.93815	-66.1528	-46.497837	0.4	45019991	25371.351892471313
224	-24.400269	-24.400269	-14.8402195	-46.476524	8.880277	37.62944	-64.71156	-46.47894	0.5	45220981	25489.261249303818
225	-18.123451	-18.123451	-22.960293	-46.44273	8.895964	41.933563	-75.17769	-46.445152	0.5	45421981	25597.735614061356
226	-13.898374	-13.898374	-1.705599	-46.47676	8.876688	43.34532	-75.75428	-46.47815	0.3	45622981	25704.71331501007
227	-36.484497	-36.484497	-1.9586738	-46.460087	8.88889	42.35173	-71.65741	-46.462673	0.3	45823983	25827.98458623886
228	-34.779507	-34.779507	-4.5686	-46.44648	8.906612	35.119633	-70.35496	-46.448177	0.4	46024987	25942.703112840652
229	-7.20526	-7.20526	-1.1240811	-46.4396	8.953069	45.211002	-68.135025	-46.440628	0.3	46225983	26057.0387032032
230	-10.313689	-10.313689	-16.131905	-46.421577	8.962706	51.522923	-72.30112	-46.424976	0.7	46426991	26174.665254592896
231	2.2712896	2.2712896	-4.6496797	-46.343586	9.003325	47.040028	-69.52549	-46.346004	0.5	46627984	26289.563482046127
232	-28.296787	-28.296787	-4.8439236	-46.380066	8.946922	35.715816	-73.52822	-46.38231	0.3	46828981	26400.733998775482
233	-37.86541	-37.86541	-11.954684	-46.37496	8.949054	41.009922	-68.67213	-46.37695	0.8	47029983	26511.669852733612
234	-21.719404	-21.719404	-7.2065644	-46.353714	8.950917	43.591286	-70.21653	-46.35489	0.4	47230991	26626.07932448387
235	-24.968489	-24.968489	-7.3445277	-46.3148	9.033918	54.105053	-67.041306	-46.31745	0.5	47431981	26744.094791173935
236	-34.12678	-34.12678	-14.82691	-46.356625	8.959722	41.841995	-69.77412	-46.358284	0.4	47632981	26853.564747571945
237	-18.058857	-18.058857	-5.062428	-46.32337	9.006638	52.76785	-69.99058	-46.326607	0.5	47833982	26978.201639175415
238	-24.293251	-24.293251	-17.331373	-46.356133	8.939444	38.83598	-67.29927	-46.357227	0.5	48034982	27098.488990068436
239	-24.164055	-24.164055	-22.029417	-46.303402	9.059206	36.30652	-66.34919	-46.30413	0.5	48235982	27210.392843723297
240	-26.941547	-26.941547	-3.1971834	-46.32801	8.951892	38.94024	-68.361755	-46.328564	0.5	48436981	27322.391819000244
241	-5.5778704	-5.5778704	-16.976004	-46.290474	9.0179405	41.133205	-65.289825	-46.29254	0.4	48637981	27430.723428964615
242	-27.436043	-27.436043	-4.1207623	-46.326015	8.99077	38.32248	-69.415695	-46.328583	0.5	48838984	27547.024291038513
243	-19.741653	-19.741653	-9.075168	-46.278805	9.017553	40.409756	-71.77775	-46.28146	0.6	49039984	27659.358424663544
244	-26.580992	-26.580992	-5.6318555	-46.26944	9.007288	41.364098	-66.69098	-46.272247	0.5	49240982	27764.845823049545
245	-24.983135	-24.983135	-1.4850204	-46.236828	9.067475	37.24923	-70.43469	-46.239006	0.7	49441991	27877.997725963593
246	-5.613183	-5.613183	-3.451149	-46.19872	9.093678	35.609238	-66.941376	-46.19931	0.7	49642983	27991.217423439026
247	-17.140104	-17.140104	-8.425111	-46.2239	9.044937	33.358505	-67.26437	-46.226112	0.6	49843989	28109.537963867188
248	-25.24858	-25.24858	-2.9053304	-46.180195	9.109303	36.575222	-67.542595	-46.181446	0.6	50044991	28220.07433438301
249	-15.598976	-15.598976	-17.06462	-46.210167	9.092724	46.70109	-65.91102	-46.213783	0.3	50245981	28332.514341831207
