Epoch	EpRet	EpRealRet	TestEpRet	AverageQ1	StdQ1	MaxQ1	MinQ1	Q2	TestSuccess	TotalEnvInteracts	TotalTime
0	-2.1105344	-2.1105344	0.0	-3.3829958	7.0461907	5.163918	-52.544487	-3.3834312	0.0	196991	112.42693638801575
1	3.4018967	3.4018967	0.0	-3.701224	5.7478004	3.4549847	-52.326668	-3.7009034	0.0	397991	226.1482949256897
2	2.4307384	2.4307384	6.812218	-5.5473385	5.8988996	2.4232006	-53.54297	-5.5470777	0.0	598991	337.17780900001526
3	3.2714982	3.2714982	0.9502748	-6.095027	5.895657	4.1756105	-51.615116	-6.095294	0.1	799991	451.73789644241333
4	11.207001	11.207001	0.97043604	-6.863298	6.497163	7.886676	-53.284492	-6.863472	0.0	1000987	569.9048275947571
5	9.48215	9.48215	7.7436495	-6.750735	7.0457764	4.92413	-55.26965	-6.750691	0.1	1201981	687.5776903629303
6	5.6567287	5.6567287	12.629984	-5.884859	6.2536263	5.384447	-52.500282	-5.8843346	0.1	1402989	797.0917191505432
7	1.8698478	1.8698478	4.913645	-5.715561	5.7188416	3.0519085	-52.08607	-5.7156124	0.1	1603991	911.4032337665558
8	9.3729925	9.3729925	5.7682567	-6.0247116	6.248669	5.362631	-52.857273	-6.0257893	0.0	1804985	1028.7050726413727
9	4.0366683	4.0366683	0.9768186	-6.1244516	6.524358	3.4912374	-52.232883	-6.124209	0.0	2005984	1137.4597284793854
10	2.5425951	2.5425951	9.709267	-5.877855	6.421376	4.463233	-54.95661	-5.8769984	0.0	2206981	1253.7742941379547
11	7.7223363	7.7223363	5.793255	-5.7835093	6.367625	2.7525125	-54.010918	-5.78384	0.0	2407991	1362.7494750022888
12	5.5240383	5.5240383	4.8577957	-5.870581	6.506519	4.1884017	-52.90113	-5.8709455	0.0	2608991	1478.956042289734
13	7.318181	7.318181	13.461908	-5.832567	6.5003753	3.8522515	-54.544445	-5.8333745	0.0	2809986	1599.1085488796234
14	3.1357946	3.1357946	6.829964	-5.800226	6.577549	3.3749373	-57.973156	-5.800716	0.1	3010986	1716.4071774482727
15	12.693672	12.693672	10.599938	-5.7619095	6.5163727	3.3455813	-57.945736	-5.7625885	0.3	3211991	1833.1826450824738
16	12.90229	12.90229	20.275826	-5.6597357	6.367776	3.027463	-55.332554	-5.6599	0.0	3412986	1940.052120923996
17	13.12279	13.12279	10.707442	-5.732009	6.453179	3.3748107	-54.52498	-5.732629	0.0	3613987	2052.3047547340393
18	8.883101	8.883101	5.7533617	-5.498444	5.936471	3.568105	-53.953987	-5.4984045	0.0	3814981	2167.9429273605347
19	10.921098	10.921098	14.637329	-5.254917	5.567746	5.1772056	-52.407475	-5.255305	0.0	4015983	2277.046184539795
20	7.0691376	7.0691376	14.533111	-5.0191016	5.317553	3.7017512	-53.873257	-5.019383	0.2	4216991	2395.310413122177
21	12.232217	12.232217	21.319231	-4.8060737	5.096405	3.551489	-56.611652	-4.8056245	0.1	4417991	2520.2049849033356
22	17.71568	17.71568	10.668504	-4.5902653	4.890478	3.2731125	-53.502342	-4.5900636	0.0	4618991	2632.47577047348
23	12.856842	12.856842	12.669323	-4.3728848	4.7856827	3.3028953	-56.27045	-4.3731985	0.1	4819981	2748.2900519371033
24	7.098581	7.098581	18.32272	-4.2720895	4.6104965	3.6816604	-58.50578	-4.2719035	0.0	5020991	2858.58234333992
25	6.0882936	6.0882936	19.176386	-4.386171	4.570652	4.763757	-57.209698	-4.386702	0.0	5221991	2973.968432188034
26	10.749468	10.749468	14.515456	-4.419905	4.640248	3.3651981	-55.32373	-4.4198227	0.0	5422988	3083.455126285553
27	10.263397	10.263397	9.650985	-4.469309	4.7302146	3.149691	-56.551807	-4.468957	0.1	5623987	3200.375437259674
28	16.256826	16.256826	18.305162	-4.5057316	4.8393764	2.9335682	-55.796864	-4.5056915	0.1	5824981	3317.613660097122
29	11.197928	11.197928	11.647013	-4.5393867	4.9137945	3.4143147	-55.373283	-4.53901	0.1	6025991	3434.9353935718536
30	14.935624	14.935624	12.656247	-4.514415	4.950461	3.695764	-58.178944	-4.5145664	0.0	6226982	3547.3552956581116
31	7.2172146	7.2172146	19.303448	-4.518782	5.0117483	4.3529506	-63.430317	-4.518934	0.1	6427991	3659.326057910919
32	13.365196	13.365196	17.35204	-4.623068	5.155483	3.6403985	-58.684265	-4.6239758	0.0	6628982	3767.593901872635
33	6.466309	6.466309	17.403957	-4.636129	5.177071	3.9413378	-59.83569	-4.6371346	0.0	6829991	3874.1794304847717
34	8.462347	8.462347	9.669188	-4.723588	5.2386017	3.6783457	-57.24074	-4.723837	0.0	7030990	3995.2185640335083
35	16.338432	16.338432	17.431879	-4.7504554	5.3710465	3.6217704	-56.21809	-4.7514763	0.1	7231991	4109.3897585868835
36	14.981342	14.981342	14.608687	-4.851107	5.4892077	3.67668	-54.88481	-4.851111	0.1	7432984	4222.6395444869995
37	6.460678	6.460678	14.581217	-5.0830092	5.7071457	3.915235	-57.146053	-5.08371	0.0	7633986	4330.736055612564
38	17.79013	17.79013	4.7736926	-5.2921524	5.9036036	4.088585	-57.099953	-5.2924824	0.1	7834991	4443.316063404083
39	10.582684	10.582684	32.77973	-5.3657484	5.9680376	4.230855	-56.57466	-5.366295	0.1	8035991	4559.971697092056
40	4.7360697	4.7360697	20.391846	-5.440619	5.979761	4.3664074	-56.32194	-5.4405913	0.0	8236991	4677.0756294727325
41	10.878449	10.878449	34.936855	-5.496514	6.051143	4.4079037	-54.773365	-5.4962587	0.0	8437985	4796.497010469437
42	11.217084	11.217084	13.552057	-5.584192	6.1534524	4.797287	-57.49469	-5.583727	0.0	8638991	4915.449517250061
43	16.278025	16.278025	5.828264	-5.706692	6.1898813	5.12751	-60.22377	-5.7062955	0.0	8839981	5033.319852352142
44	12.762986	12.762986	4.8404546	-5.80683	6.2194686	4.6700583	-58.77993	-5.806362	0.1	9040987	5150.7563688755035
45	8.86335	8.86335	15.4153385	-5.8173175	6.294604	4.5537953	-56.666668	-5.817138	0.0	9241991	5260.736778974533
46	8.140497	8.140497	20.236742	-5.867379	6.436363	5.086488	-57.929317	-5.867795	0.0	9442991	5376.864292383194
47	11.809536	11.809536	19.217236	-5.944543	6.556219	5.0660095	-56.933067	-5.9452124	0.0	9643982	5483.1999752521515
48	11.8742285	11.8742285	12.552472	-6.1545396	6.8138056	4.5383215	-58.321358	-6.1550703	0.0	9844991	5595.404598712921
49	18.041933	18.041933	9.742734	-6.251433	6.9870462	5.323057	-56.709534	-6.2521544	0.0	10045991	5710.523568153381
50	10.303078	10.303078	23.223501	-6.4410386	7.189411	4.4088798	-58.515537	-6.44135	0.0	10246986	5822.979257583618
51	9.430109	9.430109	12.506002	-6.484972	7.338831	4.858028	-58.441296	-6.485438	0.0	10447988	5941.514377832413
52	7.111764	7.111764	6.7256303	-6.5376396	7.3501897	5.1006417	-61.48513	-6.5375915	0.1	10648991	6059.468773841858
53	12.767374	12.767374	11.766768	-6.4967613	7.310037	5.1533194	-58.934036	-6.496701	0.0	10849991	6177.492220878601
54	11.401214	11.401214	13.403479	-6.345462	7.1438	6.196819	-59.01938	-6.345561	0.0	11050982	6287.504770040512
55	13.260881	13.260881	16.362616	-6.2749915	7.048058	5.996073	-56.748558	-6.2743926	0.0	11251991	6403.746499538422
56	10.943818	10.943818	12.643786	-6.3526726	7.096639	5.7486196	-60.92176	-6.352584	0.3	11452985	6511.427652597427
57	7.961884	7.961884	14.4496	-6.4205513	7.176093	5.9924226	-59.935688	-6.4209404	0.0	11653983	6622.557682514191
58	12.1619005	12.1619005	20.287697	-6.434108	7.2742786	5.40648	-58.615036	-6.434188	0.0	11854991	6733.141793727875
59	10.812778	10.812778	14.613023	-6.426266	7.2767653	5.8492594	-57.10662	-6.424798	0.0	12055991	6846.511075258255
60	8.093314	8.093314	35.93826	-6.4917235	7.335499	6.9035063	-60.06844	-6.491864	0.0	12256987	6954.883084774017
61	12.182906	12.182906	25.216051	-6.577617	7.454856	6.3527384	-60.748524	-6.5766664	0.0	12457991	7064.868924856186
62	19.467352	19.467352	23.413013	-6.634263	7.499998	7.4365563	-58.415504	-6.633796	0.0	12658981	7182.423925638199
63	12.372886	12.372886	11.625199	-6.718209	7.6184545	7.9389343	-57.273003	-6.7175946	0.1	12859991	7292.725317955017
64	5.9122057	5.9122057	10.66315	-6.9210696	7.7579603	7.084539	-59.39143	-6.920458	0.0	13060983	7404.0797560215
65	10.828248	10.828248	7.645508	-7.1013737	7.9352	6.1716037	-60.284546	-7.100479	0.0	13261991	7515.61767077446
66	7.281029	7.281029	25.179375	-7.2295213	8.096323	6.1886225	-60.890064	-7.2295084	0.0	13462991	7623.708104133606
67	13.675076	13.675076	12.621073	-7.3308673	8.208377	13.596572	-58.44036	-7.3300724	0.0	13663982	7734.639613628387
68	19.351326	19.351326	17.356459	-7.4918356	8.40474	5.9499626	-59.199352	-7.4913697	0.0	13864991	7841.209502220154
69	14.765738	14.765738	24.063	-7.599778	8.506269	6.9594083	-60.81472	-7.5988965	0.2	14065991	7952.693560600281
70	8.204979	8.204979	18.338034	-7.685419	8.630556	6.286041	-58.8079	-7.6854	0.0	14266991	8068.7334587574005
71	16.641586	16.641586	16.40551	-7.806854	8.765419	7.411127	-61.631985	-7.80656	0.1	14467991	8183.087008714676
72	12.2101755	12.2101755	25.142174	-7.9473386	8.852897	8.170973	-60.251446	-7.946663	0.1	14668991	8299.302803993225
73	9.700787	9.700787	19.128532	-7.98314	8.812924	6.178366	-60.2828	-7.982805	0.0	14869982	8428.480801582336
74	12.758964	12.758964	15.472757	-8.080463	8.887783	6.893852	-59.293648	-8.08084	0.0	15070991	8540.025985956192
75	16.086641	16.086641	19.210785	-8.194731	9.007455	10.090753	-60.07693	-8.19452	0.1	15271991	8653.69637131691
76	8.1155205	8.1155205	21.293566	-8.3592005	9.17335	7.461872	-61.35315	-8.358607	0.0	15472983	8765.120849609375
77	13.858511	13.858511	37.84205	-8.574279	9.32859	7.7324905	-61.630554	-8.574382	0.0	15673991	8883.961577892303
78	16.129593	16.129593	16.42324	-8.801659	9.511078	6.171043	-62.775272	-8.80249	0.0	15874981	8994.932291507721
79	8.608306	8.608306	20.557562	-8.969853	9.678713	6.894696	-61.38185	-8.970475	0.0	16075991	9105.916873216629
80	14.836695	14.836695	19.581665	-9.08119	9.829997	7.2388964	-62.244812	-9.081546	0.0	16276991	9218.764545917511
81	7.9050016	7.9050016	21.384409	-9.221576	9.970464	9.1668215	-61.876858	-9.222098	0.0	16477991	9331.492148160934
82	12.2755995	12.2755995	18.257587	-9.336544	10.142208	7.7656527	-61.937057	-9.336509	0.0	16678981	9444.879709243774
83	19.538101	19.538101	18.245222	-9.419374	10.251695	8.148947	-61.513992	-9.419895	0.1	16879989	9554.79800081253
84	9.818795	9.818795	22.334335	-9.418685	10.299453	9.95929	-68.1801	-9.419421	0.0	17080991	9674.287071943283
85	15.419352	15.419352	4.8602443	-9.537487	10.439677	7.78165	-61.14801	-9.540046	0.1	17281991	9789.65371966362
86	8.994691	8.994691	17.46912	-9.658515	10.516561	7.4777527	-65.15327	-9.65864	0.1	17482991	9913.328022480011
87	10.874603	10.874603	16.557898	-9.783276	10.62969	8.091642	-61.71234	-9.7827	0.1	17683991	10025.563507556915
88	9.271463	9.271463	26.11029	-9.783693	10.610807	7.4486	-62.464355	-9.783567	0.0	17884988	10136.488307714462
89	20.559006	20.559006	20.142605	-9.870383	10.67697	7.955788	-61.40201	-9.868973	0.0	18085985	10249.404006004333
90	13.926819	13.926819	22.33041	-9.955773	10.716323	10.158085	-62.001553	-9.955048	0.0	18286988	10362.541667699814
91	16.152803	16.152803	25.18735	-10.117785	10.872306	9.434725	-67.39711	-10.118064	0.0	18487983	10472.212798833847
92	15.270836	15.270836	18.383373	-10.204231	10.89201	8.595361	-66.211296	-10.203426	0.1	18688988	10584.51291012764
93	13.836801	13.836801	10.637267	-10.193641	10.855546	12.057747	-64.71246	-10.193992	0.0	18889985	10699.58007645607
94	12.563485	12.563485	24.092798	-10.216391	10.84198	7.9451694	-59.566887	-10.216895	0.1	19090991	10814.50678229332
95	15.628452	15.628452	20.39108	-10.268548	10.885485	10.196442	-61.109104	-10.268099	0.1	19291991	10936.447291135788
96	16.455416	16.455416	10.621421	-10.289638	10.88887	12.286812	-61.347527	-10.290183	0.0	19492991	11054.993351459503
97	7.480172	7.480172	14.373776	-10.395134	11.017255	7.473056	-63.479774	-10.3957205	0.0	19693981	11163.70075249672
98	10.48675	10.48675	18.444557	-10.49592	11.116157	14.126345	-67.85665	-10.495625	0.0	19894991	11281.171661138535
99	14.221184	14.221184	11.545363	-10.6155815	11.246604	9.22141	-64.36831	-10.616327	0.0	20095982	11395.959545850754
100	13.102116	13.102116	12.54446	-10.821241	11.389377	12.869877	-60.33405	-10.821885	0.0	20296991	11507.361674547195
101	14.775381	14.775381	24.118855	-10.8080845	11.387473	8.608383	-61.653816	-10.808327	0.0	20497990	11622.432257890701
102	11.67937	11.67937	28.967205	-10.858778	11.444143	9.0753145	-76.704094	-10.857496	0.0	20698991	11737.053419589996
103	19.991562	19.991562	12.608517	-10.916488	11.401108	14.786842	-62.50384	-10.917089	0.3	20899985	11852.517857789993
104	8.845514	8.845514	10.557519	-10.929403	11.408173	13.810213	-61.274677	-10.92916	0.0	21100982	11965.709554672241
105	5.9481034	5.9481034	7.781279	-10.960013	11.44637	11.519414	-64.24826	-10.959463	0.0	21301983	12074.063206911087
106	12.492166	12.492166	23.276775	-11.061923	11.611891	12.616221	-62.03725	-11.061751	0.0	21502983	12185.452339410782
107	3.139632	3.139632	15.459408	-11.199407	11.720102	13.83538	-85.83095	-11.200249	0.0	21703991	12292.82321691513
108	13.801008	13.801008	22.310713	-11.350554	11.831008	12.209694	-61.37015	-11.349841	0.0	21904991	12411.508163928986
109	16.38279	16.38279	6.8132405	-11.570965	11.99526	13.06031	-62.89568	-11.56991	0.0	22105982	12530.76226758957
110	9.712247	9.712247	18.497747	-11.737151	12.106678	12.067127	-68.00668	-11.73599	0.0	22306985	12644.099970340729
111	11.2930565	11.2930565	22.163048	-11.827789	12.206107	11.916531	-68.33484	-11.827558	0.0	22507987	12765.604358911514
112	12.013252	12.013252	28.963964	-11.9485655	12.2732725	12.647115	-72.26296	-11.947681	0.0	22708991	12883.339689016342
113	12.587672	12.587672	16.461145	-12.1271105	12.368713	11.053305	-71.55806	-12.126768	0.0	22909988	12997.344385147095
114	8.670821	8.670821	15.532459	-12.273898	12.45568	11.665389	-63.85918	-12.271998	0.0	23110982	13111.170930147171
115	5.1156588	5.1156588	12.640665	-12.3483715	12.500684	21.128307	-63.30565	-12.346949	0.0	23311991	13224.266718387604
116	6.1210957	6.1210957	18.192759	-12.519041	12.597962	12.431376	-63.560837	-12.518332	0.0	23512991	13334.605650424957
117	13.061241	13.061241	7.659256	-12.64755	12.714108	13.061872	-64.48456	-12.646492	0.0	23713985	13455.554273366928
118	9.498822	9.498822	13.423817	-12.743658	12.80483	11.230774	-62.631664	-12.743593	0.1	23914983	13567.511484384537
119	14.407649	14.407649	6.7577686	-12.859923	12.912189	15.902758	-63.935246	-12.857342	0.1	24115991	13677.131527662277
120	6.645892	6.645892	27.813196	-12.860387	13.011469	13.020678	-75.11375	-12.859798	0.0	24316991	13793.771180152893
121	7.5036354	7.5036354	14.471106	-12.955645	13.107304	11.8795185	-79.49499	-12.955526	0.0	24517991	13900.860809803009
122	10.8042345	10.8042345	11.4772835	-13.044651	13.194921	10.857885	-71.56368	-13.044633	0.0	24718982	14018.494599103928
123	6.819903	6.819903	15.359354	-13.071495	13.29742	11.341731	-66.664566	-13.071137	0.0	24919991	14130.559055566788
124	14.838418	14.838418	10.618972	-13.10977	13.359009	10.956534	-65.25913	-13.110335	0.0	25120991	14243.71932053566
125	8.722262	8.722262	27.970125	-13.093572	13.38863	22.622074	-79.95635	-13.093876	0.1	25321982	14356.036845684052
126	9.653284	9.653284	22.439747	-13.228762	13.49158	13.675632	-66.948235	-13.22756	0.0	25522991	14471.058200359344
127	8.475996	8.475996	13.53129	-13.202049	13.510561	11.546215	-72.07892	-13.201213	0.0	25723984	14583.077323436737
128	6.171221	6.171221	6.8218627	-13.17233	13.532865	13.341804	-64.16529	-13.172723	0.1	25924982	14692.699679851532
129	15.69132	15.69132	16.386675	-13.232409	13.593589	11.729191	-70.34099	-13.233042	0.0	26125990	14807.383328199387
130	12.736229	12.736229	15.5449705	-13.295695	13.6225605	17.429462	-74.163734	-13.295594	0.0	26326991	14916.005851745605
131	11.274447	11.274447	17.282124	-13.301286	13.647126	13.403288	-75.8854	-13.303292	0.0	26527986	15029.89207649231
132	5.877357	5.877357	13.638401	-13.3505945	13.698105	16.06026	-66.364136	-13.350805	0.0	26728982	15144.26522231102
133	6.7090077	6.7090077	17.211262	-13.451803	13.733393	15.425096	-65.98316	-13.452019	0.0	26929991	15256.433272361755
134	10.863845	10.863845	12.620159	-13.528906	13.828437	13.54679	-86.88105	-13.528521	0.1	27130991	15373.919818401337
135	16.451397	16.451397	14.460962	-13.525105	13.878768	17.46617	-65.02868	-13.525682	0.0	27331991	15483.157591342926
136	5.1668572	5.1668572	29.082857	-13.580676	13.900441	12.773041	-64.155136	-13.5800295	0.0	27532991	15603.879746437073
137	8.283402	8.283402	9.714503	-13.67985	13.952577	10.122412	-83.88824	-13.680331	0.0	27733991	15715.481493234634
138	8.270549	8.270549	13.490205	-13.654856	13.950446	13.916461	-71.209305	-13.655382	0.0	27934986	15828.135113477707
139	8.714134	8.714134	16.456738	-13.710193	14.028019	11.565037	-66.01133	-13.711832	0.0	28135987	15946.938426971436
140	8.895277	8.895277	1.9103853	-13.717358	14.087312	9.950573	-79.21407	-13.717875	0.1	28336986	16069.209794282913
141	12.458038	12.458038	6.700032	-13.665701	14.104427	15.799012	-67.452805	-13.666642	0.0	28537986	16181.19741511345
142	9.434498	9.434498	11.673685	-13.76918	14.1551695	11.266129	-69.041306	-13.770069	0.0	28738991	16293.45059967041
143	9.65415	9.65415	17.301826	-13.817193	14.177853	10.28441	-66.353165	-13.818628	0.0	28939991	16407.83912038803
144	7.6874237	7.6874237	26.059038	-13.832114	14.206816	10.461278	-69.03649	-13.833233	0.0	29140991	16519.341522693634
145	15.053898	15.053898	25.184258	-13.897824	14.253743	13.157709	-77.756775	-13.897823	0.1	29341991	16636.691363811493
146	12.230542	12.230542	17.53569	-13.899465	14.296615	17.323015	-75.48036	-13.900166	0.0	29542991	16749.846759796143
147	15.179619	15.179619	28.788383	-13.837236	14.3004465	16.135935	-66.41346	-13.836066	0.1	29743991	16870.765254974365
148	9.0211525	9.0211525	17.146784	-13.89152	14.316864	20.765009	-66.80531	-13.892443	0.0	29944983	16983.441298246384
149	9.807723	9.807723	21.166948	-13.873616	14.290502	10.974003	-66.11237	-13.872708	0.1	30145991	17096.74271249771
150	4.3109884	4.3109884	3.890133	-13.824852	14.303021	11.222381	-64.36166	-13.824812	0.1	30346987	17215.631359815598
151	10.229875	10.229875	14.534415	-13.82112	14.263571	18.234095	-63.37433	-13.820204	0.0	30547987	17333.467213392258
152	5.1128135	5.1128135	10.608529	-13.803448	14.28498	11.351999	-80.089615	-13.802783	0.0	30748991	17450.287867307663
153	12.269963	12.269963	15.531463	-13.727593	14.251213	10.268638	-83.25018	-13.727828	0.0	30949991	17558.743121147156
154	10.740492	10.740492	20.431185	-13.702661	14.250295	11.372278	-63.84351	-13.700815	0.0	31150991	17671.20597553253
155	8.911549	8.911549	16.447773	-13.599211	14.178637	21.145903	-77.54709	-13.598755	0.1	31351991	17781.381658554077
156	4.518775	4.518775	16.26177	-13.497043	14.126543	13.226402	-69.425934	-13.496948	0.1	31552982	17889.832275629044
157	8.068351	8.068351	8.810368	-13.577082	14.1564	15.421236	-67.11963	-13.57638	0.0	31753991	17998.741384267807
158	17.181606	17.181606	2.8405693	-13.506451	14.149891	22.425877	-64.62855	-13.505199	0.0	31954991	18117.74258852005
159	9.262278	9.262278	11.5919075	-13.542999	14.168591	12.968306	-90.91225	-13.543175	0.0	32155991	18229.368588209152
160	13.446281	13.446281	11.655295	-13.531438	14.200036	18.981537	-81.46255	-13.530889	0.0	32356991	18337.450341701508
161	12.173858	12.173858	9.733924	-13.51177	14.210818	23.903645	-71.28447	-13.511502	0.0	32557991	18446.736707687378
162	11.096722	11.096722	13.569357	-13.474673	14.170022	13.657167	-63.60489	-13.47507	0.0	32758991	18558.773715496063
163	5.5391555	5.5391555	17.26143	-13.492142	14.20005	19.35187	-67.7119	-13.491547	0.0	32959991	18670.74515748024
164	7.6526036	7.6526036	4.7510934	-13.469863	14.153229	32.140625	-92.79877	-13.468883	0.0	33160991	18790.633249759674
165	7.498707	7.498707	22.237576	-13.470813	14.178306	26.248142	-64.22217	-13.470647	0.2	33361986	18910.795939683914
166	15.968112	15.968112	16.347427	-13.379858	14.154471	19.640081	-65.74835	-13.379396	0.1	33562991	19022.740245580673
167	8.879442	8.879442	14.498666	-13.265276	14.110939	15.293304	-64.71421	-13.264448	0.0	33763989	19142.555475711823
168	13.207018	13.207018	6.794723	-13.31375	14.140523	18.172068	-67.12271	-13.312342	0.0	33964987	19256.29657101631
169	9.238113	9.238113	12.631123	-13.24483	14.054812	13.502595	-94.71723	-13.24488	0.0	34165987	19372.552220344543
170	10.586642	10.586642	10.741351	-13.245215	14.0407715	12.194982	-76.84608	-13.243679	0.0	34366984	19484.040033578873
171	12.704382	12.704382	10.599966	-13.187606	14.003847	13.366551	-67.56238	-13.187551	0.0	34567987	19592.51599216461
172	14.395968	14.395968	20.06161	-13.11906	13.933993	11.31328	-64.17015	-13.118245	0.0	34768991	19707.844843626022
173	7.4588227	7.4588227	14.335074	-13.1414385	13.961885	14.393774	-73.99461	-13.141036	0.0	34969991	19818.967632055283
174	15.941067	15.941067	17.368681	-13.102045	13.923942	20.823933	-74.91658	-13.10133	0.1	35170991	19935.32288479805
175	17.04954	17.04954	14.47414	-13.042665	13.912829	17.627258	-63.91717	-13.042787	0.0	35371987	20048.02150940895
176	13.950406	13.950406	17.41832	-13.008092	13.916964	14.874569	-66.093994	-13.008337	0.1	35572991	20157.676218271255
177	9.043563	9.043563	25.930853	-12.948673	13.9023695	12.493638	-67.42253	-12.948975	0.0	35773991	20270.48166513443
178	13.188044	13.188044	13.383163	-12.855389	13.841425	16.360918	-72.69871	-12.855424	0.1	35974983	20385.550803661346
179	12.823483	12.823483	31.033184	-12.798355	13.841969	12.271266	-88.82657	-12.797267	0.0	36175991	20504.93725657463
180	13.380406	13.380406	10.75615	-12.666444	13.76011	12.9948015	-99.294586	-12.666314	0.0	36376991	20620.391035318375
181	7.054785	7.054785	24.316614	-12.590356	13.721869	20.298332	-76.18307	-12.590605	0.0	36577981	20735.55651307106
182	12.91898	12.91898	16.427364	-12.555997	13.69817	13.39224	-70.94989	-12.556106	0.1	36778983	20855.95967888832
183	14.51191	14.51191	21.278217	-12.44121	13.638236	18.224758	-66.767105	-12.4413	0.0	36979983	20972.458916902542
184	17.016949	17.016949	31.492046	-12.438005	13.618114	15.195485	-65.28549	-12.437296	0.1	37180991	21085.622962474823
185	14.685205	14.685205	16.50851	-12.371109	13.580642	16.843857	-63.036896	-12.371259	0.0	37381991	21199.992339849472
186	11.045576	11.045576	12.59346	-12.3578415	13.556854	15.242705	-80.0409	-12.358114	0.0	37582981	21316.029986143112
187	13.536089	13.536089	13.663491	-12.316972	13.517721	23.024944	-70.66281	-12.316503	0.0	37783991	21428.71630191803
188	5.684911	5.684911	24.98855	-12.270506	13.479458	16.250875	-71.0257	-12.269698	0.0	37984981	21541.237575292587
189	18.60468	18.60468	22.209917	-12.222317	13.463587	22.02722	-99.276	-12.221339	0.0	38185984	21664.489153385162
190	15.520227	15.520227	19.263618	-12.1922035	13.40771	17.853407	-75.826164	-12.191175	0.1	38386991	21788.78205037117
191	12.616746	12.616746	21.098658	-12.096892	13.3738	16.764652	-72.62929	-12.096866	0.0	38587983	21905.350417613983
192	14.2505	14.2505	29.95481	-12.032736	13.361225	15.240433	-71.70641	-12.032029	0.0	38788991	22023.630731105804
193	16.631523	16.631523	24.222132	-12.059245	13.369589	24.432714	-67.156975	-12.060248	0.0	38989991	22133.791202783585
194	18.403559	18.403559	19.167257	-12.082184	13.330867	13.859543	-64.728516	-12.081273	0.0	39190991	22249.772154331207
195	13.363184	13.363184	17.301773	-12.0084305	13.299081	19.21956	-65.00745	-12.007351	0.0	39391982	22363.14582157135
196	11.353333	11.353333	16.286585	-11.968993	13.248282	13.897008	-64.6833	-11.968219	0.2	39592991	22476.90244436264
197	17.776682	17.776682	14.359714	-12.038976	13.304269	14.74204	-66.586426	-12.038691	0.0	39793991	22591.821535348892
198	15.74357	15.74357	22.157473	-11.957316	13.282504	20.470844	-67.33172	-11.957518	0.0	39994991	22707.827094078064
199	15.36061	15.36061	27.782898	-11.981845	13.2856045	18.242443	-66.95247	-11.980785	0.0	40195991	22833.22979617119
200	15.941102	15.941102	25.085499	-11.90236	13.239549	16.557781	-65.46345	-11.901519	0.0	40396991	22944.3663482666
201	14.765648	14.765648	16.293177	-11.860822	13.2133875	19.292171	-66.96373	-11.86182	0.0	40597991	23062.037105083466
202	22.799196	22.799196	35.50493	-11.925941	13.226699	12.074878	-66.29317	-11.925226	0.0	40798991	23180.277212142944
203	16.040369	16.040369	18.297493	-11.917298	13.206945	15.403179	-72.79398	-11.916756	0.0	40999982	23293.176881313324
204	11.440472	11.440472	22.138807	-11.861189	13.18682	13.343415	-67.9551	-11.8615055	0.1	41200981	23407.898098945618
205	18.604403	18.604403	15.317011	-11.789514	13.110911	13.583503	-83.28134	-11.788843	0.0	41401991	23522.118490934372
206	12.589682	12.589682	24.652428	-11.613754	13.046209	10.759171	-71.52483	-11.613392	0.0	41602986	23635.70809173584
207	14.049509	14.049509	32.77359	-11.607606	13.049149	15.388596	-69.9407	-11.607359	0.0	41803991	23748.66033267975
208	8.19816	8.19816	24.996244	-11.619875	13.040516	17.807219	-67.80197	-11.619497	0.1	42004982	23858.77850985527
209	15.524008	15.524008	26.832226	-11.59418	13.010898	16.318808	-65.10198	-11.594801	0.0	42205991	23971.831857204437
210	16.203127	16.203127	21.279383	-11.570259	13.02529	14.181603	-66.08608	-11.570402	0.0	42406981	24086.136164665222
211	9.348032	9.348032	25.202759	-11.425579	12.917653	14.00699	-67.513756	-11.425714	0.0	42607991	24190.667930603027
212	16.172785	16.172785	18.273693	-11.467978	12.965871	13.95304	-73.314705	-11.4657955	0.0	42808984	24305.826464176178
213	16.890203	16.890203	15.133417	-11.475259	12.945813	25.387207	-67.830864	-11.475142	0.1	43009985	24424.549986362457
214	16.965038	16.965038	26.98352	-11.366182	12.882116	15.36162	-65.54467	-11.365915	0.1	43210987	24533.383118391037
215	14.334168	14.334168	30.73092	-11.340861	12.85963	15.801321	-66.466705	-11.3401785	0.1	43411991	24649.589470624924
216	15.462398	15.462398	24.057222	-11.304764	12.842136	12.816989	-70.77083	-11.303958	0.0	43612982	24761.811220169067
217	9.019112	9.019112	14.451907	-11.278125	12.842731	14.15167	-67.74716	-11.278192	0.0	43813991	24879.623077392578
218	14.099569	14.099569	29.034912	-11.240804	12.814845	13.185237	-73.320946	-11.239109	0.1	44014991	24991.233021974564
219	15.19642	15.19642	38.46372	-11.2138195	12.785048	13.99317	-66.833984	-11.213278	0.0	44215991	25098.104832172394
220	13.552661	13.552661	32.67992	-11.133872	12.755884	13.885393	-67.85538	-11.133896	0.1	44416991	25211.75685095787
221	17.697151	17.697151	26.61568	-11.194486	12.808809	15.747099	-65.36126	-11.193845	0.0	44617991	25320.40989279747
222	20.570862	20.570862	15.324119	-11.116181	12.777562	24.26911	-75.093796	-11.115894	0.1	44818991	25437.590971708298
223	20.140509	20.140509	24.966808	-11.0885105	12.735302	27.328285	-68.11016	-11.088116	0.1	45019982	25553.098838806152
224	17.758465	17.758465	22.277662	-11.027782	12.677202	26.24046	-82.20783	-11.027956	0.0	45220984	25670.939120054245
225	13.978058	13.978058	26.188835	-10.950255	12.638513	14.058832	-65.5305	-10.95019	0.0	45421991	25784.74423265457
226	16.277096	16.277096	24.958355	-10.879692	12.608956	16.662586	-62.663544	-10.880279	0.0	45622991	25903.77336025238
227	14.936498	14.936498	21.253447	-10.8359585	12.585486	19.254156	-62.655243	-10.8363085	0.0	45823982	26014.839693546295
228	14.598248	14.598248	26.06007	-10.785844	12.525305	17.593414	-62.276207	-10.7852	0.0	46024982	26123.60279083252
229	13.786511	13.786511	28.91191	-10.722543	12.492469	25.721342	-92.554756	-10.722612	0.0	46225986	26239.506437063217
230	15.761991	15.761991	19.323656	-10.703645	12.451848	20.081713	-89.956696	-10.704761	0.0	46426991	26349.127510786057
231	20.689629	20.689629	33.78998	-10.591718	12.398948	23.777546	-76.67412	-10.59136	0.0	46627991	26461.44731068611
232	16.618465	16.618465	16.313932	-10.599001	12.389421	22.69669	-70.56068	-10.599126	0.0	46828991	26576.652264356613
233	15.107617	15.107617	19.124174	-10.529776	12.356283	19.66426	-66.035576	-10.5295725	0.0	47029985	26700.223114013672
234	13.406025	13.406025	27.334295	-10.46975	12.351338	18.69562	-68.91479	-10.470137	0.1	47230991	26823.243814229965
235	20.828869	20.828869	28.10387	-10.468076	12.343436	15.918336	-63.51321	-10.467746	0.0	47431981	26934.95024037361
236	14.879751	14.879751	23.176874	-10.383557	12.290829	27.92421	-63.536415	-10.383222	0.0	47632991	27051.332795619965
237	11.677439	11.677439	36.67729	-10.36303	12.275377	22.699856	-65.099785	-10.362229	0.1	47833991	27168.338661909103
238	16.417961	16.417961	27.945204	-10.407328	12.271567	21.171476	-65.36223	-10.408597	0.0	48034991	27277.593591928482
239	16.345297	16.345297	31.839863	-10.350925	12.245703	27.06137	-63.169544	-10.3517	0.0	48235981	27387.92844748497
240	11.493133	11.493133	17.331354	-10.2442	12.215047	18.004025	-74.09488	-10.242772	0.0	48436982	27506.65433239937
241	22.698006	22.698006	27.8518	-10.252523	12.230475	26.347908	-65.51459	-10.253648	0.0	48637991	27620.584988355637
242	18.376795	18.376795	21.413588	-10.223486	12.201599	17.08887	-62.706432	-10.223349	0.0	48838991	27734.78905081749
243	17.984838	17.984838	40.526962	-10.202024	12.200314	16.950006	-63.60601	-10.201749	0.0	49039991	27847.744205474854
244	20.503742	20.503742	25.91958	-10.135931	12.12691	18.964808	-62.582664	-10.135815	0.0	49240989	27964.98176074028
245	15.108158	15.108158	15.412215	-10.168256	12.124491	21.656122	-63.327732	-10.168405	0.0	49441985	28078.26895427704
246	20.132765	20.132765	23.034172	-10.107691	12.085028	12.876419	-63.803024	-10.107182	0.1	49642991	28202.337105989456
247	19.831755	19.831755	21.96445	-10.083827	12.047699	15.800746	-69.049095	-10.08354	0.0	49843991	28310.574105262756
248	16.017187	16.017187	21.153593	-10.004647	12.012395	13.090856	-64.7405	-10.004982	0.0	50044991	28422.88166475296
249	27.119207	27.119207	25.881428	-9.977812	11.9915495	22.194233	-67.385765	-9.977856	0.1	50245991	28530.647469997406
