Epoch	EpRet	EpRealRet	TestEpRet	AverageQ1	StdQ1	MaxQ1	MinQ1	Q2	TestSuccess	TotalEnvInteracts	TotalTime
0	-127.23061	-127.23061	-25.011158	-48.234863	6.540474	-0.101381816	-69.03841	-48.258003	0.0	196982	69.02229022979736
1	-157.07678	-157.07678	-40.012817	-49.959923	0.53804135	-38.93363	-60.97121	-49.960155	0.0	397981	129.63965916633606
2	-156.71117	-156.71117	-54.13945	-49.923214	0.8604634	-35.6578	-67.12408	-49.92321	0.0	598983	192.82252168655396
3	-166.13219	-166.13219	-52.864063	-49.899082	1.0329736	-32.11855	-60.195488	-49.899166	0.0	799981	259.79849314689636
4	-152.40083	-152.40083	-16.450232	-49.83979	1.5144861	-15.078835	-57.577896	-49.83975	0.0	1000982	327.47955346107483
5	-170.57089	-170.57089	-79.340485	-49.761166	2.105016	-2.3829308	-57.04428	-49.76102	0.0	1201982	394.63287138938904
6	-146.55775	-146.55775	-40.321217	-49.760715	2.2705352	1.0559132	-57.642185	-49.76081	0.0	1402982	462.4968512058258
7	-162.69456	-162.69456	-52.553455	-49.859077	1.3482989	-0.41875824	-57.43161	-49.859188	0.0	1603981	532.6422023773193
8	-134.40442	-134.40442	-32.12295	-49.87515	1.1901071	-23.110733	-53.299213	-49.87527	0.0	1804981	602.553507566452
9	-144.46576	-144.46576	-72.234566	-49.895435	1.0457497	-24.801168	-57.206417	-49.895393	0.0	2005983	682.8054988384247
10	-146.66847	-146.66847	-77.615654	-49.914455	0.918185	-29.106916	-59.564606	-49.91443	0.0	2206984	756.5947360992432
11	-125.16522	-125.16522	-21.900663	-49.909595	0.94502884	-25.398046	-52.02363	-49.9096	0.0	2407981	825.9898710250854
12	-125.43671	-125.43671	-26.126068	-49.91655	0.93852603	-24.892561	-52.795933	-49.91649	0.0	2608982	900.4177153110504
13	-141.43434	-141.43434	-58.666836	-49.919914	0.89716333	-24.14432	-55.05825	-49.919895	0.0	2809984	973.72003698349
14	-159.49078	-159.49078	-51.83807	-49.895576	1.0758122	-20.936129	-54.301167	-49.895676	0.0	3010981	1047.1189815998077
15	-171.25864	-171.25864	-77.78286	-49.87457	1.2161027	-21.526352	-55.413475	-49.874355	0.0	3211984	1121.5990529060364
16	-153.48906	-153.48906	-70.906	-49.87106	1.1265365	-21.893349	-54.511	-49.871063	0.0	3412982	1196.3240520954132
17	-152.15857	-152.15857	-76.00802	-49.86846	1.04349	-24.179037	-54.488804	-49.868637	0.0	3613981	1268.6859455108643
18	-154.54233	-154.54233	-30.71311	-49.83226	1.2317891	-14.977665	-53.376812	-49.832417	0.0	3814982	1338.7516210079193
19	-167.93436	-167.93436	-116.42322	-49.75814	1.9553407	1.4036725	-55.885334	-49.758476	0.0	4015981	1417.9955632686615
20	-190.658	-190.658	-77.51645	-49.699615	2.341778	3.6716156	-55.801758	-49.69973	0.0	4216983	1500.8974173069
21	-174.71109	-174.71109	-48.324062	-49.72589	1.9140631	-0.29526314	-59.99271	-49.726246	0.0	4417984	1574.4205558300018
22	-160.70676	-160.70676	-51.004063	-49.82076	1.2347617	-20.410376	-53.507637	-49.820885	0.0	4618983	1650.1782722473145
23	-170.36186	-170.36186	-66.72226	-49.816284	1.2293506	-19.253988	-61.037098	-49.816463	0.0	4819982	1727.6671063899994
24	-162.73523	-162.73523	-85.39177	-49.802715	1.2278796	-20.189503	-55.098175	-49.802967	0.0	5020983	1804.0923674106598
25	-158.08223	-158.08223	-28.510633	-49.792557	1.2266222	-22.008276	-54.696926	-49.792355	0.0	5221983	1883.0869023799896
26	-149.52557	-149.52557	-44.909943	-49.784454	1.2539557	-23.846804	-54.94982	-49.784397	0.0	5422982	1956.799814939499
27	-150.62695	-150.62695	-143.30354	-49.77273	1.2801123	-24.350498	-54.70511	-49.77269	0.0	5623983	2031.438490152359
28	-160.26552	-160.26552	-68.38468	-49.7494	1.3240879	-22.969774	-54.32846	-49.749264	0.0	5824982	2103.98530459404
29	-187.62526	-187.62526	-124.60366	-49.72386	1.4152021	-24.371536	-56.793564	-49.72368	0.0	6025986	2177.3695809841156
30	-199.02673	-199.02673	-95.3271	-49.709858	1.443367	-22.353388	-60.459164	-49.70958	0.0	6226982	2249.6622495651245
31	-170.1813	-170.1813	-68.36352	-49.707775	1.4481657	-22.743301	-54.14516	-49.70752	0.0	6427986	2325.6363246440887
32	-167.0528	-167.0528	-57.04207	-49.697193	1.4805549	-23.224373	-57.712376	-49.69683	0.0	6628983	2402.6784088611603
33	-171.10838	-171.10838	-79.23402	-49.679924	1.501877	-25.415876	-54.597	-49.67963	0.0	6829983	2478.3579547405243
34	-184.1522	-184.1522	-40.44962	-49.665947	1.5463346	-23.310673	-55.595955	-49.66556	0.0	7030983	2553.5393295288086
35	-164.26083	-164.26083	-64.46501	-49.652294	1.6002852	-11.346413	-55.611046	-49.652107	0.0	7231982	2627.7212483882904
36	-171.35995	-171.35995	-62.10919	-49.650616	1.6023554	-15.352553	-54.0722	-49.650375	0.0	7432984	2710.6971831321716
37	-149.8744	-149.8744	-82.779594	-49.64655	1.6089329	-16.856762	-54.403267	-49.64648	0.0	7633981	2787.049478292465
38	-161.9988	-161.9988	-92.90854	-49.636497	1.6399204	-19.563404	-55.426685	-49.636234	0.0	7834981	2861.885154724121
39	-161.57198	-161.57198	-143.04381	-49.63743	1.6161978	-21.027735	-54.49028	-49.6373	0.0	8035984	2937.1531834602356
40	-163.0175	-163.0175	-102.76669	-49.629753	1.6348563	-23.073961	-56.10084	-49.629684	0.1	8236985	3012.6172795295715
41	-205.14574	-205.14574	-40.380104	-49.628105	1.6304175	-25.168457	-56.251587	-49.627926	0.0	8437983	3087.463710308075
42	-160.57663	-160.57663	-59.58162	-49.63118	1.6089958	-25.826298	-58.58684	-49.63136	0.0	8638981	3161.87025642395
43	-154.6106	-154.6106	-55.976486	-49.62515	1.6192306	-27.848423	-54.2229	-49.625027	0.0	8839982	3237.2262001037598
44	-145.0871	-145.0871	-106.50317	-49.619797	1.6186568	-29.97103	-54.984425	-49.61975	0.0	9040984	3322.9761114120483
45	-144.70683	-144.70683	-81.19039	-49.611984	1.637627	-29.569992	-55.356895	-49.61208	0.0	9241984	3431.6130962371826
46	-166.68156	-166.68156	-98.101364	-49.615074	1.6277465	-28.374743	-55.12494	-49.61501	0.0	9442981	3526.8198697566986
47	-150.11443	-150.11443	-62.980442	-49.604332	1.6415265	-27.877472	-61.693947	-49.604515	0.0	9643983	3605.638369321823
48	-160.21957	-160.21957	-65.648964	-49.594322	1.6489135	-27.629677	-55.76713	-49.594357	0.0	9844984	3684.324554681778
49	-160.67168	-160.67168	-14.11789	-49.598392	1.6479933	-27.362976	-54.43813	-49.598343	0.0	10045982	3760.3214631080627
50	-151.01596	-151.01596	-77.48116	-49.594997	1.6608081	-27.074783	-54.866604	-49.594906	0.0	10246982	3836.078690290451
51	-167.06485	-167.06485	-51.62461	-49.591484	1.6572102	-26.123535	-54.725426	-49.591587	0.0	10447982	3910.9349184036255
52	-174.96947	-174.96947	-98.624054	-49.5833	1.668228	-26.699015	-53.947998	-49.583202	0.1	10648983	3984.2497494220734
53	-165.89912	-165.89912	-57.39584	-49.57927	1.6769755	-29.35018	-57.4083	-49.57924	0.0	10849982	4056.7650575637817
54	-154.68791	-154.68791	-20.803064	-49.575	1.6827852	-29.367023	-53.432327	-49.574993	0.0	11050985	4135.85844707489
55	-154.33739	-154.33739	-44.54504	-49.56529	1.710135	-26.16823	-55.269707	-49.565525	0.0	11251982	4214.374703645706
56	-145.7572	-145.7572	-39.43709	-49.558918	1.7396468	-24.342009	-54.61218	-49.55881	0.0	11452982	4287.173252105713
57	-147.13548	-147.13548	-35.435524	-49.5531	1.7592628	-22.395145	-54.164707	-49.55338	0.0	11653981	4359.252960681915
58	-148.17429	-148.17429	-37.19401	-49.535027	1.7943108	-21.78443	-54.220497	-49.53492	0.0	11854987	4436.31392621994
59	-148.7358	-148.7358	-52.600758	-49.511177	1.8706403	-21.073765	-53.829926	-49.511215	0.0	12055983	4508.520972967148
60	-150.21616	-150.21616	-52.92134	-49.502277	1.9058343	-22.060688	-57.512474	-49.502296	0.0	12256982	4596.017340421677
61	-161.46361	-161.46361	-53.955997	-49.501766	1.9071939	-25.587248	-53.1018	-49.501606	0.0	12457987	4674.318528652191
62	-159.12714	-159.12714	-67.84623	-49.507393	1.896605	-26.344711	-63.902885	-49.507553	0.0	12658982	4750.8345856666565
63	-168.7378	-168.7378	-33.21494	-49.501328	1.9108648	-25.37707	-55.667088	-49.501297	0.0	12859982	4830.346125364304
64	-156.58223	-156.58223	-24.285498	-49.50244	1.9107696	-27.284605	-58.302933	-49.502583	0.0	13060984	4907.763249397278
65	-164.43623	-164.43623	-40.634724	-49.49868	1.9399505	-22.183958	-54.989483	-49.498592	0.0	13261982	4987.363508224487
66	-146.9453	-146.9453	-30.691248	-49.482697	2.004131	-12.386137	-55.27574	-49.482895	0.0	13462982	5069.20653629303
67	-155.49619	-155.49619	-66.82726	-49.449078	2.132108	-5.2583923	-55.78097	-49.449383	0.1	13663983	5140.99497795105
68	-142.818	-142.818	-41.33283	-49.401985	2.317751	-1.0522759	-60.018528	-49.401913	0.0	13864982	5217.033856868744
69	-138.02667	-138.02667	3.2077904	-49.375214	2.4090326	2.362379	-54.332367	-49.375584	0.0	14065982	5294.658578157425
70	-167.8976	-167.8976	-3.2852333	-49.337067	2.5816169	6.739122	-53.889828	-49.336945	0.0	14266986	5371.365771770477
71	-147.7822	-147.7822	-96.4281	-49.336193	2.631099	6.62139	-59.31688	-49.336166	0.1	14467982	5447.157640695572
72	-175.78082	-175.78082	-18.083004	-49.368275	2.4984882	7.564741	-57.646996	-49.3681	0.0	14668983	5526.709834098816
73	-157.04904	-157.04904	-90.194954	-49.38356	2.4716337	8.955523	-56.118805	-49.383423	0.0	14869985	5603.982395410538
74	-156.70264	-156.70264	-77.61194	-49.37963	2.5117671	9.356502	-54.5057	-49.379433	0.0	15070982	5683.793864488602
75	-163.97568	-163.97568	-83.66619	-49.39428	2.476359	15.61488	-55.355022	-49.394226	0.0	15271983	5762.540065288544
76	-185.9124	-185.9124	-29.915184	-49.415707	2.4062572	12.831818	-57.962326	-49.415733	0.0	15472984	5839.812855958939
77	-139.64937	-139.64937	-27.732002	-49.415268	2.40471	15.87701	-53.778152	-49.41535	0.0	15673982	5919.66307926178
78	-152.7327	-152.7327	-36.602787	-49.40537	2.4147954	16.293602	-53.526165	-49.405586	0.0	15874986	6003.994586467743
79	-176.32025	-176.32025	-55.82787	-49.410675	2.4024432	15.096676	-53.743607	-49.41069	0.0	16075983	6082.458071470261
80	-174.27036	-174.27036	-76.15368	-49.412758	2.400789	16.772482	-54.85949	-49.41282	0.0	16276982	6161.606875896454
81	-168.73827	-168.73827	-44.761074	-49.41497	2.3777294	12.436559	-54.59746	-49.41515	0.1	16477982	6242.666703701019
82	-149.71361	-149.71361	-3.245484	-49.401947	2.3972442	10.249849	-54.82338	-49.401886	0.0	16678983	6323.199694395065
83	-158.90602	-158.90602	-44.239975	-49.388844	2.4874568	12.786273	-54.002934	-49.389015	0.0	16879983	6404.3298234939575
84	-162.08318	-162.08318	-72.32244	-49.398094	2.434125	12.165628	-54.4662	-49.398186	0.0	17080982	6477.183839559555
85	-142.14114	-142.14114	-79.37503	-49.39327	2.4316442	19.944576	-53.73488	-49.393337	0.1	17281983	6548.756935834885
86	-180.72215	-180.72215	-35.587795	-49.383163	2.5159318	14.314496	-53.740807	-49.383293	0.0	17482984	6619.559762239456
87	-158.81282	-158.81282	-32.620983	-49.400208	2.4030743	17.583185	-56.03711	-49.400352	0.0	17683983	6691.892106771469
88	-180.10896	-180.10896	-58.988586	-49.395126	2.4246888	16.888767	-53.667328	-49.39509	0.1	17884982	6763.017831087112
89	-157.58505	-157.58505	-85.930145	-49.401028	2.4341922	13.99035	-54.84733	-49.401154	0.0	18085985	6833.083623170853
90	-144.02428	-144.02428	-107.40007	-49.40197	2.4159024	9.660108	-53.888542	-49.402103	0.0	18286987	6903.565193653107
91	-151.2603	-151.2603	-41.707508	-49.401627	2.41157	11.560932	-55.442574	-49.401714	0.0	18487983	6974.054524183273
92	-167.94728	-167.94728	-11.848081	-49.402496	2.37049	13.376963	-53.622814	-49.402615	0.1	18688985	7044.014177083969
93	-171.23207	-171.23207	-33.00464	-49.396297	2.4038582	14.236612	-59.78531	-49.396557	0.0	18889991	7114.229431390762
94	-167.99803	-167.99803	-9.661919	-49.392067	2.4540727	15.474578	-54.845978	-49.392025	0.0	19090981	7184.044474363327
95	-159.5275	-159.5275	-90.71513	-49.395985	2.402675	12.725525	-54.710045	-49.396317	0.0	19291984	7254.225189447403
96	-145.11623	-145.11623	-47.277725	-49.39111	2.4111052	20.990587	-53.952545	-49.391247	0.1	19492987	7324.742147445679
97	-144.61029	-144.61029	-0.13006803	-49.381786	2.42832	8.274266	-54.331913	-49.38187	0.0	19693982	7394.665138721466
98	-161.98889	-161.98889	-34.28824	-49.380608	2.418735	15.256197	-56.830868	-49.380737	0.0	19894981	7463.737963438034
99	-152.87738	-152.87738	-61.153893	-49.37112	2.4708714	10.498394	-54.621437	-49.371056	0.0	20095983	7533.501714706421
100	-188.17116	-188.17116	-69.39173	-49.368744	2.457237	21.485706	-55.869293	-49.369102	0.0	20296981	7603.3734674453735
101	-151.252	-151.252	-82.96752	-49.373158	2.4992375	10.43992	-54.207504	-49.373295	0.1	20497981	7672.7245173454285
102	-147.7508	-147.7508	-48.552906	-49.361217	2.5115967	12.509774	-56.128296	-49.36139	0.0	20698982	7741.970648050308
103	-150.17175	-150.17175	-7.7069554	-49.35829	2.5355263	11.168069	-56.438362	-49.358395	0.1	20899981	7810.672304391861
104	-161.419	-161.419	-37.779133	-49.333595	2.6606472	8.929469	-56.453934	-49.333668	0.0	21100985	7879.3018527030945
105	-145.3993	-145.3993	-10.780145	-49.33736	2.6486442	12.859649	-57.9756	-49.337574	0.2	21301981	7948.387562274933
106	-153.54892	-153.54892	-73.05593	-49.331863	2.6894977	10.190194	-56.204746	-49.332092	0.0	21502981	8016.975955724716
107	-174.88448	-174.88448	-10.367715	-49.34124	2.6648557	9.479354	-56.027287	-49.341145	0.0	21703981	8085.485578775406
108	-174.53168	-174.53168	-35.387497	-49.343216	2.6532137	9.084634	-57.94232	-49.343445	0.1	21904982	8154.109905719757
109	-157.38487	-157.38487	-20.460108	-49.340836	2.6581786	16.136398	-57.033993	-49.340824	0.0	22105986	8222.186815977097
110	-170.33092	-170.33092	-11.678037	-49.335915	2.6685696	15.326283	-57.554684	-49.336044	0.0	22306986	8291.238089323044
111	-164.84619	-164.84619	-14.373477	-49.335415	2.6488984	13.778842	-54.82385	-49.335533	0.0	22507984	8359.551238298416
112	-169.23033	-169.23033	-25.80827	-49.331482	2.6697512	14.230675	-56.05016	-49.331493	0.1	22708984	8428.627821207047
113	-167.85333	-167.85333	-14.33435	-49.321	2.6855836	15.124871	-55.65068	-49.3211	0.0	22909983	8497.61830663681
114	-150.47717	-150.47717	-93.9205	-49.32329	2.6678317	13.342058	-56.662865	-49.32371	0.1	23110982	8565.587755203247
115	-167.94379	-167.94379	-42.742855	-49.322994	2.6775415	15.935246	-55.614933	-49.323097	0.0	23311981	8633.549610376358
116	-162.2873	-162.2873	-3.2738256	-49.315075	2.7369266	14.819905	-55.476643	-49.315052	0.0	23512981	8701.905663013458
117	-155.40213	-155.40213	-26.718056	-49.309788	2.802313	15.953926	-54.81837	-49.310177	0.0	23713984	8769.919300317764
118	-139.42001	-139.42001	-48.661777	-49.307858	2.811981	15.857002	-57.274937	-49.307972	0.0	23914982	8838.126051425934
119	-143.34048	-143.34048	-9.159719	-49.287228	2.853646	12.743576	-55.960205	-49.28743	0.0	24115986	8905.7761759758
120	-145.20966	-145.20966	-11.904804	-49.292465	2.85029	14.078338	-55.87906	-49.292397	0.2	24316981	8974.331585168839
121	-161.04253	-161.04253	4.6111636	-49.28524	2.8538415	18.881464	-58.852093	-49.28536	0.1	24517984	9042.30564379692
122	-158.13863	-158.13863	-7.2091937	-49.287075	2.8756452	13.334339	-57.662624	-49.287006	0.0	24718983	9110.245394945145
123	-174.39445	-174.39445	-2.2247407	-49.28496	2.8807065	12.427498	-56.388798	-49.285282	0.0	24919988	9178.503452062607
124	-167.58328	-167.58328	-7.0412526	-49.27256	2.904053	14.476086	-56.3597	-49.272785	0.0	25120982	9246.831775665283
125	-158.55132	-158.55132	-9.860672	-49.273224	2.8990755	18.744965	-58.413937	-49.272797	0.1	25321985	9315.392180919647
126	-175.5523	-175.5523	-21.325516	-49.276268	2.9054117	15.140737	-55.003174	-49.27609	0.0	25522981	9383.613805055618
127	-171.1021	-171.1021	-6.428212	-49.280502	2.8727407	14.9695	-57.496136	-49.280308	0.0	25723989	9452.411552906036
128	-169.64362	-169.64362	-110.745705	-49.27695	2.8922796	21.976627	-56.40112	-49.276897	0.0	25924983	9520.404067993164
129	-180.1975	-180.1975	-1.4155838	-49.275352	2.8853574	16.820618	-56.29957	-49.27532	0.0	26125982	9588.992676496506
130	-162.09059	-162.09059	-3.691964	-49.27395	2.8778756	17.433527	-57.858128	-49.27373	0.1	26326982	9657.092939853668
131	-162.63783	-162.63783	-21.715578	-49.271034	2.867256	24.291956	-56.353462	-49.27079	0.0	26527981	9725.264118671417
132	-176.87096	-176.87096	-24.444685	-49.287464	2.8425593	10.856897	-56.54996	-49.28742	0.0	26728982	9795.02951836586
133	-146.47484	-146.47484	1.2292001	-49.27469	2.912018	16.465065	-55.95815	-49.27445	0.0	26929984	9862.847945451736
134	-193.43341	-193.43341	1.7357934	-49.27793	2.833717	16.861353	-55.54419	-49.27781	0.0	27130988	9931.264236688614
135	-176.7216	-176.7216	3.3712575	-49.276886	2.849877	12.469456	-58.294636	-49.27705	0.0	27331982	10000.166442871094
136	-145.33096	-145.33096	-27.674345	-49.26871	2.9063823	14.911749	-58.334785	-49.268414	0.0	27532982	10068.372546434402
137	-145.27373	-145.27373	-27.527308	-49.280396	2.855271	13.661644	-56.077187	-49.280334	0.1	27733981	10137.196907520294
138	-189.95963	-189.95963	6.365747	-49.27714	2.8568747	11.771345	-54.325912	-49.277298	0.2	27934984	10205.659713506699
139	-179.15637	-179.15637	-24.054974	-49.283607	2.8061624	12.761173	-60.10024	-49.28359	0.0	28135983	10274.831370592117
140	-156.28058	-156.28058	-4.3240447	-49.285275	2.7758465	15.594187	-56.09513	-49.285465	0.1	28336983	10343.478828907013
141	-159.67432	-159.67432	-11.086015	-49.284225	2.788977	11.746671	-55.889263	-49.284195	0.1	28537990	10412.054033279419
142	-173.15239	-173.15239	-15.924032	-49.276817	2.8104913	10.036182	-55.91921	-49.277065	0.0	28738982	10480.108174085617
143	-149.36554	-149.36554	3.0213225	-49.272858	2.8201535	10.985723	-54.468952	-49.272617	0.0	28939982	10548.316817522049
144	-151.8094	-151.8094	7.7335567	-49.27544	2.7952743	9.83462	-55.489502	-49.275505	0.0	29140985	10616.362170934677
145	-173.13716	-173.13716	-6.512103	-49.280357	2.7823336	18.60677	-55.529392	-49.280464	0.0	29341983	10684.488551139832
146	-143.82782	-143.82782	-13.8270445	-49.274036	2.7905025	11.745977	-55.807137	-49.274124	0.0	29542984	10752.600071668625
147	-156.82098	-156.82098	1.0491781	-49.27326	2.8023179	14.038658	-58.5358	-49.27321	0.1	29743981	10820.675344944
148	-153.64091	-153.64091	-4.052998	-49.27839	2.746404	8.954295	-54.52735	-49.27842	0.1	29944983	10889.5163564682
149	-171.64705	-171.64705	-10.107614	-49.26889	2.763822	11.957766	-53.78222	-49.268764	0.0	30145985	10958.081389665604
150	-142.1533	-142.1533	-18.813065	-49.267414	2.769843	14.024866	-57.89085	-49.26748	0.0	30346982	11026.869758367538
151	-156.54233	-156.54233	-2.8245504	-49.26231	2.8289337	11.265598	-56.297543	-49.262493	0.1	30547991	11095.375181436539
152	-186.47408	-186.47408	-42.214573	-49.261494	2.7990324	14.1825485	-54.982693	-49.261448	0.0	30748984	11163.980728626251
153	-147.63504	-147.63504	-30.6498	-49.27895	2.744135	11.052704	-56.779163	-49.27901	0.0	30949983	11232.489884138107
154	-173.06891	-173.06891	-25.439922	-49.27169	2.8053067	12.354206	-54.36195	-49.271828	0.0	31150981	11300.857063055038
155	-165.3815	-165.3815	-13.439159	-49.27597	2.8010654	12.418232	-54.85179	-49.276157	0.0	31351983	11369.34537243843
156	-132.82175	-132.82175	0.5479492	-49.271366	2.774914	13.257201	-54.274517	-49.271442	0.0	31552984	11437.279286146164
157	-160.96219	-160.96219	1.8785843	-49.273132	2.7907283	10.512112	-56.73988	-49.273422	0.0	31753984	11505.920717716217
158	-173.86609	-173.86609	-10.1426325	-49.271698	2.7896984	10.443558	-54.806602	-49.271873	0.0	31954982	11573.951823472977
159	-166.95082	-166.95082	1.2954941	-49.27933	2.7656798	12.843928	-54.423378	-49.279564	0.1	32155986	11642.298856258392
160	-135.9912	-135.9912	-1.4211421	-49.274475	2.7710268	11.414957	-55.080566	-49.274696	0.0	32356982	11710.862024307251
161	-135.8534	-135.8534	-10.3891735	-49.26685	2.8172038	11.566457	-55.068363	-49.26712	0.0	32557981	11780.359179019928
162	-148.2142	-148.2142	-10.744498	-49.2627	2.8240676	17.396402	-58.07776	-49.263004	0.0	32758984	11849.489432096481
163	-129.92776	-129.92776	-12.527546	-49.25678	2.8482974	12.79078	-54.77058	-49.256565	0.1	32959984	11918.080409765244
164	-181.98619	-181.98619	-15.388641	-49.250797	2.9106886	17.041111	-56.39769	-49.251274	0.1	33160981	11987.103105783463
165	-160.92966	-160.92966	5.4033313	-49.25586	2.9118683	16.433113	-55.268196	-49.25582	0.0	33361982	12055.956447601318
166	-153.61742	-153.61742	-4.4390726	-49.245243	2.9660506	13.283816	-54.9472	-49.245518	0.1	33562982	12125.106589794159
167	-157.64989	-157.64989	-26.33409	-49.248142	2.9061534	14.705387	-54.840538	-49.248215	0.0	33763987	12193.813951015472
168	-174.91154	-174.91154	-41.488388	-49.2296	2.9971516	18.688507	-55.53073	-49.229725	0.0	33964985	12262.465375423431
169	-157.8022	-157.8022	-10.612145	-49.232967	2.976428	21.325806	-54.884052	-49.233128	0.0	34165986	12330.920694828033
170	-130.8654	-130.8654	-11.146947	-49.24039	2.947066	12.473968	-55.603493	-49.240585	0.1	34366982	12399.314441204071
171	-157.76202	-157.76202	2.8532577	-49.23456	2.922045	14.735104	-58.292053	-49.234737	0.0	34567984	12468.168090343475
172	-140.52942	-140.52942	4.8514414	-49.22536	2.9300148	15.173639	-54.52465	-49.225555	0.0	34768981	12537.142573356628
173	-150.23485	-150.23485	1.475076	-49.220234	2.9748657	13.131598	-55.10355	-49.22045	0.0	34969982	12605.794656276703
174	-155.46895	-155.46895	-3.8076005	-49.209328	2.9947815	21.272831	-54.740246	-49.20961	0.1	35170984	12679.039377212524
175	-152.72554	-152.72554	-2.5819643	-49.218746	2.9861138	27.381035	-57.074917	-49.218807	0.2	35371983	12748.854189634323
176	-158.98033	-158.98033	-18.218023	-49.203716	3.0678837	16.856758	-55.531258	-49.20406	0.0	35572985	12818.959643125534
177	-147.04535	-147.04535	-8.6406555	-49.205544	3.0675972	12.870325	-56.33094	-49.205605	0.1	35773981	12888.242187023163
178	-145.3028	-145.3028	-24.803408	-49.192745	3.1112807	14.105063	-55.398582	-49.193153	0.0	35974982	12958.014968156815
179	-134.89122	-134.89122	-47.601498	-49.189156	3.1084423	19.35268	-55.30544	-49.189342	0.0	36175984	13028.207458019257
180	-170.72636	-170.72636	-229.94875	-49.1844	3.1218386	13.420412	-56.030914	-49.184906	0.0	36376981	13097.228246927261
181	-186.6389	-186.6389	-67.2555	-49.176647	3.1099842	14.19513	-55.77018	-49.17683	0.0	36577991	13166.73013138771
182	-172.81046	-172.81046	-36.584538	-49.181103	3.1083636	16.72058	-55.492767	-49.181416	0.2	36778981	13236.286993265152
183	-157.00089	-157.00089	-42.132874	-49.16842	3.1321328	17.050339	-57.29694	-49.16862	0.3	36979982	13305.719877004623
184	-162.8398	-162.8398	-67.798355	-49.17465	3.0806882	11.815039	-55.456264	-49.175137	0.1	37180984	13374.58586025238
185	-147.92569	-147.92569	-102.56694	-49.161392	3.1571674	15.950088	-58.44591	-49.16165	0.0	37381986	13443.544373989105
186	-157.42725	-157.42725	-40.032616	-49.147995	3.215255	19.808788	-55.36957	-49.14814	0.0	37582982	13512.803237438202
187	-153.29626	-153.29626	-28.197527	-49.167618	3.1691132	27.950306	-56.273228	-49.167885	0.1	37783984	13582.04324555397
188	-172.58351	-172.58351	-7.805324	-49.159763	3.2119968	19.025795	-55.830658	-49.159454	0.4	37984984	13651.795862436295
189	-158.16516	-158.16516	-44.0986	-49.166634	3.1930957	16.120937	-55.215916	-49.16709	0.2	38185985	13721.21445441246
190	-164.81647	-164.81647	-31.489388	-49.162712	3.2128766	27.836876	-62.764137	-49.163086	0.2	38386984	13790.882190704346
191	-184.40323	-184.40323	1.4496778	-49.15177	3.271957	16.834108	-55.32154	-49.15187	0.3	38587985	13860.258089542389
192	-164.06192	-164.06192	-36.084827	-49.159794	3.2028825	19.438343	-56.53057	-49.159916	0.1	38788984	13932.618602752686
193	-153.60304	-153.60304	-82.20214	-49.156002	3.220078	22.07227	-55.891922	-49.15589	0.0	38989981	14002.386410474777
194	-185.60478	-185.60478	-2.6231372	-49.158615	3.234595	21.674303	-60.809128	-49.158653	0.2	39190981	14071.640811920166
195	-158.50818	-158.50818	-86.27477	-49.154694	3.2370772	14.838453	-54.985096	-49.15467	0.1	39391986	14141.19361448288
196	-165.18025	-165.18025	-22.121716	-49.151573	3.2709358	17.80713	-55.92306	-49.15178	0.0	39592982	14210.57032585144
197	-176.17538	-176.17538	-4.9090886	-49.16717	3.2249062	23.38397	-54.901825	-49.167206	0.2	39793983	14279.999606609344
198	-159.32405	-159.32405	-33.037437	-49.160522	3.2607555	31.907454	-58.73943	-49.16044	0.2	39994982	14349.970141172409
199	-150.8417	-150.8417	-37.20873	-49.169846	3.1920667	21.024136	-55.571896	-49.17003	0.1	40195985	14419.341960430145
200	-173.09694	-173.09694	-42.16301	-49.166046	3.2184696	16.664873	-55.894447	-49.16612	0.2	40396984	14489.70171713829
201	-176.50182	-176.50182	-16.19999	-49.155666	3.279282	22.195873	-59.551113	-49.155945	0.0	40597986	14560.03453874588
202	-169.12059	-169.12059	-37.236824	-49.174664	3.1378329	14.289582	-54.84411	-49.174534	0.0	40798984	14630.51098370552
203	-149.11761	-149.11761	-19.669548	-49.16193	3.205173	20.16278	-56.2901	-49.161938	0.2	40999982	14700.371737003326
204	-154.12274	-154.12274	-6.4948215	-49.141525	3.2421408	30.613863	-55.194164	-49.141663	0.1	41200982	14770.188664674759
205	-143.86813	-143.86813	-10.764911	-49.14824	3.2213144	17.428411	-55.32246	-49.148026	0.2	41401985	14840.204298496246
206	-163.88394	-163.88394	-3.7865815	-49.138184	3.2535403	16.678757	-55.4049	-49.13829	0.1	41602983	14910.106260538101
207	-159.43832	-159.43832	2.3161867	-49.13475	3.279569	16.048864	-55.491287	-49.134445	0.1	41803984	14979.826276063919
208	-160.54836	-160.54836	-57.29348	-49.13363	3.2531617	28.036459	-56.26925	-49.133698	0.1	42004983	15049.16057419777
209	-164.96431	-164.96431	-3.1973686	-49.128357	3.2842293	17.411676	-56.85928	-49.128372	0.2	42205982	15118.88058423996
210	-161.68443	-161.68443	7.95325	-49.118607	3.3127918	13.873796	-56.661873	-49.118656	0.1	42406982	15187.846908807755
211	-146.08167	-146.08167	-3.7641802	-49.12659	3.2723823	15.730827	-55.05555	-49.126766	0.2	42607981	15257.241948604584
212	-159.81769	-159.81769	-19.886166	-49.125282	3.3034449	17.003942	-57.096462	-49.12555	0.1	42808983	15326.936208486557
213	-155.4614	-155.4614	-53.36653	-49.115658	3.3591826	27.250532	-57.01754	-49.11553	0.1	43009981	15396.747400045395
214	-141.54521	-141.54521	-26.394258	-49.116604	3.3391495	17.624958	-56.374912	-49.116566	0.0	43210981	15466.790904045105
215	-160.39468	-160.39468	-17.613728	-49.111202	3.3422441	13.802915	-56.89707	-49.111206	0.3	43411982	15536.63051199913
216	-193.61055	-193.61055	-23.079397	-49.113213	3.3385272	12.142727	-56.803516	-49.113277	0.2	43612984	15605.987923622131
217	-163.77031	-163.77031	2.2395592	-49.110992	3.3263433	19.453625	-57.11348	-49.11093	0.2	43813986	15675.354415416718
218	-171.39207	-171.39207	-6.7484603	-49.12754	3.2703958	20.525467	-56.23554	-49.127316	0.1	44014982	15745.565638065338
219	-135.52448	-135.52448	-56.34972	-49.112865	3.3196118	15.807861	-54.509205	-49.11304	0.2	44215982	15815.420512914658
220	-160.61679	-160.61679	-6.6206226	-49.10966	3.3307443	17.901917	-55.634007	-49.109566	0.0	44416983	15884.323380470276
221	-176.79659	-176.79659	-46.362408	-49.103775	3.4148061	18.049107	-55.190247	-49.10409	0.2	44617989	15954.166598558426
222	-162.84357	-162.84357	7.520578	-49.112354	3.3645933	18.897303	-54.95648	-49.112316	0.0	44818982	16024.939927339554
223	-155.54588	-155.54588	-5.592685	-49.11134	3.3686168	17.176922	-55.613308	-49.111156	0.0	45019983	16094.295537948608
224	-142.42628	-142.42628	-31.382784	-49.116783	3.3372948	23.741667	-63.719723	-49.117027	0.0	45220985	16163.2611515522
225	-177.59877	-177.59877	-2.748819	-49.11824	3.336616	18.87272	-54.83415	-49.118187	0.0	45421984	16232.635219573975
226	-153.82011	-153.82011	-9.802711	-49.115517	3.3351219	18.013065	-55.424206	-49.115524	0.1	45622982	16302.016839027405
227	-171.67027	-171.67027	-40.815304	-49.116035	3.3532183	16.98813	-59.88414	-49.11585	0.1	45823983	16370.81272149086
228	-148.11308	-148.11308	-9.404847	-49.107754	3.3710923	18.024422	-57.194393	-49.108055	0.0	46024981	16440.502614974976
229	-170.35135	-170.35135	-3.2007349	-49.108723	3.3984642	17.49616	-54.712044	-49.10894	0.2	46225985	16510.381173610687
230	-153.96019	-153.96019	6.449809	-49.11205	3.3652143	18.65129	-55.718826	-49.11203	0.1	46426981	16579.932970046997
231	-171.00137	-171.00137	5.1588707	-49.110943	3.3403003	16.071957	-59.172516	-49.11115	0.2	46627983	16649.678399562836
232	-140.57866	-140.57866	-4.7475085	-49.103176	3.3411162	18.177143	-56.591072	-49.103287	0.1	46828985	16718.903880357742
233	-166.22491	-166.22491	0.9010425	-49.110096	3.3389504	18.042007	-56.114086	-49.110092	0.1	47029985	16788.31338953972
234	-155.9921	-155.9921	-16.282486	-49.106728	3.369725	19.558569	-64.387596	-49.107132	0.0	47230984	16857.671674489975
235	-166.23004	-166.23004	-27.011482	-49.10484	3.3377392	15.970171	-58.876255	-49.104744	0.1	47431989	16927.21218395233
236	-168.95027	-168.95027	-11.543723	-49.098835	3.3859878	15.444698	-58.767456	-49.09909	0.2	47632984	16996.84999203682
237	-161.39728	-161.39728	4.0894732	-49.095116	3.4090793	17.416046	-61.529327	-49.095173	0.1	47833983	17067.17587208748
238	-139.85121	-139.85121	-48.01006	-49.095207	3.4154196	14.497025	-64.77598	-49.095398	0.2	48034982	17137.059569597244
239	-142.83145	-142.83145	1.6897649	-49.0784	3.462507	16.505156	-58.187542	-49.07872	0.3	48235982	17206.470896720886
240	-143.81174	-143.81174	-18.323341	-49.080864	3.4689026	14.427368	-57.541016	-49.081154	0.0	48436983	17276.395609140396
241	-145.10947	-145.10947	-14.4562845	-49.089264	3.4396896	17.086891	-57.535336	-49.08939	0.2	48637983	17346.367551088333
242	-163.3066	-163.3066	2.051247	-49.064835	3.5412302	18.696653	-57.38916	-49.065346	0.0	48838987	17415.926386356354
243	-158.89957	-158.89957	2.2576027	-49.080296	3.4700072	23.373917	-59.329052	-49.080162	0.1	49039983	17486.311415195465
244	-152.90317	-152.90317	-26.995703	-49.067245	3.5124872	20.711346	-60.315903	-49.06753	0.3	49240985	17557.13769721985
245	-135.32056	-135.32056	-30.109587	-49.08164	3.4756286	23.834314	-58.696613	-49.08151	0.0	49441983	17626.589430093765
246	-160.52922	-160.52922	-21.608204	-49.07768	3.5166762	27.175392	-62.76335	-49.077904	0.3	49642989	17696.0821788311
247	-139.35553	-139.35553	-9.297467	-49.06108	3.5789793	27.832413	-58.927673	-49.061073	0.2	49843984	17765.54868364334
248	-137.62535	-137.62535	-15.805424	-49.05992	3.576987	18.297255	-60.370903	-49.060226	0.1	50044982	17835.317145109177
249	-160.42159	-160.42159	-18.009232	-49.06513	3.5631542	22.37527	-58.06698	-49.06478	0.3	50245987	17904.76376891136
250	-152.45914	-152.45914	3.921649	-49.069077	3.5428717	20.183876	-60.19716	-49.06925	0.1	50446982	17974.966048002243
251	-149.33093	-149.33093	-11.009991	-49.068142	3.5441878	17.806158	-59.107365	-49.068264	0.3	50647981	18044.880984067917
252	-170.48474	-170.48474	-55.809082	-49.062508	3.5570405	14.256388	-60.205486	-49.0626	0.1	50848983	18114.81444311142
253	-182.99136	-182.99136	2.650213	-49.06186	3.6053576	25.554224	-56.883163	-49.061672	0.1	51049982	18184.472456216812
254	-146.70074	-146.70074	5.5363655	-49.06337	3.5840547	19.630062	-58.203575	-49.06338	0.2	51250983	18253.730553150177
255	-172.90054	-172.90054	-20.643034	-49.053703	3.5849142	19.951593	-60.73357	-49.053623	0.3	51451986	18323.28843522072
256	-167.22215	-167.22215	-17.251207	-49.052517	3.5788593	19.822582	-58.549957	-49.05274	0.2	51652985	18393.11078953743
257	-160.97847	-160.97847	-0.8285519	-49.06543	3.5506277	20.701923	-60.00818	-49.06555	0.2	51853987	18463.16582751274
258	-154.74622	-154.74622	-31.01463	-49.066395	3.5675375	32.29211	-61.322517	-49.065956	0.1	52054984	18532.754564523697
259	-146.62471	-146.62471	-5.7703714	-49.06205	3.575071	21.165464	-59.035866	-49.061943	0.2	52255981	18602.919426202774
260	-140.67047	-140.67047	-45.838192	-49.067074	3.5481546	17.114647	-60.56544	-49.066734	0.3	52456985	18672.358774900436
261	-147.03783	-147.03783	4.6197085	-49.058914	3.5664978	14.888967	-62.13107	-49.05887	0.2	52657982	18741.950433015823
262	-167.01857	-167.01857	-8.625558	-49.060555	3.5698016	24.269892	-59.134987	-49.060406	0.1	52858985	18811.42414045334
263	-183.4322	-183.4322	-4.80701	-49.07084	3.5379007	15.403419	-59.972874	-49.070496	0.2	53059984	18881.05060005188
264	-173.82275	-173.82275	-2.2692513	-49.06563	3.556702	26.662525	-59.184593	-49.065834	0.1	53260991	18950.923996686935
265	-166.5471	-166.5471	-7.191249	-49.067886	3.5465055	18.744244	-57.978863	-49.0678	0.1	53461984	19020.51135778427
266	-172.53787	-172.53787	1.1759396	-49.076588	3.5123105	21.949009	-58.473434	-49.076538	0.1	53662982	19090.316833257675
267	-153.2122	-153.2122	-25.792376	-49.080456	3.522664	18.688408	-60.04856	-49.08042	0.3	53863982	19159.57379412651
268	-200.85458	-200.85458	-21.471712	-49.07524	3.5317347	19.721666	-61.430126	-49.07507	0.1	54064981	19229.410113811493
269	-144.5706	-144.5706	-20.811163	-49.079277	3.525632	21.363132	-59.077515	-49.07924	0.1	54265983	19299.32662653923
270	-169.27931	-169.27931	-15.137969	-49.085533	3.5028312	25.715515	-59.619865	-49.085354	0.6	54466981	19369.946056842804
271	-137.36357	-137.36357	-47.040646	-49.072403	3.5602496	33.541756	-61.24901	-49.072044	0.5	54667981	19439.81830072403
272	-170.24527	-170.24527	-29.611387	-49.06476	3.5110173	15.870567	-57.647312	-49.06487	0.3	54868986	19509.713024377823
273	-166.59317	-166.59317	7.629628	-49.07942	3.5350976	17.308441	-60.21529	-49.079384	0.2	55069985	19579.517547130585
274	-152.97166	-152.97166	9.816227	-49.070107	3.502522	28.346304	-61.65887	-49.07015	0.1	55270985	19649.072442770004
275	-137.27632	-137.27632	-12.40759	-49.06584	3.5267627	30.608109	-61.331512	-49.06558	0.3	55471983	19718.685037136078
276	-152.95132	-152.95132	-68.91199	-49.06605	3.5383694	18.857182	-61.674885	-49.06603	0.1	55672984	19788.270921468735
277	-138.70876	-138.70876	-5.8010936	-49.062424	3.5339963	16.235922	-61.326683	-49.06253	0.1	55873981	19858.078365802765
278	-175.90654	-175.90654	0.21317965	-49.061363	3.5477245	21.555292	-58.456787	-49.06115	0.1	56074989	19927.88850903511
279	-166.63489	-166.63489	-18.901623	-49.063457	3.5470083	16.485613	-59.466713	-49.063595	0.1	56275983	19998.004768133163
280	-145.3331	-145.3331	-21.751421	-49.044346	3.5599706	17.891348	-58.904057	-49.043854	0.6	56476981	20068.238711118698
281	-175.7412	-175.7412	-15.991257	-49.04949	3.51724	24.054886	-57.75239	-49.049282	0.2	56677984	20138.288788080215
282	-158.16966	-158.16966	-18.732607	-49.053623	3.519586	23.76814	-60.040695	-49.053658	0.2	56878985	20208.702396154404
283	-162.17758	-162.17758	-3.6593816	-49.040245	3.5412617	16.8131	-59.44623	-49.040207	0.1	57079985	20279.941125631332
284	-158.43475	-158.43475	-1.1000557	-49.04425	3.5882154	21.404373	-58.56553	-49.044052	0.0	57280982	20350.218923807144
285	-154.65613	-154.65613	-18.932217	-49.036854	3.579342	20.032166	-59.12586	-49.036797	0.4	57481983	20420.41431236267
286	-160.97755	-160.97755	7.1962447	-49.034172	3.6071897	32.335114	-59.46878	-49.034084	0.2	57682982	20490.935116052628
287	-175.7963	-175.7963	-6.518326	-49.03297	3.6148536	22.104685	-60.477627	-49.033127	0.2	57883986	20560.959413051605
288	-167.1259	-167.1259	-34.175632	-49.03647	3.616562	22.029488	-57.18359	-49.036312	0.3	58084982	20630.679044485092
289	-177.60281	-177.60281	-15.16927	-49.03263	3.6284068	25.046558	-59.769054	-49.032993	0.2	58285985	20700.55940747261
290	-168.70886	-168.70886	-5.2031555	-49.048805	3.5957592	27.871681	-58.96671	-49.04875	0.2	58486986	20770.231330633163
291	-158.26163	-158.26163	-32.1331	-49.04135	3.6514952	19.725014	-60.399784	-49.041313	0.4	58687981	20840.195919275284
292	-138.97748	-138.97748	-5.249299	-49.030025	3.674465	23.654213	-59.930817	-49.030228	0.4	58888984	20910.209782600403
293	-159.47142	-159.47142	-0.084953174	-49.04888	3.6361916	18.36756	-62.20685	-49.04872	0.1	59089982	20979.9772400856
294	-153.30568	-153.30568	6.4641924	-49.033585	3.6940718	28.774517	-61.811615	-49.033703	0.3	59290983	21049.832891464233
295	-158.10245	-158.10245	0.85554904	-49.02524	3.7544053	18.006794	-62.898113	-49.025124	0.4	59491982	21120.625761032104
296	-150.26093	-150.26093	6.5221477	-49.033592	3.7270205	21.25827	-59.72618	-49.03372	0.2	59692982	21190.340255260468
297	-176.32326	-176.32326	1.0642246	-49.037918	3.7111523	23.356985	-59.304115	-49.03797	0.3	59893986	21259.847828626633
298	-168.28845	-168.28845	-14.745301	-49.03094	3.7212033	32.38433	-65.96229	-49.0309	0.2	60094984	21329.48575258255
299	-144.1561	-144.1561	-28.769896	-49.03408	3.7142081	21.124563	-61.242	-49.03394	0.3	60295982	21398.944844722748
300	-162.01822	-162.01822	-2.231857	-49.027542	3.7334135	48.52323	-63.331615	-49.027554	0.1	60496985	21469.13238954544
301	-145.09601	-145.09601	4.6694837	-49.029312	3.7153783	20.644455	-70.744446	-49.02939	0.2	60697984	21538.62849164009
302	-167.03635	-167.03635	-27.806091	-49.016766	3.7669244	36.343803	-59.071236	-49.016747	0.3	60898982	21608.917488098145
303	-159.23221	-159.23221	3.653434	-49.02636	3.7023592	19.53282	-61.018253	-49.026363	0.2	61099982	21678.128843545914
304	-160.654	-160.654	-24.007038	-49.024433	3.7385957	35.038147	-62.081345	-49.024353	0.2	61300985	21747.775221824646
305	-148.91759	-148.91759	-34.786037	-49.031555	3.693804	18.666204	-62.601833	-49.0316	0.1	61501981	21818.276665210724
306	-161.71019	-161.71019	-7.0194173	-49.01073	3.739599	26.45227	-64.26112	-49.010845	0.3	61702981	21887.864451885223
307	-166.66045	-166.66045	5.485306	-49.019104	3.7644753	25.001198	-60.9728	-49.019184	0.1	61903981	21958.411323070526
308	-156.9347	-156.9347	-3.080177	-49.02146	3.713628	23.845049	-60.00721	-49.021393	0.3	62104982	22029.187938690186
309	-152.40727	-152.40727	3.755471	-49.019245	3.7100372	45.486847	-59.18444	-49.019054	0.2	62305982	22099.932029247284
310	-162.97888	-162.97888	2.1848161	-49.021774	3.7116437	17.511679	-59.86649	-49.02187	0.3	62506983	22169.804966449738
311	-146.51007	-146.51007	4.6654973	-49.011024	3.709259	31.257519	-60.037064	-49.011086	0.1	62707991	22239.977883577347
312	-150.05547	-150.05547	0.46247995	-49.010853	3.7615793	21.361233	-59.49953	-49.010677	0.1	62908981	22310.2617559433
313	-150.39577	-150.39577	-13.759574	-49.020554	3.6771905	24.411003	-60.301304	-49.020622	0.1	63109982	22380.11489725113
314	-135.33278	-135.33278	-1.640065	-49.00613	3.7784784	22.94011	-62.725178	-49.006138	0.3	63310985	22451.917250156403
315	-175.92587	-175.92587	2.0102112	-49.000877	3.7697718	22.165962	-62.574497	-49.00114	0.3	63511985	22522.392011642456
316	-155.17339	-155.17339	-7.577023	-49.00975	3.7669296	23.106052	-58.454704	-49.00964	0.4	63712984	22592.950082302094
317	-154.96716	-154.96716	3.815493	-48.999146	3.8055253	41.5238	-59.121975	-48.999386	0.5	63913982	22663.32260966301
318	-151.89172	-151.89172	-66.23013	-48.99497	3.786796	20.10098	-72.45392	-48.995033	0.0	64114985	22733.98275065422
319	-148.57149	-148.57149	5.687412	-48.99174	3.8002272	29.381239	-56.68517	-48.991848	0.2	64315987	22804.246926784515
320	-183.99657	-183.99657	6.830445	-48.978718	3.850061	19.818573	-61.06869	-48.97908	0.2	64516988	22875.160404920578
321	-128.02977	-128.02977	5.560392	-48.988415	3.811451	25.22844	-62.67511	-48.988316	0.3	64717983	22946.102621793747
322	-175.71075	-175.71075	8.083983	-48.98139	3.8773458	45.248215	-62.15198	-48.98163	0.0	64918989	23016.254462003708
323	-168.79222	-168.79222	7.6408296	-48.977478	3.8633497	31.85907	-63.925648	-48.97752	0.2	65119983	23086.16937851906
324	-158.76758	-158.76758	7.629997	-48.976833	3.8710458	20.980175	-59.422756	-48.977104	0.0	65320982	23156.28742790222
325	-147.848	-147.848	-14.615061	-48.98432	3.8502839	24.560198	-60.79425	-48.984188	0.3	65521981	23226.23073077202
326	-169.5811	-169.5811	-5.613266	-48.970997	3.8904629	29.703453	-61.790955	-48.97096	0.3	65722984	23295.82141184807
327	-148.53436	-148.53436	6.195123	-48.97551	3.8966014	37.049362	-60.933456	-48.975674	0.2	65923982	23365.937113761902
328	-180.40172	-180.40172	6.4061666	-48.982903	3.893007	24.056057	-63.560337	-48.983047	0.5	66124981	23436.000005483627
329	-167.0167	-167.0167	-28.052193	-48.968082	3.9564052	31.20636	-62.95956	-48.96806	0.2	66325982	23506.115157842636
330	-180.79227	-180.79227	7.09111	-48.988464	3.8907096	24.970541	-62.220337	-48.988564	0.3	66526991	23577.05322241783
331	-145.57204	-145.57204	-31.00233	-48.98504	3.912855	20.734783	-63.203438	-48.984997	0.3	66727985	23647.49116039276
332	-152.2207	-152.2207	-27.834496	-48.97777	3.9145727	24.903969	-62.1042	-48.977737	0.1	66928983	23718.554728507996
333	-166.8042	-166.8042	-43.996006	-48.979984	3.9382899	27.111685	-59.789963	-48.980312	0.4	67129985	23789.764560461044
334	-174.51884	-174.51884	9.416838	-48.973854	3.947565	20.03126	-59.530327	-48.973858	0.3	67330982	23861.40706706047
335	-137.60236	-137.60236	-17.927471	-48.977394	3.9233418	27.223906	-60.34028	-48.977604	0.3	67531982	23932.286289215088
336	-177.55367	-177.55367	-33.537228	-48.965015	3.9527323	23.804394	-59.718594	-48.964787	0.3	67732983	24002.9680185318
337	-152.83571	-152.83571	-1.0331641	-48.96315	3.9960177	33.643646	-65.00594	-48.96327	0.3	67933981	24073.4331240654
338	-174.82805	-174.82805	-7.563324	-48.96632	3.996477	28.250446	-63.517094	-48.966293	0.2	68134982	24145.658369779587
339	-164.50755	-164.50755	-7.334411	-48.978024	3.9349923	28.815414	-61.509983	-48.978245	0.5	68335984	24217.50145506859
340	-150.51569	-150.51569	-15.352471	-48.980217	3.8986502	24.669067	-63.508804	-48.980244	0.3	68536982	24288.85174393654
341	-164.09619	-164.09619	-91.79523	-48.978477	3.9513173	31.855621	-62.332306	-48.978287	0.2	68737982	24360.222883224487
342	-160.49054	-160.49054	1.8474419	-48.97558	3.931257	21.772934	-65.37977	-48.97566	0.3	68938983	24431.878077030182
343	-136.4084	-136.4084	4.047518	-48.983334	3.9095266	22.04479	-60.01168	-48.983486	0.0	69139982	24503.466707468033
344	-175.45587	-175.45587	-11.847735	-48.97961	3.9281209	30.798183	-62.179832	-48.97956	0.3	69340982	24575.270616054535
345	-171.13283	-171.13283	-1.438467	-48.97256	3.9458067	30.507849	-61.931396	-48.97262	0.3	69541984	24646.311658382416
346	-187.37946	-187.37946	-26.117115	-48.952526	4.033498	26.472214	-62.25172	-48.952515	0.2	69742982	24717.734548568726
347	-152.53584	-152.53584	-16.26668	-48.96756	3.9710243	25.986294	-61.1634	-48.96762	0.4	69943984	24788.77094769478
348	-147.82425	-147.82425	0.18220195	-48.973125	3.941642	36.580807	-60.444523	-48.973312	0.2	70144983	24859.00404548645
349	-164.91385	-164.91385	1.82028	-48.96931	3.9919832	35.357826	-63.759212	-48.96927	0.4	70345983	24929.754516601562
350	-163.91132	-163.91132	-19.571547	-48.971382	3.9558923	22.52167	-60.18359	-48.971428	0.4	70546989	25000.581983089447
351	-156.33296	-156.33296	-8.327819	-48.96596	4.010054	26.209553	-61.81065	-48.965923	0.0	70747983	25070.947645664215
352	-163.44121	-163.44121	6.8305373	-48.967453	4.0027957	26.827728	-60.406857	-48.9675	0.3	70948981	25141.041434288025
353	-147.77011	-147.77011	6.024163	-48.97217	3.9840937	36.01406	-66.54549	-48.97227	0.0	71149983	25211.425988197327
354	-142.58026	-142.58026	-14.391241	-48.963062	4.0110755	31.653028	-64.06911	-48.96265	0.2	71350991	25281.796545505524
355	-144.18234	-144.18234	-3.019587	-48.954502	3.9873042	23.222422	-63.2092	-48.954914	0.2	71551981	25352.443816184998
356	-149.76982	-149.76982	-3.2423353	-48.96289	3.9647949	27.098259	-63.8706	-48.962772	0.2	71752982	25423.350565433502
357	-140.85046	-140.85046	9.445838	-48.95373	4.044116	24.420784	-64.77608	-48.95378	0.4	71953982	25494.05961728096
358	-146.38359	-146.38359	-12.984509	-48.963028	3.9829602	29.42458	-62.151936	-48.962982	0.3	72154982	25564.76763510704
359	-147.62976	-147.62976	-0.119380385	-48.948814	4.001973	27.953392	-67.28479	-48.94861	0.2	72355982	25635.179781913757
360	-168.77342	-168.77342	8.738358	-48.942703	4.048158	20.0609	-67.7222	-48.942913	0.6	72556985	25705.61808037758
361	-153.94121	-153.94121	4.2734714	-48.95521	3.994946	25.266161	-65.69683	-48.955063	0.5	72757984	25776.148592233658
362	-168.04306	-168.04306	5.8973293	-48.95028	3.9918585	24.610077	-65.25874	-48.95027	0.1	72958986	25846.201038122177
363	-151.26593	-151.26593	9.517554	-48.95752	3.9375317	35.353516	-58.963787	-48.95779	0.4	73159983	25915.609876155853
364	-151.4881	-151.4881	-4.923469	-48.943527	4.0165997	30.150751	-67.273994	-48.943275	0.3	73360981	25985.855308055878
365	-146.70227	-146.70227	4.7759314	-48.942802	4.012537	31.375927	-60.565075	-48.94298	0.3	73561984	26056.48223423958
366	-122.41711	-122.41711	5.8858333	-48.946136	4.0014997	28.999714	-65.64676	-48.94598	0.2	73762981	26126.597766160965
367	-153.39264	-153.39264	-4.8686905	-48.93199	4.0609837	30.046656	-63.513878	-48.93224	0.3	73963982	26196.773361444473
368	-167.4599	-167.4599	-4.8285794	-48.930134	4.086612	25.709932	-63.7685	-48.929916	0.3	74164986	26266.73221373558
369	-170.74295	-170.74295	-8.833306	-48.939735	3.998578	26.393852	-60.12635	-48.93979	0.0	74365982	26336.93400144577
370	-141.7498	-141.7498	-10.123792	-48.94281	4.0371046	25.6808	-63.99742	-48.942863	0.1	74566982	26406.84646177292
371	-139.77036	-139.77036	7.530214	-48.91244	4.1303244	26.92362	-61.472393	-48.912285	0.4	74767982	26477.621802568436
372	-164.3382	-164.3382	7.9395323	-48.932518	4.0322	22.57005	-60.174572	-48.932526	0.4	74968983	26548.43404531479
373	-178.94194	-178.94194	-8.200589	-48.93234	4.0600963	22.004618	-64.58757	-48.932415	0.2	75169987	26619.151002407074
374	-129.21727	-129.21727	2.8202446	-48.932476	4.054237	26.848728	-61.38606	-48.932243	0.2	75370982	26689.51188659668
375	-150.69394	-150.69394	9.757977	-48.927162	4.0517244	21.880322	-61.515636	-48.927177	0.1	75571981	26759.53764152527
376	-181.25099	-181.25099	-31.947126	-48.930965	4.057561	23.16563	-60.212257	-48.931168	0.3	75772984	26829.27955508232
377	-171.0018	-171.0018	6.2589436	-48.940086	4.023579	29.38245	-61.272854	-48.940147	0.3	75973991	26900.0257229805
378	-162.61617	-162.61617	0.20074615	-48.933598	4.041499	22.072437	-65.85592	-48.933483	0.2	76174982	26970.29433822632
379	-162.17288	-162.17288	1.040605	-48.94338	4.0191045	23.853771	-65.869514	-48.943424	0.0	76375986	27039.68097639084
380	-152.0837	-152.0837	2.1808105	-48.936085	4.016051	20.926477	-62.42095	-48.935997	0.1	76576982	27109.666829824448
381	-144.72246	-144.72246	-5.7453113	-48.93046	4.0228715	31.162516	-63.35433	-48.93062	0.2	76777981	27180.39072918892
382	-138.79243	-138.79243	-15.1245	-48.937008	4.018068	26.801311	-68.72028	-48.93679	0.2	76978982	27250.311981201172
383	-149.29848	-149.29848	8.003137	-48.942997	3.9964724	40.544765	-60.27784	-48.94316	0.0	77179984	27321.13992714882
384	-176.2247	-176.2247	6.605803	-48.9424	3.9928548	27.1422	-67.206985	-48.94213	0.1	77380981	27391.68573451042
385	-144.69891	-144.69891	-6.1692615	-48.93254	4.0190897	33.586674	-69.36445	-48.933014	0.4	77581983	27462.622486114502
386	-155.1007	-155.1007	-16.160685	-48.93401	4.036618	24.751947	-66.68869	-48.933807	0.1	77782983	27532.508555173874
387	-162.12195	-162.12195	9.080703	-48.92315	4.060677	21.949064	-67.74039	-48.923088	0.1	77983982	27602.876890420914
388	-172.42712	-172.42712	-9.867494	-48.92781	4.0434446	21.182028	-61.171185	-48.927776	0.2	78184982	27673.038754701614
389	-154.56187	-154.56187	-4.227482	-48.92204	4.0714974	20.458155	-64.009514	-48.922035	0.2	78385982	27743.404283046722
390	-156.06169	-156.06169	1.9706695	-48.927544	4.016573	23.800896	-60.464535	-48.927624	0.3	78586982	27814.333091259003
391	-153.6708	-153.6708	4.258905	-48.92454	4.022513	28.000275	-62.24665	-48.924526	0.2	78787983	27884.58364057541
392	-134.40436	-134.40436	-4.715222	-48.910324	4.101512	21.099129	-63.834343	-48.91038	0.3	78988981	27954.5333006382
393	-161.0321	-161.0321	-19.629087	-48.912098	4.0724916	27.204647	-60.7369	-48.912056	0.4	79189982	28024.76339364052
394	-138.00151	-138.00151	6.0776	-48.917526	4.0457463	21.832449	-61.250534	-48.917557	0.4	79390984	28095.44015622139
395	-161.87067	-161.87067	4.803642	-48.91688	4.04498	21.456726	-61.16663	-48.916615	0.3	79591989	28165.584743261337
396	-148.1637	-148.1637	4.982573	-48.91041	4.0531855	25.504824	-63.878212	-48.910652	0.1	79792984	28235.709476470947
397	-145.62837	-145.62837	0.69465965	-48.921852	4.0234737	25.48749	-64.28795	-48.922047	0.0	79993982	28306.649938106537
398	-196.4567	-196.4567	5.2479696	-48.90257	4.058354	26.904308	-63.195282	-48.90241	0.2	80194983	28377.556385040283
399	-153.92381	-153.92381	-1.838107	-48.901524	4.056866	28.570913	-60.9265	-48.90138	0.5	80395982	28447.14626598358
400	-160.3525	-160.3525	6.3486314	-48.891148	4.1017137	17.81507	-62.438396	-48.890972	0.0	80596982	28517.38785982132
401	-144.77657	-144.77657	5.3236547	-48.907257	4.031466	18.061045	-61.37806	-48.9075	0.1	80797983	28587.484576702118
402	-152.38792	-152.38792	6.2385616	-48.904415	4.085598	25.339014	-62.783585	-48.90444	0.3	80998981	28657.58626294136
403	-166.9319	-166.9319	5.5544925	-48.906662	4.0315557	23.706203	-60.294746	-48.90654	0.3	81199982	28727.90038251877
404	-131.15475	-131.15475	9.405173	-48.90745	4.0248747	33.173115	-64.339355	-48.907402	0.3	81400982	28798.336631059647
405	-151.82715	-151.82715	-7.446461	-48.89605	4.09262	35.64939	-67.7462	-48.89603	0.1	81601982	28868.569063663483
406	-145.91393	-145.91393	-6.001053	-48.888905	4.0933566	19.726763	-68.8819	-48.88886	0.2	81802981	28939.304372787476
407	-163.0981	-163.0981	-7.2924724	-48.88622	4.074341	35.425972	-64.77918	-48.886272	0.3	82003987	29010.338542938232
408	-136.00206	-136.00206	6.4743896	-48.882935	4.101333	22.961027	-62.317642	-48.882904	0.4	82204983	29080.800943136215
409	-151.36092	-151.36092	-20.026236	-48.890682	4.044079	31.689972	-62.17669	-48.890793	0.4	82405983	29151.03543806076
410	-150.16377	-150.16377	-9.331639	-48.899986	4.032809	26.18879	-60.87735	-48.89977	0.5	82606981	29221.46264076233
411	-137.96483	-137.96483	5.921095	-48.88979	4.0867105	32.34522	-57.04031	-48.889748	0.5	82807982	29292.365435123444
412	-133.73012	-133.73012	-3.6567094	-48.892307	4.039059	26.892561	-64.3105	-48.892506	0.2	83008983	29362.566866874695
413	-139.80827	-139.80827	-1.9332591	-48.88207	4.102707	28.427654	-64.1655	-48.881714	0.2	83209983	29432.472331047058
414	-141.74039	-141.74039	-15.418841	-48.888443	4.069881	23.461838	-64.74686	-48.888744	0.4	83410983	29502.891590595245
415	-173.60057	-173.60057	7.099701	-48.892727	4.0398326	27.036423	-61.28551	-48.89294	0.3	83611982	29573.324100732803
416	-149.63614	-149.63614	-13.420446	-48.894455	4.035802	25.954351	-61.464092	-48.894093	0.2	83812985	29643.407921791077
417	-146.08627	-146.08627	-13.591956	-48.90168	4.0244374	38.92434	-64.89647	-48.901604	0.3	84013984	29713.987537384033
418	-187.09953	-187.09953	6.2304034	-48.884544	4.0913343	26.480902	-63.916203	-48.884136	0.3	84214984	29784.385758399963
419	-135.70647	-135.70647	1.9827034	-48.87084	4.1365175	33.27277	-61.259003	-48.871178	0.3	84415982	29854.34791135788
420	-151.08177	-151.08177	-4.104962	-48.8677	4.1305313	28.020203	-65.42415	-48.867336	0.1	84616986	29924.88303256035
421	-153.82768	-153.82768	1.7835041	-48.86552	4.1442714	23.128326	-62.86961	-48.86571	0.3	84817984	29994.924301624298
422	-169.59216	-169.59216	-2.587557	-48.864277	4.1323996	23.294222	-64.06886	-48.86429	0.3	85018984	30065.200892925262
423	-142.94444	-142.94444	7.6991057	-48.876736	4.1002855	23.954155	-65.394226	-48.876892	0.3	85219986	30135.811518907547
424	-124.62784	-124.62784	-25.275383	-48.85626	4.163032	27.266575	-64.204315	-48.856155	0.4	85420982	30206.153002023697
425	-158.40323	-158.40323	-21.395893	-48.864643	4.1534657	30.244564	-61.314808	-48.864265	0.5	85621987	30276.395040988922
426	-165.9817	-165.9817	6.804219	-48.866776	4.1297307	25.246433	-64.628784	-48.866604	0.4	85822986	30346.096556186676
427	-143.14664	-143.14664	3.1441672	-48.850983	4.152997	32.842186	-59.736885	-48.850918	0.2	86023982	30416.093675374985
428	-119.36217	-119.36217	-0.6784801	-48.85058	4.1767244	25.32887	-58.813984	-48.850838	0.4	86224982	30486.606798171997
429	-172.9273	-172.9273	0.650322	-48.841328	4.21244	21.619162	-61.38768	-48.841026	0.5	86425990	30556.826007843018
430	-141.80768	-141.80768	-2.1458814	-48.86588	4.129695	38.454514	-66.41887	-48.866333	0.3	86626986	30626.98859500885
431	-132.07181	-132.07181	9.162309	-48.845333	4.202174	30.418295	-61.84046	-48.845154	0.3	86827981	30697.225572824478
432	-155.55244	-155.55244	7.5542803	-48.830086	4.259903	24.930588	-59.313053	-48.83017	0.3	87028984	30767.77265071869
433	-133.9637	-133.9637	7.744776	-48.845333	4.1818175	24.830194	-60.28537	-48.84515	0.5	87229985	30837.948352098465
434	-154.21022	-154.21022	-3.6403425	-48.83502	4.2014265	24.67916	-61.301414	-48.835075	0.1	87430982	30907.984387159348
435	-169.99779	-169.99779	8.421025	-48.85054	4.15673	24.690071	-61.353397	-48.850746	0.2	87631986	30978.521355628967
436	-186.77272	-186.77272	7.155821	-48.84166	4.2174487	25.501509	-68.608894	-48.841427	0.4	87832981	31048.778553962708
437	-181.40062	-181.40062	-48.596497	-48.840023	4.251838	22.651608	-60.040554	-48.840466	0.3	88033981	31119.766214370728
438	-148.14699	-148.14699	-22.695421	-48.84429	4.206761	44.188793	-61.877647	-48.84402	0.2	88234984	31190.10210585594
439	-135.24284	-135.24284	1.1318982	-48.83761	4.2288465	26.95716	-63.094822	-48.838017	0.3	88435983	31259.89463376999
440	-155.01494	-155.01494	2.1115954	-48.82766	4.2355247	26.731102	-65.19206	-48.827736	0.3	88636984	31329.48512530327
441	-135.27571	-135.27571	-5.4885545	-48.835102	4.2218366	32.590736	-62.65126	-48.835167	0.4	88837981	31399.43207025528
442	-141.93706	-141.93706	6.922769	-48.830524	4.272659	26.8049	-62.220695	-48.830654	0.3	89038981	31469.43697285652
443	-145.76465	-145.76465	9.806544	-48.829388	4.2452335	30.407358	-61.527107	-48.82925	0.4	89239983	31539.75297999382
444	-158.95087	-158.95087	-17.19585	-48.84263	4.2362905	23.571571	-63.067593	-48.84293	0.0	89440983	31610.117156744003
445	-148.61781	-148.61781	0.6523569	-48.83098	4.3076715	36.99205	-62.3438	-48.83092	0.5	89641982	31680.568479537964
446	-146.50102	-146.50102	3.522048	-48.83994	4.26716	31.879574	-58.87991	-48.840195	0.1	89842983	31751.238835334778
447	-133.43042	-133.43042	2.530585	-48.838688	4.2794256	40.218227	-66.42289	-48.838837	0.3	90043983	31821.277950048447
448	-128.14264	-128.14264	-7.0461273	-48.83243	4.3120356	23.215267	-63.68034	-48.8325	0.5	90244983	31893.377180337906
449	-140.0838	-140.0838	6.2699847	-48.830765	4.296766	33.209324	-60.593647	-48.830883	0.2	90445991	31964.140435934067
450	-148.71564	-148.71564	-25.491901	-48.83731	4.2857046	30.01594	-60.631058	-48.83751	0.3	90646982	32034.562987327576
451	-161.8776	-161.8776	-30.430933	-48.82487	4.34986	38.888737	-66.77785	-48.825157	0.2	90847983	32104.655344963074
452	-170.0692	-170.0692	-3.1958964	-48.82939	4.3105836	26.892715	-61.227207	-48.82935	0.2	91048983	32174.434123277664
453	-140.83426	-140.83426	9.256959	-48.836376	4.2912226	25.130219	-59.66924	-48.836464	0.9	91249983	32244.028754234314
454	-175.74289	-175.74289	-3.9371805	-48.824905	4.3379045	41.023907	-60.64352	-48.82526	0.4	91450986	32313.217438697815
455	-136.24953	-136.24953	5.3720727	-48.810257	4.379725	25.488626	-59.914356	-48.810257	0.1	91651982	32382.517776966095
456	-178.80142	-178.80142	0.8964088	-48.816647	4.367551	50.653152	-61.167458	-48.81682	0.3	91852981	32451.87237262726
457	-149.14034	-149.14034	-0.015494704	-48.8198	4.3482785	29.269524	-59.83586	-48.81935	0.3	92053984	32521.231691360474
458	-160.7031	-160.7031	-0.17724405	-48.809677	4.3924284	41.26636	-62.479958	-48.80963	0.3	92254982	32591.04425740242
459	-164.12807	-164.12807	-40.714893	-48.80759	4.3887587	25.846903	-62.00345	-48.80788	0.1	92455981	32660.26351428032
460	-136.3815	-136.3815	9.877765	-48.818985	4.3697853	33.046646	-63.07923	-48.81927	0.5	92656983	32729.800475358963
461	-177.1845	-177.1845	-26.405373	-48.829327	4.316239	21.03106	-63.124207	-48.82946	0.3	92857989	32798.79274892807
462	-144.15378	-144.15378	-3.0590212	-48.81254	4.3963733	26.891113	-63.899403	-48.812572	0.2	93058982	32868.068945646286
463	-140.22404	-140.22404	8.759156	-48.81264	4.3988457	32.412285	-63.40409	-48.812603	0.7	93259986	32937.76616716385
464	-124.13896	-124.13896	-10.905072	-48.800648	4.3713365	28.356033	-59.707283	-48.80045	0.3	93460982	33007.15125608444
465	-155.27216	-155.27216	-1.0074362	-48.79738	4.4011383	37.154804	-70.14036	-48.79757	0.6	93661982	33076.1992020607
466	-163.38753	-163.38753	-23.427631	-48.79053	4.408259	28.163094	-70.5429	-48.790432	0.6	93862989	33144.75068807602
467	-165.72592	-165.72592	-4.7135143	-48.797062	4.427024	28.145958	-68.22151	-48.79722	0.0	94063983	33214.71620297432
468	-159.41167	-159.41167	-35.292736	-48.79507	4.4124637	28.23286	-67.50594	-48.795147	0.2	94264986	33283.7402818203
469	-159.45786	-159.45786	-29.24469	-48.800533	4.3738894	21.557125	-62.016403	-48.800632	0.3	94465982	33352.74566102028
470	-153.85698	-153.85698	-71.44821	-48.793907	4.422652	34.07309	-66.27822	-48.79398	0.4	94666982	33421.345520973206
471	-154.82996	-154.82996	8.943074	-48.786507	4.501909	31.79492	-64.20094	-48.78666	0.6	94867983	33490.92349457741
472	-152.71927	-152.71927	-21.013674	-48.780006	4.494475	21.970867	-62.204586	-48.78017	0.5	95068987	33560.53816175461
473	-155.16045	-155.16045	6.751906	-48.792828	4.478703	26.978394	-66.193954	-48.79225	0.3	95269982	33629.386878967285
474	-161.41647	-161.41647	8.623154	-48.791904	4.46233	27.371143	-65.64958	-48.791874	0.4	95470983	33698.50721883774
475	-140.92339	-140.92339	6.2476788	-48.809704	4.3886867	48.160923	-67.81194	-48.810116	0.5	95671983	33767.50942277908
476	-174.49464	-174.49464	-24.580717	-48.79048	4.468783	31.042965	-63.946472	-48.790276	0.4	95872981	33837.71868824959
477	-165.16351	-165.16351	3.0684988	-48.789536	4.4798746	22.770264	-63.1424	-48.789642	0.4	96073982	33907.06407690048
478	-142.8399	-142.8399	6.6047425	-48.78922	4.522857	22.989243	-66.6578	-48.78927	0.5	96274985	33976.8846116066
479	-154.8467	-154.8467	0.91081816	-48.776207	4.544428	22.077635	-66.69744	-48.77633	0.4	96475984	34046.63383936882
480	-153.74174	-153.74174	-5.685308	-48.7961	4.4791236	35.971046	-65.7276	-48.79589	0.5	96676985	34115.97849702835
481	-137.51845	-137.51845	-41.003757	-48.80347	4.455618	22.367311	-69.69984	-48.8038	0.6	96877981	34185.630538225174
482	-155.91235	-155.91235	-11.475408	-48.786087	4.5083747	37.50754	-70.932785	-48.78601	0.3	97078983	34255.01659846306
483	-145.23933	-145.23933	-27.765474	-48.79315	4.4634237	30.678226	-69.106186	-48.793415	0.3	97279987	34324.6623404026
484	-152.11064	-152.11064	4.323903	-48.781662	4.4749413	28.27143	-64.58508	-48.782066	0.5	97480985	34394.9523293972
485	-150.17447	-150.17447	0.13857624	-48.783615	4.514777	28.4746	-65.21539	-48.783707	0.3	97681987	34464.76404094696
486	-158.90819	-158.90819	12.40492	-48.776978	4.519761	28.732414	-66.42495	-48.77674	0.4	97882982	34534.78131389618
487	-183.00797	-183.00797	-6.1999316	-48.777534	4.5119767	25.682999	-64.1287	-48.77769	0.5	98083981	34604.09642744064
488	-179.79825	-179.79825	4.2917295	-48.7868	4.4883513	22.134779	-65.850174	-48.78667	0.6	98284983	34673.67863988876
489	-149.25305	-149.25305	4.4525228	-48.792732	4.4831285	23.983917	-67.77251	-48.7933	0.4	98485981	34743.77122235298
490	-158.91266	-158.91266	6.017656	-48.75991	4.5686073	26.017666	-64.528404	-48.759747	0.5	98686983	34813.27303934097
491	-160.6365	-160.6365	-7.313968	-48.77977	4.532539	28.186039	-64.60737	-48.779613	0.3	98887986	34883.009789943695
492	-140.50446	-140.50446	3.304055	-48.77971	4.492787	27.055603	-64.388504	-48.77961	0.2	99088982	34952.4341673851
493	-170.25128	-170.25128	-7.7313538	-48.77083	4.547517	41.37481	-65.391945	-48.771217	0.5	99289985	35022.14795804024
494	-178.44449	-178.44449	0.14646496	-48.757156	4.6025605	25.004307	-64.84339	-48.75727	0.3	99490991	35091.65639424324
495	-143.95471	-143.95471	-20.162989	-48.779633	4.5160823	33.540417	-63.53471	-48.77959	0.4	99691983	35162.1350979805
496	-147.4422	-147.4422	5.756208	-48.754513	4.6025763	26.28823	-65.71047	-48.754765	0.4	99892987	35231.68604063988
497	-163.45288	-163.45288	2.438605	-48.754368	4.5806947	24.61565	-65.73021	-48.75441	0.5	100093984	35300.79740023613
498	-152.37149	-152.37149	-11.721706	-48.75286	4.5685806	31.99806	-64.050095	-48.753044	0.2	100294983	35370.973036289215
499	-145.06444	-145.06444	5.9420304	-48.75265	4.574159	23.462719	-64.32279	-48.752506	0.3	100495982	35440.95065879822
