Epoch	EpRet	EpRealRet	TestEpRet	AverageQ1	StdQ1	MaxQ1	MinQ1	Q2	TestSuccess	TotalEnvInteracts	TotalTime
0	-197.23933	-197.23933	-79.40085	-47.75961	6.801743	-0.095618166	-99.750015	-47.792747	0.0	196982	83.30285477638245
1	-226.0539	-226.0539	-163.3153	-49.767487	1.590815	-30.900736	-66.836136	-49.76765	0.0	397983	168.02054142951965
2	-199.4793	-199.4793	-54.248695	-49.75851	1.3714936	-26.378576	-56.597107	-49.75876	0.0	598986	251.12156915664673
3	-201.9379	-201.9379	-43.679317	-49.745777	1.5303981	-29.670307	-59.07339	-49.745754	0.0	799981	333.1233048439026
4	-231.20528	-231.20528	-62.46992	-49.808224	1.3667747	-28.242107	-58.469093	-49.80792	0.0	1000983	415.9450261592865
5	-176.08205	-176.08205	-73.16407	-49.808475	1.3066968	-28.418137	-60.65131	-49.808437	0.0	1201981	499.14229345321655
6	-209.21323	-209.21323	-206.92871	-49.79568	1.3202202	-28.036114	-59.80097	-49.79561	0.0	1402983	581.4783508777618
7	-218.55058	-218.55058	-41.041653	-49.802055	1.2537141	-28.221298	-54.83739	-49.802128	0.0	1603981	664.260792016983
8	-207.034	-207.034	-66.333115	-49.80519	1.2276299	-27.59564	-57.726055	-49.80538	0.0	1804985	747.3278908729553
9	-198.31631	-198.31631	-113.229836	-49.79709	1.2373112	-27.134588	-54.484756	-49.796993	0.0	2005984	830.8134064674377
10	-238.71378	-238.71378	-121.97026	-49.800808	1.2145071	-28.036522	-60.5741	-49.80087	0.0	2206983	914.4129996299744
11	-259.5968	-259.5968	-129.53078	-49.798027	1.1911794	-29.73193	-57.195446	-49.79792	0.0	2407984	997.4819529056549
12	-221.71294	-221.71294	-158.7486	-49.802345	1.1519501	-31.169903	-56.363056	-49.802444	0.0	2608981	1080.414314508438
13	-212.196	-212.196	-100.95267	-49.80447	1.1522382	-29.852623	-58.103573	-49.804478	0.0	2809982	1162.8190808296204
14	-202.65114	-202.65114	-81.31092	-49.799324	1.1783764	-29.739492	-60.480984	-49.799652	0.0	3010981	1244.736125946045
15	-214.21664	-214.21664	-124.27581	-49.80045	1.1374387	-27.17695	-65.233894	-49.800804	0.0	3211981	1327.3896844387054
16	-231.96805	-231.96805	-133.53584	-49.803596	1.1045942	-33.370716	-53.303375	-49.803688	0.0	3412984	1409.7356233596802
17	-186.54298	-186.54298	-61.255493	-49.796978	1.1302941	-32.461166	-57.209644	-49.797092	0.0	3613981	1491.9543311595917
18	-200.1732	-200.1732	-129.65714	-49.78116	1.1745231	-31.283638	-52.915684	-49.78119	0.0	3814986	1573.9736957550049
19	-215.40303	-215.40303	-175.18542	-49.7714	1.1916219	-34.27678	-54.886356	-49.771587	0.0	4015981	1656.5743188858032
20	-188.92311	-188.92311	-73.86921	-49.765583	1.2031505	-35.549393	-56.551605	-49.765564	0.0	4216981	1738.7429761886597
21	-199.02579	-199.02579	-46.086544	-49.759884	1.2298357	-35.370705	-57.861523	-49.75992	0.0	4417986	1821.7311387062073
22	-221.4867	-221.4867	-39.050533	-49.75817	1.2352182	-35.099102	-55.04477	-49.7583	0.0	4618985	1904.678451538086
23	-231.0914	-231.0914	-119.10129	-49.741177	1.2721201	-34.91871	-52.72876	-49.74118	0.0	4819982	1986.463674068451
24	-207.24414	-207.24414	-214.85889	-49.732964	1.2908399	-34.876	-53.87476	-49.73315	0.0	5020981	2069.5308442115784
25	-253.8476	-253.8476	-76.63458	-49.722195	1.3109498	-34.868343	-57.566345	-49.722206	0.0	5221983	2151.8153836727142
26	-189.79305	-189.79305	-92.94522	-49.7138	1.3445617	-34.801933	-56.65256	-49.71378	0.0	5422981	2233.588874578476
27	-194.9808	-194.9808	-90.289764	-49.71235	1.3414204	-34.615524	-53.998096	-49.712425	0.0	5623983	2315.5516035556793
28	-232.72061	-232.72061	-46.449303	-49.7105	1.3441279	-34.723396	-55.19259	-49.710537	0.0	5824981	2397.3227825164795
29	-210.93182	-210.93182	-139.428	-49.699722	1.3634017	-34.119873	-55.239895	-49.699917	0.0	6025983	2480.5056552886963
30	-196.34076	-196.34076	-64.00792	-49.698387	1.3605554	-34.315994	-55.09383	-49.698494	0.0	6226983	2563.1715490818024
31	-250.02547	-250.02547	-107.95633	-49.697113	1.3669634	-34.219807	-58.252956	-49.697285	0.0	6427983	2645.693662405014
32	-180.6471	-180.6471	-170.58546	-49.690586	1.3812636	-34.09997	-54.191536	-49.690857	0.0	6628982	2728.3237788677216
33	-227.87326	-227.87326	-51.577614	-49.689903	1.3693929	-34.50046	-55.884266	-49.689922	0.0	6829981	2811.3622422218323
34	-208.84018	-208.84018	-38.142773	-49.679012	1.3943418	-34.59223	-54.71535	-49.67906	0.0	7030981	2893.495896577835
35	-205.69443	-205.69443	-84.698784	-49.666813	1.4328732	-34.98572	-54.372353	-49.66691	0.0	7231982	2976.2296917438507
36	-193.95764	-193.95764	-86.90755	-49.653126	1.4647483	-35.10889	-54.223255	-49.65335	0.0	7432983	3058.7457966804504
37	-202.24504	-202.24504	-89.87249	-49.64422	1.4822916	-34.12074	-53.71627	-49.64422	0.0	7633983	3140.764230966568
38	-213.16132	-213.16132	-143.87791	-49.649204	1.4821856	-33.392567	-53.78723	-49.649406	0.0	7834982	3223.100569963455
39	-264.87265	-264.87265	-22.694204	-49.64214	1.4848766	-33.143898	-54.65515	-49.642082	0.0	8035982	3305.9159438610077
40	-230.94324	-230.94324	-110.133125	-49.63775	1.4952503	-32.65683	-52.21095	-49.637802	0.0	8236983	3388.4013018608093
41	-198.7751	-198.7751	-26.984072	-49.63408	1.5036888	-32.822395	-53.74431	-49.634136	0.0	8437984	3471.01980137825
42	-237.19028	-237.19028	-58.423706	-49.62438	1.5113341	-32.84684	-52.503544	-49.624577	0.0	8638983	3554.1214838027954
43	-178.71326	-178.71326	-106.56433	-49.62158	1.51524	-32.10739	-53.90448	-49.6215	0.0	8839982	3636.5723609924316
44	-225.80115	-225.80115	-112.21609	-49.622025	1.5178062	-32.586693	-54.59937	-49.622234	0.0	9040983	3718.2069013118744
45	-201.34006	-201.34006	-63.982388	-49.615868	1.5323744	-32.8598	-63.92614	-49.61573	0.0	9241982	3800.4554131031036
46	-202.40363	-202.40363	-51.751785	-49.61214	1.5388913	-32.582733	-53.36162	-49.61225	0.0	9442986	3882.942169904709
47	-203.06503	-203.06503	-67.13127	-49.602036	1.5574654	-33.156544	-52.927	-49.602047	0.0	9643984	3964.8117804527283
48	-199.77858	-199.77858	-64.65504	-49.605347	1.5569293	-33.2006	-52.792236	-49.605392	0.0	9844982	4048.7761874198914
49	-193.71848	-193.71848	-55.315174	-49.597466	1.5720526	-32.441822	-52.053886	-49.597534	0.0	10045983	4130.261208772659
50	-207.3324	-207.3324	-240.90103	-49.597717	1.5821147	-32.05735	-53.43571	-49.597668	0.0	10246986	4212.24635386467
51	-219.65611	-219.65611	-71.1076	-49.597588	1.585101	-30.41931	-52.160313	-49.59752	0.0	10447983	4295.160245895386
52	-190.99931	-190.99931	-153.64679	-49.593826	1.6064799	-29.182047	-52.558083	-49.59397	0.0	10648982	4378.097886562347
53	-245.2212	-245.2212	-55.975048	-49.590546	1.6111484	-27.517925	-55.459038	-49.59044	0.0	10849983	4460.567645072937
54	-199.90312	-199.90312	-25.862122	-49.589863	1.6013993	-27.968515	-55.14535	-49.589844	0.0	11050981	4542.549675703049
55	-224.9557	-224.9557	-55.961487	-49.58776	1.6086241	-28.234648	-53.726368	-49.5877	0.0	11251982	4625.801256895065
56	-175.87215	-175.87215	-57.379948	-49.588398	1.6037004	-29.517143	-52.79351	-49.588356	0.0	11452983	4708.052748918533
57	-207.0588	-207.0588	-38.323933	-49.584167	1.6076939	-30.001186	-52.11322	-49.584076	0.0	11653982	4789.805103063583
58	-217.00737	-217.00737	-25.187273	-49.579975	1.6157234	-31.754662	-56.091682	-49.58005	0.0	11854983	4872.221513271332
59	-190.70235	-190.70235	-124.91201	-49.57489	1.6250191	-33.042625	-54.13748	-49.574852	0.0	12055984	4954.905880689621
60	-225.32631	-225.32631	-23.465136	-49.57588	1.6126223	-32.897404	-62.953022	-49.575726	0.0	12256983	5037.074394226074
61	-188.5056	-188.5056	-71.39808	-49.56845	1.6294297	-33.01797	-51.996933	-49.568344	0.0	12457983	5119.774552106857
62	-190.53932	-190.53932	-22.90013	-49.564205	1.6392891	-32.7084	-52.485283	-49.5641	0.0	12658983	5202.44228720665
63	-205.441	-205.441	-83.03731	-49.56364	1.6411234	-31.384699	-52.372944	-49.56363	0.0	12859983	5284.993750333786
64	-208.4052	-208.4052	-162.47299	-49.56276	1.6398906	-31.484802	-52.063465	-49.562645	0.0	13060981	5367.328812599182
65	-197.97293	-197.97293	-28.231264	-49.562214	1.6385745	-31.43087	-59.622704	-49.562218	0.0	13261982	5449.564883470535
66	-191.97296	-191.97296	-38.06003	-49.553493	1.6663231	-31.023468	-55.323177	-49.553406	0.0	13462982	5531.479515075684
67	-267.99182	-267.99182	-41.782726	-49.553658	1.6606042	-30.337465	-57.420837	-49.55351	0.0	13663983	5614.281615495682
68	-241.65439	-241.65439	-15.993444	-49.55616	1.6622728	-30.310802	-52.380917	-49.55611	0.0	13864983	5696.470629930496
69	-211.06073	-211.06073	-59.248367	-49.554417	1.6694591	-30.606466	-52.320095	-49.554382	0.0	14065981	5779.302352905273
70	-226.6617	-226.6617	-90.83764	-49.551132	1.6771011	-30.816387	-53.489883	-49.55102	0.0	14266981	5861.640228271484
71	-213.42848	-213.42848	-59.857018	-49.55318	1.6756874	-30.06115	-53.05191	-49.55319	0.0	14467982	5945.2212727069855
72	-253.84373	-253.84373	-24.277779	-49.549015	1.6802442	-30.372002	-53.034332	-49.548897	0.0	14668981	6027.019288063049
73	-241.0012	-241.0012	-44.92286	-49.54524	1.6873599	-30.889936	-52.021168	-49.545277	0.0	14869982	6109.105883836746
74	-253.66177	-253.66177	-103.83455	-49.54876	1.6779705	-31.479752	-53.438667	-49.54861	0.0	15070985	6192.7230224609375
75	-250.29031	-250.29031	-87.50337	-49.549644	1.6780837	-31.224005	-52.421066	-49.549675	0.0	15271985	6275.2263197898865
76	-252.97516	-252.97516	-88.24799	-49.5533	1.6671937	-32.235996	-54.922268	-49.553158	0.0	15472985	6358.332449913025
77	-254.52335	-254.52335	-51.423317	-49.546394	1.6759238	-33.28437	-53.363945	-49.546448	0.0	15673987	6440.9432961940765
78	-216.94998	-216.94998	-77.28528	-49.541313	1.6792269	-35.008675	-53.35763	-49.54114	0.0	15874981	6524.3290758132935
79	-267.47665	-267.47665	-148.93878	-49.541523	1.6773226	-32.031273	-52.66684	-49.541492	0.0	16075984	6607.919198274612
80	-240.31073	-240.31073	-105.03609	-49.54395	1.675981	-36.29403	-53.89612	-49.54381	0.0	16276982	6690.252975225449
81	-204.76581	-204.76581	-74.842026	-49.543972	1.6799711	-36.37267	-53.385075	-49.544003	0.0	16477984	6773.0146243572235
82	-209.38824	-209.38824	-87.98053	-49.534718	1.7009106	-35.642662	-52.001465	-49.534557	0.0	16678982	6855.333315610886
83	-259.3551	-259.3551	-176.859	-49.532524	1.7051784	-35.68399	-52.565544	-49.53241	0.0	16879985	6937.618816137314
84	-210.8785	-210.8785	-137.21458	-49.53546	1.7011187	-36.051346	-52.22201	-49.535526	0.0	17080981	7019.720776319504
85	-223.45813	-223.45813	-128.88356	-49.53863	1.700355	-34.89001	-51.852146	-49.53863	0.0	17281981	7102.524490594864
86	-219.612	-219.612	-221.3813	-49.535973	1.705442	-34.248196	-52.39739	-49.536095	0.0	17482982	7185.9916961193085
87	-281.58188	-281.58188	-39.16674	-49.537415	1.7038954	-33.99633	-52.560432	-49.5373	0.1	17683984	7269.122423648834
88	-231.43588	-231.43588	-30.658833	-49.53058	1.7151414	-30.759996	-52.037254	-49.530636	0.0	17884986	7352.323695421219
89	-210.66327	-210.66327	-75.79551	-49.528034	1.7220417	-35.349594	-51.99162	-49.52804	0.0	18085983	7435.145176410675
90	-236.85155	-236.85155	-138.68889	-49.52677	1.7235862	-35.848656	-53.667515	-49.52663	0.0	18286986	7518.51096534729
91	-197.59802	-197.59802	-80.16975	-49.521996	1.7397454	-34.044205	-52.247936	-49.522152	0.0	18487982	7600.17968416214
92	-270.21216	-270.21216	-61.164974	-49.523014	1.736663	-30.291636	-53.504467	-49.522892	0.0	18688982	7682.760363101959
93	-240.65114	-240.65114	-78.57169	-49.52097	1.7516241	-29.463491	-53.7003	-49.52098	0.0	18889983	7765.365058660507
94	-256.36038	-256.36038	-88.013504	-49.526905	1.7401335	-28.43244	-53.586685	-49.526787	0.0	19090984	7847.716017484665
95	-251.39557	-251.39557	-62.120113	-49.524837	1.7499607	-27.095896	-52.648617	-49.524773	0.0	19291983	7931.150185346603
96	-227.72504	-227.72504	-61.597233	-49.524918	1.7514637	-26.911072	-53.649998	-49.524956	0.0	19492982	8013.667158126831
97	-208.6753	-208.6753	-57.46935	-49.517223	1.7614267	-24.659134	-52.437405	-49.51733	0.0	19693983	8095.186557769775
98	-272.6587	-272.6587	-112.69019	-49.51589	1.7688988	-22.95624	-55.496807	-49.515903	0.0	19894986	8178.3216145038605
99	-234.73235	-234.73235	-93.59568	-49.515335	1.7747327	-20.99017	-52.651493	-49.515404	0.0	20095981	8260.720483541489
100	-257.69843	-257.69843	-89.47201	-49.50932	1.8051784	-11.024283	-52.007133	-49.509315	0.0	20296985	8343.723682880402
101	-256.73886	-256.73886	-102.73374	-49.50673	1.8325137	-7.4539824	-52.81031	-49.50682	0.0	20497981	8426.107503175735
102	-246.37558	-246.37558	-101.5958	-49.50311	1.8478124	-9.203087	-52.722855	-49.503147	0.0	20698982	8508.876228094101
103	-283.96222	-283.96222	-135.18658	-49.50528	1.8400015	-3.7791643	-53.931385	-49.50533	0.1	20899982	8591.696505784988
104	-223.2226	-223.2226	-39.429718	-49.507282	1.8050704	-13.909046	-52.54203	-49.507195	0.0	21100981	8674.658768177032
105	-240.47334	-240.47334	-122.76891	-49.512962	1.7703029	-23.117651	-52.953156	-49.5131	0.0	21301991	8756.494752645493
106	-275.6523	-275.6523	-101.81052	-49.51355	1.7657869	-30.631346	-57.252857	-49.51365	0.0	21502982	8839.11540389061
107	-250.07268	-250.07268	-122.152145	-49.51547	1.7607208	-29.29552	-52.902576	-49.515526	0.0	21703984	8922.044886112213
108	-245.50934	-245.50934	-229.58682	-49.51296	1.7689122	-29.090792	-56.1618	-49.513054	0.0	21904981	9004.265629768372
109	-238.96695	-238.96695	-93.3493	-49.501476	1.7963179	-26.39197	-56.672867	-49.501587	0.0	22105982	9087.066526412964
110	-287.78107	-287.78107	-128.40776	-49.501167	1.806247	-22.414268	-55.888813	-49.50129	0.0	22306982	9169.867051362991
111	-227.32674	-227.32674	-50.216576	-49.493652	1.8203133	-21.278685	-54.423645	-49.49372	0.0	22507983	9252.351780891418
112	-248.75677	-248.75677	-189.21982	-49.496628	1.812844	-29.789125	-52.35126	-49.496864	0.0	22708984	9335.78802227974
113	-249.75957	-249.75957	-98.62449	-49.489773	1.8271189	-29.067957	-52.438244	-49.489735	0.0	22909983	9418.074924468994
114	-236.76178	-236.76178	-65.849846	-49.489517	1.8355333	-32.681572	-52.426514	-49.48967	0.0	23110984	9500.38832950592
115	-275.59677	-275.59677	-95.206024	-49.46878	1.9055814	-25.255873	-52.325634	-49.46881	0.0	23311984	9582.438934087753
116	-238.41936	-238.41936	-35.21043	-49.458817	1.969198	-14.551046	-52.60372	-49.45898	0.0	23512984	9665.277671337128
117	-217.62766	-217.62766	-83.99625	-49.43724	2.0626152	-5.400112	-52.875046	-49.43715	0.0	23713983	9747.507416725159
118	-255.02397	-255.02397	-109.25208	-49.448555	2.042777	-0.14020085	-52.62134	-49.448627	0.1	23914984	9830.624128818512
119	-221.06577	-221.06577	-85.20011	-49.443924	2.0558822	2.662241	-52.7248	-49.443943	0.1	24115984	9913.59502196312
120	-267.15063	-267.15063	-92.691315	-49.45154	2.0454926	1.5226336	-52.362843	-49.451508	0.0	24316991	9996.430168390274
121	-227.00879	-227.00879	-105.4863	-49.458153	2.030454	2.5845559	-53.032722	-49.458385	0.0	24517982	10079.247116804123
122	-317.12936	-317.12936	-23.141495	-49.457	2.0253937	2.8048658	-52.736465	-49.45699	0.1	24718981	10161.92890882492
123	-257.02222	-257.02222	-43.383854	-49.470722	2.0075254	4.505229	-52.683422	-49.47083	0.0	24919984	10244.416327953339
124	-321.49158	-321.49158	-120.73796	-49.452534	2.0246866	3.6710262	-53.321236	-49.452442	0.0	25120982	10326.863684654236
125	-224.04507	-224.04507	-93.3674	-49.4542	2.0226645	7.0671597	-52.865803	-49.45434	0.0	25321983	10409.418105125427
126	-298.36288	-298.36288	-55.229004	-49.431908	2.115474	8.057754	-52.961353	-49.432068	0.2	25522981	10491.837244987488
127	-278.3949	-278.3949	-216.8113	-49.429848	2.1337602	6.1761117	-53.536774	-49.429943	0.0	25723982	10574.706447601318
128	-292.35992	-292.35992	-177.28685	-49.421223	2.1538796	7.1981463	-52.99908	-49.421192	0.1	25924985	10656.85448384285
129	-280.01276	-280.01276	-267.91595	-49.42885	2.1161857	13.047119	-52.950157	-49.42907	0.0	26125982	10739.674671888351
130	-331.17953	-331.17953	-186.46075	-49.41852	2.189346	11.189513	-53.255463	-49.418564	0.0	26326985	10822.108316421509
131	-325.58774	-325.58774	-182.9539	-49.415695	2.2489955	12.343466	-53.69424	-49.415726	0.0	26527985	10904.864528894424
132	-287.36353	-287.36353	-100.8567	-49.418922	2.2465854	7.0112457	-54.432686	-49.4192	0.1	26728983	10988.048413276672
133	-224.5256	-224.5256	-155.13864	-49.4324	2.2135196	9.393731	-53.416943	-49.432236	0.1	26929982	11070.24514222145
134	-340.0859	-340.0859	-232.62624	-49.414886	2.2161543	12.370183	-53.36312	-49.415104	0.0	27130983	11152.513361692429
135	-302.33945	-302.33945	-157.99673	-49.407898	2.25586	11.952993	-53.541454	-49.40803	0.2	27331986	11235.701729536057
136	-256.16855	-256.16855	-125.96912	-49.41597	2.254869	10.8525305	-53.35256	-49.41598	0.0	27532981	11319.019869565964
137	-307.9697	-307.9697	-236.2121	-49.42006	2.2468817	11.895351	-54.73719	-49.420162	0.0	27733982	11401.254793643951
138	-290.19818	-290.19818	-180.09262	-49.42209	2.2504401	9.325862	-54.943527	-49.4223	0.1	27934982	11483.498913288116
139	-279.335	-279.335	-95.71197	-49.417812	2.278974	10.0864935	-53.32535	-49.41758	0.1	28135981	11567.71941614151
140	-277.41827	-277.41827	-166.5731	-49.41882	2.292985	11.602265	-56.579857	-49.419014	0.3	28336985	11650.407187461853
141	-275.07312	-275.07312	-109.51535	-49.412323	2.2939315	14.426115	-55.23229	-49.41237	0.1	28537981	11733.036412477493
142	-312.8373	-312.8373	-49.77987	-49.413246	2.2878683	12.818472	-56.100124	-49.413174	0.2	28738986	11815.320950746536
143	-331.8949	-331.8949	-138.51569	-49.414852	2.323683	7.722413	-54.189995	-49.414944	0.1	28939983	11897.776323080063
144	-301.4854	-301.4854	-118.635735	-49.405846	2.344564	9.4032345	-54.475815	-49.405987	0.1	29140982	11980.325208187103
145	-304.67285	-304.67285	-21.492445	-49.40872	2.3699954	9.504	-54.253895	-49.40873	0.1	29341984	12062.577652215958
146	-325.5922	-325.5922	-93.79907	-49.39747	2.379071	7.6813855	-54.576023	-49.397667	0.0	29542990	12145.860252857208
147	-269.78973	-269.78973	-10.299934	-49.391056	2.4041257	9.588513	-57.36371	-49.39104	0.0	29743982	12228.295709609985
148	-317.03275	-317.03275	-323.88007	-49.36651	2.4666998	10.297621	-55.41307	-49.36649	0.0	29944989	12309.903180360794
149	-282.22842	-282.22842	-11.594293	-49.366962	2.5112975	7.232752	-56.089638	-49.36705	0.1	30145982	12392.711527109146
150	-323.55612	-323.55612	-44.10947	-49.359554	2.5352802	9.028383	-61.01876	-49.359688	0.0	30346981	12475.948721170425
151	-349.99594	-349.99594	-91.08768	-49.36605	2.5082245	9.635161	-57.394096	-49.36591	0.3	30547981	12559.304050683975
152	-270.09485	-270.09485	-172.37498	-49.365322	2.5645306	9.039616	-56.00602	-49.365547	0.1	30748984	12641.350507974625
153	-366.30334	-366.30334	-15.535108	-49.350903	2.6073287	11.478962	-57.1262	-49.35093	0.1	30949983	12724.20284128189
154	-317.27966	-317.27966	-340.0225	-49.3563	2.5810928	10.569656	-55.5467	-49.35622	0.0	31150988	12806.989182710648
155	-379.4699	-379.4699	-300.2487	-49.364223	2.5203216	11.203552	-57.798447	-49.364063	0.0	31351981	12890.088698387146
156	-312.60693	-312.60693	-329.89362	-49.368954	2.529391	14.268934	-55.80557	-49.3691	0.1	31552988	12974.29556274414
157	-335.70813	-335.70813	-55.920044	-49.36352	2.552435	10.519395	-55.418983	-49.363617	0.2	31753991	13057.172573328018
158	-289.40915	-289.40915	-171.53111	-49.354324	2.584795	11.44306	-56.768295	-49.354374	0.1	31954984	13139.37579870224
159	-250.37607	-250.37607	-97.99726	-49.349304	2.6258345	10.133105	-55.463818	-49.34922	0.3	32155983	13222.332311868668
160	-259.6068	-259.6068	-67.75599	-49.341854	2.664247	11.096973	-55.32242	-49.341827	0.2	32356982	13304.242674350739
161	-321.95712	-321.95712	-222.27875	-49.332848	2.6928551	14.017201	-54.818188	-49.332977	0.3	32557982	13387.299047708511
162	-322.7237	-322.7237	-114.57492	-49.33785	2.6629455	10.708976	-57.430576	-49.337997	0.0	32758981	13470.899769544601
163	-150.3392	-150.3392	-198.4441	-49.3401	2.6852403	10.830425	-55.090706	-49.339977	0.3	32959984	13553.280928850174
164	-287.0253	-287.0253	-278.39914	-49.333683	2.7239418	13.1045885	-55.800014	-49.33382	0.1	33160982	13635.767714262009
165	-352.02948	-352.02948	-65.92901	-49.332283	2.7416952	10.31223	-55.886833	-49.332073	0.1	33361985	13718.897243499756
166	-258.47742	-258.47742	-171.20523	-49.326572	2.7558012	9.450554	-54.642387	-49.32675	0.1	33562981	13800.798644781113
167	-266.49808	-266.49808	-144.62567	-49.312843	2.8147414	10.928593	-60.041306	-49.312973	0.1	33763987	13885.24996304512
168	-327.9164	-327.9164	-130.7084	-49.324944	2.7739866	11.967225	-56.112244	-49.32501	0.0	33964982	13969.853855848312
169	-299.60193	-299.60193	1.327662	-49.305664	2.847995	11.237771	-54.819828	-49.305576	0.3	34165981	14052.81930732727
170	-305.51953	-305.51953	-175.9588	-49.30615	2.844164	14.251106	-54.311333	-49.306244	0.1	34366982	14135.75937795639
171	-299.06873	-299.06873	-92.11868	-49.30906	2.8619068	15.950798	-58.135643	-49.309177	0.1	34567983	14219.328955888748
172	-337.15063	-337.15063	-132.53697	-49.303444	2.8779647	11.868109	-56.88383	-49.303486	0.2	34768984	14302.162756204605
173	-307.5329	-307.5329	-151.24335	-49.309902	2.8293414	11.749717	-55.980423	-49.310097	0.0	34969984	14387.24249458313
174	-277.83997	-277.83997	-103.009285	-49.30558	2.8229127	17.41931	-56.577103	-49.305473	0.4	35170984	14470.677961587906
175	-306.67978	-306.67978	-157.64966	-49.301136	2.8350968	14.898905	-56.151295	-49.301037	0.5	35371985	14554.827833414078
176	-297.51282	-297.51282	-317.07303	-49.27895	2.895571	16.48202	-57.825066	-49.279316	0.2	35572983	14672.638459682465
177	-331.70493	-331.70493	-274.20032	-49.26745	2.998404	11.7281	-55.46709	-49.267273	0.0	35773982	14758.003914117813
178	-306.39282	-306.39282	-269.47836	-49.265793	3.0271583	19.578163	-58.458176	-49.26585	0.2	35974981	14841.400852680206
179	-260.83005	-260.83005	-251.20746	-49.250397	3.0588138	16.557129	-55.68998	-49.250362	0.1	36175985	14925.050717115402
180	-260.21918	-260.21918	-230.7779	-49.251217	3.0776281	10.530545	-56.027153	-49.25125	0.3	36376983	15008.421132802963
181	-334.87582	-334.87582	-393.20752	-49.241756	3.1149344	15.403738	-58.025177	-49.24173	0.0	36577983	15091.145641088486
182	-298.4628	-298.4628	-312.68515	-49.242718	3.1090162	19.097744	-56.54554	-49.24302	0.2	36778984	15174.805663824081
183	-248.48402	-248.48402	-346.90384	-49.23479	3.1482065	19.86613	-56.89739	-49.23475	0.2	36979982	15257.90636086464
184	-308.50577	-308.50577	-127.47283	-49.243916	3.138886	14.798638	-56.06623	-49.243996	0.2	37180982	15341.72044634819
185	-238.72803	-238.72803	-121.89167	-49.25678	3.0944815	17.792067	-57.763332	-49.256943	0.1	37381983	15425.111779928207
186	-295.05603	-295.05603	-142.4965	-49.24778	3.1473594	16.829922	-55.965427	-49.247635	0.2	37582991	15507.911954164505
187	-242.38312	-242.38312	-118.80826	-49.23596	3.1531043	13.938204	-58.173805	-49.236195	0.1	37783982	15590.799232959747
188	-226.69405	-226.69405	-87.741875	-49.225975	3.2177384	13.304353	-57.47208	-49.22595	0.0	37984983	15673.860345125198
189	-217.8464	-217.8464	1.3858323	-49.2219	3.204445	15.579537	-56.36329	-49.22203	0.5	38185984	15757.528671264648
190	-290.08923	-290.08923	-192.31294	-49.232105	3.2070491	20.735023	-56.4688	-49.232136	0.1	38386981	15841.380439281464
191	-344.41443	-344.41443	-59.485897	-49.230743	3.2289934	14.26713	-57.125175	-49.231033	0.0	38587983	15925.564991950989
192	-261.2918	-261.2918	-102.52427	-49.22175	3.2726204	16.357685	-55.806877	-49.22178	0.2	38788983	16009.832686901093
193	-264.67133	-264.67133	-49.85002	-49.22288	3.2415764	15.884253	-57.42037	-49.223076	0.0	38989985	16092.950238227844
194	-227.21654	-227.21654	-2.7233772	-49.219193	3.2963386	13.041773	-55.955288	-49.21969	0.4	39190982	16176.583409070969
195	-288.62555	-288.62555	-7.039053	-49.219234	3.273881	14.848914	-56.736496	-49.219334	0.4	39391982	16259.905940532684
196	-311.5866	-311.5866	-102.00092	-49.210922	3.3121216	14.613358	-56.180195	-49.21099	0.3	39592981	16342.744265317917
197	-241.1051	-241.1051	-104.88571	-49.219353	3.258264	14.236156	-55.812576	-49.21975	0.2	39793986	16425.90615940094
198	-229.89438	-229.89438	-35.144882	-49.195766	3.348608	21.10963	-55.664074	-49.195847	0.1	39994981	16510.091794252396
199	-329.25696	-329.25696	-66.54499	-49.20857	3.3077168	22.120897	-55.137135	-49.2087	0.3	40195981	16594.24939274788
200	-246.06845	-246.06845	-103.26131	-49.206593	3.3303661	14.821538	-55.753433	-49.20668	0.4	40396987	16680.198621749878
201	-324.17133	-324.17133	-56.9339	-49.193428	3.3677044	21.956167	-55.73746	-49.1937	0.4	40597981	16763.50980424881
202	-280.03104	-280.03104	-54.698658	-49.20278	3.357368	18.592606	-58.339073	-49.203083	0.1	40798982	16846.960504055023
203	-307.68143	-307.68143	-161.3759	-49.19775	3.3722303	21.034845	-57.68587	-49.197655	0.1	40999981	16930.876175165176
204	-253.60086	-253.60086	-1.1653463	-49.18527	3.3900726	21.505232	-56.393356	-49.18564	0.3	41200985	17013.61847448349
205	-295.45154	-295.45154	-35.941097	-49.18494	3.3882923	28.458717	-56.65085	-49.18518	0.3	41401983	17097.167860984802
206	-301.1175	-301.1175	-71.92797	-49.183144	3.4168735	18.384296	-57.237663	-49.18329	0.2	41602991	17180.48780965805
207	-256.04208	-256.04208	-15.333325	-49.191364	3.4199677	17.546143	-56.069313	-49.191563	0.3	41803982	17264.0248336792
208	-266.96814	-266.96814	-25.767982	-49.193813	3.3801224	20.98327	-57.97522	-49.194115	0.4	42004983	17347.586436748505
209	-260.50357	-260.50357	5.061281	-49.19729	3.3570015	16.929987	-56.36971	-49.197464	0.4	42205984	17431.285301685333
210	-202.47992	-202.47992	-17.739964	-49.17882	3.4265158	19.971754	-56.904053	-49.179237	0.0	42406981	17514.75427341461
211	-254.69342	-254.69342	-21.635424	-49.1841	3.4457562	23.790062	-57.327873	-49.184082	0.4	42607986	17598.070788145065
212	-282.75485	-282.75485	-58.990158	-49.18546	3.4133027	19.980038	-55.922558	-49.185764	0.4	42808982	17681.922533750534
213	-237.73048	-237.73048	-8.220614	-49.176968	3.4394207	15.815897	-55.374775	-49.17706	0.3	43009989	17766.159074544907
214	-284.82727	-284.82727	-202.79701	-49.187485	3.4300265	21.664398	-55.365166	-49.187683	0.4	43210981	17849.976219654083
215	-233.89221	-233.89221	-48.09663	-49.18257	3.4191313	16.494247	-55.832184	-49.182842	0.3	43411985	17932.62664270401
216	-287.45328	-287.45328	2.8949242	-49.18547	3.391008	17.90303	-58.13162	-49.185642	0.2	43612983	18016.016346931458
217	-241.46213	-241.46213	7.578476	-49.184025	3.4153426	11.973663	-56.306755	-49.184025	0.3	43813982	18098.74558854103
218	-233.0933	-233.0933	-95.76016	-49.16191	3.5028012	27.424332	-58.953312	-49.16223	0.1	44014982	18181.282759428024
219	-291.4282	-291.4282	-127.44814	-49.16196	3.5035343	18.559015	-62.33598	-49.162266	0.3	44215983	18263.906955480576
220	-251.82114	-251.82114	-4.5743365	-49.152443	3.597096	15.453812	-56.886078	-49.152573	0.4	44416984	18347.165355443954
221	-249.59552	-249.59552	-48.465122	-49.16815	3.5109308	20.464539	-57.24453	-49.16856	0.4	44617983	18430.317985534668
222	-271.02118	-271.02118	8.344546	-49.1616	3.5502584	17.16251	-56.41754	-49.161926	0.0	44818982	18512.852518081665
223	-259.04825	-259.04825	-11.866581	-49.156124	3.551781	17.20952	-57.07813	-49.156513	0.4	45019982	18596.203005075455
224	-263.5279	-263.5279	-182.49634	-49.16158	3.5295043	18.989187	-58.279133	-49.161766	0.3	45220981	18679.73773908615
225	-329.70462	-329.70462	-21.955965	-49.16244	3.5118186	31.606747	-57.13213	-49.16267	0.4	45421987	18763.27755856514
226	-258.70917	-258.70917	-72.10949	-49.16638	3.5044565	18.740461	-57.864594	-49.166428	0.2	45622982	18845.375807523727
227	-253.76675	-253.76675	-104.89265	-49.154873	3.54716	15.122511	-56.609386	-49.155186	0.4	45823982	18928.523827791214
228	-263.1341	-263.1341	8.866981	-49.14507	3.558215	21.745644	-57.951138	-49.145645	0.6	46024982	19011.307472467422
229	-284.34872	-284.34872	8.907992	-49.139194	3.5975132	18.785307	-59.14391	-49.139324	0.5	46225982	19094.528271198273
230	-220.45332	-220.45332	-14.051431	-49.143185	3.573309	26.54853	-57.732563	-49.143303	0.5	46426982	19177.780119419098
231	-253.2355	-253.2355	-84.893456	-49.127525	3.62502	17.380554	-56.745857	-49.12788	0.3	46627986	19260.736860752106
232	-259.03107	-259.03107	-97.14849	-49.126583	3.5928938	23.679121	-60.698658	-49.126896	0.3	46828983	19344.431893587112
233	-296.22974	-296.22974	-186.05006	-49.124237	3.593272	14.67203	-61.36834	-49.124302	0.3	47029981	19427.682371139526
234	-242.88762	-242.88762	-54.833755	-49.109055	3.6804717	20.11059	-57.17129	-49.109447	0.2	47230985	19510.967254638672
235	-176.9284	-176.9284	-67.26649	-49.10532	3.6722727	21.7644	-57.988052	-49.105686	0.2	47431983	19594.262323141098
236	-164.02708	-164.02708	3.6605363	-49.104813	3.6217468	14.154247	-59.30619	-49.10521	0.2	47632983	19677.458122968674
237	-253.5701	-253.5701	5.6736064	-49.100822	3.6574676	24.761833	-61.1398	-49.101532	0.5	47833983	19760.804304122925
238	-234.11385	-234.11385	-52.32554	-49.102814	3.695478	20.164295	-59.882904	-49.10282	0.1	48034982	19843.160947084427
239	-286.3605	-286.3605	7.71299	-49.09901	3.6765878	16.756372	-56.44932	-49.099392	0.0	48235983	19926.21204829216
240	-281.05624	-281.05624	-97.03394	-49.100906	3.7234633	22.577385	-57.886284	-49.100834	0.6	48436982	20008.962083101273
241	-234.00427	-234.00427	8.502475	-49.101097	3.6911795	18.028944	-57.838036	-49.10171	0.1	48637982	20091.65886116028
242	-339.67825	-339.67825	-5.671423	-49.10498	3.719775	18.725557	-57.595352	-49.105488	0.3	48838982	20175.09691309929
243	-172.4834	-172.4834	4.1858654	-49.098892	3.7802856	23.568031	-58.29314	-49.099255	0.4	49039986	20257.678450107574
244	-213.09512	-213.09512	1.544936	-49.098843	3.7507725	25.524656	-59.304768	-49.0987	0.4	49240986	20341.81244301796
245	-299.18106	-299.18106	-156.18344	-49.1031	3.7937584	26.892998	-58.144623	-49.10379	0.4	49441982	20424.641202688217
246	-285.48297	-285.48297	-58.89265	-49.110188	3.784551	20.531927	-59.514027	-49.110554	0.1	49642991	20508.08225250244
247	-255.94475	-255.94475	-8.091393	-49.104744	3.811549	16.498074	-57.887768	-49.10478	0.3	49843982	20591.73461008072
248	-242.5376	-242.5376	-20.25663	-49.08844	3.8552783	18.966282	-57.59292	-49.088562	0.2	50044982	20674.634624004364
249	-264.288	-264.288	7.346337	-49.09216	3.8351736	24.671186	-57.36781	-49.092342	0.7	50245983	20757.836136341095
250	-283.34134	-283.34134	8.155079	-49.099026	3.8267655	19.053463	-57.814095	-49.099136	0.5	50446985	20841.003208637238
251	-195.4885	-195.4885	-2.107857	-49.080585	3.8767445	20.265118	-56.478172	-49.081203	0.3	50647985	20924.003759860992
252	-215.46902	-215.46902	2.962409	-49.08878	3.856823	18.462915	-59.90781	-49.08885	0.3	50848982	21008.205357551575
253	-242.54785	-242.54785	-75.15772	-49.076122	3.894133	18.743786	-60.803913	-49.076454	0.2	51049982	21092.209249019623
254	-258.32922	-258.32922	-12.808636	-49.07654	3.8999171	21.740623	-58.651463	-49.07682	0.5	51250991	21175.364084243774
255	-219.49565	-219.49565	-43.73676	-49.0492	3.9919744	18.99494	-56.885555	-49.04943	0.6	51451981	21259.11069560051
256	-225.22012	-225.22012	-0.8213295	-49.06142	3.932683	27.485611	-60.168217	-49.06143	0.4	51652981	21342.436257600784
257	-278.8433	-278.8433	-11.423984	-49.0547	3.9686882	51.47022	-58.241528	-49.05479	0.5	51853983	21425.980909585953
258	-281.55438	-281.55438	6.8163342	-49.06413	3.9346752	20.232098	-56.206062	-49.06412	0.4	52054981	21509.411826133728
259	-243.28998	-243.28998	-63.925	-49.058567	3.9752493	26.930729	-59.39538	-49.059044	0.5	52255981	21593.079752206802
260	-294.3058	-294.3058	-15.704131	-49.051414	3.9873953	25.799269	-58.278538	-49.05161	0.5	52456984	21676.415552854538
261	-246.57513	-246.57513	-14.065427	-49.044952	4.0210195	25.091196	-59.500072	-49.045147	0.4	52657983	21759.66680908203
262	-276.5055	-276.5055	0.65286434	-49.045784	4.0139704	28.955128	-58.08722	-49.046345	0.6	52858987	21843.868777275085
263	-272.2697	-272.2697	-16.136591	-49.05289	3.9937618	21.422684	-57.751488	-49.05289	0.6	53059983	21928.469794750214
264	-183.15479	-183.15479	-12.037757	-49.049374	4.028368	25.414368	-59.742794	-49.0496	0.2	53260983	22012.32487845421
265	-292.4497	-292.4497	-65.831474	-49.03905	4.0613766	27.082302	-59.12454	-49.0393	0.3	53461990	22096.35461473465
266	-257.21057	-257.21057	-29.483644	-49.04042	4.028981	19.664787	-57.717014	-49.04069	0.2	53662984	22180.02214717865
267	-232.53905	-232.53905	7.1867676	-49.046516	4.008105	18.029057	-61.270817	-49.04661	0.4	53863985	22262.72272491455
268	-201.32721	-201.32721	-69.76793	-49.03569	4.059099	20.524734	-58.61065	-49.035923	0.3	54064983	22346.04140806198
269	-242.92322	-242.92322	4.9667907	-49.034637	4.043862	25.65771	-61.03403	-49.035213	0.4	54265982	22429.775019407272
270	-225.76773	-225.76773	-67.26244	-49.012756	4.1352334	18.757345	-56.65642	-49.012646	0.3	54466981	22513.34397292137
271	-223.95285	-223.95285	7.4034557	-49.013172	4.118327	26.967636	-58.410366	-49.01358	0.4	54667983	22596.800492048264
272	-217.66907	-217.66907	-18.244184	-49.020863	4.0762377	27.291628	-63.172764	-49.02144	0.3	54868982	22680.551218748093
273	-251.475	-251.475	7.4472485	-49.014133	4.124353	24.43145	-58.606464	-49.014606	0.4	55069982	22764.163411140442
274	-275.79523	-275.79523	-27.305109	-49.017265	4.110018	24.790041	-61.14063	-49.01727	0.3	55270985	22848.379527807236
275	-321.41534	-321.41534	7.4029155	-49.014885	4.095584	19.079765	-59.988857	-49.014954	0.2	55471981	22931.898317337036
276	-203.23216	-203.23216	-11.191784	-49.0093	4.1269836	19.51943	-58.12982	-49.009804	0.2	55672983	23015.834453105927
277	-220.19136	-220.19136	-16.304758	-48.98947	4.182911	20.191996	-60.538258	-48.9899	0.5	55873985	23099.43663907051
278	-231.60556	-231.60556	-20.630522	-48.989304	4.16964	27.223875	-60.245632	-48.989746	0.3	56074982	23182.239363193512
279	-180.12617	-180.12617	-61.171627	-48.979744	4.2068996	27.373922	-59.44584	-48.980076	0.6	56275981	23265.635937690735
280	-278.00223	-278.00223	10.086767	-48.98313	4.2204823	25.644283	-58.57615	-48.983547	0.6	56476989	23349.27396130562
281	-253.06049	-253.06049	0.2653961	-48.989525	4.1915107	26.346403	-60.248913	-48.989727	0.4	56677982	23432.762917518616
282	-206.3548	-206.3548	-5.1014786	-48.975567	4.2148237	29.350473	-59.85714	-48.97629	0.4	56878981	23516.307112455368
283	-282.65417	-282.65417	9.102248	-48.966797	4.296788	29.710268	-58.012028	-48.966827	0.4	57079989	23599.475325345993
284	-221.90146	-221.90146	-7.328623	-48.973408	4.237059	19.726988	-58.612743	-48.97365	0.6	57280981	23681.960386753082
285	-222.37602	-222.37602	-41.818577	-48.943123	4.3525357	20.986124	-58.578415	-48.943535	0.3	57481981	23766.428961753845
286	-247.83937	-247.83937	-16.24916	-48.954494	4.311066	23.734032	-58.99359	-48.954662	0.4	57682983	23850.24986243248
287	-232.61714	-232.61714	-98.92703	-48.951527	4.3127103	29.476265	-58.154327	-48.95202	0.6	57883981	23933.699251890182
288	-221.55833	-221.55833	-90.217316	-48.946247	4.3114505	20.077417	-59.477474	-48.94665	0.3	58084984	24016.655057430267
289	-245.60176	-245.60176	4.0056195	-48.93769	4.3146205	20.214767	-58.68224	-48.938236	0.4	58285985	24099.73501753807
290	-267.4619	-267.4619	-1.4605156	-48.927807	4.3590717	18.442654	-60.629295	-48.92802	0.3	58486983	24183.253976345062
291	-181.68045	-181.68045	-9.916687	-48.943184	4.298836	32.575596	-59.965206	-48.943665	0.6	58687983	24266.901992082596
292	-237.75517	-237.75517	7.515234	-48.920425	4.3982363	16.563717	-61.039288	-48.921463	0.3	58888983	24350.705921173096
293	-261.56287	-261.56287	12.127125	-48.923985	4.3562613	20.40792	-57.843666	-48.9245	0.3	59089986	24434.242971420288
294	-251.75107	-251.75107	9.915771	-48.932014	4.2733107	16.834969	-59.449993	-48.93232	0.8	59290985	24517.572266817093
295	-235.15662	-235.15662	-29.387205	-48.90605	4.4240026	27.774948	-58.718502	-48.906624	0.4	59491981	24600.49095582962
296	-241.53583	-241.53583	-6.5343947	-48.907265	4.4394307	27.587172	-59.09576	-48.9079	0.3	59692986	24683.506146669388
297	-288.08347	-288.08347	10.56814	-48.887432	4.4766016	30.065178	-59.24367	-48.888134	0.3	59893991	24766.930654525757
298	-212.50932	-212.50932	-22.675173	-48.91187	4.433911	19.713402	-59.73922	-48.912373	0.4	60094983	24850.894628047943
299	-225.63031	-225.63031	-9.089257	-48.912457	4.4086347	20.409515	-58.105927	-48.913345	0.4	60295983	24934.510991573334
300	-260.03033	-260.03033	3.3099406	-48.91653	4.442417	27.679544	-58.207684	-48.917187	0.4	60496985	25017.661910533905
301	-257.46866	-257.46866	8.547036	-48.890453	4.4709544	21.319193	-60.216564	-48.890976	0.8	60697984	25100.064846277237
302	-215.74274	-215.74274	-53.114857	-48.905544	4.4145603	18.753195	-59.401623	-48.90587	0.2	60898986	25183.01486825943
303	-201.57596	-201.57596	6.4399304	-48.90019	4.4164767	20.09763	-61.463696	-48.900623	0.5	61099983	25265.869072675705
304	-212.28583	-212.28583	-20.082958	-48.897957	4.4269443	17.226635	-61.155983	-48.89849	0.3	61300981	25348.725062847137
305	-258.15817	-258.15817	-0.55417484	-48.89135	4.44825	20.426804	-60.17574	-48.892	0.3	61501986	25431.799807548523
306	-257.29755	-257.29755	9.543874	-48.8745	4.533711	23.26058	-60.46456	-48.874992	0.6	61702981	25514.887498140335
307	-250.61731	-250.61731	-0.12854539	-48.883785	4.4921403	18.585617	-58.919674	-48.88435	0.4	61903983	25597.972061634064
308	-260.87558	-260.87558	7.5937037	-48.88443	4.488519	30.112728	-61.14659	-48.88535	0.4	62104984	25681.122666358948
309	-253.72115	-253.72115	-116.18946	-48.878624	4.527512	19.845709	-60.587532	-48.878586	0.4	62305981	25764.17520046234
310	-266.5903	-266.5903	-15.243546	-48.879765	4.50515	18.225227	-63.187893	-48.880287	0.5	62506983	25847.457422971725
311	-230.13503	-230.13503	-80.708374	-48.87179	4.563917	22.289955	-64.25097	-48.87207	0.5	62707985	25931.162219524384
312	-164.38625	-164.38625	0.4414733	-48.87725	4.5225387	19.743025	-62.57952	-48.878033	0.5	62908983	26014.17706799507
313	-210.21333	-210.21333	4.9369774	-48.85538	4.613484	23.242092	-60.368862	-48.85581	0.3	63109982	26097.183728456497
314	-169.21262	-169.21262	3.7228272	-48.847332	4.638509	19.737587	-60.710876	-48.848362	0.5	63310984	26181.179781913757
315	-233.89032	-233.89032	-2.4243166	-48.847744	4.6724634	22.045937	-60.8725	-48.848038	0.4	63511983	26264.496775865555
316	-210.22159	-210.22159	8.941111	-48.857193	4.6116447	17.276028	-60.007366	-48.858044	0.1	63712982	26347.91445827484
317	-234.26607	-234.26607	6.845514	-48.84922	4.5898895	21.885635	-68.014046	-48.849876	0.0	63913982	26431.633337020874
318	-339.62463	-339.62463	-2.8028536	-48.846718	4.6488695	29.128538	-63.672985	-48.847534	0.3	64114981	26515.535143375397
319	-191.74995	-191.74995	-4.418458	-48.856216	4.633729	25.891148	-61.39107	-48.856808	0.6	64315982	26599.250334262848
320	-226.41127	-226.41127	-69.489395	-48.845062	4.679109	20.156242	-59.52756	-48.845776	0.4	64516989	26682.741950511932
321	-269.49063	-269.49063	0.20296043	-48.847694	4.6349964	21.91587	-60.637157	-48.848286	0.6	64717983	26765.98566055298
322	-168.52637	-168.52637	7.3135147	-48.838463	4.688031	22.47741	-61.82721	-48.839306	0.4	64918982	26849.610687732697
323	-231.83148	-231.83148	1.2413524	-48.824726	4.734057	24.77863	-63.189163	-48.825497	0.4	65119981	26933.4549908638
324	-254.64047	-254.64047	3.399877	-48.846977	4.6470766	19.021725	-63.871273	-48.847656	0.3	65320982	27016.37828040123
325	-211.84412	-211.84412	8.156944	-48.83761	4.683048	19.366098	-60.140564	-48.83791	0.3	65521985	27099.59507703781
326	-196.98659	-196.98659	-2.9771445	-48.83536	4.6932893	29.28282	-63.4122	-48.836098	0.8	65722982	27182.359088897705
327	-214.0522	-214.0522	-2.4383276	-48.825104	4.738563	19.479843	-60.280903	-48.825726	0.5	65923984	27265.894654989243
328	-201.69159	-201.69159	9.536025	-48.841625	4.6975017	34.579147	-60.821663	-48.842678	0.2	66124982	27348.894154310226
329	-205.24876	-205.24876	-65.213264	-48.817387	4.759764	21.59183	-60.33065	-48.817974	0.5	66325981	27432.34718298912
330	-249.55841	-249.55841	10.315568	-48.826508	4.722958	18.972866	-64.41853	-48.827343	0.1	66526983	27515.480793714523
331	-209.72563	-209.72563	4.4088464	-48.822975	4.752377	18.847887	-60.75615	-48.823704	0.5	66727984	27599.05324959755
332	-208.12247	-208.12247	10.107061	-48.82035	4.7458234	22.044575	-63.614258	-48.82132	0.4	66928982	27681.901589870453
333	-255.19997	-255.19997	3.8627815	-48.809963	4.7991977	19.024723	-62.565975	-48.810272	0.2	67129983	27765.085776090622
334	-205.17906	-205.17906	-44.255787	-48.8175	4.709532	31.55229	-65.49056	-48.818314	0.3	67330983	27848.9364426136
335	-214.05719	-214.05719	-55.415207	-48.813824	4.7607255	23.714054	-63.331318	-48.81482	0.2	67531983	27932.823074817657
336	-239.0415	-239.0415	-23.259752	-48.806057	4.7857327	24.668903	-65.263664	-48.80635	0.4	67732984	28015.406002044678
337	-231.99936	-231.99936	7.271467	-48.802086	4.770338	16.348598	-63.359787	-48.803204	0.4	67933984	28097.909220457077
338	-231.50595	-231.50595	-35.645504	-48.794205	4.7902308	19.213772	-60.59913	-48.7947	0.4	68134981	28181.15814805031
339	-182.92789	-182.92789	-45.415634	-48.791767	4.816499	19.429419	-59.69713	-48.79241	0.5	68335983	28264.09538602829
340	-233.84973	-233.84973	-34.91464	-48.79385	4.8001385	24.213463	-66.53244	-48.794315	0.4	68536981	28346.76275253296
341	-253.71535	-253.71535	7.178531	-48.801517	4.7985578	27.439442	-64.00581	-48.802498	0.2	68737987	28431.0654361248
342	-234.17557	-234.17557	-2.6184366	-48.798946	4.8086467	23.416756	-58.64621	-48.79948	0.2	68938981	28513.513558387756
343	-242.32765	-242.32765	6.7183504	-48.789337	4.818027	22.096498	-61.827934	-48.78961	0.5	69139983	28597.16288614273
344	-276.56323	-276.56323	6.866641	-48.80366	4.7954645	29.355911	-60.705223	-48.804344	0.5	69340981	28680.697999715805
345	-216.86777	-216.86777	4.783306	-48.798256	4.7877336	23.289913	-61.783024	-48.79894	0.4	69541982	28763.715791225433
346	-213.36273	-213.36273	4.024581	-48.812893	4.760297	20.13089	-62.50269	-48.813366	0.4	69742985	28846.683460712433
347	-232.50102	-232.50102	5.2071953	-48.81127	4.7545443	24.977558	-61.308277	-48.811646	0.2	69943986	28930.18351650238
348	-270.19946	-270.19946	5.912181	-48.7913	4.815429	25.08923	-61.722893	-48.791832	0.6	70144982	29013.485855817795
349	-227.29005	-227.29005	2.2440493	-48.803944	4.7895865	25.282293	-67.88102	-48.804623	0.6	70345988	29096.50624895096
350	-181.0802	-181.0802	1.55451	-48.798874	4.786441	14.533138	-62.187485	-48.799053	0.3	70546986	29179.619652748108
351	-184.36299	-184.36299	0.31305316	-48.782185	4.8409634	31.444227	-59.755764	-48.78299	0.3	70747991	29263.045404434204
352	-189.25381	-189.25381	-18.696709	-48.786327	4.807074	19.585163	-61.14201	-48.786625	0.3	70948982	29346.09014606476
353	-225.93275	-225.93275	-7.80343	-48.785984	4.828505	14.433493	-63.211357	-48.78646	0.6	71149982	29428.862327575684
354	-211.22386	-211.22386	-34.381966	-48.771816	4.846193	24.74808	-63.235283	-48.772343	0.5	71350981	29512.06665635109
355	-253.55377	-253.55377	11.972426	-48.786404	4.840293	21.192932	-65.95112	-48.787243	0.5	71551988	29595.15568614006
356	-233.67834	-233.67834	-0.83072704	-48.776646	4.858811	28.794226	-64.76949	-48.7769	0.6	71752985	29678.59629368782
357	-244.23642	-244.23642	10.894929	-48.778477	4.8534408	19.874226	-63.248383	-48.779488	0.4	71953982	29762.213531017303
358	-194.36186	-194.36186	-50.625454	-48.766037	4.8766494	24.144255	-65.598724	-48.76639	0.3	72154983	29846.320852279663
359	-209.7444	-209.7444	-0.31628034	-48.749004	4.9606433	19.260475	-61.446632	-48.749542	0.8	72355986	29929.352083444595
360	-242.41823	-242.41823	8.560261	-48.748985	4.946813	19.439758	-62.983955	-48.749393	0.5	72556982	30012.74996995926
361	-219.79388	-219.79388	-2.9295652	-48.75592	4.875419	20.578209	-61.572674	-48.756912	0.4	72757982	30096.08850169182
362	-183.91606	-183.91606	10.178775	-48.74296	4.9575934	21.59167	-64.33119	-48.74332	0.3	72958981	30179.169434785843
363	-267.28632	-267.28632	-54.407406	-48.75338	4.9114013	19.23892	-62.00696	-48.75408	0.4	73159984	30262.24082994461
364	-225.49672	-225.49672	3.8673983	-48.755234	4.9211526	24.344091	-61.555668	-48.75566	0.4	73360986	30346.22100687027
365	-224.87537	-224.87537	9.565994	-48.75726	4.907097	22.519312	-62.25672	-48.758522	0.6	73561981	30430.956423282623
366	-325.79797	-325.79797	-8.091633	-48.73806	4.9783564	19.600163	-62.365395	-48.738724	0.3	73762982	30514.54065179825
367	-221.78487	-221.78487	11.383326	-48.76719	4.8745627	23.199512	-67.46972	-48.76781	0.8	73963985	30598.00955247879
368	-205.49275	-205.49275	-57.58888	-48.75797	4.9337463	23.584623	-70.591774	-48.758957	0.5	74164981	30681.475553750992
369	-204.95508	-204.95508	7.902412	-48.755238	4.891538	18.495348	-64.83995	-48.75576	0.5	74365983	30766.044152259827
370	-244.20424	-244.20424	-36.03975	-48.751915	4.9173894	25.894598	-62.109676	-48.752567	0.4	74566981	30849.329505205154
371	-207.33336	-207.33336	-2.6175995	-48.73468	4.9541345	19.224594	-65.395706	-48.73557	0.1	74767982	30933.546764850616
372	-223.96356	-223.96356	-13.707335	-48.742275	4.912743	24.523579	-63.92474	-48.743073	0.3	74968982	31016.55030441284
373	-243.43463	-243.43463	-5.256741	-48.734245	4.9420447	25.25385	-64.310585	-48.734764	0.5	75169984	31100.100825548172
374	-220.6662	-220.6662	8.019632	-48.73753	4.9659963	26.49118	-62.82086	-48.737736	0.5	75370982	31183.61660051346
375	-244.92609	-244.92609	-2.9115527	-48.748302	4.8960953	25.662214	-63.05433	-48.74908	0.4	75571984	31267.817620277405
376	-208.12947	-208.12947	-42.12183	-48.744442	4.9254646	24.32319	-63.59972	-48.745438	0.6	75772982	31351.722167253494
377	-193.2406	-193.2406	9.21849	-48.732864	4.9500775	22.126421	-59.809303	-48.733437	0.8	75973981	31436.273461580276
378	-284.10452	-284.10452	10.410517	-48.726616	4.948384	19.988503	-64.619354	-48.72751	0.7	76174983	31519.188187122345
379	-221.38228	-221.38228	-21.335117	-48.710403	5.0031147	25.729513	-63.702473	-48.711304	0.6	76375981	31602.473133563995
380	-171.39336	-171.39336	-61.527714	-48.71788	4.975111	19.122686	-65.03687	-48.718597	0.5	76576987	31685.73053765297
381	-210.97443	-210.97443	-69.46997	-48.714832	5.0175133	21.339851	-65.84863	-48.715843	0.4	76777982	31769.193284273148
382	-262.05695	-262.05695	11.330888	-48.72572	4.9796147	31.238718	-66.70362	-48.72654	0.6	76978982	31852.660257339478
383	-196.71703	-196.71703	9.317037	-48.702827	5.042994	22.510916	-64.95835	-48.703667	0.6	77179982	31935.593324422836
384	-280.08966	-280.08966	2.2976763	-48.711597	5.016248	22.1505	-62.63221	-48.71251	0.3	77380981	32019.37889099121
385	-268.39932	-268.39932	-21.692915	-48.705803	5.0521483	21.493145	-66.371284	-48.70687	0.7	77581985	32103.53071117401
386	-168.53807	-168.53807	9.388702	-48.712624	5.031656	22.699482	-60.964085	-48.71322	0.6	77782984	32186.89770245552
387	-193.74504	-193.74504	7.98405	-48.724827	4.970668	19.034906	-61.630074	-48.725296	0.3	77983982	32270.683051347733
388	-201.06383	-201.06383	8.110573	-48.72004	4.97411	18.733217	-65.40453	-48.720364	0.7	78184982	32354.349913597107
389	-213.58047	-213.58047	-74.76656	-48.70518	5.0403094	22.07903	-62.366802	-48.70603	0.4	78385981	32437.483502149582
390	-239.26674	-239.26674	-53.11002	-48.684574	5.0798464	26.526348	-62.89863	-48.68561	0.4	78586983	32521.135558128357
391	-246.92297	-246.92297	-44.591007	-48.701458	5.0556707	26.42786	-63.964798	-48.701996	0.2	78787981	32604.408650398254
392	-217.69754	-217.69754	5.5195003	-48.693787	5.087138	15.588522	-62.716927	-48.6947	0.5	78988981	32688.088178634644
393	-240.0283	-240.0283	6.013039	-48.705006	5.0156293	22.03026	-66.37097	-48.70555	0.4	79189987	32771.52245140076
394	-240.06357	-240.06357	-21.869835	-48.6928	5.074792	18.564459	-63.803196	-48.69337	0.5	79390982	32855.87286114693
395	-229.26604	-229.26604	10.002462	-48.682682	5.0945816	22.674477	-63.20713	-48.683437	0.6	79591990	32939.557158231735
396	-247.84102	-247.84102	8.942786	-48.674576	5.106908	19.185051	-62.398064	-48.6752	0.5	79792982	33023.35672593117
397	-234.39201	-234.39201	5.921098	-48.670006	5.1529045	18.542826	-61.460114	-48.670616	0.6	79993985	33107.67941522598
398	-194.63329	-194.63329	10.081734	-48.678257	5.08983	20.755142	-62.46721	-48.67933	0.6	80194981	33191.61310219765
399	-208.11319	-208.11319	10.654618	-48.685944	5.0850987	27.629147	-68.013954	-48.68683	0.6	80395984	33275.57990074158
400	-214.97983	-214.97983	10.143412	-48.683807	5.09017	21.561533	-63.1006	-48.684765	0.7	80596983	33359.063577890396
401	-153.6359	-153.6359	-30.718035	-48.659008	5.1515565	21.11632	-65.41143	-48.659576	0.4	80797982	33443.10048651695
402	-271.95657	-271.95657	-35.68087	-48.6632	5.10572	20.69311	-63.18989	-48.66412	0.5	80998985	33527.16849684715
403	-191.32906	-191.32906	-21.932114	-48.648853	5.187725	21.992296	-63.651543	-48.649986	0.7	81199986	33610.61651825905
404	-200.19623	-200.19623	-21.324507	-48.66492	5.1329365	22.067884	-64.04079	-48.665848	0.3	81400982	33694.68693113327
405	-182.9615	-182.9615	-22.4457	-48.656063	5.1789417	18.504581	-63.602406	-48.65706	0.4	81601984	33778.1791343689
406	-246.5611	-246.5611	8.655954	-48.64922	5.178472	21.949757	-61.91624	-48.650326	0.7	81802983	33861.570333480835
407	-228.67538	-228.67538	-78.0819	-48.646526	5.180354	20.489193	-61.48327	-48.64744	0.5	82003987	33945.34612894058
408	-224.60002	-224.60002	4.435825	-48.645256	5.2102027	20.039433	-63.552597	-48.646336	0.4	82204983	34028.32260918617
409	-213.4394	-213.4394	-54.814537	-48.651524	5.1901765	19.7863	-62.65338	-48.65211	0.6	82405982	34111.64802265167
410	-241.18114	-241.18114	8.33675	-48.636868	5.191046	20.473516	-66.58527	-48.63788	0.4	82606981	34194.44757413864
411	-261.05734	-261.05734	3.4268363	-48.626404	5.2226715	27.032887	-66.71957	-48.627495	0.3	82807982	34278.0606880188
412	-234.66592	-234.66592	-5.5984726	-48.644955	5.226608	21.294899	-63.907543	-48.645725	0.7	83008985	34361.57990074158
413	-250.73637	-250.73637	11.144229	-48.615578	5.291094	19.324776	-64.20765	-48.61676	0.7	83209982	34445.9133439064
414	-289.63794	-289.63794	8.746443	-48.634026	5.20762	22.405693	-64.31908	-48.63489	0.6	83410991	34529.70376873016
415	-217.03801	-217.03801	3.5251048	-48.625137	5.2620792	18.897766	-64.70271	-48.626163	0.4	83611981	34613.41453528404
416	-234.58582	-234.58582	7.015305	-48.623173	5.254558	18.633213	-65.74647	-48.623966	0.5	83812981	34696.82148385048
417	-255.15076	-255.15076	8.25375	-48.610813	5.2941427	23.638983	-63.59034	-48.61148	0.5	84013981	34780.05256605148
418	-216.61089	-216.61089	4.0735803	-48.623405	5.2536592	20.653324	-66.84653	-48.62425	0.4	84214981	34864.167662620544
419	-261.5626	-261.5626	9.52489	-48.609837	5.3162384	19.86237	-65.48651	-48.610928	0.5	84415981	34947.22208571434
420	-195.0207	-195.0207	-29.7797	-48.612896	5.278049	20.246914	-70.40552	-48.61362	0.5	84616984	35031.129578113556
421	-256.61078	-256.61078	-27.592585	-48.594254	5.3406887	21.478529	-69.67026	-48.595036	0.4	84817983	35114.47142505646
422	-279.94617	-279.94617	10.319318	-48.588055	5.360329	28.358055	-65.52457	-48.588898	0.8	85018983	35198.17356753349
423	-244.61186	-244.61186	7.559134	-48.613503	5.273331	20.830505	-64.260605	-48.61356	0.6	85219983	35282.27462267876
424	-186.56375	-186.56375	8.429191	-48.602585	5.2949767	24.185314	-63.868706	-48.60281	0.6	85420981	35365.5449655056
425	-243.01498	-243.01498	8.493035	-48.59433	5.3072615	17.127964	-70.62475	-48.595303	0.4	85621984	35449.328283548355
426	-174.34184	-174.34184	-59.194775	-48.580986	5.3518248	23.880554	-62.788525	-48.581818	0.4	85822988	35532.319247722626
427	-256.6313	-256.6313	2.4539163	-48.584465	5.35287	21.936602	-65.48924	-48.58476	0.7	86023981	35616.10070681572
428	-186.3265	-186.3265	9.37782	-48.58677	5.340387	32.36075	-68.849144	-48.58703	0.4	86224981	35699.84824728966
429	-214.72057	-214.72057	-42.759068	-48.57078	5.410407	30.855085	-67.78611	-48.5714	0.3	86425984	35783.967368125916
430	-283.26474	-283.26474	-19.614716	-48.592243	5.3266315	19.401804	-65.285355	-48.592842	0.3	86626982	35867.951317071915
431	-282.65247	-282.65247	-37.837616	-48.56247	5.40092	22.712055	-67.1337	-48.56325	0.6	86827981	35951.71727371216
432	-266.08093	-266.08093	-19.253414	-48.575195	5.3487344	29.132185	-63.27924	-48.575626	0.5	87028990	36034.40244555473
433	-202.0734	-202.0734	-28.67704	-48.574215	5.4030614	22.936829	-64.32001	-48.57461	0.4	87229982	36117.92021608353
434	-184.91978	-184.91978	-67.81513	-48.57345	5.35936	26.849401	-61.480736	-48.574066	0.4	87430983	36201.86123871803
435	-256.50046	-256.50046	4.4639463	-48.562103	5.394075	24.364374	-62.854465	-48.56248	0.4	87631981	36285.091574668884
436	-250.84167	-250.84167	10.768631	-48.588516	5.3516054	19.743412	-65.4172	-48.588795	0.7	87832983	36368.607484817505
437	-243.28438	-243.28438	10.610345	-48.581196	5.363341	20.835388	-62.246338	-48.58156	0.5	88033984	36451.457208156586
438	-216.0321	-216.0321	-85.77958	-48.592834	5.3534837	29.788303	-69.069305	-48.593372	0.3	88234987	36535.28508591652
439	-233.45805	-233.45805	-49.394154	-48.568134	5.407399	18.560625	-67.83462	-48.568607	0.3	88435986	36618.75288391113
440	-300.62766	-300.62766	8.546912	-48.59054	5.3448157	17.976608	-62.895496	-48.591316	0.5	88636981	36702.23336458206
441	-239.5067	-239.5067	8.588851	-48.580204	5.406831	19.102417	-64.34346	-48.580265	0.7	88837988	36786.24534153938
442	-242.72891	-242.72891	9.595393	-48.586224	5.348805	26.227745	-64.44637	-48.586815	0.6	89038981	36870.016360759735
443	-234.62529	-234.62529	-59.64094	-48.602684	5.3154573	31.471294	-63.668022	-48.603504	0.3	89239982	36953.63162612915
444	-213.87228	-213.87228	5.2053	-48.57498	5.430982	27.00971	-63.78781	-48.57562	0.4	89440982	37036.832290410995
445	-253.90422	-253.90422	-47.949123	-48.57454	5.3858824	17.98902	-63.845615	-48.575157	0.3	89641986	37120.34135556221
446	-194.23174	-194.23174	-30.084198	-48.570217	5.414209	21.535652	-65.43233	-48.570538	0.4	89842981	37204.252202272415
447	-272.25824	-272.25824	-2.781326	-48.56668	5.422244	19.40842	-64.3038	-48.56763	0.6	90043982	37288.72503376007
448	-215.2165	-215.2165	10.99713	-48.574497	5.414071	25.279652	-68.091446	-48.57444	0.5	90244984	37371.770636081696
449	-245.73062	-245.73062	-1.3224937	-48.58075	5.389747	18.600323	-68.6177	-48.581375	0.7	90445981	37455.228070259094
450	-246.57457	-246.57457	-3.860373	-48.569725	5.433939	17.99122	-63.66563	-48.57015	0.8	90646989	37538.95735359192
451	-260.948	-260.948	-16.96181	-48.554615	5.452184	27.515045	-70.98067	-48.55552	0.5	90847987	37622.792090177536
452	-264.55942	-264.55942	7.2652354	-48.55451	5.4565167	33.077393	-66.76806	-48.555023	0.5	91048983	37706.127591371536
453	-283.90356	-283.90356	-34.99549	-48.569767	5.424673	18.532043	-63.13969	-48.57053	0.3	91249982	37790.56242775917
454	-190.7121	-190.7121	8.038367	-48.584267	5.3756146	17.009642	-65.10841	-48.58413	0.5	91450983	37874.013107299805
455	-209.03716	-209.03716	11.484048	-48.566406	5.441127	19.524757	-63.444763	-48.567596	0.6	91651982	37957.445902109146
456	-195.85402	-195.85402	-67.3605	-48.556763	5.433154	22.725166	-64.79463	-48.55734	0.5	91852984	38041.14711070061
457	-222.08676	-222.08676	5.477136	-48.557213	5.451102	19.167671	-64.44663	-48.55753	0.4	92053981	38124.33350610733
458	-288.78894	-288.78894	-41.218285	-48.55476	5.4321737	20.424143	-63.502224	-48.555862	0.5	92254981	38208.01845407486
459	-224.92842	-224.92842	6.802405	-48.56808	5.4149814	23.078403	-67.65974	-48.56836	0.3	92455983	38291.488661289215
460	-223.41304	-223.41304	3.3741417	-48.556767	5.4222054	22.837004	-67.0176	-48.5569	0.3	92656984	38375.168761491776
461	-180.37074	-180.37074	9.473056	-48.565296	5.4123244	25.732841	-64.89106	-48.565243	0.5	92857981	38458.43846774101
462	-274.66254	-274.66254	-29.260143	-48.554016	5.4494443	23.057707	-65.93644	-48.55511	0.4	93058991	38542.39682340622
463	-186.71172	-186.71172	-31.541088	-48.56417	5.3998375	19.616627	-66.87907	-48.56509	0.2	93259982	38626.309465408325
464	-230.71915	-230.71915	0.27754298	-48.54871	5.424141	19.842344	-63.744392	-48.54923	0.5	93460981	38709.55726265907
465	-204.95029	-204.95029	8.275024	-48.543655	5.444768	19.755882	-67.97466	-48.544395	0.5	93661982	38793.610303878784
466	-198.54121	-198.54121	-21.289738	-48.538746	5.471507	24.140312	-63.062675	-48.53923	0.5	93862982	38877.145100831985
467	-262.1977	-262.1977	-0.19275361	-48.519318	5.527021	21.639782	-73.752785	-48.52022	0.7	94063991	38960.62963747978
468	-212.39781	-212.39781	-21.015356	-48.530704	5.5036163	20.30988	-78.06515	-48.531197	0.5	94264983	39044.495433330536
469	-192.0419	-192.0419	6.8048954	-48.512096	5.546169	21.225372	-72.97833	-48.512817	0.4	94465982	39127.66622710228
470	-163.27782	-163.27782	12.077057	-48.52079	5.520977	20.23014	-69.82253	-48.521793	0.5	94666983	39211.085564374924
471	-186.79854	-186.79854	5.062681	-48.52923	5.5118413	24.132084	-66.74728	-48.529873	0.2	94867982	39294.881516218185
472	-200.60881	-200.60881	-23.762703	-48.52975	5.487958	21.366982	-65.99393	-48.530293	0.5	95068983	39378.46699023247
473	-217.32089	-217.32089	-18.201937	-48.516624	5.553424	22.991713	-64.699135	-48.517155	0.4	95269984	39462.40145421028
474	-230.39635	-230.39635	12.534241	-48.529583	5.4950414	50.275364	-66.03303	-48.52987	0.4	95470983	39546.18593740463
475	-216.0943	-216.0943	-21.032156	-48.509407	5.524714	21.88628	-65.383804	-48.51038	0.7	95671983	39629.84893107414
476	-198.4933	-198.4933	-32.01022	-48.505573	5.5712595	22.04094	-65.88975	-48.50595	0.6	95872982	39713.95404744148
477	-231.60907	-231.60907	-0.36965942	-48.494728	5.5873537	28.886875	-68.97188	-48.495274	0.5	96073988	39797.85748767853
478	-267.94632	-267.94632	3.9826684	-48.50096	5.577016	22.14355	-66.126656	-48.50199	0.4	96274988	39881.15747189522
479	-207.6252	-207.6252	3.3265617	-48.478554	5.6256027	21.5994	-65.851776	-48.479557	0.6	96475981	39965.041831970215
480	-242.68575	-242.68575	-6.410336	-48.504242	5.5703163	29.19526	-65.71569	-48.504555	0.4	96676983	40048.79287695885
481	-273.15768	-273.15768	1.5911347	-48.515656	5.5462937	22.95257	-63.597492	-48.516083	0.5	96877986	40132.54344344139
482	-251.03862	-251.03862	3.003305	-48.493332	5.6203985	24.967255	-64.75447	-48.493683	0.5	97078984	40216.01260781288
483	-242.98997	-242.98997	8.421128	-48.508842	5.565604	21.725187	-64.62952	-48.510292	0.9	97279982	40300.02886724472
484	-204.64825	-204.64825	-28.543922	-48.501293	5.5691657	22.432358	-65.76355	-48.50163	0.4	97480981	40383.69945335388
485	-230.1921	-230.1921	4.088907	-48.500656	5.603817	22.148798	-67.13563	-48.501534	0.7	97681983	40467.8500790596
486	-223.4581	-223.4581	6.0550747	-48.509964	5.575318	29.657545	-67.88202	-48.510975	0.6	97882986	40551.66552424431
487	-221.95535	-221.95535	6.567357	-48.48044	5.643464	21.19498	-65.94642	-48.48077	0.7	98083983	40635.04997253418
488	-219.34488	-219.34488	8.444041	-48.48084	5.6535697	25.751474	-66.73186	-48.481766	0.4	98284984	40718.67194890976
489	-255.91837	-255.91837	3.5475929	-48.483974	5.670712	19.25429	-64.67038	-48.4849	0.5	98485982	40802.05133271217
490	-160.30548	-160.30548	-18.878874	-48.484104	5.619103	27.530674	-67.175026	-48.48487	0.3	98686990	40885.50490140915
491	-214.11603	-214.11603	7.1597185	-48.494236	5.609538	19.074575	-71.46325	-48.494267	0.3	98887982	40969.13873338699
492	-217.71611	-217.71611	8.737924	-48.49016	5.584683	22.539766	-67.09021	-48.49143	0.5	99088989	41052.32351756096
493	-224.85489	-224.85489	10.599008	-48.491695	5.612869	26.085972	-67.08346	-48.492535	0.5	99289983	41135.596507549286
494	-174.88454	-174.88454	10.738954	-48.47164	5.6536455	32.503002	-68.33075	-48.471905	0.6	99490983	41219.12586951256
495	-269.4256	-269.4256	9.560749	-48.482594	5.6375	22.359035	-67.80785	-48.483063	0.6	99691984	41303.165041446686
496	-257.7767	-257.7767	10.337899	-48.486874	5.5963244	24.79488	-67.64897	-48.48759	0.3	99892984	41386.5791721344
497	-196.02615	-196.02615	-37.20394	-48.475086	5.639345	17.752663	-67.705986	-48.47623	0.4	100093984	41470.1188621521
498	-225.17769	-225.17769	10.131965	-48.472378	5.6875644	26.7608	-65.79669	-48.47335	0.4	100294984	41554.44747829437
499	-185.39766	-185.39766	11.669875	-48.46995	5.6873503	22.116455	-65.775055	-48.470463	0.5	100495983	41637.581595659256
