Epoch	EpRet	EpRealRet	TestEpRet	AverageQ1	StdQ1	MaxQ1	MinQ1	Q2	TestSuccess	TotalEnvInteracts	TotalTime
0	-704.1175	-704.1175	-683.9918	-2.57408	1.7543932	0.40417188	-14.0598345	-2.5738223	0.1	197981	287.602530002594
1	-730.1248	-730.1248	-805.28326	-5.609468	3.080023	5.6317034	-23.650223	-5.609735	0.1	398981	618.9590866565704
2	-738.15155	-738.15155	-798.44257	-8.851927	4.783458	1.6348115	-30.022673	-8.852202	0.1	599981	972.7049534320831
3	-698.6089	-698.6089	-518.37915	-11.7399235	6.5465226	3.3990068	-47.176727	-11.740086	0.3	800981	1312.7610580921173
4	-642.96796	-642.96796	-664.7073	-14.456548	8.192765	3.4167576	-49.123363	-14.456776	0.1	1001981	1664.2575378417969
5	-677.00073	-677.00073	-821.1299	-17.244408	9.379865	2.4365187	-52.2215	-17.244642	0.1	1202981	1993.2933220863342
6	-737.3293	-737.3293	-804.3758	-19.830757	10.297678	5.571043	-54.051624	-19.83103	0.0	1403981	2333.6114971637726
7	-669.3513	-669.3513	-619.4146	-21.93106	10.974741	10.762877	-54.702255	-21.930984	0.2	1604981	2707.4300508499146
8	-632.6542	-632.6542	-534.90845	-23.07296	11.59585	9.475802	-57.47553	-23.073164	0.4	1805981	3038.9825689792633
9	-590.5454	-590.5454	-674.4737	-23.286648	12.194854	10.188723	-54.165344	-23.28687	0.1	2006981	3468.8561120033264
10	-566.3982	-566.3982	-549.56036	-22.618202	12.59983	2.8228552	-53.940853	-22.617989	0.3	2207981	3828.4547040462494
11	-568.28894	-568.28894	-387.23358	-21.291819	13.173947	2.7947536	-54.26736	-21.291592	0.4	2408981	4230.562048912048
12	-588.11053	-588.11053	-468.65085	-20.056387	13.601227	7.1119723	-54.57669	-20.05634	0.3	2609981	4563.960489273071
13	-515.80664	-515.80664	-708.7552	-18.750107	13.825419	3.488421	-57.287907	-18.750048	0.2	2810981	4890.773673772812
14	-468.86163	-468.86163	-425.3799	-17.627226	13.8572	9.037543	-55.07133	-17.627043	0.3	3011981	5203.841319322586
15	-472.07028	-472.07028	-500.18466	-16.759064	13.716571	2.8695307	-54.11583	-16.75917	0.2	3212981	5522.854815006256
16	-448.0972	-448.0972	-502.66162	-15.173945	13.430159	2.5146444	-53.559742	-15.173907	0.3	3413981	5827.189155340195
17	-373.87067	-373.87067	-280.90067	-13.6904335	13.057804	3.954022	-60.922333	-13.690345	0.6	3614010	6095.82995223999
18	-305.8196	-305.8196	-373.96042	-12.541718	12.70205	2.772571	-54.941345	-12.541804	0.4	3815981	6382.34926366806
19	-356.30563	-356.30563	-241.54521	-11.559151	12.476518	3.0010264	-58.23829	-11.559257	0.3	4015999	6634.546671628952
20	-346.05484	-346.05484	-245.52945	-10.711573	12.325703	5.472676	-53.93077	-10.711582	0.3	4217981	6928.578604698181
21	-347.12616	-347.12616	-208.21835	-9.813441	12.046887	1.8811052	-53.45855	-9.813427	0.5	4418981	7213.787046432495
22	-240.07713	-240.07713	-276.88007	-9.18479	11.638607	2.440057	-56.635303	-9.18482	0.3	4619181	7475.933649778366
23	-355.66855	-355.66855	-392.60852	-8.682504	11.2210865	1.5146903	-54.131004	-8.682494	0.3	4820981	7781.73831820488
24	-275.6717	-275.6717	-266.85757	-8.335501	10.941081	0.70200515	-52.586983	-8.335456	0.5	5021115	8046.780117750168
25	-368.40683	-368.40683	-397.17517	-8.039235	10.760503	1.8620644	-64.69772	-8.039183	0.3	5222981	8362.996571779251
26	-300.84235	-300.84235	-451.15616	-8.044498	10.83714	1.7693025	-55.309513	-8.044474	0.1	5423981	8634.715162992477
27	-282.1387	-282.1387	-210.83359	-7.6624703	10.36572	0.92926145	-54.03855	-7.6624293	0.4	5624981	8887.169484853745
28	-287.9249	-287.9249	-211.44926	-7.554703	10.239926	2.6226401	-66.841255	-7.554717	0.5	5825981	9140.109459400177
29	-223.97202	-223.97202	-249.5871	-7.558883	10.206292	1.3988566	-63.241383	-7.5588546	0.5	6026377	9344.72756767273
30	-313.2666	-313.2666	-203.49654	-7.422841	10.032759	1.365258	-55.700752	-7.4228687	0.3	6227981	9618.649494886398
31	-308.737	-308.737	-356.33813	-7.3681364	9.896817	1.2793502	-55.029114	-7.368287	0.5	6428169	9864.820677995682
32	-226.89862	-226.89862	-64.23486	-7.0976763	9.542843	0.8260585	-54.650948	-7.0976615	0.8	6629019	10077.834941387177
33	-188.8296	-188.8296	-124.70271	-7.1935544	9.664993	0.5648675	-57.154263	-7.193518	0.6	6830059	10276.761634588242
34	-238.95917	-238.95917	-291.40527	-7.2246985	9.720623	0.6620933	-57.220676	-7.2246666	0.4	7031981	10504.893075704575
35	-205.2892	-205.2892	-309.8215	-7.4350185	9.818836	0.91108936	-55.22149	-7.4348946	0.5	7232981	10736.624515295029
36	-215.57661	-215.57661	-285.56537	-7.5278425	9.7758665	1.414285	-55.910988	-7.527902	0.3	7433280	10954.171118736267
37	-275.35196	-275.35196	-267.34982	-7.7078094	9.885679	0.9327285	-55.664608	-7.7077775	0.4	7634051	11211.452086925507
38	-288.91974	-288.91974	-137.31519	-7.9728203	9.951331	0.65198123	-58.586864	-7.9729214	0.5	7835166	11459.340853214264
39	-242.4103	-242.4103	-179.8111	-8.137575	10.018308	0.65942484	-56.51142	-8.137695	0.5	8036981	11678.198157310486
40	-258.75024	-258.75024	-295.81943	-8.130796	9.979853	1.3150822	-53.39101	-8.130973	0.4	8237038	11911.740061759949
41	-207.14915	-207.14915	-269.65173	-8.030058	9.89407	0.9606029	-55.82237	-8.029988	0.6	8437995	12130.791950702667
42	-191.13956	-191.13956	-295.2124	-7.924511	9.813622	1.1323644	-55.102154	-7.9245243	0.4	8638992	12347.634842157364
43	-239.0257	-239.0257	-194.73291	-7.6863637	9.844659	2.2310355	-53.251774	-7.6863985	0.6	8840146	12576.457221269608
44	-270.85767	-270.85767	-246.39458	-7.424834	9.77339	0.8675605	-56.061626	-7.424875	0.5	9041981	12828.220426082611
45	-206.69073	-206.69073	-133.70415	-7.24227	9.616748	1.0053487	-57.627884	-7.2422447	0.5	9242185	13047.690478563309
46	-179.80449	-179.80449	-242.24205	-6.951668	9.291458	0.64103603	-52.47097	-6.9516916	0.4	9443981	13279.732768058777
47	-150.37938	-150.37938	-260.41553	-6.8003197	9.09139	0.9752251	-53.04187	-6.8002987	0.5	9644173	13468.085968732834
48	-256.06693	-256.06693	-164.12067	-6.763274	9.073762	1.2962466	-53.03483	-6.7633443	0.6	9845981	13696.441353321075
49	-239.08633	-239.08633	-200.70238	-6.805456	9.062117	0.87007445	-52.93681	-6.80547	0.3	10046032	13939.578829288483
50	-253.54764	-253.54764	-127.82471	-6.986691	9.1122055	1.3630974	-51.970673	-6.986768	0.5	10247073	14200.485474824905
51	-244.0807	-244.0807	-223.08565	-7.0672293	9.108463	1.6597238	-52.122597	-7.0672817	0.5	10448981	14438.928148508072
52	-224.84187	-224.84187	-154.9937	-6.84855	8.856181	0.7791911	-51.63105	-6.8485575	0.5	10649981	14672.826163053513
53	-207.18724	-207.18724	-211.1638	-6.831223	8.893404	1.3983953	-54.547855	-6.8314257	0.5	10850031	14894.257570266724
54	-251.17139	-251.17139	-248.84303	-6.8604693	8.996714	0.6357254	-53.86482	-6.8604617	0.4	11051981	15126.856357812881
55	-239.77277	-239.77277	-146.83165	-6.7810993	8.954062	0.82268864	-55.315563	-6.781178	0.7	11251987	15373.38785123825
56	-258.41025	-258.41025	-143.47351	-6.552788	8.801628	1.580062	-53.675137	-6.5528355	0.4	11453126	15642.311411857605
57	-210.60461	-210.60461	-174.0868	-6.310728	8.667363	1.0277867	-51.486015	-6.3107452	0.4	11654981	15904.921328306198
58	-244.17522	-244.17522	-331.73926	-6.1044655	8.398368	0.8153685	-52.8637	-6.1044707	0.2	11855981	16168.85693025589
59	-218.4967	-218.4967	-361.56848	-6.06869	8.322946	0.9343321	-52.513386	-6.068642	0.2	12056051	16387.48756480217
60	-227.51492	-227.51492	-177.30534	-5.8990216	8.11364	0.61362696	-51.801147	-5.8990417	0.7	12257066	16626.89932203293
61	-247.82059	-247.82059	-152.49399	-5.8913283	7.9885793	0.4791016	-52.915974	-5.8913703	0.6	12458981	16886.434849500656
62	-206.47075	-206.47075	-72.732124	-5.975527	8.094993	0.62132	-52.65636	-5.9755445	0.8	12659981	17081.613964796066
63	-242.00815	-242.00815	-193.60693	-6.0401883	8.170973	0.7416455	-53.399715	-6.0402637	0.6	12860704	17340.814406633377
64	-151.1163	-151.1163	-244.13768	-6.1179194	8.179013	0.82194996	-52.051147	-6.117974	0.4	13061981	17532.26889896393
65	-182.76683	-182.76683	-165.33168	-6.0265517	8.121141	1.2114073	-55.487465	-6.0265303	0.7	13262237	17748.47362804413
66	-262.122	-262.122	-202.46333	-5.993699	8.117982	0.9652376	-52.83652	-5.9937186	0.6	13463981	18019.415053367615
67	-167.9495	-167.9495	-137.51143	-6.1408463	8.177394	1.0078033	-52.33002	-6.1407475	0.5	13664981	18214.233071804047
68	-163.01627	-163.01627	-151.36232	-6.1388664	8.198799	0.86271036	-53.230515	-6.1388397	0.5	13865981	18425.7312605381
69	-187.65186	-187.65186	-183.34572	-6.001878	8.130037	0.90535486	-54.353134	-6.00188	0.5	14066082	18637.745654821396
70	-210.3117	-210.3117	-257.9961	-5.9059052	7.9952	1.3133986	-52.101746	-5.9058523	0.3	14267981	18875.135323047638
71	-179.70854	-179.70854	-200.18202	-5.878847	7.8917885	0.61652523	-52.814304	-5.878858	0.5	14468009	19077.601801395416
72	-277.27124	-277.27124	-198.29909	-6.135442	8.14206	0.8282659	-53.023365	-6.1353817	0.5	14669981	19344.443766593933
73	-168.71431	-168.71431	-225.60004	-6.35721	8.375619	0.64651996	-51.949486	-6.357263	0.4	14870981	19555.989527463913
74	-185.43546	-185.43546	-155.54753	-6.2562895	8.355444	0.6666719	-56.714287	-6.2561793	0.7	15071039	19771.61062860489
75	-171.27118	-171.27118	-315.9165	-6.1955314	8.407792	1.2753584	-53.982346	-6.1955814	0.1	15272088	20007.49316596985
76	-211.09645	-211.09645	-184.79927	-6.2773	8.482393	0.73228294	-53.360218	-6.277243	0.5	15473981	20230.84864473343
77	-222.6863	-222.6863	-264.2532	-6.4016075	8.524715	1.997878	-52.145145	-6.4015355	0.5	15674321	20451.97345685959
78	-171.08768	-171.08768	-244.26425	-6.522256	8.604413	1.5709414	-54.791885	-6.522384	0.3	15875981	20660.793382167816
79	-252.10037	-252.10037	-138.08684	-6.4657054	8.540672	2.1748075	-54.7681	-6.4658	0.5	16076981	20939.113745450974
80	-245.33922	-245.33922	-198.54683	-6.3057337	8.384359	2.2203918	-57.3607	-6.3057747	0.4	16277109	21183.774715662003
81	-207.72633	-207.72633	-188.8143	-6.2988267	8.354064	2.1187713	-54.4194	-6.298921	0.6	16478981	21404.73189973831
82	-249.10866	-249.10866	-107.663445	-6.4292355	8.381592	1.6951418	-52.537697	-6.4293265	0.7	16679089	21658.234330177307
83	-255.20068	-255.20068	-215.08546	-6.59862	8.568728	4.780374	-53.310112	-6.598754	0.4	16880065	21919.47151708603
84	-168.66518	-168.66518	-268.54877	-6.5217733	8.548481	3.0161903	-53.99452	-6.52171	0.3	17081063	22124.23521232605
85	-221.99014	-221.99014	-238.93253	-6.6210093	8.50548	2.601018	-53.872265	-6.62095	0.5	17282124	22344.958399295807
86	-220.37372	-220.37372	-182.2772	-6.741878	8.55846	3.296784	-52.840576	-6.741794	0.5	17483981	22555.242391824722
87	-185.08128	-185.08128	-186.94879	-6.724206	8.422612	4.038512	-52.592865	-6.724257	0.5	17684981	22773.036499738693
88	-234.35623	-234.35623	-147.12646	-6.8639946	8.431504	1.7856158	-55.22931	-6.8639655	0.6	17885981	23008.41416811943
89	-183.71164	-183.71164	-214.56224	-6.89131	8.389836	3.0437052	-52.528465	-6.891282	0.5	18086981	23207.731518268585
90	-193.98016	-193.98016	-80.063416	-6.630708	8.148711	0.8113317	-52.51916	-6.630784	0.7	18287981	23441.853323459625
91	-190.86649	-190.86649	-133.50227	-6.540888	8.018329	0.67753065	-53.15371	-6.5409617	0.6	18488981	23672.758048057556
92	-140.53386	-140.53386	-74.08658	-6.4088387	7.9587016	0.79405254	-52.384205	-6.408875	0.7	18689091	23855.683122873306
93	-197.12346	-197.12346	-177.89671	-6.3762136	7.9059877	0.8145039	-51.643787	-6.3762603	0.7	18890981	24068.283517360687
94	-230.41484	-230.41484	-120.80969	-6.4171576	7.870317	0.749383	-52.619427	-6.41719	0.5	19091197	24317.817003250122
95	-221.6471	-221.6471	-147.86699	-6.466491	8.041172	1.1228799	-52.423363	-6.4664574	0.7	19292981	24557.858092308044
96	-198.51735	-198.51735	-94.82844	-6.387757	7.9587054	0.7151907	-51.943886	-6.387752	0.7	19493981	24790.526871919632
97	-253.14967	-253.14967	-138.55368	-6.532585	8.071123	0.74986833	-52.509285	-6.5325236	0.6	19694981	25035.24316763878
98	-151.1379	-151.1379	-336.97296	-6.6876345	8.21402	0.5887759	-51.60748	-6.687611	0.3	19895030	25236.068459033966
99	-163.83707	-163.83707	-114.021706	-6.7037873	8.20733	0.80683845	-51.755028	-6.7037816	0.7	20096981	25420.90332198143
100	-239.51164	-239.51164	-219.37402	-6.6846104	8.177724	0.74973583	-52.027622	-6.684654	0.4	20297981	25662.128572940826
101	-204.46158	-204.46158	-452.02344	-6.59814	8.139718	0.6181222	-51.837177	-6.5981846	0.2	20498981	25917.052999019623
102	-138.88377	-138.88377	-183.65073	-6.5792465	8.106224	0.804746	-52.769226	-6.5792446	0.6	20699981	26119.17249894142
103	-178.08739	-178.08739	-195.01886	-6.515098	7.971611	0.5834776	-64.945435	-6.515153	0.5	20900981	26345.741166830063
104	-235.87477	-235.87477	-115.98694	-6.3980083	7.8436465	0.5195466	-52.833443	-6.3980823	0.5	21101073	26582.691343069077
105	-166.60408	-166.60408	-102.764114	-6.250606	7.755967	0.57317436	-52.94782	-6.250629	0.6	21302981	26802.87842130661
106	-189.9979	-189.9979	-212.62509	-6.2742085	7.855087	0.8007756	-54.63175	-6.2742634	0.5	21503981	26999.333235263824
107	-183.2591	-183.2591	-244.66861	-6.3317256	8.04331	0.668357	-57.46395	-6.3317995	0.7	21704981	27187.291383981705
108	-204.90031	-204.90031	-102.03356	-6.279095	8.052359	0.50991714	-54.07533	-6.2791185	0.7	21905107	27400.690806627274
109	-186.56306	-186.56306	-234.61574	-6.263992	8.095963	0.5707024	-55.174885	-6.2640824	0.6	22106056	27597.040404081345
110	-185.17998	-185.17998	-195.23387	-6.260371	8.1422205	0.62993413	-59.72766	-6.260353	0.5	22307054	27815.593804597855
111	-192.05078	-192.05078	-99.45781	-6.375928	8.230767	0.5905906	-51.481827	-6.375992	0.7	22508096	28019.545489549637
112	-202.0556	-202.0556	-126.78164	-6.583575	8.358089	0.8076855	-52.53023	-6.5836763	0.7	22709981	28228.743870019913
113	-153.23903	-153.23903	-105.52769	-6.6611595	8.418234	0.95378554	-51.497498	-6.6612873	0.8	22910145	28421.207328557968
114	-150.40004	-150.40004	-76.15518	-6.6808763	8.350102	0.4563725	-51.794582	-6.680955	0.7	23111981	28607.776824474335
115	-189.96777	-189.96777	-166.85936	-6.630465	8.162342	0.72963536	-51.482567	-6.630552	0.6	23312981	28825.562373161316
116	-158.435	-158.435	-192.68536	-6.748571	8.200576	0.8018019	-53.487144	-6.7486067	0.5	23513009	29012.943562746048
117	-190.90166	-190.90166	-150.27435	-6.7394214	8.115651	1.3268449	-51.018085	-6.7394056	0.6	23714981	29216.778934001923
118	-117.12106	-117.12106	-228.08221	-6.7436395	8.016941	1.5573312	-51.8403	-6.743679	0.5	23915036	29404.36938738823
119	-125.15098	-125.15098	-75.24094	-6.6962967	7.939925	0.8090122	-51.287712	-6.6963167	0.7	24116145	29576.97311091423
120	-169.17004	-169.17004	-259.00827	-6.4510117	7.81879	0.5731696	-51.55729	-6.450981	0.3	24317102	29802.21070957184
121	-251.6684	-251.6684	-188.19711	-6.2706223	7.7801466	0.6897845	-51.441826	-6.270717	0.4	24518981	30061.9980969429
122	-109.54886	-109.54886	-176.27016	-6.2896876	7.8775077	0.6790786	-51.60833	-6.289638	0.6	24719064	30225.665589809418
123	-184.75908	-184.75908	-111.28052	-6.2334	7.8480377	0.55882037	-52.972664	-6.2333713	0.7	24920267	30448.46671652794
124	-158.40791	-158.40791	-249.11328	-6.18591	7.803449	0.72855973	-55.015377	-6.1859245	0.5	25121981	30649.020654439926
125	-211.71144	-211.71144	-210.12553	-6.1173363	7.7291074	0.5624324	-53.062668	-6.1171865	0.5	25322090	30902.04847717285
126	-193.5818	-193.5818	-262.61508	-6.215839	7.7249827	1.0387477	-51.667942	-6.2158465	0.4	25523981	31135.775212287903
127	-209.92297	-209.92297	-244.47682	-6.371513	7.8608193	0.5563872	-51.02889	-6.371369	0.5	25724033	31351.472502231598
128	-218.3105	-218.3105	-162.36119	-6.4993515	7.894124	1.7981128	-51.66882	-6.499281	0.8	25925981	31576.80378293991
129	-198.9017	-198.9017	-224.54355	-6.802957	8.21693	0.5842719	-57.97417	-6.8027825	0.4	26125981	31798.873140096664
130	-129.46193	-129.46193	-182.10999	-6.814558	8.1386385	0.49244452	-53.52351	-6.8145547	0.7	26327057	31979.180372714996
131	-214.00327	-214.00327	-160.84966	-6.820511	8.113145	0.55612457	-51.32017	-6.8204985	0.7	26528063	32215.153851747513
132	-182.16324	-182.16324	-151.52728	-6.9909143	8.182293	0.60458875	-54.184963	-6.990907	0.6	26729112	32428.556587696075
133	-196.19864	-196.19864	-162.593	-7.086656	8.262629	0.66993773	-66.680244	-7.086544	0.6	26929992	32657.431832790375
134	-235.0996	-235.0996	-279.82	-7.2669773	8.473159	0.69758487	-59.43494	-7.266979	0.3	27131020	32922.89032936096
135	-233.27704	-233.27704	-233.67303	-7.383622	8.556159	0.69324946	-59.665237	-7.383551	0.3	27332483	33182.37084579468
136	-168.1395	-168.1395	-176.12903	-7.378432	8.543138	1.1868384	-54.440918	-7.3784003	0.5	27533046	33408.465910196304
137	-182.35448	-182.35448	-123.11162	-7.227615	8.432338	0.87070084	-56.038418	-7.227687	0.6	27734981	33627.22084116936
138	-152.47989	-152.47989	-170.9902	-7.12966	8.416241	1.2816651	-54.087597	-7.1296816	0.6	27935046	33856.71955227852
139	-158.25696	-158.25696	-139.85435	-6.9911504	8.379477	0.8915237	-54.069054	-6.991156	0.5	28136077	34065.92195868492
140	-207.15884	-207.15884	-140.99974	-6.913782	8.343238	1.1160753	-53.910553	-6.9138246	0.6	28337004	34298.36254072189
141	-190.25519	-190.25519	-187.20522	-6.814591	8.218066	1.0265152	-53.08375	-6.8145747	0.6	28538155	34516.01121354103
142	-177.50069	-177.50069	-261.6926	-6.573316	8.008389	1.0607207	-54.555103	-6.573356	0.4	28739000	34697.555361032486
143	-200.6139	-200.6139	-57.877396	-6.483015	7.900724	1.3564938	-53.49505	-6.4830947	0.8	28940101	34903.03186559677
144	-155.97365	-155.97365	-228.10323	-6.459146	7.898992	1.3682177	-52.643425	-6.4590755	0.4	29141013	35106.219536066055
145	-189.35637	-189.35637	-218.10367	-6.512772	8.032105	0.9305711	-53.380196	-6.512703	0.4	29342022	35303.230671167374
146	-219.29451	-219.29451	-192.23502	-6.606762	8.181924	1.3599445	-51.610138	-6.606814	0.6	29543981	35531.686574459076
147	-134.94836	-134.94836	-124.00471	-6.7279434	8.353747	1.0680707	-52.05077	-6.727942	0.7	29744107	35696.39774799347
148	-209.1895	-209.1895	-144.97316	-6.7887807	8.431047	0.9384035	-51.441257	-6.7887545	0.8	29945981	35923.17007756233
149	-166.99516	-166.99516	-216.53278	-6.762221	8.403699	1.0514797	-55.68797	-6.762273	0.5	30146981	36129.42001080513
150	-179.46733	-179.46733	-129.49303	-6.660706	8.37895	0.7684262	-60.76269	-6.6607704	0.6	30346988	36368.955137491226
151	-144.2413	-144.2413	-211.5688	-6.5080347	8.267278	1.0251244	-55.478207	-6.5081406	0.4	30548117	36548.88661623001
152	-149.23541	-149.23541	-128.52489	-6.502157	8.315034	0.8609569	-55.529488	-6.5021763	0.7	30749981	36734.71857094765
153	-173.6185	-173.6185	-97.45218	-6.4392753	8.242265	1.0066899	-59.819843	-6.4393153	0.7	30950981	36957.527638435364
154	-143.18893	-143.18893	-96.27847	-6.276687	8.116009	1.0836163	-55.818645	-6.276717	0.8	31151138	37174.71862435341
155	-152.64424	-152.64424	-116.4408	-6.277344	8.123475	0.86122847	-55.114937	-6.277384	0.7	31352130	37356.75165295601
156	-158.08217	-158.08217	-123.14798	-6.174477	7.989088	0.97477984	-53.351086	-6.174533	0.5	31553981	37569.90058398247
157	-191.26485	-191.26485	-195.00356	-6.166028	7.851281	0.892601	-54.444237	-6.1661296	0.5	31754067	37813.305466890335
158	-210.58592	-210.58592	-241.6247	-6.2534323	7.8078275	0.7185242	-54.155468	-6.253304	0.2	31955981	38054.68059325218
159	-127.96408	-127.96408	-181.13956	-6.28117	7.741357	0.6270336	-53.317745	-6.2811546	0.5	32156135	38233.65096998215
160	-183.6079	-183.6079	-162.86337	-6.139538	7.4775896	0.5585071	-53.439095	-6.1394153	0.5	32357981	38478.32056307793
161	-119.51844	-119.51844	-126.77568	-6.052661	7.4138913	0.67302084	-52.035824	-6.0525274	0.7	32558981	38634.83579683304
162	-159.15228	-159.15228	-95.60779	-6.0387845	7.5433846	0.7591404	-51.636047	-6.038684	0.6	32759981	38839.45778751373
163	-218.94272	-218.94272	-320.51965	-5.9760027	7.604933	1.1278061	-57.194374	-5.97594	0.2	32960981	39059.71745491028
164	-224.3674	-224.3674	-164.61165	-6.03032	7.754631	0.84020925	-52.71301	-6.0302005	0.6	33161981	39295.6048810482
165	-182.64207	-182.64207	-120.01556	-6.106852	7.8708405	0.7609718	-52.396347	-6.106839	0.6	33362981	39499.78267979622
166	-206.35974	-206.35974	-164.35698	-6.2541833	8.069384	1.2036325	-61.128914	-6.254018	0.6	33563981	39724.18861579895
167	-236.03133	-236.03133	-246.18594	-6.379942	8.1760845	0.6864538	-52.75222	-6.380042	0.4	33764981	39992.89753127098
168	-172.56606	-172.56606	-98.2936	-6.5587687	8.414286	0.8491863	-52.525238	-6.5588603	0.8	33965085	40200.74530673027
169	-186.53746	-186.53746	-253.30733	-6.6213517	8.469764	0.6780852	-51.988735	-6.621342	0.5	34166981	40433.76901960373
170	-163.57172	-163.57172	-235.98222	-6.6980214	8.467705	0.68704	-51.83422	-6.6980124	0.3	34367981	40639.984905958176
171	-181.78374	-181.78374	-242.08731	-6.5939865	8.311294	0.6962255	-52.221157	-6.5939813	0.5	34568981	40883.078094005585
172	-148.46576	-148.46576	-172.32274	-6.5827107	8.290137	1.0828414	-54.10524	-6.582867	0.5	34769416	41077.88365769386
173	-213.36462	-213.36462	-119.48943	-6.496602	8.165928	1.2199373	-56.471775	-6.496565	0.6	34970981	41309.84700965881
174	-205.5991	-205.5991	-189.54048	-6.4231367	8.038753	1.2916225	-75.03863	-6.4231677	0.5	35171095	41520.65127778053
175	-169.84758	-169.84758	-133.58925	-6.3918843	7.946064	0.5086801	-56.016983	-6.391993	0.8	35372981	41736.92546033859
176	-178.32072	-178.32072	-140.26587	-6.381759	7.942593	0.72967446	-61.26251	-6.3816934	0.6	35573104	41973.50612926483
177	-163.29726	-163.29726	-208.94629	-6.410849	7.9559255	0.9250263	-56.059418	-6.4109216	0.5	35774981	42202.77739739418
178	-197.3679	-197.3679	-186.18613	-6.4530654	8.095431	0.6299778	-57.12288	-6.453093	0.6	35975981	42432.24767303467
179	-164.35632	-164.35632	-151.60484	-6.4251785	8.07948	0.59410596	-55.48248	-6.425204	0.5	36176981	42634.852231264114
180	-128.21553	-128.21553	-113.93486	-6.335462	8.080386	0.58691895	-54.791924	-6.3355374	0.8	36377071	42808.97439575195
181	-136.82385	-136.82385	-200.96855	-6.3952885	8.196097	0.7178818	-58.82659	-6.395248	0.5	36578036	42982.87204480171
182	-145.43272	-145.43272	-110.88975	-6.410851	8.159943	0.61328804	-56.07323	-6.4107637	0.8	36779008	43199.42429423332
183	-151.64537	-151.64537	-146.03932	-6.352541	8.046486	0.6207268	-52.4947	-6.3526325	0.4	36980020	43411.653529405594
184	-116.65753	-116.65753	-179.28442	-6.326821	7.963175	0.6695173	-53.970703	-6.3269134	0.5	37181028	43588.28297162056
185	-147.08833	-147.08833	-96.914474	-6.423809	7.948268	1.0670013	-55.420704	-6.4237776	0.6	37382056	43785.22601771355
186	-169.92056	-169.92056	-171.50618	-6.4868484	8.025901	0.8199308	-53.831657	-6.4868855	0.6	37583142	43983.5881960392
187	-197.17947	-197.17947	-188.76929	-6.553728	7.9903755	0.806587	-51.21507	-6.553676	0.4	37784023	44198.465757608414
188	-184.4221	-184.4221	-127.118805	-6.537625	7.9366183	0.7097776	-51.19325	-6.5376124	0.7	37985298	44434.68743181229
189	-134.78741	-134.78741	-196.03311	-6.6923995	8.029962	0.6843115	-50.929543	-6.692372	0.5	38186051	44620.47312235832
190	-163.57465	-163.57465	-155.39023	-6.639517	7.9571095	0.6669134	-53.259922	-6.6394467	0.7	38387981	44836.93882369995
191	-186.13889	-186.13889	-129.19424	-6.6641326	7.9624906	1.1350646	-51.36181	-6.664058	0.7	38588981	45067.40385699272
192	-140.32346	-140.32346	-56.864567	-6.720684	7.970531	0.616192	-52.52721	-6.720717	0.8	38789981	45267.03802704811
193	-161.68419	-161.68419	-138.97649	-6.538464	7.9835234	0.5522009	-52.699295	-6.538449	0.6	38990981	45470.471445560455
194	-208.52338	-208.52338	-274.99222	-6.536863	8.043249	0.6253798	-56.612785	-6.536865	0.2	39191055	45718.66645717621
195	-183.3563	-183.3563	-170.95541	-6.4976535	7.9314885	1.1485777	-57.688465	-6.4976506	0.5	39392036	45969.13689851761
196	-174.53474	-174.53474	-148.34322	-6.6126513	7.941092	0.64646137	-56.30173	-6.6126614	0.8	39593981	46178.50764942169
197	-147.33847	-147.33847	-227.75136	-6.4760695	7.905603	0.6545981	-56.562866	-6.476071	0.4	39794078	46379.251491069794
198	-172.30713	-172.30713	-184.71498	-6.3680735	7.881508	0.87641644	-56.17402	-6.368089	0.4	39995047	46610.35211968422
199	-203.15318	-203.15318	-99.50481	-6.4321194	7.9918895	0.7075081	-56.290573	-6.4321136	0.7	40196981	46848.95608663559
200	-159.69994	-159.69994	-122.47299	-6.4971914	8.12726	0.9791517	-56.0716	-6.49726	0.4	40397620	47060.521510601044
201	-139.41331	-139.41331	-114.155174	-6.373952	7.970706	0.74866104	-54.741165	-6.373998	0.5	40598000	47261.463598012924
202	-161.97748	-161.97748	-192.99896	-6.297457	7.922897	0.7615819	-53.677757	-6.2974677	0.5	40799981	47468.57605457306
203	-168.1306	-168.1306	-146.68225	-6.266274	7.981478	0.7110772	-55.480255	-6.266304	0.5	41000981	47699.44773197174
204	-130.84863	-130.84863	-208.40558	-6.2012744	7.9477854	1.2860303	-55.99194	-6.201254	0.4	41201981	47876.63934803009
205	-172.95605	-172.95605	-145.23085	-6.355879	8.020815	0.89355993	-57.335835	-6.3557763	0.6	41402981	48077.46468234062
206	-168.11461	-168.11461	-72.03985	-6.571371	8.328817	0.6204381	-53.570374	-6.571353	0.8	41603981	48278.07178044319
207	-136.20148	-136.20148	-93.19361	-6.5263557	8.264901	0.5733787	-54.700138	-6.526309	0.7	41804057	48487.3047978878
208	-145.70624	-145.70624	-168.86436	-6.4747715	8.159745	0.8234786	-54.242752	-6.474881	0.5	42005981	48694.81163597107
209	-176.46317	-176.46317	-140.33742	-6.636459	8.217589	0.5694041	-54.628838	-6.6363225	0.5	42206981	48875.91048622131
210	-133.79051	-133.79051	-66.35894	-6.8283253	8.391892	0.56884253	-54.22454	-6.8283763	0.8	42407123	49061.30908560753
211	-140.80296	-140.80296	-200.09737	-6.8363767	8.398196	0.6169064	-59.526543	-6.836445	0.4	42608022	49246.05864191055
212	-237.9373	-237.9373	-117.43648	-7.0898604	8.790381	0.482499	-54.02348	-7.0900106	0.7	42809981	49458.719151973724
213	-160.63063	-160.63063	-112.12605	-7.1386876	8.9277115	0.60145485	-59.407578	-7.138864	0.6	43010981	49692.43512058258
214	-113.45629	-113.45629	-165.54088	-6.9786835	8.685471	0.54687583	-54.217228	-6.978706	0.6	43211127	49891.107769966125
215	-203.38971	-203.38971	-214.78363	-7.074551	8.819054	0.73109794	-53.600357	-7.0746655	0.3	43412981	50137.32260680199
216	-158.09174	-158.09174	-174.89247	-7.1695037	8.9168625	0.96063495	-53.617893	-7.1696057	0.5	43613041	50375.068767786026
217	-162.92758	-162.92758	-149.17165	-7.1046877	8.920016	0.9398993	-53.65709	-7.10466	0.6	43814116	50581.65609049797
218	-187.53014	-187.53014	-149.23692	-7.002813	8.836605	1.4216444	-54.369843	-7.00289	0.5	44015004	50821.54703211784
219	-149.14688	-149.14688	-119.73823	-7.0512333	8.796569	1.1564221	-53.8257	-7.051265	0.6	44216981	51052.74778175354
220	-160.59154	-160.59154	-302.71463	-6.9941473	8.64118	1.3528152	-51.62814	-6.9942126	0.1	44417011	51299.53640079498
221	-136.29494	-136.29494	-78.75886	-6.861357	8.462005	1.2700597	-90.12668	-6.861296	0.7	44618003	51507.81336975098
222	-156.67796	-156.67796	-238.47818	-6.903142	8.485576	0.78963923	-55.303997	-6.903113	0.1	44819006	51730.40120482445
223	-142.85269	-142.85269	-178.85855	-6.8609457	8.444707	0.7847667	-56.73959	-6.860964	0.6	45020071	51917.25275969505
224	-158.92151	-158.92151	-80.84172	-6.813834	8.401986	0.71375334	-54.768623	-6.813837	0.7	45221981	52136.361478090286
225	-130.925	-130.925	-214.66109	-6.601113	8.315482	1.4883176	-57.14754	-6.60106	0.5	45422015	52326.202362298965
226	-141.21999	-141.21999	-187.61131	-6.5701284	8.333538	0.6221497	-54.75766	-6.570138	0.4	45623981	52546.824481487274
227	-222.70369	-222.70369	-150.4641	-6.360992	8.143283	1.006741	-57.523968	-6.360959	0.6	45824055	52847.79353785515
228	-210.25323	-210.25323	-123.91611	-6.220324	8.107807	0.9769552	-56.16343	-6.2203135	0.6	46025333	53103.273765325546
229	-132.67645	-132.67645	-163.04996	-6.2108135	8.154449	1.0422932	-51.90526	-6.2108417	0.5	46226038	53325.78517866135
230	-155.4131	-155.4131	-224.78905	-6.0754223	8.031009	1.9244599	-53.658222	-6.075492	0.4	46427981	53554.943472862244
231	-163.28723	-163.28723	-103.869774	-5.9371395	7.8811655	0.9799422	-52.406574	-5.937175	0.6	46628161	53806.92303156853
232	-155.88448	-155.88448	-88.000786	-5.7588286	7.7186656	1.173882	-51.201675	-5.7588716	0.7	46829063	54088.2867937088
233	-186.49199	-186.49199	-220.67552	-5.621674	7.6018867	0.76926756	-52.755367	-5.6216626	0.4	47030074	54343.23741579056
234	-141.06715	-141.06715	-96.36828	-5.6165133	7.650081	0.999938	-53.09388	-5.616599	0.6	47231981	54556.96942400932
235	-132.70459	-132.70459	-185.4895	-5.6232014	7.6802683	0.72951376	-53.332474	-5.6232224	0.5	47432020	54806.2798101902
236	-124.4712	-124.4712	-94.94478	-5.495932	7.464577	0.8780652	-52.36027	-5.4960494	0.7	47633981	55022.25714588165
237	-109.2686	-109.2686	-156.09482	-5.4143543	7.396433	0.775352	-53.48088	-5.414383	0.6	47834056	55212.828157901764
238	-209.44672	-209.44672	-110.87617	-5.3367195	7.3633404	0.7822081	-52.242477	-5.3367195	0.6	48035981	55472.012969732285
239	-175.42754	-175.42754	-123.09363	-5.3570743	7.4716253	0.68948114	-51.478977	-5.357105	0.5	48236981	55710.56021666527
240	-170.35246	-170.35246	-107.43262	-5.318354	7.532682	0.7252412	-55.053196	-5.3182435	0.7	48437981	55981.44603562355
241	-165.96486	-165.96486	-200.72887	-5.401865	7.64258	0.79305816	-52.950974	-5.4018173	0.3	48638040	56223.94098377228
242	-172.51117	-172.51117	-201.31572	-5.317125	7.5138106	0.98929846	-53.190315	-5.317139	0.5	48839023	56461.18817806244
243	-176.98596	-176.98596	-266.446	-5.3179827	7.4948807	0.6681607	-51.36548	-5.3179092	0.5	49040981	56710.291652202606
244	-187.70436	-187.70436	-149.84508	-5.5143294	7.7251835	1.2382339	-58.809917	-5.514326	0.5	49241092	57023.20339393616
245	-168.6123	-168.6123	-110.102486	-5.5915837	7.736608	1.0873498	-54.479855	-5.5916224	0.5	49442029	57357.94300675392
246	-175.56186	-175.56186	-178.81093	-5.56553	7.6677375	1.1069739	-54.692905	-5.5655165	0.5	49643981	57674.11801028252
247	-168.26984	-168.26984	-246.15234	-5.511829	7.5836587	1.5675373	-54.841797	-5.51175	0.3	49843992	58007.47553062439
248	-108.97359	-108.97359	-146.80402	-5.428711	7.3428593	2.062654	-51.773106	-5.428723	0.6	50045002	58260.47607135773
249	-138.31519	-138.31519	-323.15176	-5.4561424	7.3000035	1.5141616	-51.76027	-5.456009	0.5	50246981	58528.08329486847
250	-115.60191	-115.60191	-270.70215	-5.5135326	7.3619814	0.8360102	-51.124043	-5.513493	0.4	50447153	58769.13380861282
251	-154.30275	-154.30275	-113.953026	-5.5685496	7.4377913	0.8671876	-50.806076	-5.5685997	0.6	50648981	59082.303604602814
252	-121.075935	-121.075935	-173.97182	-5.4680867	7.3767805	0.6457199	-52.18993	-5.4680195	0.5	50849028	59354.61561989784
253	-206.4432	-206.4432	-119.18823	-5.414577	7.2659025	0.83651507	-51.30265	-5.414607	0.6	51050099	59676.56633234024
254	-152.96783	-152.96783	-145.59383	-5.4925966	7.351714	0.82389545	-50.348454	-5.492619	0.5	51251008	59928.38068604469
255	-176.40216	-176.40216	-122.46054	-5.553605	7.4139447	0.8613273	-59.91598	-5.553665	0.6	51452981	60274.469054698944
256	-160.65019	-160.65019	-84.05126	-5.647814	7.4542418	1.1444514	-58.375504	-5.6478024	0.8	51653050	60564.7050242424
257	-120.22957	-120.22957	-124.10066	-5.6800876	7.4499216	1.145938	-54.554222	-5.680095	0.6	51854006	60820.37880539894
258	-215.55006	-215.55006	-25.233868	-5.6930585	7.394017	1.1642988	-51.835064	-5.692977	1.0	52055981	61147.013677597046
259	-157.49028	-157.49028	-82.71819	-5.84613	7.562087	2.358315	-51.90078	-5.846165	0.7	52256001	61441.16860079765
260	-164.22942	-164.22942	-126.1187	-5.998726	7.6191387	0.91332364	-51.94215	-5.998768	0.7	52457143	61730.59486365318
261	-168.7835	-168.7835	-165.37465	-6.07556	7.56005	1.016162	-50.502216	-6.0753913	0.6	52658981	62017.369705200195
262	-115.65064	-115.65064	-195.65927	-6.221786	7.635847	1.3267531	-51.50788	-6.2216945	0.4	52859039	62272.10289359093
263	-188.20096	-188.20096	-152.83012	-6.388861	7.7457027	2.33362	-58.085545	-6.3887076	0.6	53060981	62588.80776929855
264	-161.97568	-161.97568	-166.37465	-6.514895	7.8839874	2.2764645	-51.979862	-6.514884	0.5	53261073	62868.909279346466
265	-121.848274	-121.848274	-202.98178	-6.488297	7.9044814	1.0217383	-52.839516	-6.4882464	0.5	53462085	63096.546867609024
266	-182.02202	-182.02202	-177.7884	-6.48377	7.912439	1.5904249	-51.971462	-6.483766	0.6	53663019	63439.55207800865
267	-149.92989	-149.92989	-157.06424	-6.399516	7.9200177	0.62311184	-53.25253	-6.399468	0.7	53864018	63702.97871208191
268	-135.7524	-135.7524	-159.46971	-6.3457756	7.878921	0.7045448	-53.23874	-6.34572	0.6	54065004	63971.04814052582
269	-181.46982	-181.46982	-154.80392	-6.276835	7.8646307	0.6678562	-52.33654	-6.2768836	0.5	54266981	64240.56036043167
270	-198.65576	-198.65576	-73.91119	-6.2604275	7.9122605	0.7130604	-51.67641	-6.2604027	0.9	54467016	64567.291074991226
271	-197.26146	-197.26146	-145.40536	-6.1080813	7.735536	0.5810708	-52.96843	-6.108066	0.7	54668007	64901.08539366722
272	-152.00613	-152.00613	-167.81017	-6.0579762	7.7574162	0.51749206	-57.17711	-6.0579224	0.6	54869043	65193.378731012344
273	-179.53632	-179.53632	-262.76343	-5.9587164	7.6487293	0.86396	-55.089714	-5.958629	0.3	55070133	65513.23689341545
274	-181.61836	-181.61836	-99.76089	-5.906483	7.653782	0.50799024	-54.45437	-5.9064374	0.7	55271151	65834.73441123962
275	-165.45271	-165.45271	-103.421	-5.8856735	7.6738176	0.6908001	-55.29539	-5.885749	0.6	55472200	66129.99453949928
276	-173.67465	-173.67465	-137.50536	-5.89048	7.749675	1.3537222	-54.822514	-5.8904653	0.6	55673981	66440.43532085419
277	-239.22449	-239.22449	-271.42783	-5.765791	7.673856	1.7036349	-56.01125	-5.7657313	0.2	55874981	66797.31083512306
278	-192.11421	-192.11421	-131.51367	-5.776624	7.7530513	1.8806208	-52.5527	-5.7766047	0.6	56075068	67134.30262899399
279	-131.26755	-131.26755	-102.78733	-5.7849493	7.793453	0.71724916	-55.071426	-5.7849655	0.6	56276981	67387.41919517517
280	-163.2738	-163.2738	-209.09106	-5.6899076	7.6807337	0.60361207	-51.097202	-5.6899967	0.5	56477981	67701.35969376564
281	-113.66675	-113.66675	-126.74616	-5.6337395	7.6333	1.2894872	-50.890022	-5.6337743	0.6	56678103	67946.12742090225
282	-160.12459	-160.12459	-134.41652	-5.567553	7.5359507	1.2192659	-51.081264	-5.5675607	0.6	56879077	68238.46787667274
283	-137.89314	-137.89314	-64.42496	-5.630806	7.5503817	0.74699795	-50.923855	-5.630683	0.8	57080192	68483.12572550774
284	-199.64273	-199.64273	-76.23309	-5.7261477	7.6316514	1.3148012	-53.09543	-5.726135	0.8	57281981	68703.26602435112
285	-184.04582	-184.04582	-264.61423	-5.79897	7.667756	1.7381364	-58.012177	-5.7988563	0.4	57482981	68952.44792246819
286	-171.88109	-171.88109	-133.1573	-5.7991495	7.542483	0.74418676	-55.4915	-5.7992215	0.7	57683046	69205.45952749252
287	-211.70604	-211.70604	-262.42606	-5.82937	7.6153483	0.75844646	-53.769985	-5.8294077	0.3	57884599	69468.71805071831
288	-165.77638	-165.77638	-96.52749	-5.913212	7.7750764	0.6822542	-55.857647	-5.91325	0.8	58085981	69701.2394630909
289	-135.78326	-135.78326	-226.45038	-6.0045447	7.951214	0.5655086	-53.888374	-6.004501	0.5	58286080	69925.95984625816
290	-198.73729	-198.73729	-156.41154	-6.0117316	8.022426	1.9319109	-53.469543	-6.011791	0.6	58487034	70186.28071141243
291	-134.99953	-134.99953	-71.297714	-5.9989276	8.070295	0.73325396	-55.42998	-5.998858	0.8	58688981	70384.14150476456
292	-152.90533	-152.90533	-194.18242	-5.9976406	8.043766	0.6360432	-55.223156	-5.9976583	0.7	58889981	70604.45649433136
293	-160.04863	-160.04863	-211.89264	-6.005165	7.938088	0.59641516	-51.846176	-6.0052395	0.7	59090981	70831.99297785759
294	-131.284	-131.284	-139.35495	-5.9702945	7.922787	1.3346134	-53.405365	-5.970482	0.5	59291278	71016.77050256729
295	-130.79916	-130.79916	-219.18066	-5.9778395	7.958699	1.2304434	-57.32778	-5.9778657	0.5	59492066	71205.8012919426
296	-150.82916	-150.82916	-179.84592	-5.9275045	7.8502245	2.5561175	-53.717487	-5.9275274	0.6	59692990	71455.01658725739
297	-158.44131	-158.44131	-146.6393	-5.785293	7.6451797	2.2662807	-53.622814	-5.785321	0.4	59894370	71772.9487733841
298	-174.5997	-174.5997	-176.13954	-5.8787627	7.69629	0.908968	-53.419388	-5.878747	0.7	60095981	72018.93084979057
299	-125.17763	-125.17763	-104.52884	-5.9839892	7.743262	1.0588845	-51.405293	-5.984081	0.7	60296040	72187.64217400551
300	-139.88445	-139.88445	-103.76594	-5.9487786	7.6989145	1.475503	-52.30662	-5.9488997	0.7	60497060	72413.61290884018
301	-136.57538	-136.57538	-269.1858	-5.8001194	7.580209	1.0153182	-52.77924	-5.8002043	0.5	60698169	72638.56398820877
302	-129.94043	-129.94043	-92.42649	-5.6977277	7.5314455	0.75770855	-51.86607	-5.697739	0.7	60899123	72823.7450671196
303	-151.78789	-151.78789	-180.07011	-5.6171255	7.483629	0.72443557	-59.354996	-5.6172166	0.5	61100981	73045.51873207092
304	-150.48122	-150.48122	-256.249	-5.507958	7.4236298	0.5654	-52.14306	-5.5079727	0.4	61301015	73280.72536039352
305	-198.63818	-198.63818	-146.3558	-5.571132	7.5518913	0.6001178	-55.448246	-5.571119	0.6	61502981	73554.06945943832
306	-165.38016	-165.38016	-158.75848	-5.658866	7.681969	0.55915976	-53.553226	-5.6588726	0.5	61703261	73817.12005019188
307	-210.5429	-210.5429	-80.362854	-5.525731	7.5764365	0.63550043	-50.548836	-5.52572	0.7	61904981	74193.1883199215
308	-167.0976	-167.0976	-120.593636	-5.3632655	7.4178534	0.6198317	-51.25897	-5.3632545	0.6	62105112	74523.21612977982
309	-194.68422	-194.68422	-240.8611	-5.4523983	7.558461	0.7887157	-51.923004	-5.4523644	0.4	62306981	74862.33937907219
310	-153.88914	-153.88914	-211.37529	-5.5366063	7.6645274	0.8434001	-52.54285	-5.5365086	0.6	62507034	75170.08475875854
311	-203.93668	-203.93668	-65.89472	-5.647933	7.7619615	0.712049	-61.40541	-5.647923	0.8	62708981	75544.19839715958
312	-131.30478	-131.30478	-166.72691	-5.7380333	7.829648	0.6765095	-54.763206	-5.738161	0.5	62909981	75822.4804661274
313	-149.2284	-149.2284	-182.22314	-5.7546268	7.869353	0.78095126	-54.248123	-5.754624	0.4	63110005	76140.20935869217
314	-199.43768	-199.43768	-258.69614	-5.855063	7.8943543	0.6472163	-54.01758	-5.8550143	0.3	63311052	76396.11936974525
315	-135.05632	-135.05632	-156.99731	-5.9792414	8.029972	0.80025685	-55.21115	-5.979292	0.6	63512027	76605.51910686493
316	-181.20244	-181.20244	-122.74272	-6.018761	8.139354	0.99878144	-54.826004	-6.0187726	0.7	63713178	76844.5733332634
317	-119.71718	-119.71718	-200.39532	-5.956597	8.133416	0.73328733	-55.78272	-5.9565816	0.5	63913988	77009.52094745636
318	-164.48677	-164.48677	-299.58783	-6.0468106	8.233355	0.9363401	-51.86154	-6.046839	0.3	64115068	77231.97942900658
319	-203.71094	-203.71094	-124.62332	-5.9351935	8.04315	1.1033765	-51.144543	-5.9352965	0.7	64316398	77470.53282880783
320	-245.39467	-245.39467	-178.22179	-5.8201694	8.040662	0.84435344	-54.641685	-5.8202353	0.5	64517981	77785.58265161514
321	-169.08629	-169.08629	-122.543816	-5.8770027	8.201715	0.70936954	-53.77192	-5.876909	0.7	64718981	78033.14341688156
322	-197.7025	-197.7025	-180.41145	-5.975952	8.326875	0.90213215	-55.11579	-5.976005	0.5	64919043	78307.39132356644
323	-208.3958	-208.3958	-121.06054	-5.964583	8.314857	0.7965572	-55.934772	-5.964581	0.6	65120019	78613.88265562057
324	-206.05847	-206.05847	-136.81328	-6.0499306	8.327927	0.77204466	-54.8735	-6.049779	0.4	65321981	78839.69318914413
325	-149.39566	-149.39566	-207.40332	-6.130469	8.37327	0.6085566	-55.197968	-6.1304717	0.4	65522981	79041.50899553299
326	-173.70398	-173.70398	-162.60912	-6.04242	8.305442	0.5696161	-54.40335	-6.0423207	0.4	65723264	79289.49857783318
327	-186.32304	-186.32304	-218.75124	-6.059584	8.31137	2.1392267	-52.946316	-6.059644	0.4	65924140	79507.36057305336
328	-141.92815	-141.92815	-143.98167	-6.078186	8.311634	0.5958967	-55.17915	-6.0781503	0.4	66125034	79700.10636591911
329	-177.25154	-177.25154	-247.05122	-6.020287	8.215251	0.5313214	-55.566444	-6.0202336	0.4	66326081	79925.84623551369
330	-139.19145	-139.19145	-226.75414	-5.8710737	8.120628	0.5762104	-53.39059	-5.8710756	0.5	66527981	80120.95126628876
331	-159.88643	-159.88643	-206.65826	-5.6701503	7.9896975	0.61764085	-57.27984	-5.670181	0.5	66728981	80337.96847963333
332	-172.27225	-172.27225	-48.65901	-5.6925163	8.051297	0.70024514	-57.120846	-5.692551	0.9	66929981	80550.4206366539
333	-153.71953	-153.71953	-114.9551	-5.58771	8.077674	0.7680476	-56.886982	-5.5877337	0.7	67130026	80762.31792092323
334	-140.15648	-140.15648	-152.9385	-5.485996	8.034278	0.91288805	-54.58267	-5.486028	0.6	67331981	80950.37609553337
335	-178.25482	-178.25482	-233.28583	-5.5286417	8.087083	0.8849205	-54.90297	-5.528696	0.4	67532981	81177.91458368301
336	-130.37837	-130.37837	-125.00049	-5.5711346	8.093835	0.77909017	-56.57411	-5.5711203	0.6	67733042	81362.34150266647
337	-169.21317	-169.21317	-220.7107	-5.679218	8.057984	0.90437186	-53.86785	-5.679156	0.3	67933989	81582.01045084
338	-170.4588	-170.4588	-153.5476	-5.6187744	7.963282	0.8594525	-54.467876	-5.6187525	0.6	68135981	81801.5295085907
339	-188.03493	-188.03493	-93.20456	-5.7243786	8.041755	0.72816753	-53.56259	-5.724347	0.7	68336981	82014.18821573257
340	-161.35976	-161.35976	-129.81378	-5.776812	7.9925165	0.7323642	-55.628895	-5.7767463	0.6	68537261	82245.9171898365
341	-179.73973	-179.73973	-107.59424	-5.664383	7.5810137	0.6742395	-51.96833	-5.664373	0.7	68738981	82479.39136886597
342	-155.81384	-155.81384	-210.52383	-5.802027	7.64574	0.7267281	-51.467175	-5.802031	0.5	68939981	82686.00837874413
343	-129.69554	-129.69554	-48.461185	-5.853216	7.5966864	0.55818677	-52.523872	-5.853317	0.8	69140981	82858.42152738571
344	-129.77625	-129.77625	-192.90721	-5.8359737	7.5330486	0.55796206	-52.778973	-5.8359704	0.4	69341013	83061.40478467941
345	-102.348236	-102.348236	-143.60133	-5.775036	7.459746	0.6569005	-52.465485	-5.774979	0.7	69542066	83238.48371863365
346	-142.508	-142.508	-229.56499	-5.8145466	7.4950285	0.6301216	-53.778778	-5.814526	0.2	69743052	83447.05692505836
347	-128.572	-128.572	-86.400696	-5.8274536	7.458439	0.74816763	-52.80967	-5.8274727	0.7	69944037	83651.98605585098
348	-149.9176	-149.9176	-150.81471	-5.8462777	7.4351187	0.832204	-64.499275	-5.8462076	0.6	70145063	83870.03720545769
349	-133.13956	-133.13956	-172.59987	-5.826203	7.396536	0.5111213	-55.293816	-5.826229	0.6	70346007	84079.06847119331
350	-141.8594	-141.8594	-109.29692	-5.8009434	7.431988	0.65261006	-52.847565	-5.800943	0.6	70547251	84299.67183876038
351	-153.39532	-153.39532	-270.89047	-5.7671685	7.412073	1.6346657	-54.059055	-5.767084	0.5	70748028	84588.89338874817
352	-186.76512	-186.76512	-104.79349	-5.8059697	7.412049	1.7432694	-52.591034	-5.8059125	0.7	70949981	84854.16142225266
353	-175.48003	-175.48003	-209.4128	-5.9484215	7.6035733	1.0626719	-53.913418	-5.9484577	0.5	71150981	85070.51074123383
354	-221.53667	-221.53667	-102.6845	-6.1135745	7.6953716	1.6039722	-54.190655	-6.1135397	0.6	71351981	85332.06388807297
355	-126.91671	-126.91671	-191.40836	-6.138506	7.732003	0.68820953	-55.89781	-6.1385145	0.4	71552314	85577.75222635269
356	-175.05994	-175.05994	-124.67571	-6.107134	7.7105474	0.8883369	-51.889656	-6.1071777	0.7	71753981	85808.22341561317
357	-205.20398	-205.20398	-148.0164	-6.162308	7.803762	0.887743	-53.597866	-6.162232	0.7	71954981	86069.0344209671
358	-198.44965	-198.44965	-107.23803	-6.1872516	7.851123	0.7358489	-51.331608	-6.187225	0.7	72155981	86317.2218029499
359	-164.81973	-164.81973	-161.56836	-6.3070455	8.069145	0.78337955	-51.091755	-6.306981	0.7	72356168	86545.38302993774
360	-178.25978	-178.25978	-134.04405	-6.262998	8.052688	0.7360709	-62.178905	-6.263115	0.5	72557981	86799.59354162216
361	-142.96223	-142.96223	-209.58473	-6.0982084	7.894426	0.9918473	-55.0149	-6.0981655	0.4	72758981	87025.18092894554
362	-193.65591	-193.65591	-125.502815	-6.0332117	7.7646103	1.0104704	-55.50172	-6.033235	0.8	72959892	87238.03933119774
363	-119.79821	-119.79821	-231.12968	-6.002498	7.7443113	1.2262874	-54.86294	-6.0023713	0.3	73160981	87458.85079145432
364	-147.07092	-147.07092	-143.08029	-6.1042376	7.899848	1.1722252	-56.25256	-6.1043453	0.7	73361049	87670.75056004524
365	-168.06635	-168.06635	-74.31418	-6.190554	8.021599	0.9631579	-53.840057	-6.190519	0.8	73562981	87912.01422333717
366	-157.7888	-157.7888	-149.2164	-6.3553786	8.213561	0.9788768	-54.381714	-6.3552814	0.7	73763142	88127.7809317112
367	-132.16719	-132.16719	-76.52411	-6.4456344	8.29493	1.0717595	-57.976063	-6.4456916	0.7	73964026	88346.05556225777
368	-166.31424	-166.31424	-151.30399	-6.34333	8.095545	2.0134518	-53.66874	-6.3432612	0.6	74165044	88633.12413620949
369	-175.41609	-175.41609	-127.49778	-6.3387337	7.9521756	0.77614784	-52.286476	-6.3386807	0.7	74366981	88881.93094062805
370	-173.39648	-173.39648	-91.74757	-6.341975	8.003042	1.2674823	-53.00073	-6.3419027	0.7	74567060	89136.73877334595
371	-164.40184	-164.40184	-159.02052	-6.3413677	8.037871	0.8878913	-51.413006	-6.3413	0.5	74768981	89379.94344758987
372	-167.73659	-167.73659	-208.58156	-6.3634706	8.038308	0.79170465	-51.843513	-6.3633637	0.4	74969118	89604.19103693962
373	-173.35126	-173.35126	-98.18198	-6.172043	7.8915668	0.7784643	-52.337852	-6.1720634	0.7	75170039	89827.60865545273
374	-160.47446	-160.47446	-160.9355	-6.038899	7.7790537	0.7185745	-68.45864	-6.0389295	0.6	75371103	90065.28769040108
375	-111.959435	-111.959435	-69.18329	-5.842007	7.631232	0.96349144	-58.056175	-5.8420043	0.8	75572026	90276.4543607235
376	-128.26035	-128.26035	-164.10283	-5.7775073	7.626201	1.1736567	-52.321507	-5.777478	0.4	75773163	90498.38101863861
377	-132.3798	-132.3798	-90.58879	-5.75481	7.6889563	1.599715	-51.68651	-5.754745	0.7	75974067	90726.21769285202
378	-132.10223	-132.10223	-128.15309	-5.7704115	7.7215586	0.8637123	-51.250393	-5.770422	0.6	76175981	90962.2598092556
379	-116.73486	-116.73486	-122.50342	-5.7618346	7.660425	0.46545577	-51.970352	-5.7618604	0.5	76376047	91176.1391928196
380	-144.45535	-144.45535	-102.363106	-5.7484474	7.6372566	0.63366985	-52.849663	-5.748437	0.6	76577133	91432.23873496056
381	-177.61684	-177.61684	-108.01135	-5.8427405	7.64027	0.6281879	-51.718117	-5.842771	0.7	76778136	91722.25573992729
382	-178.13495	-178.13495	-95.463936	-5.9089856	7.7045946	0.5682814	-53.19978	-5.9089804	0.6	76978985	91971.27660536766
383	-157.20789	-157.20789	-89.00586	-6.0009265	7.74776	1.0046895	-55.34133	-6.0008917	0.6	77180129	92193.02666735649
384	-110.784706	-110.784706	-221.5767	-6.1168823	7.790781	1.0184169	-52.68881	-6.1169143	0.4	77381981	92392.98563408852
385	-114.49155	-114.49155	-142.04918	-6.146699	7.7645097	0.7455158	-51.48519	-6.146737	0.5	77582031	92595.72649598122
386	-181.3524	-181.3524	-148.19427	-6.097147	7.7431293	0.9477565	-55.40086	-6.097083	0.5	77783166	92855.70552778244
387	-170.62811	-170.62811	-116.586105	-6.1295986	7.789266	0.7218063	-55.218903	-6.1295476	0.5	77984154	93120.24369239807
388	-154.47171	-154.47171	-210.27887	-6.2577653	7.8673053	1.0927055	-53.901638	-6.2578053	0.4	78185981	93372.35849738121
389	-190.55304	-190.55304	-133.27908	-6.24129	7.79314	0.952194	-52.381992	-6.2412124	0.6	78386003	93661.42896938324
390	-178.60568	-178.60568	-182.61961	-6.1782684	7.7699785	1.0060115	-51.58659	-6.178109	0.3	78587318	93961.46609163284
391	-133.80489	-133.80489	-234.19531	-6.0927463	7.6814175	1.0080144	-51.833843	-6.092716	0.6	78788058	94244.15754652023
392	-147.96996	-147.96996	-70.72802	-5.986552	7.664445	1.5022147	-51.108326	-5.9865804	0.7	78989981	94469.69028067589
393	-184.23672	-184.23672	-131.51457	-5.9764943	7.790283	2.0947697	-56.805733	-5.976499	0.5	79190981	94700.39051437378
394	-135.74147	-135.74147	-144.63918	-6.1117125	7.9564047	1.4997375	-56.61773	-6.1117425	0.7	79391048	94892.89837193489
395	-244.99847	-244.99847	-164.60556	-6.284591	8.090739	1.4256611	-72.201706	-6.284624	0.6	79592981	95177.42182374
396	-124.067	-124.067	-164.7942	-6.4274406	8.247399	2.258514	-59.908894	-6.4274383	0.4	79793006	95358.03372573853
397	-139.7021	-139.7021	-120.166046	-6.5078783	8.3486185	1.9925532	-56.27264	-6.507958	0.6	79994093	95598.19464683533
398	-192.45726	-192.45726	-182.5848	-6.6146865	8.421562	1.9074483	-53.844997	-6.614587	0.5	80195019	95811.31772375107
399	-146.19089	-146.19089	-158.6268	-6.6331596	8.457048	1.5940795	-59.076904	-6.633293	0.6	80396150	95999.24887037277
400	-150.29968	-150.29968	-108.83147	-6.73606	8.551993	0.9933686	-58.66896	-6.7359505	0.6	80597112	96200.1086332798
401	-182.97226	-182.97226	-146.43163	-6.896527	8.662355	2.2479398	-55.3978	-6.8964167	0.5	80798981	96416.569211483
402	-145.56023	-145.56023	-180.41563	-6.917911	8.637573	0.99109864	-53.217796	-6.917879	0.5	80999981	96609.89022231102
403	-157.34859	-157.34859	-141.21132	-6.8337483	8.602951	1.2511554	-56.27483	-6.8336773	0.6	81200981	96822.31392550468
404	-118.8575	-118.8575	-86.2873	-6.6124797	8.290123	1.4660759	-51.74335	-6.6125164	0.8	81401090	97006.67730617523
405	-142.8089	-142.8089	-129.57805	-6.4883995	8.167989	1.4382117	-53.135963	-6.48837	0.6	81602005	97210.35100317001
406	-185.523	-185.523	-206.91656	-6.432168	8.184545	0.90495205	-54.305676	-6.432195	0.4	81803139	97440.0024189949
407	-157.11517	-157.11517	-57.760044	-6.222649	8.019007	1.7065043	-54.98823	-6.2225714	0.9	82004193	97633.38251113892
408	-145.93619	-145.93619	-154.3065	-6.1031356	7.850628	1.2052736	-53.7679	-6.103078	0.4	82205981	97878.8570432663
409	-132.3655	-132.3655	-145.45314	-5.767682	7.52773	1.0886381	-53.180634	-5.7675757	0.5	82406036	98094.5293393135
410	-126.895706	-126.895706	-163.47365	-5.51212	7.2903194	3.2319772	-53.229332	-5.5120883	0.5	82607505	98280.3548321724
411	-146.16283	-146.16283	-192.57608	-5.3871074	7.0964665	4.2738857	-52.015648	-5.3870816	0.4	82808014	98500.41295862198
412	-160.69673	-160.69673	-128.39075	-5.4545264	7.284397	2.5594852	-53.018383	-5.4544663	0.6	83009080	98705.53081536293
413	-144.36372	-144.36372	-58.833828	-5.4265304	7.3371115	2.1110458	-52.390472	-5.4265213	0.8	83210981	98925.109344244
414	-155.31744	-155.31744	-186.00037	-5.333178	7.221229	0.6081474	-52.356346	-5.3331656	0.6	83411981	99146.65062260628
415	-208.24242	-208.24242	-147.49937	-5.338209	7.173928	0.86718297	-52.4205	-5.338183	0.6	83612293	99398.92885732651
416	-146.48878	-146.48878	-140.2839	-5.439373	7.2795687	0.6766052	-51.597763	-5.439391	0.7	83813019	99600.85219049454
417	-178.57301	-178.57301	-131.77464	-5.62021	7.365212	0.6305828	-52.08381	-5.620374	0.7	84014061	99814.61708068848
418	-141.26277	-141.26277	-147.83664	-5.755607	7.4973984	0.8174031	-52.567654	-5.7557096	0.4	84214999	99995.58479738235
419	-167.667	-167.667	-74.78771	-5.767673	7.5194244	1.0110054	-56.704124	-5.767728	0.7	84416981	100205.67261624336
420	-139.1729	-139.1729	-190.70287	-5.8273206	7.5507674	0.62301826	-56.003048	-5.827383	0.5	84617981	100397.86535096169
421	-114.19436	-114.19436	-124.891525	-5.8668613	7.58617	0.7600663	-54.53129	-5.8667636	0.6	84818981	100577.91712069511
422	-183.92688	-183.92688	-199.96504	-6.009217	7.729282	0.90911365	-56.88087	-6.009172	0.5	85019048	100816.66338706017
423	-109.13753	-109.13753	-106.499115	-6.1279483	7.857991	2.439322	-56.537178	-6.1278076	0.7	85220142	100994.37502455711
424	-128.48254	-128.48254	-240.75029	-6.11288	7.809969	0.6572881	-53.67942	-6.112775	0.5	85421139	101192.07027125359
425	-125.3274	-125.3274	-66.445015	-6.1152	7.8335624	2.8852403	-53.92027	-6.1153965	0.8	85622090	101367.72398352623
426	-191.58607	-191.58607	-193.14975	-6.1792607	7.9460773	3.8426325	-54.05776	-6.1792274	0.5	85823038	101580.46736836433
427	-119.41106	-119.41106	-84.84809	-6.1773853	7.9171143	3.8447614	-53.224064	-6.17744	0.7	86024012	101769.57259321213
428	-181.96245	-181.96245	-219.62134	-6.2172027	7.9141393	5.1772556	-53.3936	-6.2170334	0.4	86225011	101977.56699514389
429	-129.8228	-129.8228	-309.41864	-6.0962753	7.8018165	0.8803685	-53.399994	-6.0962815	0.1	86426057	102160.68786215782
430	-117.703186	-117.703186	-224.30809	-6.0718007	7.840757	0.8748262	-52.672325	-6.0717945	0.4	86627176	102348.05764913559
431	-163.08789	-163.08789	-131.6848	-6.0636597	7.83251	1.3873227	-52.172012	-6.0636687	0.6	86828981	102561.11488938332
432	-147.2871	-147.2871	-141.03186	-6.133415	7.933156	0.8035784	-51.16768	-6.133385	0.7	87029981	102755.02370524406
433	-119.90601	-119.90601	-168.51811	-6.1253715	7.934333	1.3883874	-51.55036	-6.1254005	0.4	87230981	102931.124325037
434	-143.46048	-143.46048	-202.60825	-6.1203523	7.930277	0.9436238	-51.769096	-6.1203446	0.6	87431006	103117.51336359978
435	-193.41798	-193.41798	-57.243176	-6.046142	7.9084725	0.7317107	-51.97891	-6.046122	0.8	87632176	103343.02487134933
436	-133.19717	-133.19717	-231.23744	-5.9076896	7.857258	0.7079234	-51.14805	-5.907584	0.4	87833021	103532.1702144146
437	-183.12654	-183.12654	-187.73358	-5.81815	7.8865757	0.9659407	-51.74666	-5.818206	0.4	88034981	103725.24995875359
438	-155.14264	-155.14264	-253.90527	-5.875832	8.010357	1.0172002	-51.195053	-5.8758297	0.2	88235981	103925.74020004272
439	-177.16766	-177.16766	-204.32692	-5.965744	8.148637	0.8843765	-51.617863	-5.9657927	0.4	88436981	104150.80751562119
440	-169.45038	-169.45038	-139.68558	-5.8778963	8.048226	0.9764283	-51.660015	-5.8778872	0.6	88637981	104375.57022714615
441	-168.82576	-168.82576	-100.05862	-6.0033298	8.167426	1.0372803	-52.108	-6.003357	0.7	88838078	104564.35288572311
442	-142.07999	-142.07999	-120.70979	-6.0210276	8.2289	0.8844254	-51.548916	-6.0211024	0.7	89039054	104763.92029595375
443	-160.20471	-160.20471	-156.07733	-6.07464	8.143217	0.83367205	-51.671207	-6.0746126	0.6	89240981	104968.15666413307
444	-129.57397	-129.57397	-157.91237	-6.142977	8.124193	0.74536276	-51.71231	-6.1428685	0.5	89441368	105152.20333003998
445	-197.50099	-197.50099	-145.03185	-6.0947547	8.003845	1.29618	-52.269997	-6.094719	0.6	89642981	105384.9905796051
446	-180.95349	-180.95349	-90.24177	-6.1652575	7.95195	0.868274	-51.191933	-6.165075	0.6	89843981	105607.31312823296
447	-147.92085	-147.92085	-169.20505	-6.241307	7.9538093	0.7275698	-51.255672	-6.241364	0.6	90044981	105803.8243625164
448	-159.06831	-159.06831	-164.45647	-6.362476	8.035988	0.7761812	-53.73906	-6.3624988	0.8	90245013	106018.2842259407
449	-127.230545	-127.230545	-153.1324	-6.219548	7.923461	0.9059715	-55.270683	-6.2196765	0.6	90446207	106184.74080848694
450	-163.68275	-163.68275	-129.96718	-6.2278876	7.855863	1.8066108	-51.596775	-6.2278886	0.6	90647141	106402.73094081879
451	-193.0519	-193.0519	-116.40657	-6.129484	7.753168	1.7112622	-51.444305	-6.129444	0.7	90848981	106655.42575478554
452	-141.68642	-141.68642	-125.03321	-6.1801586	7.738304	1.0046062	-52.485744	-6.1802077	0.7	91049028	106847.24881982803
453	-156.90433	-156.90433	-273.47092	-6.245038	7.7919693	0.9304147	-51.61019	-6.2450933	0.3	91250177	107068.22988724709
454	-169.94826	-169.94826	-139.6128	-6.2282214	7.7222247	1.2361588	-53.174976	-6.228213	0.6	91451077	107297.23018479347
455	-94.768196	-94.768196	-109.2373	-6.094735	7.6221604	1.5959997	-56.631153	-6.094802	0.8	91652981	107466.7926902771
456	-149.52136	-149.52136	-119.22666	-5.9927497	7.6070356	0.97771525	-52.074154	-5.992712	0.6	91853352	107648.98800182343
457	-121.26964	-121.26964	-65.36408	-5.950689	7.6226254	0.88622975	-52.011574	-5.9507074	0.8	92054981	107827.19944930077
458	-128.95105	-128.95105	-133.515	-5.901662	7.549172	1.0126681	-52.0078	-5.90158	0.6	92255112	108018.3192088604
459	-125.77169	-125.77169	-185.47925	-5.8298807	7.565604	0.66181064	-51.408855	-5.829808	0.5	92456135	108211.66930437088
460	-151.26065	-151.26065	-231.17467	-5.8377047	7.6171083	0.6217303	-52.370644	-5.8375463	0.4	92657041	108412.96249723434
461	-189.90155	-189.90155	-250.398	-5.824568	7.653935	0.7505839	-53.667835	-5.8244896	0.2	92858063	108652.35103225708
462	-155.17233	-155.17233	-186.96742	-5.8764305	7.745531	0.7440491	-51.758827	-5.876331	0.5	93059046	108855.0220041275
463	-149.53325	-149.53325	-126.34526	-5.895299	7.8211184	0.6651499	-51.682915	-5.8953114	0.6	93260048	109038.83469200134
464	-167.13422	-167.13422	-61.78816	-5.8955846	7.9088387	0.6273172	-54.276337	-5.895573	0.8	93461981	109227.56201028824
465	-148.95764	-148.95764	-52.112328	-5.8964877	7.973223	0.7083709	-53.14795	-5.8964224	0.8	93662103	109428.83387804031
466	-178.65121	-178.65121	-108.99197	-5.8746395	7.992493	0.824116	-51.600594	-5.874572	0.7	93863981	109625.07628297806
467	-181.67815	-181.67815	-138.0282	-5.94064	8.096571	1.034678	-53.84898	-5.9405975	0.6	94064151	109839.10453510284
468	-179.36958	-179.36958	-100.25151	-6.130371	8.311845	0.7340617	-53.034878	-6.13016	0.7	94264994	110063.36363649368
469	-165.77107	-165.77107	-68.37015	-6.2493544	8.470993	0.91766834	-53.746273	-6.249217	0.8	94466981	110252.27584695816
470	-135.32388	-135.32388	-199.53838	-6.266499	8.585182	0.6941998	-57.825516	-6.2662706	0.4	94667026	110417.43145346642
471	-160.59496	-160.59496	-222.602	-6.3186736	8.672244	0.6640129	-55.980255	-6.3186555	0.4	94868343	110613.49995779991
472	-128.46451	-128.46451	-136.55663	-6.4298096	8.751337	0.8549237	-54.5463	-6.4296126	0.6	95069981	110786.93507838249
473	-189.07822	-189.07822	-132.38799	-6.44343	8.818236	1.1624174	-55.476025	-6.443441	0.6	95270981	110990.41364789009
474	-219.65117	-219.65117	-68.50452	-6.619399	9.078891	1.0005662	-53.29211	-6.619449	0.8	95471981	111234.57903599739
475	-115.85954	-115.85954	-229.01851	-6.601877	9.080444	1.1603186	-54.31511	-6.602014	0.5	95672981	111406.98580861092
476	-149.54858	-149.54858	-119.61702	-6.357579	8.864475	1.5332015	-52.624878	-6.357611	0.7	95873007	111585.19449973106
477	-135.70541	-135.70541	-186.2208	-6.1756954	8.621241	1.6172514	-52.948692	-6.175848	0.6	96074785	111801.80832147598
478	-97.62564	-97.62564	-130.39	-5.958809	8.28636	1.2895262	-52.645485	-5.958829	0.7	96275124	111960.0467839241
479	-125.90872	-125.90872	-84.60302	-5.862138	8.127655	0.6921737	-51.517494	-5.8621526	0.8	96475998	112142.11300873756
480	-126.80424	-126.80424	-175.74669	-5.7508755	7.9784174	0.6420448	-51.696037	-5.750912	0.5	96677146	112339.50156617165
481	-123.6775	-123.6775	-66.0998	-5.633855	7.873802	0.7594383	-51.616222	-5.6339436	0.8	96878047	112520.41832590103
482	-161.67288	-161.67288	-223.89883	-5.5555353	7.784565	0.6622648	-51.662483	-5.5554924	0.4	97079981	112736.71290946007
483	-133.41359	-133.41359	-222.98785	-5.387229	7.474642	0.6532903	-52.10166	-5.387168	0.4	97279996	112935.65765810013
484	-150.3189	-150.3189	-98.30481	-5.3015366	7.2813616	0.7606051	-54.771534	-5.3014884	0.7	97481981	113135.04068350792
485	-195.09596	-195.09596	-305.94122	-5.329017	7.3050175	0.57842755	-52.62264	-5.328975	0.1	97682025	113375.29336047173
486	-131.60239	-131.60239	-176.88014	-5.304065	7.3697066	0.6712179	-51.504673	-5.304049	0.5	97883128	113573.27932882309
487	-171.45135	-171.45135	-96.78537	-5.329767	7.488564	0.6598954	-51.065536	-5.3297415	0.6	98084981	113801.42222642899
488	-146.01569	-146.01569	-109.7156	-5.174394	7.388247	0.83231306	-51.34188	-5.174375	0.8	98285981	113990.12631869316
489	-166.53175	-166.53175	-136.2108	-5.1439466	7.4414935	1.0611999	-51.946053	-5.1438937	0.6	98486029	114186.47291970253
490	-146.84526	-146.84526	-117.10537	-5.162661	7.506569	0.9087641	-52.69967	-5.1627455	0.7	98687981	114362.98642611504
491	-143.35591	-143.35591	-188.82982	-5.231102	7.6002855	1.1334174	-51.75705	-5.2311945	0.5	98888981	114569.70963096619
492	-133.20287	-133.20287	-64.89042	-5.22847	7.5569572	0.97968936	-51.827976	-5.228533	0.8	99089063	114752.11338067055
493	-130.5313	-130.5313	-168.62605	-5.136555	7.4704914	1.3734572	-51.27745	-5.1365695	0.6	99290055	114938.51328635216
494	-143.8767	-143.8767	-131.21217	-5.074756	7.3700185	0.6591873	-51.306324	-5.074845	0.6	99490982	115119.99829697609
495	-159.48479	-159.48479	-124.79258	-5.191103	7.4578114	0.6322763	-52.65076	-5.1911283	0.7	99692022	115317.37878775597
496	-171.5132	-171.5132	-88.21023	-5.2344346	7.5171785	0.768157	-52.174465	-5.2344646	0.8	99893216	115532.58496284485
497	-236.90443	-236.90443	-125.0813	-5.4500985	7.7274284	0.9499793	-52.873264	-5.450126	0.6	100094981	115759.74152898788
498	-113.64717	-113.64717	-93.91597	-5.490731	7.7619042	0.8134775	-53.903416	-5.4907546	0.8	100295040	115924.93300676346
499	-171.61803	-171.61803	-166.11397	-5.4591703	7.710826	0.8183105	-55.1681	-5.4592495	0.3	100496074	116154.06848883629
