Epoch	EpRet	EpRealRet	TestEpRet	AverageQ1	StdQ1	MaxQ1	MinQ1	Q2	TestSuccess	TotalEnvInteracts	TotalTime
0	-569.51666	-569.51666	-586.838	-45.689022	8.589145	0.4130593	-149.51793	-45.704975	0.0	196991	77.08774304389954
1	-579.609	-579.609	-611.6729	-47.532124	6.295381	7.527569	-62.33134	-47.53045	0.0	397990	147.79729008674622
2	-618.49225	-618.49225	-381.72177	-43.067707	12.423766	28.981514	-83.751175	-43.068745	0.0	598988	220.58782601356506
3	-500.91327	-500.91327	-217.95439	-39.51933	15.852867	22.36844	-67.17426	-39.52165	0.0	799984	297.8045585155487
4	-474.8409	-474.8409	-494.4089	-40.460934	15.736912	33.699833	-71.03694	-40.468853	0.0	1000981	376.9279625415802
5	-526.7903	-526.7903	-408.5918	-41.651455	15.225103	17.268196	-75.58708	-41.654224	0.0	1201991	462.18054127693176
6	-521.3518	-521.3518	-467.44922	-42.75388	14.364011	18.36726	-71.89023	-42.755783	0.0	1402991	550.0236096382141
7	-512.27185	-512.27185	-437.99744	-44.080032	12.813468	28.588167	-75.153725	-44.0794	0.0	1603988	638.867086648941
8	-576.25494	-576.25494	-753.61346	-44.747726	12.117142	16.812643	-78.36804	-44.747223	0.0	1804991	720.0238878726959
9	-632.23566	-632.23566	-560.90826	-45.16992	11.555007	19.194092	-73.14446	-45.16896	0.0	2005989	805.9820568561554
10	-559.41943	-559.41943	-166.04669	-45.838226	10.672535	21.284021	-71.67381	-45.838825	0.0	2206981	889.349958896637
11	-523.5723	-523.5723	-394.90076	-46.585808	9.407261	56.754467	-67.41132	-46.585323	0.0	2407985	973.4627118110657
12	-509.94684	-509.94684	-423.36475	-46.999313	8.753433	20.331078	-67.471596	-46.99853	0.0	2608991	1059.230886220932
13	-623.2291	-623.2291	-426.39795	-47.358177	8.154743	28.639185	-66.14555	-47.35757	0.0	2809989	1146.5647835731506
14	-628.59045	-628.59045	-494.76718	-47.591454	7.7403297	23.61398	-62.05008	-47.591263	0.0	3010991	1230.3589153289795
15	-535.536	-535.536	-546.2989	-47.810974	7.293217	19.449717	-64.91681	-47.81083	0.0	3211991	1315.016631603241
16	-542.48413	-542.48413	-328.11404	-47.998093	6.904466	23.6829	-63.380527	-47.998585	0.0	3412991	1398.7634603977203
17	-578.0573	-578.0573	-457.026	-48.136497	6.6471677	25.11871	-63.52169	-48.136925	0.0	3613987	1483.335881471634
18	-567.7428	-567.7428	-359.44583	-48.2764	6.334786	24.525467	-61.656174	-48.276814	0.0	3814984	1568.6694841384888
19	-513.6767	-513.6767	-412.63925	-48.406147	6.002992	22.147665	-61.327812	-48.406704	0.0	4015982	1652.4214704036713
20	-312.20532	-312.20532	-339.30255	-48.495014	5.859666	23.144255	-58.569683	-48.495068	0.0	4216981	1737.1665518283844
21	-402.66296	-402.66296	-502.26468	-48.600704	5.55889	23.905184	-63.58251	-48.600834	0.0	4417988	1824.7575995922089
22	-539.24646	-539.24646	-669.5899	-48.67571	5.3572183	18.774435	-59.576214	-48.675648	0.0	4618991	1913.3966507911682
23	-531.8452	-531.8452	-298.33752	-48.80552	4.9817653	16.876144	-60.685814	-48.805386	0.0	4819991	2000.0039625167847
24	-598.4977	-598.4977	-415.18173	-48.8861	4.744745	14.860469	-60.450497	-48.885426	0.0	5020991	2086.338760614395
25	-539.8703	-539.8703	-447.0749	-48.9968	4.3802023	12.398268	-61.825718	-48.996796	0.0	5221991	2202.5050740242004
26	-435.07394	-435.07394	-210.10162	-49.08897	4.0847645	20.726854	-62.480927	-49.088722	0.0	5422985	2335.412727832794
27	-393.72498	-393.72498	-327.4527	-49.172977	3.797485	20.760483	-58.928272	-49.173187	0.0	5623982	2457.147079706192
28	-491.05725	-491.05725	-452.26825	-49.234615	3.5780547	12.809064	-57.61841	-49.23467	0.0	5824991	2583.2469396591187
29	-562.4358	-562.4358	-542.57336	-49.269985	3.4943295	16.140997	-60.875183	-49.27019	0.0	6025991	2703.6726162433624
30	-536.7229	-536.7229	-207.69049	-49.322327	3.2743242	10.237989	-56.874043	-49.32279	0.0	6226983	2826.4917833805084
31	-571.1738	-571.1738	-464.6758	-49.360092	3.1453512	10.353209	-57.46428	-49.360455	0.0	6427991	2948.3674194812775
32	-509.6667	-509.6667	-388.64426	-49.401146	3.0197556	9.888603	-59.407303	-49.40146	0.0	6628983	3071.9601867198944
33	-457.4257	-457.4257	-336.56607	-49.431828	2.917859	11.110786	-57.73492	-49.432022	0.0	6829991	3193.577973842621
34	-585.9246	-585.9246	-615.93115	-49.46009	2.8644898	14.09295	-58.23787	-49.460243	0.0	7030984	3316.613745212555
35	-628.3837	-628.3837	-495.66025	-49.47086	2.8342075	15.622358	-60.455334	-49.470997	0.0	7231991	3442.3158798217773
36	-544.3548	-544.3548	-365.20145	-49.48002	2.8254428	17.344196	-63.302723	-49.480114	0.0	7432985	3566.206032037735
37	-560.7297	-560.7297	-588.4393	-49.50521	2.711141	12.79688	-58.658615	-49.5053	0.0	7633984	3681.8141186237335
38	-560.94965	-560.94965	-547.0816	-49.535767	2.5887022	16.159468	-58.60692	-49.53579	0.0	7834983	3796.869590997696
39	-491.29254	-491.29254	-280.22324	-49.565506	2.4364643	20.425163	-57.13384	-49.565388	0.0	8035990	3912.2445800304413
40	-601.079	-601.079	-514.5932	-49.5884	2.345592	9.36185	-58.814472	-49.588448	0.0	8236990	4027.76549744606
41	-469.65668	-469.65668	-455.10596	-49.611298	2.2343826	13.099509	-56.71686	-49.611294	0.0	8437985	4142.771424770355
42	-513.5786	-513.5786	-509.3197	-49.624928	2.1889298	12.736214	-56.14874	-49.625015	0.0	8638991	4257.887106657028
43	-472.61566	-472.61566	-321.9243	-49.65245	1.9721801	9.525847	-55.485424	-49.65248	0.0	8839991	4371.998853445053
44	-459.3984	-459.3984	-494.3827	-49.673817	1.8502787	12.814865	-56.989513	-49.673813	0.0	9040983	4486.140439987183
45	-497.3207	-497.3207	-404.81622	-49.69174	1.779611	11.618281	-55.058167	-49.691605	0.0	9241991	4600.509026765823
46	-508.85193	-508.85193	-434.3449	-49.690243	1.7848592	10.02428	-55.875698	-49.69031	0.0	9442991	4714.518419981003
47	-521.948	-521.948	-236.9181	-49.712177	1.6875339	13.710459	-54.872417	-49.712154	0.0	9643991	4828.161296367645
48	-504.10077	-504.10077	-443.92532	-49.719868	1.6227968	4.066049	-56.27816	-49.71991	0.0	9844989	4940.276351690292
49	-524.62024	-524.62024	-414.07266	-49.726124	1.5896375	13.298928	-55.035786	-49.72628	0.0	10045991	5054.661459207535
50	-470.15234	-470.15234	-351.47443	-49.732445	1.5732775	11.582462	-56.817562	-49.732327	0.0	10246991	5167.376804113388
51	-483.02014	-483.02014	-382.07977	-49.74061	1.540576	5.652088	-54.085594	-49.740593	0.0	10447991	5280.988970041275
52	-558.0728	-558.0728	-385.165	-49.754505	1.4585742	7.480988	-58.26889	-49.754566	0.0	10648991	5395.632081747055
53	-448.00613	-448.00613	-355.4333	-49.761078	1.4286011	4.168441	-55.82268	-49.76108	0.0	10849983	5509.441997766495
54	-518.3388	-518.3388	-337.7363	-49.768753	1.3758769	8.613955	-53.71988	-49.7687	0.0	11050991	5622.500536680222
55	-517.70886	-517.70886	-406.41003	-49.773903	1.3328407	9.407148	-54.994843	-49.774143	0.0	11251991	5736.268235445023
56	-427.3927	-427.3927	-331.41922	-49.775204	1.3251889	5.5906434	-54.19768	-49.775314	0.0	11452991	5849.427969694138
57	-459.96252	-459.96252	-450.4753	-49.78269	1.2960306	10.075567	-54.07465	-49.78273	0.0	11653982	5963.957658290863
58	-493.93427	-493.93427	-480.73544	-49.785095	1.2932963	7.2237196	-54.83353	-49.7852	0.0	11854991	6078.020107984543
59	-513.4035	-513.4035	-403.94797	-49.79154	1.2694306	4.647316	-55.48647	-49.791576	0.0	12055991	6192.03191447258
60	-429.45108	-429.45108	-347.90652	-49.79689	1.236604	9.963337	-56.849068	-49.796898	0.0	12256981	6305.970736980438
61	-469.47296	-469.47296	-330.9219	-49.802288	1.2155148	7.280648	-54.50641	-49.802372	0.0	12457981	6419.366320848465
62	-505.74374	-505.74374	-585.3947	-49.80514	1.1800423	7.5570984	-55.074253	-49.80523	0.0	12658991	6533.0512862205505
63	-549.73126	-549.73126	-457.63947	-49.809696	1.1753476	23.247139	-55.621845	-49.809715	0.0	12859991	6647.0459361076355
64	-565.8426	-565.8426	-505.40768	-49.809563	1.176673	12.958021	-57.873344	-49.809647	0.0	13060985	6761.068535089493
65	-581.0135	-581.0135	-488.86038	-49.812443	1.1662852	11.908778	-54.92329	-49.812527	0.0	13261982	6875.460339307785
66	-499.55313	-499.55313	-375.8714	-49.81212	1.158143	2.518977	-53.445538	-49.812145	0.0	13462991	6988.707510948181
67	-565.68915	-565.68915	-335.49673	-49.818356	1.1379728	12.473244	-53.29142	-49.818497	0.0	13663984	7102.0285794734955
68	-561.68286	-561.68286	-477.14847	-49.81873	1.12153	9.754868	-53.534912	-49.818676	0.0	13864986	7222.253673315048
69	-459.64505	-459.64505	-318.06592	-49.82355	1.1032188	6.2726736	-53.46467	-49.82362	0.0	14065988	7338.244119644165
70	-477.7548	-477.7548	-268.34793	-49.82641	1.0734382	4.868703	-54.03491	-49.82651	0.0	14266991	7453.053047418594
71	-367.40048	-367.40048	-398.3419	-49.82675	1.0854805	9.022434	-55.774933	-49.82686	0.0	14467981	7566.127437829971
72	-483.6585	-483.6585	-265.36807	-49.829514	1.0554702	12.630725	-53.322243	-49.829514	0.0	14668991	7678.619504928589
73	-370.07236	-370.07236	-342.6641	-49.83068	1.0697074	7.0354624	-52.86862	-49.83076	0.0	14869982	7791.555530548096
74	-398.94937	-398.94937	-329.6949	-49.835014	1.0431948	12.326797	-53.044025	-49.835075	0.0	15070987	7905.173237085342
75	-401.10202	-401.10202	-355.16336	-49.833477	1.0574325	3.8515558	-53.546707	-49.833393	0.0	15271982	8018.880949258804
76	-396.39148	-396.39148	-273.272	-49.83508	1.0606861	9.670153	-54.615192	-49.835068	0.0	15472982	8132.904457807541
77	-420.77927	-420.77927	-358.16074	-49.83696	1.0385374	4.5354786	-56.11445	-49.83714	0.0	15673987	8247.918271064758
78	-397.05746	-397.05746	-191.35298	-49.83941	1.014984	1.485347	-55.678116	-49.83939	0.0	15874981	8362.908717393875
79	-352.0736	-352.0736	-220.45444	-49.844173	0.9848729	7.6762686	-53.82468	-49.84415	0.0	16075981	8475.988607406616
80	-380.5443	-380.5443	-50.68513	-49.84398	0.9877949	4.4665823	-54.624428	-49.843983	0.0	16276981	8590.544281959534
81	-364.50052	-364.50052	-225.70778	-49.844585	0.98023045	-3.1152587	-54.49749	-49.84459	0.0	16477984	8705.015650510788
82	-358.37595	-358.37595	-98.0377	-49.845848	0.9598315	0.95474005	-54.7488	-49.845787	0.0	16678981	8818.068836212158
83	-324.1263	-324.1263	-66.59795	-49.84655	0.9748588	-5.17889	-53.84844	-49.84642	0.0	16879981	8930.457330942154
84	-373.73853	-373.73853	-173.86235	-49.849037	0.95405465	-1.9788904	-53.73639	-49.84899	0.0	17080991	9043.757367372513
85	-411.3987	-411.3987	-152.86452	-49.850693	0.94207966	-3.7472336	-54.54242	-49.850655	0.0	17281983	9157.16362452507
86	-362.72485	-362.72485	-74.33841	-49.852974	0.9249972	-6.747326	-57.10875	-49.852974	0.0	17482991	9271.123483181
87	-408.29767	-408.29767	-430.97363	-49.852654	0.9248853	-12.69338	-54.170746	-49.852615	0.0	17683991	9384.0469353199
88	-455.3451	-455.3451	-264.9347	-49.85305	0.93092746	-7.8737063	-54.229294	-49.852985	0.0	17884989	9497.208697080612
89	-323.5134	-323.5134	-221.82451	-49.856186	0.92138785	-3.2318325	-54.341576	-49.856213	0.0	18085983	9610.218982934952
90	-377.51428	-377.51428	-378.90344	-49.855274	0.92059875	-8.01389	-54.2592	-49.855186	0.0	18286981	9723.09692955017
91	-446.07578	-446.07578	-584.336	-49.857433	0.9072605	-14.409829	-53.516613	-49.857456	0.0	18487991	9838.897709846497
92	-477.34192	-477.34192	-366.31052	-49.859547	0.8821885	-23.462889	-53.89284	-49.859467	0.0	18688982	9953.46836900711
93	-473.8777	-473.8777	-256.02426	-49.862057	0.86931694	-23.23387	-56.83401	-49.862034	0.0	18889981	10072.439140796661
94	-377.10217	-377.10217	-42.6846	-49.863094	0.86355126	-24.045702	-53.955284	-49.86301	0.0	19090982	10188.616505384445
95	-465.29294	-465.29294	-454.89423	-49.863754	0.8564093	-21.18092	-53.83408	-49.863785	0.0	19291991	10302.77673125267
96	-573.7244	-573.7244	-447.72318	-49.864105	0.8594549	-24.26366	-56.628513	-49.86402	0.0	19492991	10417.394574642181
97	-499.89676	-499.89676	-489.66748	-49.86334	0.8619099	-21.78159	-53.723736	-49.86337	0.0	19693985	10531.204352617264
98	-595.8151	-595.8151	-434.7923	-49.86566	0.8466125	-22.347319	-53.340027	-49.865665	0.0	19894991	10644.853332996368
99	-464.22028	-464.22028	-417.63934	-49.866352	0.84209484	-21.805962	-53.300632	-49.866306	0.0	20095982	10759.237890005112
100	-490.8578	-490.8578	-362.99823	-49.865856	0.84386784	-24.709465	-53.223434	-49.8659	0.0	20296991	10873.567907810211
101	-520.3178	-520.3178	-468.00443	-49.869865	0.8292623	-24.057566	-54.601204	-49.86982	0.0	20497991	10987.449062108994
102	-444.08344	-444.08344	-442.07236	-49.86817	0.83855873	-23.22984	-53.675873	-49.86807	0.0	20698991	11101.261821985245
103	-530.9701	-530.9701	-469.10538	-49.869522	0.8278519	-25.475029	-53.94984	-49.86956	0.0	20899988	11215.917726755142
104	-532.79944	-532.79944	-472.55325	-49.868954	0.83008224	-19.819973	-53.199997	-49.868958	0.0	21100991	11330.161125183105
105	-526.2107	-526.2107	-318.01187	-49.867207	0.84280634	-21.04971	-53.90571	-49.86719	0.0	21301991	11445.053754329681
106	-519.0704	-519.0704	-407.17688	-49.869083	0.82906187	-25.004442	-53.973583	-49.86897	0.0	21502988	11559.692361831665
107	-537.3854	-537.3854	-383.87363	-49.86724	0.83063215	-23.820694	-53.700775	-49.86714	0.0	21703987	11674.554811477661
108	-498.2483	-498.2483	-484.2334	-49.868443	0.8267535	-24.535807	-53.1117	-49.86857	0.0	21904990	11790.545102834702
109	-554.0311	-554.0311	-360.04163	-49.86993	0.82156175	-22.7541	-53.913036	-49.8698	0.0	22105987	11905.964581012726
110	-553.8054	-553.8054	-447.62872	-49.872017	0.79884505	-21.856081	-52.828636	-49.871983	0.0	22306987	12021.184977293015
111	-532.6599	-532.6599	-401.93448	-49.87182	0.8091617	-25.472843	-52.66653	-49.87176	0.0	22507983	12135.352393627167
112	-557.95874	-557.95874	-341.29865	-49.87256	0.7980663	-24.911728	-52.65397	-49.87259	0.0	22708983	12251.231127262115
113	-557.4002	-557.4002	-474.70496	-49.8727	0.80034876	-22.645695	-53.88179	-49.872707	0.0	22909985	12366.073778390884
114	-525.26056	-525.26056	-461.13913	-49.87227	0.80619144	-26.288446	-52.562954	-49.872223	0.0	23110983	12480.254515171051
115	-537.0124	-537.0124	-520.6633	-49.874535	0.7968119	-23.457088	-52.542606	-49.87457	0.0	23311986	12596.018015146255
116	-493.30005	-493.30005	-485.5949	-49.87102	0.8097101	-26.98504	-52.764587	-49.871	0.0	23512988	12712.517894506454
117	-530.48615	-530.48615	-381.19113	-49.873974	0.7944511	-25.552938	-53.027954	-49.87389	0.0	23713991	12828.142374515533
118	-482.3461	-482.3461	-455.42276	-49.874695	0.78360033	-27.298773	-53.717907	-49.87474	0.0	23914986	12943.450110673904
119	-499.13184	-499.13184	-326.23172	-49.87364	0.79757845	-28.321644	-53.52232	-49.873737	0.0	24115991	13058.029600143433
120	-460.86664	-460.86664	-249.17554	-49.8741	0.784861	-25.446625	-53.364334	-49.87402	0.0	24316986	13174.471951723099
121	-462.81027	-462.81027	-382.3503	-49.873684	0.7820227	-27.259665	-54.10015	-49.873726	0.0	24517986	13289.856509447098
122	-543.01416	-543.01416	-351.22794	-49.874016	0.7868845	-26.94698	-54.009953	-49.873978	0.0	24718988	13404.806921958923
123	-446.28577	-446.28577	-446.6155	-49.874638	0.78656006	-23.28951	-53.375256	-49.874706	0.0	24919991	13519.298640966415
124	-531.33185	-531.33185	-466.06668	-49.875553	0.77933073	-27.336065	-53.99927	-49.875557	0.0	25120991	13634.695265054703
125	-504.7888	-504.7888	-386.8669	-49.87442	0.775081	-27.163288	-52.66595	-49.87441	0.0	25321983	13750.129930734634
126	-518.6848	-518.6848	-436.69168	-49.871426	0.79056424	-25.988564	-54.270065	-49.871433	0.0	25522991	13866.228335857391
127	-534.15784	-534.15784	-568.17413	-49.872288	0.78116494	-26.512249	-56.504215	-49.872345	0.0	25723991	13981.14287161827
128	-492.95993	-492.95993	-451.93332	-49.873142	0.7799641	-25.264774	-53.712265	-49.87318	0.0	25924991	14096.497843027115
129	-543.9718	-543.9718	-401.5006	-49.8737	0.7775573	-24.537819	-53.218575	-49.873707	0.0	26125987	14211.587218999863
130	-568.60114	-568.60114	-407.01016	-49.87606	0.77160233	-27.564598	-53.86422	-49.876045	0.0	26326991	14327.20298242569
131	-500.064	-500.064	-594.22955	-49.875355	0.7637157	-23.30896	-53.5416	-49.875404	0.0	26527984	14441.495225906372
132	-448.445	-448.445	-372.77374	-49.87383	0.7706098	-25.424833	-52.97224	-49.87381	0.0	26728991	14556.263746500015
133	-532.14923	-532.14923	-387.72018	-49.872112	0.78072464	-22.935104	-53.063583	-49.872204	0.0	26929991	14676.181359529495
134	-556.6181	-556.6181	-386.3371	-49.871796	0.7780158	-22.421524	-54.292393	-49.871822	0.0	27130991	14794.937889814377
135	-535.314	-535.314	-357.2603	-49.873302	0.76980346	-20.404488	-53.76368	-49.87334	0.0	27331982	14919.728858232498
136	-460.39844	-460.39844	-389.37833	-49.873352	0.7693927	-23.850868	-53.418743	-49.873318	0.0	27532983	15044.87161064148
137	-409.917	-409.917	-440.7241	-49.87281	0.7641553	-18.947891	-53.122208	-49.8728	0.0	27733991	15168.207299232483
138	-460.70547	-460.70547	-528.86597	-49.873768	0.7628817	-20.935242	-53.161396	-49.873825	0.0	27934991	15285.995020151138
139	-401.70676	-401.70676	-401.3044	-49.874584	0.7635454	-22.161573	-52.798576	-49.87461	0.0	28135991	15406.665902853012
140	-449.13397	-449.13397	-379.9526	-49.87652	0.7508221	-24.21776	-53.478916	-49.87646	0.0	28336990	15529.530789613724
141	-440.5777	-440.5777	-536.49536	-49.87433	0.76119214	-19.107218	-53.142376	-49.874332	0.0	28537991	15651.500705242157
142	-467.29562	-467.29562	-239.91798	-49.87397	0.7550405	-19.041655	-53.11722	-49.87398	0.0	28738991	15779.674087762833
143	-453.3051	-453.3051	-317.1532	-49.873573	0.75798213	-22.984003	-52.927242	-49.87371	0.0	28939981	15907.52770614624
144	-487.63928	-487.63928	-465.60202	-49.87348	0.7512855	-12.800302	-52.622982	-49.87339	0.0	29140991	16036.15907073021
145	-409.97156	-409.97156	-419.6168	-49.875034	0.7440844	-23.410473	-52.59956	-49.875134	0.0	29341991	16161.243057489395
146	-467.81622	-467.81622	-349.73172	-49.87455	0.7515564	-21.664328	-55.717896	-49.874603	0.0	29542991	16281.529515504837
147	-419.64978	-419.64978	-260.6839	-49.87312	0.75337756	-17.314024	-53.17069	-49.87305	0.0	29743983	16401.513621091843
148	-434.1649	-434.1649	-173.50298	-49.87364	0.75465107	-21.031319	-53.587025	-49.873653	0.0	29944991	16523.277942419052
149	-437.98608	-437.98608	-318.63965	-49.87491	0.7447623	-21.388306	-53.940117	-49.874985	0.0	30145991	16640.44458413124
150	-467.45316	-467.45316	-255.91962	-49.876026	0.73947835	-19.399105	-52.61632	-49.87605	0.0	30346990	16766.50705385208
151	-473.05185	-473.05185	-244.41193	-49.873337	0.74900913	-19.719166	-52.84857	-49.87331	0.0	30547991	16888.61608362198
152	-372.78073	-372.78073	-162.86505	-49.873596	0.74566597	-21.41405	-54.032486	-49.87354	0.0	30748985	17006.472260713577
153	-450.95044	-450.95044	-324.05603	-49.87153	0.7532793	-12.824698	-54.278046	-49.871655	0.0	30949982	17133.995958328247
154	-462.7898	-462.7898	-319.44708	-49.873505	0.7403864	-21.569939	-54.20996	-49.87347	0.0	31150991	17261.098116874695
155	-428.09058	-428.09058	-227.66133	-49.869682	0.7569884	-24.479733	-53.545036	-49.869705	0.0	31351989	17389.137217760086
156	-405.3433	-405.3433	-370.81262	-49.86928	0.752648	-15.304664	-53.98618	-49.869175	0.0	31552986	17513.169808149338
157	-373.53268	-373.53268	-287.895	-49.868664	0.7490238	-22.992075	-53.48419	-49.86861	0.0	31753985	17637.679728746414
158	-370.41745	-370.41745	-193.61595	-49.867172	0.75738	-18.391687	-54.636154	-49.867294	0.0	31954991	17759.884224414825
159	-328.4456	-328.4456	-393.3251	-49.86833	0.75303096	-22.427877	-52.608685	-49.86827	0.0	32155985	17883.492669582367
160	-450.31357	-450.31357	-190.39406	-49.865654	0.75921667	-22.188837	-53.776657	-49.865696	0.0	32356991	18011.508370161057
161	-355.16904	-355.16904	-194.02914	-49.865704	0.76445746	-23.423899	-52.17049	-49.865692	0.0	32557991	18127.13243484497
162	-329.83276	-329.83276	-203.56007	-49.86399	0.7551758	-25.6608	-53.269924	-49.863987	0.0	32758983	18243.4699947834
163	-366.8207	-366.8207	-210.22296	-49.866146	0.74686134	-24.258945	-52.922916	-49.866104	0.0	32959991	18366.787613630295
164	-388.5598	-388.5598	-172.38434	-49.86434	0.7556539	-24.720974	-52.154396	-49.864296	0.0	33160983	18491.446365594864
165	-338.86136	-338.86136	-172.87317	-49.86195	0.7554532	-25.328592	-55.652695	-49.86187	0.0	33361991	18617.39037013054
166	-352.55606	-352.55606	-314.90503	-49.85989	0.7695764	-20.695507	-52.30355	-49.859886	0.0	33562982	18743.21171951294
167	-354.96	-354.96	-233.82208	-49.858406	0.77344626	-21.109816	-54.639843	-49.858437	0.1	33763991	18872.936994314194
168	-336.84668	-336.84668	-132.46095	-49.858566	0.7661207	-21.348202	-53.673557	-49.858578	0.0	33964991	18998.78921532631
169	-311.71204	-311.71204	-154.6362	-49.856907	0.7666696	-18.478178	-54.698593	-49.85678	0.0	34165983	19119.871707439423
170	-325.48703	-325.48703	-105.55242	-49.856358	0.7653783	-20.061663	-53.636868	-49.85638	0.0	34366991	19245.364365816116
171	-383.01758	-383.01758	-320.95337	-49.85483	0.7684884	-22.724916	-53.508114	-49.854767	0.0	34567984	19363.345279693604
172	-309.21964	-309.21964	-214.34862	-49.852776	0.7703917	-22.240177	-53.352074	-49.852726	0.0	34768982	19487.232788085938
173	-340.6454	-340.6454	-133.15323	-49.85258	0.7671651	-22.243065	-52.128407	-49.852448	0.0	34969982	19612.26993894577
174	-347.17734	-347.17734	-94.24352	-49.851246	0.7738907	-23.807478	-53.84192	-49.851257	0.1	35170990	19730.302577972412
175	-295.80005	-295.80005	-109.09861	-49.850765	0.7813979	-21.953905	-52.46992	-49.850662	0.0	35371982	19845.417927980423
176	-325.49185	-325.49185	-221.27296	-49.852695	0.7639744	-25.18732	-53.091003	-49.85263	0.0	35572981	19965.221564769745
177	-337.24023	-337.24023	-169.47226	-49.84846	0.7813317	-20.798983	-54.313328	-49.848396	0.0	35773981	20082.900383234024
178	-361.49277	-361.49277	-122.52488	-49.854015	0.7632096	-23.160511	-52.79805	-49.853874	0.0	35974984	20205.27758717537
179	-302.26538	-302.26538	-214.24567	-49.844345	0.7833782	-23.14002	-53.753845	-49.844303	0.0	36175981	20330.21869277954
180	-325.11804	-325.11804	-132.817	-49.844906	0.778511	-19.862782	-55.124466	-49.84493	0.0	36376982	20454.963536024094
181	-330.2687	-330.2687	-116.3225	-49.842754	0.7902348	-22.768969	-52.737667	-49.842743	0.1	36577991	20571.53651189804
182	-318.96786	-318.96786	3.205327	-49.840942	0.78865427	-22.237028	-53.434837	-49.84079	0.0	36778990	20696.593154907227
183	-285.08786	-285.08786	-51.876835	-49.839565	0.79155487	-20.76807	-52.52434	-49.839504	0.0	36979981	20810.80446600914
184	-303.31454	-303.31454	-62.15718	-49.840694	0.7861562	-22.141356	-54.486008	-49.840748	0.0	37180991	20930.733373641968
185	-329.19852	-329.19852	-87.94211	-49.83755	0.8022133	-19.600462	-52.73514	-49.83741	0.0	37381982	21048.890018701553
186	-399.22696	-399.22696	-87.81069	-49.837513	0.79955435	-19.020655	-53.253574	-49.83746	0.0	37582991	21166.52937746048
187	-351.21466	-351.21466	-106.80689	-49.833454	0.8167914	-15.917791	-53.748367	-49.833378	0.1	37783991	21281.541391849518
188	-328.6805	-328.6805	-54.4067	-49.831192	0.8244838	-18.025394	-53.306038	-49.831112	0.0	37984989	21410.07258605957
189	-360.584	-360.584	-27.263115	-49.829144	0.83580667	-20.837166	-55.37034	-49.829136	0.2	38185981	21531.53199863434
190	-321.09363	-321.09363	-153.77344	-49.82958	0.8316928	-16.029867	-54.310936	-49.829643	0.0	38386991	21654.53503346443
191	-338.43903	-338.43903	-172.15474	-49.82234	0.8575328	-19.677439	-55.40417	-49.822285	0.0	38587991	21773.620769023895
192	-337.3955	-337.3955	-106.61376	-49.82943	0.8352716	-23.48009	-54.29971	-49.829414	0.2	38788981	21897.21150946617
193	-307.9444	-307.9444	-82.97327	-49.828003	0.84241235	-23.07648	-55.37708	-49.827927	0.1	38989987	22016.411289930344
194	-310.0211	-310.0211	1.8734015	-49.82613	0.8538557	-22.520903	-54.380703	-49.826122	0.2	39190990	22138.24004817009
195	-305.64688	-305.64688	-185.92917	-49.825607	0.86062956	-20.592096	-55.301254	-49.825542	0.1	39391991	22262.53932452202
196	-284.3759	-284.3759	-68.355	-49.825565	0.85603714	-23.990677	-54.828007	-49.825535	0.0	39592982	22382.1332051754
197	-304.3668	-304.3668	-33.108288	-49.824177	0.86187994	-18.900707	-56.041607	-49.824085	0.2	39793983	22502.41447210312
198	-341.9346	-341.9346	-225.92311	-49.821888	0.8718852	-19.108358	-55.433643	-49.821907	0.2	39994981	22620.824254751205
199	-341.49667	-341.49667	-87.93417	-49.8183	0.88991225	-22.052526	-55.249798	-49.81823	0.2	40195989	22741.219462156296
200	-345.2542	-345.2542	-57.879627	-49.816677	0.9055547	-15.834608	-56.52014	-49.816513	0.1	40396981	22866.37640452385
201	-345.21448	-345.21448	-212.51772	-49.813347	0.92547303	-13.488068	-56.854073	-49.81345	0.1	40597991	22988.338121175766
202	-298.85724	-298.85724	-204.2759	-49.811573	0.93456227	-11.779061	-57.07161	-49.81135	0.1	40798991	23113.56875228882
203	-364.9912	-364.9912	-340.46024	-49.810577	0.93314666	-13.292323	-56.92629	-49.810493	0.0	40999986	23235.20057272911
204	-372.4453	-372.4453	-176.80199	-49.805225	0.9538491	-11.315359	-56.90648	-49.80517	0.1	41200991	23356.941515684128
205	-305.8851	-305.8851	-188.57071	-49.797733	0.99091995	-11.963879	-57.396206	-49.79772	0.3	41401986	23475.481898784637
206	-387.67444	-387.67444	-5.1021647	-49.79749	0.99215615	-15.947805	-57.05886	-49.79757	0.1	41602981	23596.272233247757
207	-330.94437	-330.94437	-54.008907	-49.795544	0.98875487	-16.741043	-58.267952	-49.795418	0.3	41803982	23718.26485848427
208	-334.21484	-334.21484	-64.617874	-49.794193	1.0123374	-14.144906	-56.562675	-49.79404	0.2	42004981	23839.743904829025
209	-319.96255	-319.96255	6.370128	-49.78454	1.0473531	-16.199867	-57.06622	-49.78452	0.0	42205981	23957.963609695435
210	-332.69687	-332.69687	2.1136975	-49.78607	1.0406997	-15.416503	-58.246037	-49.786156	0.4	42406982	24079.19503045082
211	-358.32938	-358.32938	-87.992096	-49.782154	1.0648712	-10.6228895	-58.479195	-49.782036	0.1	42607991	24197.282964229584
212	-367.60056	-367.60056	-43.13184	-49.77598	1.0914285	-8.6875305	-59.346436	-49.776085	0.2	42808991	24316.897928237915
213	-325.84225	-325.84225	-14.234315	-49.770233	1.1492776	-1.1302819	-61.196365	-49.770226	0.4	43009988	24433.033967733383
214	-319.7783	-319.7783	-57.25277	-49.773598	1.1395092	-4.335597	-59.451775	-49.77343	0.2	43210991	24544.749448299408
215	-320.56287	-320.56287	1.1997861	-49.77285	1.1236552	-8.854961	-59.683517	-49.772766	0.2	43411983	24658.35242152214
216	-325.35086	-325.35086	-123.73222	-49.764984	1.1619035	-4.32782	-61.253723	-49.764935	0.0	43612991	24770.927190065384
217	-328.6028	-328.6028	-97.62739	-49.763756	1.1950614	-0.6443356	-59.80921	-49.76363	0.2	43813982	24882.529472112656
218	-378.45535	-378.45535	-24.554546	-49.75843	1.225964	1.7509012	-64.97011	-49.758537	0.4	44014986	24993.64751625061
219	-329.58066	-329.58066	-10.41488	-49.76391	1.1724125	-0.47433937	-60.153095	-49.763832	0.2	44215982	25104.198765039444
220	-284.07413	-284.07413	-57.742416	-49.75716	1.2337269	1.1334369	-62.68651	-49.757008	0.0	44416985	25215.365618944168
221	-345.22852	-345.22852	-76.71516	-49.756485	1.2464277	5.436801	-61.62803	-49.756443	0.1	44617991	25327.707981348038
222	-312.73965	-312.73965	-17.304289	-49.755775	1.244843	6.754375	-62.78572	-49.75583	0.4	44818982	25438.95387864113
223	-339.0092	-339.0092	-47.80836	-49.75475	1.2689135	10.194529	-63.50106	-49.754574	0.2	45019991	25550.09672164917
224	-295.33875	-295.33875	-95.81545	-49.746704	1.3240544	8.994523	-62.192307	-49.746643	0.3	45220991	25661.97852230072
225	-256.71155	-256.71155	3.739531	-49.747112	1.3059356	14.314104	-60.2867	-49.74708	0.7	45421991	25772.358771800995
226	-340.2464	-340.2464	-92.41971	-49.743694	1.3321629	12.5150585	-61.096443	-49.743694	0.4	45622987	25883.719588279724
227	-331.34512	-331.34512	5.6194563	-49.733074	1.3652686	9.959465	-63.453835	-49.732784	0.3	45823991	25994.667226076126
228	-324.50507	-324.50507	2.2580433	-49.727608	1.4184512	12.055406	-61.87285	-49.727562	0.4	46024982	26106.018134117126
229	-297.41382	-297.41382	-70.88617	-49.73318	1.4171474	9.625971	-63.22225	-49.73306	0.3	46225991	26216.2479224205
230	-219.54137	-219.54137	-34.972996	-49.727097	1.4189844	17.400959	-61.927807	-49.72728	0.3	46426982	26326.19258594513
231	-338.78784	-338.78784	8.182448	-49.72164	1.4992645	12.991322	-62.47812	-49.721558	0.3	46627991	26436.626175165176
232	-314.39795	-314.39795	5.6780934	-49.714466	1.499386	28.786509	-61.619804	-49.714188	0.5	46828991	26547.01412677765
233	-241.81648	-241.81648	-9.379899	-49.722176	1.4802411	15.243152	-61.914696	-49.722256	0.2	47029982	26656.45002269745
234	-345.14847	-345.14847	5.8783445	-49.710278	1.5427802	20.04231	-61.267838	-49.710194	0.3	47230989	26770.779860973358
235	-313.33777	-313.33777	1.4865607	-49.712406	1.5587152	16.759544	-63.026123	-49.712173	0.5	47431987	26881.7365834713
236	-253.72098	-253.72098	-7.508783	-49.712696	1.5709755	22.619047	-63.19033	-49.71266	0.4	47632983	26991.929804563522
237	-284.98553	-284.98553	6.8233504	-49.71293	1.5572205	16.935184	-61.020935	-49.71289	0.5	47833982	27102.600052833557
238	-270.14423	-270.14423	-108.56887	-49.708168	1.5966092	17.779251	-64.351364	-49.708057	0.1	48034983	27213.597250938416
239	-275.44357	-275.44357	6.526816	-49.706203	1.6141737	16.964148	-64.14684	-49.70618	0.3	48235983	27323.67592906952
240	-325.35938	-325.35938	7.3127093	-49.69982	1.656484	25.624043	-61.951725	-49.69979	0.4	48436991	27434.073940992355
241	-312.91492	-312.91492	-2.4535668	-49.696365	1.6864004	16.30066	-62.89509	-49.696156	0.4	48637982	27544.401682138443
242	-261.04025	-261.04025	9.439724	-49.69263	1.6874436	26.622156	-61.39901	-49.69266	0.6	48838991	27654.06588125229
243	-388.80368	-388.80368	-9.984104	-49.690594	1.7325292	19.04464	-68.5776	-49.69064	0.4	49039991	27764.356363534927
244	-301.91672	-301.91672	8.0528755	-49.69228	1.6854918	20.753511	-61.41438	-49.692417	0.5	49240983	27874.433483362198
245	-294.39877	-294.39877	6.813112	-49.67903	1.7724285	22.7033	-61.518433	-49.67855	0.6	49441982	27984.601612091064
246	-256.5934	-256.5934	5.4492955	-49.674145	1.8227705	17.779232	-61.423477	-49.674362	0.3	49642991	28093.779599428177
247	-331.38187	-331.38187	5.009132	-49.67286	1.8387845	35.08213	-62.602962	-49.672775	0.3	49843982	28203.961628437042
248	-368.3721	-368.3721	8.953054	-49.676804	1.7995827	24.377102	-62.14212	-49.67666	0.4	50044991	28316.215644836426
249	-291.48297	-291.48297	5.1619563	-49.666866	1.8468467	26.922276	-62.41847	-49.66671	0.3	50245986	28425.286875724792
250	-280.75128	-280.75128	8.376159	-49.66217	1.8766091	33.44495	-63.295334	-49.66194	0.4	50446984	28534.64356470108
251	-281.18216	-281.18216	-15.037538	-49.658154	1.8927019	33.950344	-65.15042	-49.658257	0.3	50647989	28643.98453259468
252	-307.9943	-307.9943	4.9960065	-49.663143	1.8829279	20.887003	-62.00162	-49.663174	0.1	50848982	28753.415862083435
253	-299.28806	-299.28806	7.4175	-49.65557	1.9445553	19.813026	-63.989754	-49.65539	0.1	51049982	28863.674624681473
254	-330.6952	-330.6952	4.8302226	-49.657387	1.9105824	25.748266	-61.7831	-49.65729	0.4	51250985	28973.602697134018
255	-324.4989	-324.4989	8.157699	-49.654236	1.9779545	40.30693	-66.01954	-49.654144	0.4	51451985	29083.75284266472
256	-273.3071	-273.3071	4.767117	-49.643047	2.0208492	32.074013	-62.46987	-49.643005	0.2	51652982	29192.759795427322
257	-350.03168	-350.03168	7.4803176	-49.64799	2.007355	23.523966	-67.03799	-49.64786	0.4	51853982	29303.261360883713
258	-300.68243	-300.68243	4.408304	-49.654453	1.9953226	26.810486	-67.28911	-49.6543	0.1	52054981	29413.267793655396
259	-274.7665	-274.7665	9.349574	-49.6496	2.0240953	26.076063	-62.6692	-49.649345	0.5	52255991	29522.29272389412
260	-272.1208	-272.1208	7.2680297	-49.644043	2.004937	34.797962	-64.08204	-49.644306	0.3	52456991	29631.971091270447
261	-272.10486	-272.10486	-7.086963	-49.64903	2.0196602	24.967892	-66.90179	-49.648956	0.5	52657981	29741.214818000793
262	-290.10712	-290.10712	2.044425	-49.64156	2.1005359	24.723907	-63.161926	-49.641434	0.4	52858991	29851.041303873062
263	-282.12268	-282.12268	-1.00102	-49.651646	2.0456245	41.10606	-60.135586	-49.6516	0.3	53059991	29960.879585266113
264	-280.6718	-280.6718	10.575163	-49.640324	2.1110168	25.444262	-65.482666	-49.640366	0.4	53260981	30071.454571008682
265	-237.62807	-237.62807	-10.969048	-49.641407	2.1046045	28.700787	-68.23136	-49.64123	0.5	53461983	30182.28908777237
266	-253.08319	-253.08319	2.5958157	-49.63923	2.0762239	22.651371	-62.63055	-49.63911	0.5	53662983	30310.259630441666
267	-304.26202	-304.26202	5.352828	-49.634243	2.1716375	29.961336	-67.029175	-49.634415	0.4	53863981	30427.06357240677
268	-218.52353	-218.52353	-19.897785	-49.63693	2.1054704	20.365616	-69.32723	-49.6369	0.5	54064982	30542.605694293976
269	-243.60277	-243.60277	4.0284467	-49.6314	2.1519983	33.01693	-66.02471	-49.631386	0.4	54265984	30672.498533010483
270	-268.03937	-268.03937	3.9353325	-49.62791	2.1595047	35.573498	-63.5876	-49.627876	0.6	54466986	30794.478140115738
271	-258.68204	-258.68204	-10.568963	-49.623512	2.1907713	29.297043	-70.635544	-49.623417	0.6	54667986	30911.929688215256
272	-327.77243	-327.77243	-136.67485	-49.61856	2.2375734	29.065937	-71.078125	-49.618484	0.1	54868990	31035.289551258087
273	-244.07062	-244.07062	-14.071564	-49.60867	2.281467	25.028393	-64.00841	-49.60857	0.4	55069982	31150.69328379631
274	-279.0337	-279.0337	8.584906	-49.624252	2.1701322	32.772835	-63.98293	-49.624256	0.5	55270981	31264.901376724243
275	-327.09436	-327.09436	-78.79559	-49.61022	2.270633	33.74207	-63.92032	-49.610226	0.4	55471982	31380.950298547745
276	-273.83786	-273.83786	5.1156626	-49.60957	2.2495975	34.476532	-69.8969	-49.609333	0.5	55672982	31497.79362130165
277	-323.03946	-323.03946	-16.03905	-49.6044	2.3330615	31.82766	-64.501205	-49.604404	0.0	55873991	31626.18244624138
278	-283.70645	-283.70645	-15.947357	-49.60717	2.2735462	27.036757	-64.26808	-49.60708	0.5	56074991	31751.81618142128
279	-318.3236	-318.3236	-19.498058	-49.610615	2.2631752	26.575788	-65.254196	-49.61049	0.2	56275986	31873.255702972412
280	-342.22247	-342.22247	-25.767334	-49.599434	2.3357096	34.24797	-66.16905	-49.599346	0.6	56476987	31992.22862958908
281	-252.77681	-252.77681	-18.870378	-49.592506	2.3538358	26.999237	-67.26904	-49.592556	0.1	56677989	32107.792719602585
282	-280.1141	-280.1141	-17.93217	-49.59146	2.3453417	26.373423	-66.31715	-49.591404	0.4	56878982	32229.457911729813
283	-264.54767	-264.54767	-17.02807	-49.58993	2.3599513	28.188221	-63.41618	-49.589943	0.4	57079983	32350.355655908585
284	-292.483	-292.483	-41.94183	-49.5894	2.3911264	36.735535	-70.50625	-49.589443	0.5	57280983	32476.765562534332
285	-262.85306	-262.85306	-15.365784	-49.584885	2.414078	34.288776	-64.70753	-49.584476	0.4	57481991	32626.410202026367
286	-263.86456	-263.86456	-12.133453	-49.577038	2.4258335	31.770958	-66.29872	-49.577183	0.2	57682983	32755.0861992836
287	-318.2862	-318.2862	7.1753645	-49.57945	2.3959801	43.86291	-68.512405	-49.57935	0.4	57883984	32883.53466653824
288	-324.75452	-324.75452	-24.020447	-49.575657	2.434972	30.90948	-71.23614	-49.575768	0.4	58084990	33019.94592213631
289	-277.68692	-277.68692	-27.33274	-49.568855	2.468584	23.377436	-64.727486	-49.568623	0.4	58285983	33154.486125946045
290	-299.58005	-299.58005	0.23837723	-49.569252	2.4611263	39.519836	-67.969894	-49.569294	0.5	58486990	33299.35435009003
291	-308.76974	-308.76974	-22.253345	-49.56414	2.4849396	34.074856	-69.16099	-49.564014	0.5	58687984	33434.73684000969
292	-332.4281	-332.4281	-24.13162	-49.565777	2.4849298	44.13081	-65.28886	-49.565586	0.4	58888982	33575.31652927399
293	-295.2166	-295.2166	7.5082774	-49.570164	2.4553258	25.085243	-66.61567	-49.5704	0.6	59089983	33705.791241168976
294	-251.66768	-251.66768	-29.176348	-49.562336	2.512535	35.385582	-66.60995	-49.562187	0.2	59290991	33837.30656957626
295	-280.86206	-280.86206	-3.671556	-49.5694	2.4709973	29.86551	-64.54203	-49.569363	0.9	59491982	33964.77603435516
296	-315.87622	-315.87622	8.888443	-49.556156	2.5241172	24.430874	-67.75373	-49.555897	0.4	59692982	34092.607142448425
297	-296.1809	-296.1809	11.646911	-49.557865	2.5122097	31.798517	-69.78169	-49.55791	0.7	59893985	34219.93313598633
298	-320.05676	-320.05676	5.638581	-49.560207	2.506698	21.515017	-62.03084	-49.560005	0.4	60094991	34359.549360990524
299	-299.97015	-299.97015	-8.38165	-49.565907	2.4631364	29.020306	-68.94739	-49.56621	0.4	60295989	34499.71348404884
300	-272.47946	-272.47946	7.051384	-49.548634	2.5455015	32.21326	-67.93337	-49.548447	0.5	60496986	34649.130536556244
301	-287.03958	-287.03958	-4.6158977	-49.54648	2.563018	33.07122	-68.81763	-49.546455	0.4	60697983	34785.31680035591
302	-260.573	-260.573	-12.343958	-49.549286	2.5802393	40.27341	-69.695244	-49.549038	0.4	60898991	34903.06996154785
303	-249.87811	-249.87811	10.119055	-49.547874	2.553848	28.990913	-66.733315	-49.548134	0.4	61099986	35026.98404049873
304	-275.28674	-275.28674	-5.074449	-49.550884	2.5260952	32.320477	-72.96924	-49.550713	0.3	61300984	35147.30953717232
305	-273.22366	-273.22366	-6.6976395	-49.542923	2.5722663	47.74049	-67.59062	-49.542976	0.3	61501984	35267.831849336624
306	-260.01108	-260.01108	6.554786	-49.533997	2.6000087	36.99394	-64.665474	-49.533928	0.5	61702990	35390.012630701065
307	-224.59459	-224.59459	9.832868	-49.538094	2.569773	20.13721	-67.248245	-49.538307	0.6	61903989	35510.8782286644
308	-198.59708	-198.59708	7.7556334	-49.524765	2.663536	28.517265	-64.74933	-49.524467	0.5	62104981	35631.14448618889
309	-269.3156	-269.3156	-1.0887856	-49.512337	2.696425	35.94848	-66.370155	-49.51227	0.6	62305991	35756.32351875305
310	-219.56436	-219.56436	6.3827314	-49.518494	2.693435	45.928577	-68.762856	-49.51842	0.5	62506986	35875.91282081604
311	-254.1918	-254.1918	9.237958	-49.52243	2.658715	26.634823	-69.16863	-49.522587	0.9	62707991	35997.568066358566
312	-281.94952	-281.94952	3.6806335	-49.51893	2.6789815	45.007984	-67.82809	-49.518898	0.3	62908986	36119.9652838707
313	-301.96466	-301.96466	8.099728	-49.512726	2.6955216	42.520756	-65.06877	-49.512623	0.2	63109988	36237.76045680046
314	-246.68472	-246.68472	7.3715544	-49.505936	2.752034	22.434515	-73.83377	-49.506042	0.3	63310991	36355.05752372742
315	-311.74	-311.74	9.606002	-49.509342	2.690746	36.099617	-67.9441	-49.509247	0.8	63511991	36474.63528704643
316	-282.20212	-282.20212	9.362034	-49.50915	2.7208529	27.843353	-74.636604	-49.509132	0.2	63712991	36593.229300022125
317	-297.73526	-297.73526	-1.9069653	-49.49524	2.792777	31.3814	-76.20157	-49.495296	0.3	63913991	36714.237746953964
318	-268.01602	-268.01602	2.5859354	-49.50824	2.7333827	59.404003	-72.4493	-49.50788	0.6	64114982	36831.315284729004
319	-298.81787	-298.81787	7.496953	-49.493187	2.8027313	31.603735	-67.24251	-49.493256	0.5	64315991	36950.03986001015
320	-307.10098	-307.10098	-3.738678	-49.486416	2.8234458	44.376045	-77.01572	-49.486294	0.5	64516985	37068.1821269989
321	-296.58932	-296.58932	1.5503548	-49.48761	2.7778883	31.637094	-65.40663	-49.487534	0.8	64717984	37189.19819545746
322	-274.1897	-274.1897	5.9842525	-49.484352	2.8093262	25.080616	-67.77327	-49.484306	0.3	64918988	37305.7605342865
323	-244.32912	-244.32912	6.387293	-49.46477	2.904584	36.242317	-67.859825	-49.46462	0.5	65119991	37425.3291451931
324	-335.40063	-335.40063	5.2751203	-49.488094	2.8094642	28.758698	-72.00186	-49.488125	0.4	65320981	37551.07984852791
325	-330.60785	-330.60785	4.8135076	-49.469784	2.8831909	36.90622	-69.50481	-49.46976	0.4	65521983	37678.19927048683
326	-296.73422	-296.73422	9.612264	-49.47409	2.879147	21.924137	-66.576195	-49.473953	0.5	65722981	37804.5624063015
327	-329.89597	-329.89597	4.402059	-49.46682	2.8832238	27.020222	-68.92621	-49.466766	0.6	65923991	37927.235909461975
328	-321.21497	-321.21497	8.077026	-49.466022	2.8760073	29.995144	-66.39856	-49.4657	0.3	66124991	38052.210283994675
329	-252.43625	-252.43625	10.9964485	-49.468025	2.8848598	33.34777	-65.95546	-49.46798	0.2	66325982	38179.58139395714
330	-303.08917	-303.08917	-2.1753657	-49.464558	2.9143176	37.370502	-78.29819	-49.4645	0.7	66526991	38308.518877744675
331	-258.97202	-258.97202	2.900237	-49.45675	2.9181135	26.555244	-69.88306	-49.456635	0.3	66727991	38436.41006278992
332	-329.5141	-329.5141	7.8211803	-49.45531	2.9638026	38.048523	-69.956345	-49.45543	0.6	66928983	38566.602154016495
333	-297.55914	-297.55914	7.5958467	-49.46089	2.8983974	30.209948	-69.66833	-49.460884	0.2	67129986	38694.97424316406
334	-229.83774	-229.83774	7.2358203	-49.460045	2.9244213	33.811516	-68.42799	-49.459988	0.6	67330985	38821.50296473503
335	-252.21928	-252.21928	-9.718329	-49.46273	2.8994648	48.807285	-66.95471	-49.462788	0.6	67531991	38951.06321454048
336	-302.58026	-302.58026	9.459745	-49.46303	2.9084964	36.14349	-66.64154	-49.463196	0.5	67732983	39080.03434753418
337	-251.3021	-251.3021	3.120455	-49.451786	2.926257	34.681755	-69.88898	-49.4517	0.6	67933981	39206.9176466465
338	-279.66034	-279.66034	-1.4648937	-49.447456	2.9397652	33.98449	-68.642136	-49.44735	0.5	68134983	39330.51821279526
339	-245.56653	-245.56653	9.109092	-49.430798	3.067361	38.94216	-68.89656	-49.43073	0.9	68335991	39455.86871957779
340	-307.94562	-307.94562	5.896231	-49.43827	3.006305	41.27445	-73.7321	-49.438007	0.3	68536991	39579.5933971405
341	-245.33833	-245.33833	-2.98318	-49.43916	2.9893584	32.297184	-68.57433	-49.439144	0.3	68737982	39705.03319811821
342	-323.21765	-323.21765	-34.269142	-49.438957	2.9871905	34.73525	-75.68086	-49.438744	0.4	68938991	39823.01519870758
343	-150.86548	-150.86548	-7.5103045	-49.429558	3.0200107	35.67738	-67.00368	-49.429657	0.2	69139982	39939.939771175385
344	-252.8293	-252.8293	8.031472	-49.4378	2.9578078	26.11493	-70.64603	-49.437748	0.6	69340984	40059.032272815704
345	-267.94998	-267.94998	-3.181487	-49.42366	3.0644403	31.005844	-72.75923	-49.423744	0.6	69541986	40176.16409420967
346	-250.05391	-250.05391	-26.661013	-49.424667	3.0118213	27.621178	-72.68066	-49.424423	0.4	69742990	40293.02003455162
347	-279.1402	-279.1402	1.023612	-49.403027	3.1219494	34.76129	-70.55484	-49.40322	0.4	69943981	40426.9601662159
348	-308.03824	-308.03824	9.745205	-49.413414	3.0625322	25.24902	-73.99142	-49.413292	0.7	70144983	40555.01985144615
349	-311.52548	-311.52548	-1.9362072	-49.42411	3.0255113	42.607475	-70.53687	-49.424023	0.1	70345984	40673.0493350029
350	-265.92847	-265.92847	-5.2884183	-49.408043	3.1197073	36.08602	-75.70938	-49.40803	0.5	70546984	40787.99035811424
351	-252.49722	-252.49722	7.760472	-49.420574	3.0318732	24.452002	-74.87565	-49.420692	0.6	70747985	40903.09727334976
352	-234.87668	-234.87668	8.959376	-49.41158	3.0826004	36.973843	-69.1921	-49.411484	0.3	70948982	41016.067078351974
353	-321.19626	-321.19626	7.6108565	-49.407215	3.0775752	25.174767	-68.01974	-49.407116	0.4	71149981	41129.91633152962
354	-309.50888	-309.50888	9.551861	-49.40004	3.1342773	33.319748	-65.73515	-49.40025	0.6	71350991	41243.634026288986
355	-250.34119	-250.34119	6.686136	-49.40678	3.099008	45.930305	-73.47044	-49.406773	0.4	71551981	41359.346057891846
356	-239.7057	-239.7057	3.1657586	-49.394627	3.1448941	34.1632	-70.133095	-49.394615	0.8	71752984	41474.17478346825
357	-303.73584	-303.73584	4.028822	-49.390842	3.1807935	39.112915	-71.85931	-49.391098	0.5	71953988	41587.832072496414
358	-316.89694	-316.89694	-1.8183991	-49.38751	3.17024	25.676342	-76.12169	-49.387234	0.5	72154991	41701.45674371719
359	-260.18362	-260.18362	-22.766392	-49.38132	3.175299	30.97361	-72.146675	-49.381405	0.6	72355982	41814.51188802719
360	-256.7421	-256.7421	7.3948116	-49.383614	3.1479518	33.07923	-68.175545	-49.38368	0.4	72556982	41926.80939888954
361	-258.35577	-258.35577	6.695323	-49.39315	3.102204	33.70827	-76.41161	-49.392982	0.3	72757991	42039.39653253555
362	-262.6783	-262.6783	6.852536	-49.386505	3.1499755	31.418722	-69.43998	-49.38667	0.7	72958983	42151.39963841438
363	-255.21477	-255.21477	2.6168878	-49.378822	3.1489596	42.900497	-68.17407	-49.379128	0.5	73159983	42264.54258918762
364	-252.7726	-252.7726	6.5002623	-49.383034	3.1597493	31.569086	-70.46138	-49.38293	0.4	73360985	42376.615082740784
365	-279.81683	-279.81683	-22.169127	-49.377987	3.1640234	28.408026	-71.82391	-49.377636	0.5	73561984	42490.640401124954
366	-325.88055	-325.88055	-7.8831496	-49.367	3.2525854	27.97198	-68.7707	-49.367153	0.4	73762989	42605.37868356705
367	-229.23412	-229.23412	-3.1375864	-49.36831	3.1890783	33.29155	-70.82392	-49.368206	0.7	73963985	42718.50240159035
368	-260.13663	-260.13663	4.51704	-49.36735	3.203954	47.41929	-66.99201	-49.367355	0.3	74164983	42831.8809800148
369	-255.05342	-255.05342	3.6764457	-49.358963	3.2209427	50.233837	-70.49681	-49.35927	0.2	74365982	42944.97107434273
370	-253.28552	-253.28552	8.8160305	-49.372616	3.1700778	39.246113	-69.20781	-49.37241	0.6	74566985	43057.24924850464
371	-229.9195	-229.9195	8.530994	-49.344772	3.2656057	26.806486	-74.49671	-49.34481	0.4	74767982	43170.427315711975
372	-228.82832	-228.82832	5.3849654	-49.344418	3.2962673	28.21856	-73.84724	-49.34444	0.7	74968987	43284.25426054001
373	-299.03485	-299.03485	2.114048	-49.34164	3.2916498	28.778553	-69.41841	-49.341583	0.7	75169984	43397.20436382294
374	-240.47418	-240.47418	6.658258	-49.33676	3.3117814	36.03161	-70.84504	-49.33695	0.5	75370983	43510.05630731583
375	-277.35098	-277.35098	8.229157	-49.334476	3.3224669	34.97747	-77.4845	-49.33452	0.3	75571983	43622.703645944595
376	-260.63013	-260.63013	6.2158537	-49.323574	3.3461711	29.45834	-71.721634	-49.32348	0.1	75772981	43734.751690387726
377	-282.6705	-282.6705	6.3949494	-49.321163	3.3914888	27.626818	-72.70634	-49.32116	0.7	75973991	43847.13311338425
378	-309.96152	-309.96152	8.161706	-49.33118	3.3075888	29.342953	-68.73444	-49.33105	0.7	76174981	43959.14174866676
379	-332.48495	-332.48495	-11.529098	-49.319077	3.3822887	24.367937	-75.11949	-49.319073	0.8	76375988	44072.191690444946
380	-283.13522	-283.13522	3.1766531	-49.31667	3.4053347	32.50148	-79.05668	-49.316746	0.6	76576991	44184.78969120979
381	-268.89874	-268.89874	8.507795	-49.324387	3.3609548	28.375383	-80.717674	-49.324383	0.6	76777983	44297.82421541214
382	-297.72226	-297.72226	-12.82179	-49.316635	3.346815	35.490517	-69.32272	-49.316566	0.2	76978982	44411.04568505287
383	-293.50955	-293.50955	4.716625	-49.307533	3.4182708	29.991718	-70.227165	-49.307507	0.5	77179982	44522.59512782097
384	-270.45953	-270.45953	9.092001	-49.30757	3.4022937	69.06946	-70.41701	-49.307526	0.2	77380983	44634.17797446251
385	-251.31067	-251.31067	9.918954	-49.318825	3.3569274	27.167646	-72.567085	-49.31887	0.2	77581991	44746.32957482338
386	-249.70808	-249.70808	9.542425	-49.312202	3.3668714	37.283504	-71.30628	-49.3125	0.7	77782984	44859.13857316971
387	-239.53748	-239.53748	8.1548605	-49.293156	3.4669836	28.567764	-72.56319	-49.29273	0.7	77983981	44972.04289698601
388	-306.8251	-306.8251	4.780544	-49.30445	3.403985	22.1741	-69.205185	-49.30427	0.6	78184991	45084.91115760803
389	-313.13712	-313.13712	6.2372236	-49.29893	3.3997097	24.934883	-69.28163	-49.299088	0.5	78385991	45196.930988788605
390	-300.1472	-300.1472	-5.8760486	-49.28685	3.5033836	31.549973	-70.39444	-49.28686	0.7	78586991	45310.66862297058
391	-285.71368	-285.71368	-21.63247	-49.290768	3.44717	32.418495	-68.74622	-49.290913	0.4	78787982	45422.93945431709
392	-288.26718	-288.26718	8.165442	-49.28933	3.482564	23.305872	-67.92446	-49.289112	0.5	78988986	45535.757606983185
393	-252.13144	-252.13144	8.480924	-49.28584	3.5057633	27.68716	-73.51577	-49.285828	0.4	79189983	45648.20822143555
394	-339.68204	-339.68204	7.576943	-49.29545	3.4428315	29.702873	-66.56646	-49.295383	0.6	79390988	45761.026134967804
395	-318.6585	-318.6585	8.304297	-49.27826	3.4813647	26.814161	-66.919	-49.27795	0.8	79591991	45873.714042425156
396	-247.26369	-247.26369	2.863189	-49.27327	3.5241299	36.8408	-70.37773	-49.273384	0.7	79792982	45985.67713665962
397	-284.65344	-284.65344	12.022412	-49.25943	3.552694	23.860233	-70.78705	-49.25959	0.5	79993991	46098.37567257881
398	-266.5122	-266.5122	0.8454079	-49.265556	3.5595999	35.698475	-71.45325	-49.265476	0.4	80194982	46211.10615301132
399	-237.37016	-237.37016	7.8499665	-49.274403	3.5032847	30.574087	-70.1583	-49.274296	0.4	80395991	46323.72222661972
400	-288.1704	-288.1704	7.976204	-49.267853	3.515926	31.59732	-71.493324	-49.267624	0.5	80596991	46434.64511227608
401	-272.49182	-272.49182	-6.669652	-49.257698	3.59613	40.704716	-70.51212	-49.258133	0.7	80797991	46546.66115117073
402	-202.97014	-202.97014	6.1113844	-49.2665	3.5791883	32.209652	-68.24873	-49.266277	0.6	80998988	46658.791655540466
403	-336.52682	-336.52682	9.39277	-49.25362	3.5949912	38.292847	-75.11586	-49.253345	0.6	81199981	46769.59256672859
404	-266.3366	-266.3366	9.978391	-49.255836	3.601425	28.287054	-71.95216	-49.256	0.7	81400985	46880.89587903023
405	-270.60782	-270.60782	6.413248	-49.242424	3.6272144	34.504395	-73.67052	-49.24206	0.5	81601981	46991.74295639992
406	-231.25508	-231.25508	7.264903	-49.257156	3.535773	27.93762	-72.96388	-49.25718	0.4	81802981	47102.87546849251
407	-331.1165	-331.1165	4.915025	-49.250996	3.5853326	28.614872	-70.94015	-49.25081	0.7	82003986	47215.829278707504
408	-280.7135	-280.7135	6.4183517	-49.24251	3.612182	25.22869	-73.961426	-49.24248	0.5	82204991	47328.04854273796
409	-306.957	-306.957	9.560481	-49.243145	3.636755	30.036646	-69.57323	-49.24313	0.6	82405991	47439.74253463745
410	-258.20834	-258.20834	-5.426909	-49.246555	3.6139998	45.20107	-79.1343	-49.246426	0.7	82606981	47550.83061313629
411	-295.18408	-295.18408	-2.4442687	-49.234215	3.666647	31.478453	-69.24939	-49.234127	0.5	82807986	47662.258026599884
412	-290.2242	-290.2242	7.6935153	-49.23356	3.6456738	27.584526	-69.672424	-49.233917	0.9	83008991	47773.84211754799
413	-259.2883	-259.2883	10.298697	-49.230957	3.6648278	38.36832	-76.04047	-49.230404	0.4	83209986	47884.77016592026
414	-230.56479	-230.56479	6.272468	-49.218292	3.7016618	23.202812	-81.437515	-49.218132	0.5	83410981	47996.48327612877
415	-248.69296	-248.69296	7.8198195	-49.22824	3.6974323	24.029894	-75.90427	-49.228085	0.4	83611981	48108.2546210289
416	-247.50676	-247.50676	8.014938	-49.23016	3.6396425	43.014584	-73.80251	-49.230125	0.6	83812991	48219.713643074036
417	-269.2861	-269.2861	9.543692	-49.225277	3.6922717	27.688206	-76.01889	-49.225353	0.9	84013984	48331.14932632446
418	-279.48737	-279.48737	7.6453876	-49.21702	3.7335744	24.929087	-75.679344	-49.21698	0.7	84214991	48442.00252175331
419	-307.1061	-307.1061	9.919573	-49.232365	3.6294029	27.41681	-72.60028	-49.23202	0.9	84415981	48555.00034713745
420	-303.18692	-303.18692	7.8832874	-49.215553	3.7088606	37.00522	-76.87067	-49.21547	0.6	84616987	48666.86442422867
421	-280.21365	-280.21365	7.9588747	-49.224354	3.6760502	29.334806	-69.481895	-49.22406	0.5	84817982	48779.54008245468
422	-322.65317	-322.65317	-21.01206	-49.22064	3.6847038	23.91224	-72.442955	-49.220924	0.5	85018983	48891.28189373016
423	-293.90033	-293.90033	6.9179244	-49.21691	3.7132401	27.33479	-76.92983	-49.216747	0.5	85219982	49002.49593663216
424	-266.442	-266.442	11.201379	-49.20433	3.762074	32.530766	-68.27294	-49.20452	0.7	85420982	49112.93809175491
425	-284.50275	-284.50275	-8.690185	-49.222908	3.6739483	25.000633	-69.54616	-49.222668	0.7	85621991	49223.231709480286
426	-270.3948	-270.3948	6.355251	-49.201103	3.7805696	38.00318	-70.32619	-49.20091	0.7	85822991	49332.9261636734
427	-304.40778	-304.40778	6.888597	-49.212948	3.734743	40.182095	-71.53313	-49.212807	0.5	86023983	49443.058200359344
428	-292.9025	-292.9025	8.354707	-49.218704	3.6867712	29.544117	-72.79785	-49.218437	0.4	86224987	49553.47889471054
429	-291.58688	-291.58688	5.037666	-49.204636	3.7573924	25.029688	-81.4637	-49.204628	0.2	86425989	49664.480466365814
430	-206.23607	-206.23607	8.047511	-49.21301	3.717486	28.220612	-77.28015	-49.21317	0.6	86626981	49776.05854225159
431	-270.21964	-270.21964	9.596757	-49.212814	3.7225258	35.233986	-70.382225	-49.212566	0.6	86827983	49886.42280960083
432	-164.14471	-164.14471	-9.082977	-49.212826	3.6986842	38.1178	-69.44838	-49.212605	0.4	87028985	49996.569920778275
433	-357.5404	-357.5404	-18.271233	-49.209164	3.7192478	26.160412	-67.748024	-49.209263	0.4	87229988	50106.32177567482
434	-275.61703	-275.61703	5.541706	-49.200268	3.7453203	26.466036	-69.59417	-49.20027	0.5	87430991	50216.278629779816
435	-317.83188	-317.83188	10.045532	-49.202885	3.7462761	24.851486	-72.1619	-49.202633	0.6	87631984	50327.89243268967
436	-278.5161	-278.5161	10.302779	-49.19181	3.809996	22.300655	-79.65649	-49.191956	0.9	87832985	50438.24192547798
437	-255.39557	-255.39557	8.621276	-49.180798	3.812689	28.359533	-69.821106	-49.18063	0.4	88033988	50549.43501853943
438	-229.97006	-229.97006	8.234348	-49.191875	3.8117516	38.124954	-78.941864	-49.191578	0.5	88234982	50660.60325932503
439	-250.44585	-250.44585	7.8819475	-49.19126	3.7817092	48.16827	-70.51322	-49.191227	0.7	88435984	50772.146053791046
440	-243.79388	-243.79388	8.5113125	-49.17951	3.8152294	31.1221	-69.52906	-49.179577	0.8	88636985	50883.51495051384
441	-264.9276	-264.9276	7.2077007	-49.18279	3.8388836	30.243937	-73.50541	-49.182518	0.8	88837991	50994.55281209946
442	-202.91115	-202.91115	10.093808	-49.178024	3.815104	27.329721	-75.47915	-49.177994	0.6	89038981	51104.87101817131
443	-235.61674	-235.61674	7.327652	-49.184338	3.824939	33.98752	-71.4253	-49.184303	0.3	89239982	51215.8185737133
444	-348.49884	-348.49884	4.540733	-49.17567	3.837425	27.346968	-75.772026	-49.175995	0.5	89440991	51327.47467541695
445	-239.32166	-239.32166	10.741264	-49.168743	3.8609047	30.185566	-71.388535	-49.16857	0.5	89641991	51437.90681838989
446	-264.49225	-264.49225	5.5345097	-49.179386	3.8159306	32.099617	-67.260376	-49.17948	0.5	89842981	51548.109461545944
447	-286.7619	-286.7619	-22.41002	-49.17725	3.809219	30.663347	-72.401146	-49.176876	0.3	90043991	51660.69307255745
448	-266.91647	-266.91647	-13.041925	-49.18192	3.8181622	28.322615	-73.79795	-49.181877	0.5	90244991	51772.68870973587
449	-293.90155	-293.90155	5.2217	-49.16947	3.840826	33.595795	-69.04779	-49.169533	0.3	90445989	51883.11364912987
450	-278.7166	-278.7166	3.769731	-49.16137	3.858822	24.883968	-74.397736	-49.1614	0.5	90646983	51992.8811006546
451	-207.42863	-207.42863	10.81047	-49.17519	3.8053052	29.345379	-68.77959	-49.175182	0.6	90847984	52102.74536347389
452	-231.51973	-231.51973	7.753357	-49.165546	3.8541734	26.852757	-68.052055	-49.16523	0.5	91048990	52214.3072476387
453	-284.24274	-284.24274	5.645084	-49.14747	3.9451323	24.432781	-70.367134	-49.14743	0.6	91249991	52325.14517855644
454	-213.99524	-213.99524	4.320003	-49.155155	3.917778	27.425314	-74.03146	-49.155178	0.8	91450990	52435.803023815155
455	-280.1954	-280.1954	6.6619763	-49.15693	3.8985689	34.601917	-69.976456	-49.156876	0.6	91651982	52546.799551963806
456	-264.71103	-264.71103	10.097034	-49.145733	3.915328	25.952084	-73.17265	-49.145794	0.9	91852981	52657.821210861206
457	-313.16574	-313.16574	8.597623	-49.15529	3.8663983	27.1694	-70.16373	-49.155045	0.4	92053985	52768.3952422142
458	-274.3065	-274.3065	6.801114	-49.15436	3.8546565	24.950253	-78.56158	-49.154427	0.7	92254986	52878.22284722328
459	-183.74437	-183.74437	9.149415	-49.13532	3.9175537	30.190157	-71.17884	-49.134457	0.4	92455987	52987.896522045135
460	-319.77228	-319.77228	8.391873	-49.147186	3.9011421	27.352436	-71.325386	-49.14796	0.4	92656983	53098.25198197365
461	-243.70222	-243.70222	8.625099	-49.14072	3.8926606	27.95561	-72.988594	-49.14045	0.7	92857984	53209.15298247337
462	-266.9307	-266.9307	9.114003	-49.144703	3.8654644	31.496515	-69.79555	-49.1448	0.8	93058983	53320.57979083061
463	-261.839	-261.839	-4.100701	-49.14702	3.8901365	29.59207	-74.92874	-49.146862	0.5	93259984	53430.84070086479
464	-292.56985	-292.56985	-2.0197353	-49.121445	3.9352715	29.007175	-72.41864	-49.12192	0.7	93460991	53542.29587364197
465	-275.18362	-275.18362	6.144101	-49.134003	3.950734	37.632874	-71.65089	-49.13375	0.7	93661983	53653.319628953934
466	-247.8736	-247.8736	3.2120888	-49.115158	4.0088153	31.777447	-76.274734	-49.115185	0.5	93862985	53763.616577625275
467	-243.16391	-243.16391	11.01227	-49.11114	3.9941561	26.271618	-70.71196	-49.111237	0.7	94063991	53873.43868994713
468	-245.99538	-245.99538	7.53914	-49.113743	3.977049	32.722546	-83.303215	-49.11389	0.8	94264983	53983.97740650177
469	-253.87785	-253.87785	2.8311357	-49.118923	3.9342628	26.241714	-70.751976	-49.118614	0.8	94465981	54095.31440496445
470	-262.84943	-262.84943	7.8973126	-49.1135	3.9806025	25.82012	-74.99861	-49.11366	0.8	94666988	54207.07618665695
471	-282.69617	-282.69617	11.708755	-49.11159	3.9789398	28.125908	-71.056015	-49.11172	0.8	94867989	54318.43651795387
472	-269.64346	-269.64346	8.06032	-49.094936	4.0043435	27.633753	-71.84698	-49.095	0.7	95068991	54428.626631975174
473	-234.07324	-234.07324	9.976884	-49.09995	4.023353	32.00993	-70.336136	-49.100048	0.6	95269982	54539.23822212219
474	-303.34872	-303.34872	4.577214	-49.096874	4.014556	32.900078	-68.4737	-49.097015	0.6	95470991	54649.5313308239
475	-209.6233	-209.6233	7.1910906	-49.100918	4.014806	29.155415	-71.184326	-49.100796	0.4	95671982	54759.881779909134
476	-297.5301	-297.5301	6.2405353	-49.109856	3.97985	31.010113	-70.78639	-49.110252	0.6	95872982	54870.75856733322
477	-240.4881	-240.4881	7.9683976	-49.099567	4.017318	32.94872	-69.95089	-49.099297	0.4	96073983	54981.17626976967
478	-293.9304	-293.9304	7.672638	-49.095055	4.0253544	39.60816	-67.84599	-49.09485	0.5	96274991	55091.30841803551
479	-221.74347	-221.74347	7.995294	-49.077587	4.0379972	54.00718	-79.89078	-49.077644	0.6	96475981	55201.28184771538
480	-241.60884	-241.60884	5.9990525	-49.07654	4.0883994	23.634983	-70.73614	-49.076626	0.4	96676983	55311.17661046982
481	-326.09375	-326.09375	11.002608	-49.086903	4.042589	25.547085	-70.15382	-49.086964	0.7	96877983	55421.73706436157
482	-280.80267	-280.80267	9.968336	-49.083275	4.07332	30.132956	-74.22481	-49.083458	0.5	97078986	55531.31921505928
483	-280.6138	-280.6138	8.916004	-49.086395	4.033368	39.043877	-76.46359	-49.086445	0.7	97279986	55640.650448560715
484	-331.69675	-331.69675	7.315904	-49.068985	4.1323786	27.560326	-70.11644	-49.06916	0.7	97480982	55751.40408873558
485	-199.1242	-199.1242	-5.9468584	-49.077206	4.0875945	25.943222	-70.300255	-49.077457	0.6	97681981	55863.687883377075
486	-240.6668	-240.6668	10.4869995	-49.065346	4.128147	23.517395	-74.46594	-49.065353	0.8	97882991	55974.66032385826
487	-230.19824	-230.19824	6.3993816	-49.07643	4.108472	24.423676	-75.632774	-49.076324	0.4	98083983	56085.58016324043
488	-247.9801	-247.9801	7.5604796	-49.06465	4.110203	22.742327	-71.5828	-49.065155	0.9	98284981	56196.98274755478
489	-272.32272	-272.32272	6.689981	-49.080288	4.0895414	27.580341	-71.1178	-49.08001	0.6	98485983	56307.70443940163
490	-310.384	-310.384	6.3726273	-49.08324	4.0543747	29.992899	-75.1828	-49.08329	0.4	98686991	56418.243312358856
491	-264.7379	-264.7379	9.14325	-49.067844	4.0684395	35.079918	-74.574615	-49.068054	0.7	98887991	56528.52445459366
492	-268.81458	-268.81458	9.168252	-49.059166	4.138221	25.166294	-73.34796	-49.059532	0.9	99088991	56638.96093034744
493	-259.4008	-259.4008	-5.365795	-49.068207	4.0882964	30.878845	-79.11889	-49.068165	0.6	99289986	56749.331419467926
494	-288.23624	-288.23624	-29.638731	-49.064342	4.120928	33.400784	-70.986496	-49.064796	0.7	99490982	56860.645152807236
495	-227.55649	-227.55649	9.221192	-49.070507	4.0777164	38.523838	-73.13827	-49.070164	0.7	99691986	56972.83990430832
496	-288.54007	-288.54007	13.437345	-49.05695	4.104282	39.808853	-75.36259	-49.05715	0.7	99892989	57082.60507893562
497	-282.6131	-282.6131	10.384765	-49.061962	4.1162214	29.190258	-70.03428	-49.06166	0.3	100093986	57193.7464928627
498	-205.61874	-205.61874	3.6663795	-49.058083	4.137548	34.638294	-70.06574	-49.058292	0.5	100294982	57303.91216468811
499	-250.4425	-250.4425	9.479261	-49.05056	4.1355424	30.467415	-82.26084	-49.05096	0.8	100495985	57413.9413626194
