Epoch	EpRet	EpRealRet	TestEpRet	AverageQ1	StdQ1	MaxQ1	MinQ1	Q2	TestSuccess	TotalEnvInteracts	TotalTime
0	-1230.1698	-1230.1698	-923.58417	-48.06195	7.8294106	-0.09277174	-179.14296	-48.126133	0.0	196982	57.24409818649292
1	-1189.8785	-1189.8785	-1246.6616	-49.866917	0.9113138	-29.682173	-64.225784	-49.867134	0.0	398001	117.56399488449097
2	-1237.3287	-1237.3287	-878.0969	-49.838734	1.1861508	-2.2271073	-56.22705	-49.83878	0.0	598988	179.7803235054016
3	-1264.3762	-1264.3762	-1177.0374	-49.824184	1.4379824	1.587084	-63.628666	-49.82472	0.0	799986	244.45205569267273
4	-1295.9489	-1295.9489	-1218.8575	-49.80547	1.5132451	2.2114978	-56.059517	-49.805176	0.0	1001001	315.32679533958435
5	-1134.2291	-1134.2291	-1105.9187	-49.812935	1.4395845	2.609053	-56.2127	-49.81316	0.0	1202001	382.60644602775574
6	-1115.1938	-1115.1938	-1225.951	-49.820305	1.3928946	2.793594	-54.43941	-49.820713	0.0	1403001	457.75991439819336
7	-1251.8438	-1251.8438	-925.5849	-49.829185	1.3320125	2.719827	-56.883244	-49.829338	0.0	1604001	534.8517665863037
8	-1224.11	-1224.11	-1108.4685	-49.83587	1.3193482	2.0086374	-56.242023	-49.835976	0.0	1805001	607.3940787315369
9	-1139.0403	-1139.0403	-1300.8427	-49.83678	1.3401308	2.9782817	-57.334873	-49.836914	0.0	2005992	676.148191690445
10	-1261.6969	-1261.6969	-1105.1193	-49.84249	1.3067462	2.4254525	-56.05194	-49.842453	0.0	2207001	756.1267995834351
11	-1198.1477	-1198.1477	-1104.7559	-49.8424	1.2875977	3.7526267	-57.31	-49.84245	0.0	2408001	835.7822363376617
12	-1084.4784	-1084.4784	-1073.4797	-49.846832	1.2408148	2.6706276	-55.931683	-49.84683	0.0	2608984	902.9349234104156
13	-1172.8799	-1172.8799	-989.1658	-49.851246	1.2164825	2.8960538	-53.869423	-49.851437	0.0	2810001	975.223046541214
14	-1233.5122	-1233.5122	-1053.8275	-49.847965	1.246464	2.8490434	-55.754436	-49.84802	0.0	3010993	1047.4548490047455
15	-1270.7249	-1270.7249	-978.93713	-49.845264	1.2347319	4.635755	-54.905685	-49.845367	0.0	3212001	1118.591115474701
16	-1246.9315	-1246.9315	-833.1358	-49.845657	1.2378997	2.432316	-55.003654	-49.845665	0.0	3412999	1188.4034101963043
17	-1121.5911	-1121.5911	-1042.5067	-49.84915	1.1871775	-0.020382524	-55.129955	-49.84931	0.0	3613986	1257.125342130661
18	-1099.4048	-1099.4048	-1155.856	-49.85276	1.1256348	2.3633442	-54.79666	-49.852833	0.0	3815001	1325.2463631629944
19	-1106.1259	-1106.1259	-1017.8625	-49.85144	1.108545	5.0108237	-56.47131	-49.85172	0.0	4015982	1393.4281046390533
20	-1085.674	-1085.674	-997.6946	-49.854443	1.0793974	7.1657147	-65.412636	-49.85447	0.0	4216990	1461.8598067760468
21	-1021.0519	-1021.0519	-1435.1675	-49.852596	1.0622059	6.207417	-56.483757	-49.85258	0.0	4417981	1537.954971075058
22	-1121.7306	-1121.7306	-876.8629	-49.854965	1.0488782	7.834174	-56.924934	-49.855034	0.0	4619001	1610.4715569019318
23	-1052.7909	-1052.7909	-937.9177	-49.855797	1.0355551	5.4271846	-53.857292	-49.855812	0.0	4820001	1683.7345139980316
24	-1064.9716	-1064.9716	-855.34766	-49.857887	0.9970813	6.6911483	-53.920223	-49.85792	0.0	5020985	1754.5680725574493
25	-1091.9939	-1091.9939	-921.1163	-49.856617	1.0041991	4.852014	-55.17849	-49.856403	0.0	5221984	1824.9398374557495
26	-1019.9558	-1019.9558	-972.7353	-49.857452	0.9851766	6.961623	-54.202965	-49.85733	0.0	5423001	1897.4118235111237
27	-1224.6926	-1224.6926	-991.795	-49.85639	1.0070074	12.4026575	-56.23869	-49.856342	0.0	5624001	1966.7689354419708
28	-1115.8483	-1115.8483	-1115.4465	-49.859596	0.9728115	7.3152375	-55.27142	-49.85948	0.0	5824995	2036.8055393695831
29	-1166.0164	-1166.0164	-1034.0245	-49.86106	0.9310299	7.0074463	-53.681984	-49.860924	0.0	6026001	2107.560824394226
30	-1135.6257	-1135.6257	-1091.9989	-49.86241	0.93725115	11.536335	-55.432632	-49.86236	0.0	6227001	2175.334547996521
31	-1125.8428	-1125.8428	-1007.2553	-49.862366	0.9434527	6.951683	-53.892788	-49.862236	0.0	6428001	2244.912827730179
32	-1054.8379	-1054.8379	-1036.4816	-49.862724	0.92262274	10.766818	-54.019714	-49.86278	0.0	6629001	2312.5896084308624
33	-1190.0311	-1190.0311	-1094.3575	-49.86151	0.9228997	7.192191	-55.253277	-49.86148	0.0	6829998	2385.557412147522
34	-1017.1593	-1017.1593	-813.72797	-49.861645	0.9269738	15.52444	-54.487633	-49.861576	0.0	7030986	2454.933633327484
35	-1001.8486	-1001.8486	-920.6647	-49.85963	0.9407198	9.424711	-54.516777	-49.85965	0.0	7231985	2521.4537081718445
36	-1014.1449	-1014.1449	-1228.1954	-49.860836	0.9105957	9.9012785	-55.935364	-49.860916	0.0	7433001	2591.121348142624
37	-1050.8237	-1050.8237	-745.5976	-49.85969	0.9210476	5.5107574	-54.63189	-49.859776	0.0	7634001	2659.8581681251526
38	-901.7919	-901.7919	-926.03735	-49.862545	0.8874948	3.7435174	-56.192924	-49.862625	0.0	7835001	2729.893304347992
39	-1135.0117	-1135.0117	-993.1914	-49.861183	0.8915623	4.9578238	-53.94646	-49.86122	0.0	8036001	2803.6041984558105
40	-1111.3788	-1111.3788	-876.7406	-49.85912	0.91863495	11.557342	-54.186047	-49.859203	0.0	8236984	2875.9995205402374
41	-1150.5482	-1150.5482	-1020.8504	-49.859634	0.9265905	10.687957	-54.472256	-49.85959	0.0	8438001	2950.8531239032745
42	-960.614	-960.614	-1288.378	-49.859726	0.90178657	8.028667	-54.025726	-49.85982	0.0	8639001	3020.884311914444
43	-1063.4318	-1063.4318	-979.8933	-49.856956	0.916675	5.3046575	-53.427963	-49.857086	0.0	8839993	3089.27646279335
44	-1091.4689	-1091.4689	-841.26764	-49.857845	0.89781487	10.4091215	-52.82433	-49.857864	0.0	9041001	3157.201503753662
45	-1032.8423	-1032.8423	-862.9701	-49.85873	0.90813667	11.140394	-52.33954	-49.858723	0.0	9241994	3227.020306110382
46	-921.85046	-921.85046	-621.93555	-49.8603	0.90354764	11.22357	-52.237724	-49.860435	0.0	9442990	3297.9124789237976
47	-982.1139	-982.1139	-817.2753	-49.860035	0.90403825	15.034766	-52.53757	-49.86003	0.0	9643983	3363.260491371155
48	-1038.1517	-1038.1517	-749.08264	-49.85754	0.90475655	7.1474166	-53.740093	-49.8576	0.0	9845001	3432.205284357071
49	-968.6242	-968.6242	-729.46954	-49.857967	0.9019157	11.7571	-52.956932	-49.85795	0.0	10045996	3498.484358072281
50	-1072.9979	-1072.9979	-751.9864	-49.8573	0.90163296	7.2254577	-54.215866	-49.85743	0.0	10246996	3564.5370597839355
51	-1010.8246	-1010.8246	-886.777	-49.857254	0.8615878	1.8696668	-52.04667	-49.85723	0.0	10447983	3630.2189922332764
52	-920.5126	-920.5126	-592.915	-49.85696	0.8474112	-3.72443	-51.840076	-49.857	0.0	10648984	3696.904712677002
53	-1069.8983	-1069.8983	-751.00415	-49.857914	0.8471068	7.3236766	-52.076473	-49.858017	0.0	10850001	3762.9567136764526
54	-1117.307	-1117.307	-901.5791	-49.857414	0.8643523	4.3858852	-52.20673	-49.857437	0.0	11051001	3828.1063165664673
55	-1003.2311	-1003.2311	-686.8199	-49.855206	0.86006904	4.189074	-51.782803	-49.85522	0.0	11252001	3893.167453289032
56	-1034.0889	-1034.0889	-692.3333	-49.85554	0.85039115	8.984375	-51.795395	-49.855568	0.0	11453001	3958.2710733413696
57	-1011.83417	-1011.83417	-891.2392	-49.853626	0.85049397	2.7263806	-52.126053	-49.85364	0.0	11653986	4023.27876663208
58	-1025.245	-1025.245	-461.20547	-49.8532	0.852542	2.5954046	-51.91285	-49.853268	0.0	11855001	4088.516259431839
59	-953.04346	-953.04346	-934.71625	-49.853848	0.8420149	1.4307175	-52.009598	-49.853867	0.0	12055984	4154.717298984528
60	-1063.5049	-1063.5049	-645.94604	-49.8523	0.8607017	4.429158	-51.684174	-49.85234	0.0	12256987	4220.4559626579285
61	-862.9531	-862.9531	-662.232	-49.852978	0.8510619	8.21266	-52.140778	-49.853085	0.0	12458001	4285.965535402298
62	-961.1234	-961.1234	-635.5293	-49.851097	0.85937345	10.4189	-52.333885	-49.85109	0.0	12658983	4352.868105173111
63	-1023.9953	-1023.9953	-757.0934	-49.85315	0.850786	4.449313	-51.853806	-49.85316	0.0	12860001	4420.361121892929
64	-995.9504	-995.9504	-692.90015	-49.853428	0.8526058	3.8192897	-52.533092	-49.85338	0.0	13061001	4486.397290945053
65	-922.8611	-922.8611	-1060.4829	-49.852345	0.8621967	6.240412	-51.97437	-49.85256	0.0	13261991	4552.616260766983
66	-877.1456	-877.1456	-817.85767	-49.851826	0.873325	4.1607685	-52.732872	-49.851875	0.0	13462990	4618.727937936783
67	-956.032	-956.032	-851.4535	-49.85166	0.875131	3.2787793	-52.44389	-49.85184	0.0	13664001	4684.738027095795
68	-1056.6074	-1056.6074	-635.55664	-49.851357	0.8784711	11.207199	-52.012295	-49.851337	0.0	13864990	4751.612221479416
69	-904.6289	-904.6289	-606.8301	-49.851894	0.8708225	6.3733215	-51.866215	-49.851997	0.0	14065983	4817.44184923172
70	-964.645	-964.645	-745.0607	-49.85219	0.86558616	7.785505	-51.728252	-49.852245	0.0	14267001	4883.907795190811
71	-971.673	-971.673	-691.42096	-49.851078	0.8734534	5.7114086	-51.80086	-49.851128	0.0	14468001	4949.220720291138
72	-939.7924	-939.7924	-757.56683	-49.84966	0.8951222	10.522833	-51.93975	-49.84971	0.0	14668996	5015.5475351810455
73	-1025.2153	-1025.2153	-795.299	-49.849037	0.89935786	9.298981	-51.610813	-49.849136	0.0	14869987	5081.300348997116
74	-1058.2599	-1058.2599	-938.47656	-49.84718	0.9010948	9.140131	-52.065464	-49.847267	0.0	15071001	5146.970908880234
75	-927.45984	-927.45984	-864.5508	-49.849144	0.866845	-1.4474254	-51.856747	-49.849266	0.0	15271995	5212.474750518799
76	-956.7332	-956.7332	-669.1695	-49.849396	0.8575481	-15.895206	-51.81592	-49.84944	0.0	15473001	5278.450815916061
77	-988.29944	-988.29944	-1078.768	-49.849075	0.8532695	-19.433844	-51.837917	-49.84911	0.0	15673999	5344.4244747161865
78	-968.1314	-968.1314	-930.2607	-49.84986	0.84706265	-23.65422	-51.60308	-49.849983	0.0	15875001	5409.781760931015
79	-881.6983	-881.6983	-876.9051	-49.849022	0.8501563	-24.364082	-51.507427	-49.849125	0.0	16075999	5475.363594055176
80	-1027.1946	-1027.1946	-1120.3615	-49.850574	0.8463774	-23.546494	-51.6854	-49.850567	0.0	16276986	5541.836440086365
81	-970.37115	-970.37115	-993.59515	-49.848133	0.85591674	-25.2523	-51.509117	-49.84821	0.0	16478001	5607.588378667831
82	-897.9551	-897.9551	-714.08496	-49.849056	0.8579722	-24.385832	-51.838352	-49.84907	0.0	16679001	5673.687544107437
83	-1023.04297	-1023.04297	-815.30005	-49.848766	0.8506216	-21.405249	-51.57305	-49.8488	0.0	16879990	5739.840296268463
84	-1040.0027	-1040.0027	-772.3531	-49.84814	0.85394037	-20.600002	-51.53153	-49.848198	0.0	17081001	5805.934108495712
85	-938.6584	-938.6584	-643.98505	-49.848255	0.8575625	-16.273994	-51.689606	-49.848274	0.0	17281996	5871.21871972084
86	-991.8787	-991.8787	-549.8886	-49.848454	0.85228544	-14.631242	-51.549202	-49.848415	0.0	17483001	5936.721365451813
87	-1017.0418	-1017.0418	-641.8593	-49.8484	0.84793717	-14.833584	-51.678215	-49.84849	0.0	17684001	6001.998365163803
88	-975.8191	-975.8191	-691.0214	-49.8491	0.8447469	-15.606133	-51.636284	-49.849136	0.0	17884991	6067.5804052352905
89	-1080.4365	-1080.4365	-1113.2083	-49.848705	0.8482267	-14.345454	-51.69941	-49.848644	0.0	18086001	6133.417463064194
90	-1012.41235	-1012.41235	-831.0489	-49.84988	0.8379666	-12.804671	-51.444305	-49.849987	0.0	18287001	6200.167680978775
91	-952.1769	-952.1769	-851.7381	-49.848373	0.8418654	-9.15376	-51.284405	-49.848408	0.0	18487983	6265.87671995163
92	-845.52734	-845.52734	-892.6525	-49.84873	0.8324576	-17.008192	-51.696964	-49.84872	0.0	18688997	6332.21027636528
93	-849.55347	-849.55347	-649.0867	-49.84765	0.8335406	-13.342222	-51.67322	-49.84759	0.0	18890001	6397.296307086945
94	-998.59485	-998.59485	-626.29333	-49.848904	0.827061	-19.23899	-51.49102	-49.84902	0.0	19091001	6463.097619771957
95	-1044.2167	-1044.2167	-692.09143	-49.84782	0.8298838	-17.154325	-51.863953	-49.8478	0.0	19291991	6528.221638679504
96	-898.63135	-898.63135	-938.90704	-49.847916	0.8248822	-22.327202	-51.75526	-49.84795	0.0	19492989	6594.217178106308
97	-1013.4665	-1013.4665	-813.4843	-49.84784	0.83312327	-9.993232	-52.241024	-49.847878	0.0	19693985	6659.6323227882385
98	-890.31714	-890.31714	-840.74396	-49.84716	0.8263658	-17.423796	-52.236515	-49.847237	0.0	19895001	6724.771134138107
99	-1001.0625	-1001.0625	-553.1586	-49.846462	0.8291038	-17.996279	-52.039265	-49.846462	0.0	20095984	6790.449355602264
100	-964.14276	-964.14276	-676.253	-49.846058	0.8349741	-10.141328	-51.81005	-49.846043	0.0	20297001	6856.548148870468
101	-1008.83704	-1008.83704	-815.77716	-49.846676	0.83957696	-11.82221	-51.565235	-49.846756	0.0	20498001	6921.978653907776
102	-985.18243	-985.18243	-711.5633	-49.844967	0.8523818	-11.203737	-51.635647	-49.84498	0.0	20699001	6987.159476518631
103	-999.986	-999.986	-840.8386	-49.845203	0.8442244	-9.803935	-51.621994	-49.845303	0.0	20899991	7052.582597017288
104	-926.6315	-926.6315	-664.1324	-49.843464	0.8554985	-8.591177	-51.928165	-49.843494	0.0	21100985	7117.384187221527
105	-913.5284	-913.5284	-560.06354	-49.84493	0.84877175	-6.9389462	-51.923138	-49.844975	0.0	21302001	7182.665267467499
106	-957.8671	-957.8671	-826.6591	-49.84424	0.84677875	-10.369813	-52.128616	-49.844444	0.0	21502985	7248.122268915176
107	-942.8474	-942.8474	-935.27924	-49.84524	0.8469267	-6.797233	-53.1994	-49.84523	0.0	21704001	7313.875925540924
108	-939.93726	-939.93726	-748.2929	-49.845238	0.84036237	-8.219098	-52.77339	-49.845222	0.0	21905001	7378.816263914108
109	-816.50604	-816.50604	-872.84174	-49.845146	0.8449008	-7.524593	-52.770103	-49.845146	0.0	22105987	7443.833351612091
110	-1030.6626	-1030.6626	-808.57837	-49.845005	0.8466901	-6.4010687	-52.55145	-49.845097	0.0	22307001	7508.733706235886
111	-996.7725	-996.7725	-882.9119	-49.845177	0.8508635	-5.492437	-52.30176	-49.845173	0.0	22507984	7574.046112775803
112	-940.784	-940.784	-748.83405	-49.84494	0.84876233	-6.4393044	-52.886833	-49.84499	0.0	22709001	7639.166051864624
113	-903.7935	-903.7935	-585.941	-49.845547	0.8423786	-6.2456093	-53.316895	-49.84559	0.0	22909991	7704.516133069992
114	-948.17163	-948.17163	-740.44684	-49.844852	0.84882593	-8.45485	-52.491627	-49.84493	0.0	23110997	7769.871254205704
115	-1009.46655	-1009.46655	-769.4535	-49.845165	0.8547492	-9.494198	-52.654495	-49.845173	0.0	23312001	7835.322397947311
116	-862.3627	-862.3627	-892.49255	-49.845364	0.868613	-9.41451	-52.62215	-49.845425	0.0	23513001	7900.0776998996735
117	-700.0902	-700.0902	-666.9058	-49.84462	0.8657372	-8.305447	-53.38597	-49.84466	0.0	23714001	7965.296684265137
118	-1009.2912	-1009.2912	-1024.3049	-49.844406	0.85815066	-12.573322	-52.95402	-49.84442	0.0	23914993	8030.815774440765
119	-943.9709	-943.9709	-854.5475	-49.844986	0.85470635	-4.967382	-53.943497	-49.845093	0.0	24115991	8096.856711626053
120	-990.9897	-990.9897	-714.22894	-49.84492	0.85037035	-12.341332	-52.77136	-49.84482	0.0	24316986	8162.483503341675
121	-1055.9363	-1055.9363	-613.2885	-49.843178	0.8509231	-18.195974	-54.91764	-49.84325	0.0	24517986	8228.533175945282
122	-938.65375	-938.65375	-727.72186	-49.843704	0.85252357	-17.305967	-54.100105	-49.843773	0.0	24718993	8293.972062826157
123	-938.07227	-938.07227	-661.01117	-49.843735	0.85348403	-13.251208	-53.431507	-49.843765	0.0	24920001	8359.516741037369
124	-977.7121	-977.7121	-871.6843	-49.843445	0.8559345	-5.2853355	-53.313396	-49.84345	0.0	25120981	8425.556943655014
125	-932.5149	-932.5149	-816.4229	-49.844967	0.84605646	-6.1812243	-53.189854	-49.844913	0.0	25322001	8490.700742483139
126	-939.8718	-939.8718	-977.27936	-49.843204	0.8489189	-12.043335	-53.29825	-49.843304	0.0	25523001	8555.515459060669
127	-907.09174	-907.09174	-580.9133	-49.843822	0.84588087	-16.73518	-53.514473	-49.843784	0.0	25724000	8624.303128242493
128	-706.32	-706.32	-747.8453	-49.843864	0.8404509	-18.136215	-52.708946	-49.843796	0.0	25925001	8690.945249319077
129	-893.0622	-893.0622	-765.3539	-49.844044	0.8419588	-12.923378	-52.95313	-49.844215	0.0	26126001	8757.74672794342
130	-963.4207	-963.4207	-580.4553	-49.84446	0.83719265	-13.295261	-53.089592	-49.844475	0.0	26327001	8824.039457321167
131	-809.616	-809.616	-504.89053	-49.843407	0.84603906	-14.511509	-53.32733	-49.843353	0.0	26528001	8889.373678922653
132	-722.4197	-722.4197	-879.3234	-49.843742	0.8446192	-14.162351	-53.59495	-49.843803	0.0	26728983	8954.806580543518
133	-834.7555	-834.7555	-583.1573	-49.84382	0.8443339	-9.87366	-53.129326	-49.84385	0.0	26930001	9020.032843112946
134	-872.7523	-872.7523	-713.042	-49.842182	0.84736633	-11.520788	-53.681816	-49.842213	0.0	27131001	9085.697712659836
135	-821.64935	-821.64935	-795.6397	-49.841724	0.8501653	-9.608545	-54.157536	-49.841698	0.0	27331981	9151.41013121605
136	-789.4297	-789.4297	-470.3918	-49.84194	0.8466633	-7.2476597	-53.289253	-49.841873	0.0	27532992	9215.893468141556
137	-896.59686	-896.59686	-715.35767	-49.84345	0.84048456	-8.551072	-53.668777	-49.843487	0.0	27733997	9280.84769487381
138	-840.849	-840.849	-573.1512	-49.84208	0.84236723	-11.287339	-53.88315	-49.8421	0.0	27935001	9345.656646966934
139	-781.9839	-781.9839	-742.3496	-49.84154	0.84283024	-8.48871	-52.911854	-49.841564	0.0	28135989	9410.406771659851
140	-869.2748	-869.2748	-601.3426	-49.842216	0.84066117	-3.9223876	-52.903294	-49.842182	0.0	28337001	9475.031968832016
141	-909.3406	-909.3406	-681.36035	-49.841377	0.8386925	-14.225125	-53.313225	-49.84144	0.0	28538001	9540.413888454437
142	-819.1359	-819.1359	-449.56775	-49.842773	0.8295866	-21.548103	-52.99198	-49.842766	0.0	28738982	9605.156061410904
143	-792.5451	-792.5451	-559.58093	-49.84142	0.8337491	-26.859928	-54.250584	-49.841442	0.0	28940000	9670.274470806122
144	-790.8303	-790.8303	-688.1432	-49.841152	0.8363608	-24.483185	-57.495266	-49.84117	0.0	29140993	9735.48537659645
145	-892.9911	-892.9911	-752.55505	-49.842323	0.8328231	-17.193768	-52.81967	-49.842262	0.0	29342001	9801.251718997955
146	-716.5111	-716.5111	-516.7922	-49.841705	0.8320446	-24.749651	-52.78453	-49.841736	0.0	29543001	9866.010509729385
147	-686.829	-686.829	-526.31256	-49.84113	0.8341921	-23.794903	-53.414207	-49.841194	0.0	29744001	9930.608989477158
148	-783.7907	-783.7907	-348.46777	-49.84223	0.8301387	-26.89604	-56.43608	-49.842274	0.0	29945001	9995.562421560287
149	-780.47687	-780.47687	-522.8773	-49.84384	0.8234541	-27.702194	-54.88009	-49.843807	0.0	30145981	10063.76280117035
150	-927.47076	-927.47076	-602.11664	-49.842896	0.8301942	-24.557486	-54.225853	-49.842888	0.0	30346983	10129.970459222794
151	-791.35986	-791.35986	-420.0245	-49.842617	0.8293238	-28.998175	-53.3072	-49.84259	0.0	30548001	10195.638047218323
152	-789.93774	-789.93774	-480.00534	-49.841488	0.82788265	-27.329329	-54.167053	-49.8415	0.0	30748993	10261.161676645279
153	-808.1623	-808.1623	-236.14014	-49.84216	0.83162105	-25.880716	-53.3352	-49.84217	0.0	30949982	10327.054080963135
154	-911.43964	-911.43964	-444.42804	-49.841278	0.8340823	-28.141777	-53.112576	-49.841244	0.0	31151001	10392.250094890594
155	-709.6295	-709.6295	-739.6369	-49.841824	0.82867634	-26.919142	-53.386395	-49.841896	0.0	31352001	10457.537355661392
156	-779.57446	-779.57446	-410.22107	-49.84092	0.8380794	-25.300869	-53.550266	-49.84092	0.0	31553001	10522.157838344574
157	-917.78656	-917.78656	-649.92804	-49.84129	0.832047	-28.822416	-53.83711	-49.84134	0.0	31753996	10587.07209444046
158	-822.7868	-822.7868	-678.6842	-49.841198	0.83291614	-26.421576	-53.490532	-49.841267	0.0	31955001	10652.350537538528
159	-906.8393	-906.8393	-649.3461	-49.840607	0.83720773	-25.471426	-53.832355	-49.840664	0.0	32155982	10718.137742042542
160	-775.3172	-775.3172	-524.9395	-49.84029	0.8375743	-27.185354	-52.74769	-49.840233	0.0	32357001	10783.85939002037
161	-787.4675	-787.4675	-601.01184	-49.84029	0.84067523	-28.79618	-53.77055	-49.840286	0.0	32557983	10849.587966918945
162	-888.4228	-888.4228	-469.2448	-49.840782	0.8422558	-24.415281	-54.43363	-49.840816	0.0	32759001	10914.302704334259
163	-904.8708	-904.8708	-377.60788	-49.840496	0.8426415	-25.999403	-54.200123	-49.84048	0.0	32959982	10979.472756385803
164	-876.29095	-876.29095	-700.75104	-49.84048	0.8438655	-26.015768	-53.59239	-49.84044	0.0	33160992	11044.20762848854
165	-908.53687	-908.53687	-636.80023	-49.839146	0.85094005	-24.300863	-53.706734	-49.839245	0.0	33362001	11109.053156614304
166	-854.50665	-854.50665	-837.42096	-49.839344	0.84432316	-25.113333	-53.884544	-49.839336	0.0	33562981	11173.966252565384
167	-757.0207	-757.0207	-813.29065	-49.839184	0.8460808	-27.757843	-53.27025	-49.839184	0.0	33763987	11238.822041749954
168	-706.5011	-706.5011	-838.7809	-49.838505	0.8523251	-15.526945	-55.47189	-49.838554	0.0	33965001	11303.607601881027
169	-892.1843	-892.1843	-833.4123	-49.8377	0.8496151	-19.288227	-56.046505	-49.83774	0.0	34165982	11368.546282291412
170	-892.94415	-892.94415	-517.3833	-49.83883	0.85424274	-10.59697	-55.193195	-49.838753	0.0	34366997	11433.843366622925
171	-642.65173	-642.65173	-491.38577	-49.839905	0.8435235	-17.004234	-53.128357	-49.84001	0.0	34567985	11498.71206665039
172	-707.4938	-707.4938	-457.8652	-49.838028	0.8561318	-9.544942	-53.358112	-49.83798	0.0	34768995	11563.420953989029
173	-803.85864	-803.85864	-465.76413	-49.838608	0.85318625	-10.448606	-53.882126	-49.8386	0.0	34970001	11628.009489297867
174	-745.4062	-745.4062	-566.7912	-49.83718	0.8561595	-17.70073	-55.57673	-49.837234	0.0	35170998	11692.352115392685
175	-745.7911	-745.7911	-404.94373	-49.838318	0.8509443	-9.963225	-54.626427	-49.838284	0.0	35371999	11756.943543434143
176	-710.77026	-710.77026	-441.29745	-49.836914	0.85614663	-14.818356	-54.20958	-49.836903	0.0	35572991	11821.910054206848
177	-746.8145	-746.8145	-378.0	-49.836918	0.85575134	-9.665854	-55.646008	-49.836853	0.0	35773998	11886.885833501816
178	-815.5614	-815.5614	-350.15756	-49.83651	0.857069	-16.122366	-53.93108	-49.836544	0.0	35974989	11951.25942325592
179	-750.19244	-750.19244	-346.17343	-49.83616	0.8565053	-15.16904	-54.906487	-49.836216	0.0	36175998	12015.533506393433
180	-708.0321	-708.0321	-555.3665	-49.837315	0.85817087	-16.922873	-57.98983	-49.837337	0.0	36377001	12079.819009065628
181	-763.896	-763.896	-267.22275	-49.837006	0.85595804	-10.147921	-57.017	-49.837017	0.0	36577999	12144.094337463379
182	-774.47595	-774.47595	-692.92017	-49.836483	0.8580591	-6.145647	-54.059593	-49.836468	0.0	36779001	12208.435993671417
183	-663.0058	-663.0058	-405.08508	-49.836094	0.86030537	-1.5666307	-56.110962	-49.836006	0.0	36980001	12273.059720754623
184	-681.6931	-681.6931	-408.0285	-49.836243	0.8584089	-17.666498	-55.057564	-49.83628	0.0	37180982	12337.668529987335
185	-769.97906	-769.97906	-428.29092	-49.83581	0.8598332	-20.34715	-53.165493	-49.8358	0.0	37382001	12402.698791742325
186	-680.74146	-680.74146	-257.5775	-49.83534	0.8586953	-17.28348	-55.46152	-49.835342	0.0	37583001	12466.632924079895
187	-952.2756	-952.2756	-289.0265	-49.834618	0.8655433	-13.25504	-54.887688	-49.83469	0.0	37784001	12531.098838567734
188	-728.6842	-728.6842	-624.48083	-49.834816	0.86435044	-15.928082	-53.955532	-49.834793	0.0	37984988	12595.760851860046
189	-710.90594	-710.90594	-472.45007	-49.835175	0.8625081	-12.159548	-53.748547	-49.835163	0.0	38185983	12660.352308750153
190	-837.99335	-837.99335	-457.90515	-49.836292	0.86243325	-14.721087	-54.787735	-49.836323	0.0	38386989	12725.370403051376
191	-878.00024	-878.00024	-336.33224	-49.835167	0.8690854	-13.8493805	-55.379807	-49.835186	0.0	38587989	12789.965793848038
192	-844.58026	-844.58026	-549.94385	-49.833935	0.8732703	-7.840165	-53.822792	-49.833916	0.0	38788984	12854.032730102539
193	-715.4671	-715.4671	-461.286	-49.83414	0.8684679	-12.894681	-54.664204	-49.834145	0.0	38989982	12918.090154409409
194	-756.63354	-756.63354	-210.31918	-49.834885	0.86646676	-20.835218	-55.1175	-49.83487	0.0	39190986	12982.018732070923
195	-650.79865	-650.79865	-604.68256	-49.833927	0.8647877	-21.911615	-54.28132	-49.83388	0.0	39391993	13045.994699716568
196	-798.78516	-798.78516	-437.67657	-49.833546	0.8696006	-18.440113	-56.947533	-49.83354	0.1	39593001	13109.89738368988
197	-852.12384	-852.12384	-433.56497	-49.834663	0.8617797	-23.033047	-53.804024	-49.834713	0.0	39794001	13174.31569981575
198	-794.60974	-794.60974	-346.38174	-49.83267	0.8690433	-22.054613	-54.168777	-49.832657	0.0	39995001	13238.891939878464
199	-651.4757	-651.4757	-472.3077	-49.83316	0.8670681	-25.222721	-54.293274	-49.833126	0.0	40196001	13303.547761440277
200	-692.3931	-692.3931	-679.9285	-49.833263	0.8672944	-18.12527	-54.05482	-49.83328	0.0	40396982	13368.680031061172
201	-708.79596	-708.79596	-529.7063	-49.83372	0.8666696	-17.484917	-54.869576	-49.83367	0.0	40597988	13432.780952215195
202	-802.9788	-802.9788	-593.673	-49.833225	0.8687123	-14.5915165	-54.10789	-49.833218	0.0	40799001	13497.53344154358
203	-771.48096	-771.48096	-347.77957	-49.83308	0.8697566	-16.290688	-55.417282	-49.833073	0.0	40999998	13561.871634721756
204	-710.808	-710.808	-426.7701	-49.832596	0.86981183	-14.490229	-55.62041	-49.832653	0.0	41201000	13626.156764745712
205	-768.8616	-768.8616	-216.69731	-49.83413	0.86856085	-12.151162	-56.376648	-49.83418	0.0	41402001	13690.88633108139
206	-759.2537	-759.2537	-371.0024	-49.833393	0.8665871	-12.7740555	-54.116074	-49.833366	0.0	41602991	13755.184220314026
207	-724.1903	-724.1903	-535.17346	-49.833187	0.86979854	-17.357235	-54.36979	-49.833225	0.0	41804001	13819.825459957123
208	-788.1334	-788.1334	-547.44257	-49.833454	0.86788934	-18.06298	-54.854385	-49.833393	0.0	42004991	13884.579056024551
209	-893.021	-893.021	-533.2279	-49.834488	0.86303836	-21.141191	-55.910873	-49.834488	0.0	42206001	13949.60326218605
210	-779.68353	-779.68353	-574.1861	-49.832203	0.87146777	-18.397423	-54.332413	-49.83225	0.0	42407001	14014.09336233139
211	-819.8529	-819.8529	-554.86456	-49.83324	0.8675019	-16.4031	-54.456295	-49.833195	0.0	42607981	14079.087368488312
212	-746.1531	-746.1531	-266.03986	-49.833107	0.8684554	-16.978437	-54.103138	-49.833115	0.0	42809001	14143.826288223267
213	-892.10345	-892.10345	-731.3101	-49.83297	0.8701273	-16.636343	-54.659714	-49.83293	0.0	43010001	14208.634595870972
214	-810.9484	-810.9484	-241.89648	-49.831776	0.8698672	-16.379484	-54.429394	-49.83174	0.0	43210992	14273.890871286392
215	-566.9578	-566.9578	-469.1241	-49.832882	0.86542946	-16.38446	-53.80206	-49.83284	0.0	43411990	14339.001888751984
216	-730.6348	-730.6348	-505.78964	-49.830864	0.87225074	-13.447652	-55.67128	-49.830914	0.0	43613001	14403.09177827835
217	-728.96185	-728.96185	-265.93933	-49.83316	0.8645051	-12.037323	-54.22293	-49.833164	0.0	43813984	14467.775102615356
218	-671.33704	-671.33704	-594.1372	-49.831005	0.87553227	-9.646156	-57.225544	-49.831028	0.0	44014982	14533.69961476326
219	-610.7276	-610.7276	-469.83496	-49.832405	0.86873275	-2.77649	-54.401722	-49.83237	0.0	44215983	14598.591795682907
220	-621.10376	-621.10376	-487.37704	-49.832092	0.87143874	-7.8711414	-54.329094	-49.832127	0.0	44416982	14666.177203655243
221	-755.0952	-755.0952	-408.76718	-49.830124	0.880319	0.49775696	-54.2156	-49.83017	0.0	44617982	14732.328384399414
222	-773.37494	-773.37494	-327.59763	-49.830383	0.8723315	-7.3209505	-54.613766	-49.83033	0.0	44818991	14799.56501197815
223	-677.13513	-677.13513	-263.5697	-49.83116	0.8694731	-14.830917	-54.848656	-49.831192	0.0	45019986	14867.919209480286
224	-584.7401	-584.7401	-669.3578	-49.830906	0.8694415	-14.488453	-55.88798	-49.83092	0.0	45220985	14933.337252616882
225	-736.99896	-736.99896	-583.9263	-49.830177	0.8697283	-10.130126	-58.131096	-49.830112	0.0	45421989	14999.47210931778
226	-686.0137	-686.0137	-614.1255	-49.830154	0.8705524	-14.438789	-56.987713	-49.830162	0.0	45623001	15070.669271945953
227	-774.3498	-774.3498	-256.69382	-49.82983	0.872433	-14.272619	-54.19706	-49.82982	0.0	45823997	15138.828426599503
228	-737.38403	-737.38403	-573.1549	-49.83011	0.86699456	-18.54482	-58.575333	-49.830112	0.0	46024999	15205.312784194946
229	-776.5722	-776.5722	-374.85223	-49.830845	0.86573035	-15.081304	-55.202244	-49.830734	0.0	46225983	15270.6418902874
230	-623.28845	-623.28845	-293.28104	-49.83053	0.8626689	-17.757324	-55.85675	-49.83065	0.0	46426999	15336.13842701912
231	-640.364	-640.364	-669.38226	-49.830425	0.8644554	-16.31696	-57.670708	-49.8304	0.0	46627981	15401.436976194382
232	-677.34644	-677.34644	-413.38083	-49.83066	0.8653008	-15.850294	-57.011894	-49.830654	0.0	46829001	15468.135824680328
233	-622.54083	-622.54083	-563.12836	-49.83015	0.86611056	-23.377186	-55.225952	-49.830196	0.0	47029982	15536.437071800232
234	-633.9716	-633.9716	-347.9723	-49.82916	0.8680636	-16.411558	-56.28498	-49.82916	0.0	47230983	15603.201335906982
235	-681.5031	-681.5031	-474.71326	-49.829395	0.86782503	-20.24461	-55.68252	-49.82944	0.0	47431982	15672.855519533157
236	-660.5174	-660.5174	-567.80493	-49.828167	0.87610716	-16.286846	-58.256157	-49.828194	0.0	47633001	15741.684950590134
237	-712.0464	-712.0464	-599.10254	-49.8289	0.8689503	-22.778702	-58.807507	-49.828854	0.0	47834001	15812.181401252747
238	-511.20132	-511.20132	-469.95428	-49.827625	0.8766919	-12.65762	-56.49324	-49.827694	0.0	48034987	15882.884449481964
239	-587.9878	-587.9878	-640.4867	-49.828236	0.8754308	-14.206534	-55.408215	-49.828243	0.0	48236001	15963.749845981598
240	-618.8302	-618.8302	-402.5993	-49.828335	0.87519026	-11.743191	-58.605934	-49.828228	0.0	48437000	16049.893833637238
241	-572.87805	-572.87805	-796.03357	-49.8278	0.8768691	-13.311831	-57.164574	-49.82789	0.0	48637982	16134.07363820076
242	-524.2732	-524.2732	-426.97903	-49.829315	0.8703148	-12.659501	-54.459454	-49.829323	0.0	48838981	16217.79450082779
243	-666.2085	-666.2085	-424.74335	-49.827362	0.8739994	-12.648906	-56.736626	-49.82743	0.0	49039984	16287.830836772919
244	-733.4112	-733.4112	-345.77353	-49.828815	0.87309283	-12.607703	-55.469975	-49.82881	0.0	49240989	16355.794494867325
245	-642.82495	-642.82495	-393.8875	-49.82755	0.87509596	-11.08719	-60.084362	-49.827515	0.0	49441997	16451.248239040375
246	-556.4366	-556.4366	-262.7888	-49.82722	0.87932545	-11.026148	-59.165928	-49.82728	0.0	49642990	16529.52734184265
247	-551.6749	-551.6749	-294.52975	-49.826897	0.8759937	-0.57755303	-54.54214	-49.826992	0.0	49844001	16599.230694055557
248	-536.96985	-536.96985	-133.3828	-49.826935	0.87702113	-6.8158865	-56.86506	-49.826847	0.0	50045000	16666.49583363533
249	-639.21234	-639.21234	-240.06436	-49.827015	0.8769614	-5.494893	-55.633194	-49.82702	0.0	50245982	16735.59249973297
250	-636.4081	-636.4081	-274.36154	-49.82804	0.874911	-0.25912726	-55.699276	-49.828083	0.0	50446983	16800.709315299988
251	-526.5336	-526.5336	-267.915	-49.825085	0.8815721	-6.460806	-56.8632	-49.825073	0.0	50647995	16867.883526563644
252	-629.2789	-629.2789	-403.6946	-49.825104	0.8858825	-7.377404	-55.033325	-49.82509	0.0	50848981	16934.17860531807
253	-631.13727	-631.13727	-508.31747	-49.825584	0.8848902	-8.925386	-54.986324	-49.82563	0.0	51049982	17001.11967945099
254	-642.4915	-642.4915	-228.84038	-49.82573	0.8791607	-12.78356	-57.007893	-49.82568	0.0	51250984	17068.21849179268
255	-568.16034	-568.16034	-226.8564	-49.82479	0.8831009	-9.858036	-61.10548	-49.824856	0.0	51451983	17136.476335048676
256	-633.4236	-633.4236	-407.95227	-49.82587	0.8816984	-3.25107	-57.27699	-49.825886	0.0	51652981	17205.30073404312
257	-531.18256	-531.18256	-624.9902	-49.82489	0.882648	-9.272678	-68.15042	-49.824898	0.0	51853993	17272.74127292633
258	-578.41064	-578.41064	-262.71906	-49.82458	0.88379836	-5.521281	-56.863564	-49.824665	0.0	52054984	17342.4610953331
259	-647.4972	-647.4972	-334.2634	-49.8238	0.8830556	-12.765938	-56.499317	-49.82373	0.1	52256001	17408.58886551857
260	-656.9649	-656.9649	-449.25937	-49.823853	0.8842066	-11.680994	-59.60386	-49.823875	0.0	52456998	17474.25540614128
261	-544.9353	-544.9353	-344.11862	-49.824795	0.8772955	-7.055042	-54.78613	-49.824818	0.0	52658001	17541.180132627487
262	-653.0836	-653.0836	-313.19928	-49.823643	0.88348126	-13.105801	-53.54803	-49.823692	0.1	52859001	17609.216807127
263	-463.60452	-463.60452	-318.2602	-49.823456	0.8895632	-4.224224	-59.30695	-49.823368	0.0	53059982	17675.569403886795
264	-543.2382	-543.2382	-76.944984	-49.822716	0.88663995	-13.558573	-57.449604	-49.822727	0.0	53260983	17741.0506169796
265	-579.045	-579.045	-320.38168	-49.82327	0.89156735	-9.387956	-57.135544	-49.82323	0.0	53461984	17806.242129802704
266	-614.6019	-614.6019	-267.66086	-49.82309	0.89167625	-7.153599	-56.147495	-49.823082	0.0	53662983	17872.1088783741
267	-677.3945	-677.3945	-427.23895	-49.821693	0.89562505	-6.1683917	-56.878613	-49.82164	0.0	53864001	17937.795808553696
268	-621.90497	-621.90497	-333.95612	-49.82249	0.888736	-7.2582893	-54.872665	-49.822548	0.0	54064982	18003.139164447784
269	-623.8819	-623.8819	-40.679474	-49.821957	0.88933027	-9.773693	-56.560623	-49.82194	0.0	54265982	18069.78907108307
270	-540.5294	-540.5294	-266.20694	-49.822697	0.8858101	-9.703487	-57.25736	-49.82276	0.0	54466984	18135.177537679672
271	-593.5836	-593.5836	-261.002	-49.821842	0.8870008	-3.4589047	-58.63178	-49.821827	0.0	54668001	18203.391841173172
272	-582.58966	-582.58966	-352.50473	-49.82164	0.89444953	-2.9014187	-58.042713	-49.821613	0.0	54868988	18273.32538294792
273	-615.94666	-615.94666	-167.22491	-49.821964	0.8899124	-3.5372596	-56.146534	-49.82198	0.0	55069983	18341.91685461998
274	-613.6677	-613.6677	-81.69293	-49.822205	0.8871528	-2.333084	-60.45667	-49.82225	0.0	55270996	18406.549285173416
275	-440.7791	-440.7791	-81.22085	-49.8199	0.8950153	-2.5993924	-55.694096	-49.819923	0.0	55472001	18472.658017873764
276	-599.9445	-599.9445	-242.3251	-49.820675	0.89383596	-2.144394	-57.519917	-49.820705	0.0	55673001	18539.38054227829
277	-520.934	-520.934	-385.687	-49.819847	0.89961535	-5.5963364	-56.519596	-49.81979	0.0	55873986	18607.431716680527
278	-498.83676	-498.83676	-268.14462	-49.82064	0.89223593	1.2815717	-54.064583	-49.820618	0.0	56075001	18672.660512924194
279	-494.2472	-494.2472	-131.27527	-49.81938	0.89676994	0.65795946	-55.31764	-49.81946	0.0	56275985	18738.629814624786
280	-552.0424	-552.0424	-268.35892	-49.819847	0.8940664	-0.82576454	-56.37054	-49.81987	0.0	56476983	18814.56608557701
281	-566.586	-566.586	-294.0254	-49.81887	0.8987751	1.6564727	-56.213432	-49.818794	0.0	56677984	18885.799896240234
282	-638.59644	-638.59644	-455.73456	-49.81885	0.89190054	5.1581044	-56.410233	-49.81892	0.0	56879001	18969.16539645195
283	-494.81836	-494.81836	-233.81694	-49.82056	0.8939019	0.89992845	-56.033146	-49.8206	0.0	57079982	19049.74665737152
284	-526.0168	-526.0168	-228.61124	-49.817726	0.900115	3.2249048	-57.4068	-49.817642	0.0	57280981	19125.892050504684
285	-497.31363	-497.31363	-243.44345	-49.818947	0.8930769	-3.138865	-57.140255	-49.818977	0.1	57481994	19198.875783205032
286	-463.56305	-463.56305	-421.41885	-49.817833	0.89714736	-2.3438466	-54.53759	-49.817936	0.0	57682989	19266.315863609314
287	-530.33276	-530.33276	-145.74767	-49.816555	0.9080665	3.1570578	-58.46163	-49.816605	0.0	57883988	19333.646990537643
288	-632.26306	-632.26306	-147.93793	-49.816643	0.9079197	6.204036	-55.28351	-49.816635	0.1	58084989	19401.76526737213
289	-619.53723	-619.53723	-101.13073	-49.817142	0.9064646	0.40625143	-56.91247	-49.817215	0.0	58286001	19469.6995947361
290	-507.43124	-507.43124	-288.16794	-49.817093	0.9055164	2.111772	-56.853268	-49.817047	0.0	58486985	19536.9834086895
291	-561.2574	-561.2574	-366.0455	-49.81638	0.9068211	0.21539426	-59.509773	-49.81638	0.0	58687983	19603.764855384827
292	-672.57654	-672.57654	-136.06389	-49.81743	0.9022799	5.0288005	-54.351856	-49.817505	0.1	58889001	19674.341846466064
293	-541.68384	-541.68384	-170.63396	-49.816364	0.9044919	4.257663	-57.78328	-49.816303	0.0	59089983	19744.17473077774
294	-573.39294	-573.39294	-228.93353	-49.81573	0.9097178	6.7015114	-56.546684	-49.815765	0.0	59291001	19812.986426115036
295	-562.7112	-562.7112	-239.9033	-49.81684	0.9007539	2.777954	-59.510597	-49.81687	0.0	59492001	19881.54860472679
296	-582.18384	-582.18384	-346.25775	-49.816265	0.90039414	1.106276	-57.162167	-49.81629	0.0	59693001	19958.734137773514
297	-525.22723	-525.22723	-356.53494	-49.814617	0.90531886	4.2346396	-55.429707	-49.814632	0.0	59893983	20030.263535022736
298	-520.6725	-520.6725	-243.78691	-49.8166	0.8998074	1.4682834	-57.46506	-49.816624	0.0	60094990	20109.80002140999
299	-613.4542	-613.4542	-355.24026	-49.815605	0.9073544	1.1389186	-55.68084	-49.815548	0.0	60295999	20180.695624113083
300	-623.6256	-623.6256	-474.01855	-49.815514	0.90118814	-0.07864249	-54.931454	-49.815594	0.0	60496987	20250.456644296646
301	-596.10815	-596.10815	-219.27817	-49.815277	0.90897167	3.4423535	-56.408295	-49.81529	0.0	60698001	20326.854808568954
302	-643.5253	-643.5253	-169.20331	-49.815105	0.90936935	3.4932315	-57.268578	-49.815163	0.0	60898989	20403.911141872406
303	-493.78433	-493.78433	-27.416344	-49.816597	0.9005115	1.2389615	-54.812077	-49.816525	0.1	61099988	20481.70646762848
304	-550.2928	-550.2928	-85.76171	-49.814358	0.90564275	8.013241	-56.619194	-49.814407	0.0	61300982	20552.03965973854
305	-461.69333	-461.69333	-238.894	-49.815563	0.9018583	7.3973556	-55.08577	-49.815506	0.0	61501986	20623.31521463394
306	-619.34937	-619.34937	-195.20293	-49.81589	0.8970423	0.7632108	-55.69716	-49.81596	0.0	61702982	20695.18908214569
307	-567.89734	-567.89734	-178.80121	-49.813454	0.9060783	4.1324496	-55.476395	-49.813465	0.0	61903984	20768.391091108322
308	-583.047	-583.047	-283.54803	-49.814583	0.90951353	2.8401804	-56.86365	-49.814526	0.0	62105001	20851.14242386818
309	-411.02194	-411.02194	-318.9463	-49.81408	0.90902215	3.0049496	-54.257187	-49.814144	0.0	62305982	20926.761736869812
310	-643.02026	-643.02026	-136.26514	-49.81411	0.909681	0.6789267	-55.09519	-49.814148	0.0	62506982	21001.00739789009
311	-690.5489	-690.5489	-56.204285	-49.814686	0.9118925	3.0106242	-56.097538	-49.81468	0.0	62708001	21075.732669115067
312	-655.9497	-655.9497	-76.41918	-49.81348	0.9078231	0.8259053	-55.48614	-49.813465	0.0	62908981	21146.396349668503
313	-568.9091	-568.9091	-145.3967	-49.814304	0.9179766	9.54764	-56.403496	-49.814365	0.1	63109997	21218.16970849037
314	-611.0313	-611.0313	-199.66705	-49.81296	0.91459733	3.8339455	-59.765644	-49.81295	0.0	63311001	21290.778872728348
315	-486.07785	-486.07785	-190.32445	-49.812508	0.91609085	1.0464592	-54.74366	-49.81248	0.0	63511987	21362.196213960648
316	-532.89905	-532.89905	-257.45535	-49.81246	0.9189031	10.589064	-54.565083	-49.812477	0.0	63713001	21434.86470746994
317	-508.11533	-508.11533	-28.753521	-49.81243	0.9179421	4.6101437	-55.21001	-49.812496	0.0	63913989	21509.991646289825
318	-659.17975	-659.17975	-46.02792	-49.813004	0.91085106	1.7627661	-54.023155	-49.81299	0.0	64114982	21584.514028072357
319	-597.2106	-597.2106	-330.25272	-49.81253	0.9166503	9.800954	-56.77164	-49.812466	0.0	64316001	21660.038494110107
320	-581.8569	-581.8569	-400.4173	-49.81141	0.91999453	9.395124	-57.179897	-49.811455	0.0	64516985	21737.228924036026
321	-512.31525	-512.31525	-149.8009	-49.810688	0.92856264	4.1781263	-57.475636	-49.810715	0.0	64717996	21803.856219530106
322	-511.12997	-511.12997	-191.53839	-49.811375	0.918699	-3.2908778	-54.60748	-49.811386	0.0	64918982	21873.30617570877
323	-430.65112	-430.65112	-51.531788	-49.810986	0.9222811	1.9161601	-55.743896	-49.8109	0.0	65119982	21941.890134096146
324	-625.9725	-625.9725	-343.78137	-49.810524	0.9196042	7.4965067	-55.64626	-49.810596	0.0	65320992	22012.588589191437
325	-574.4758	-574.4758	-53.918545	-49.810543	0.92450386	7.285057	-55.2293	-49.810513	0.0	65521996	22081.33793568611
326	-470.52173	-470.52173	-230.17651	-49.8096	0.926213	3.5660715	-63.450764	-49.809612	0.0	65722981	22151.900763988495
327	-558.0135	-558.0135	-51.882095	-49.80888	0.9277362	2.1984751	-54.621696	-49.808846	0.0	65923983	22221.639554739
328	-618.4762	-618.4762	-353.2498	-49.808407	0.9345294	3.7537315	-55.816917	-49.80846	0.0	66124981	22292.787036657333
329	-519.3414	-519.3414	-176.07104	-49.810078	0.92617995	7.8660574	-54.271328	-49.810047	0.0	66326001	22365.03650212288
330	-477.33148	-477.33148	-254.10419	-49.809597	0.9248221	5.0714846	-54.70181	-49.809566	0.0	66526983	22436.87856197357
331	-649.94135	-649.94135	-205.98897	-49.809513	0.92474574	4.767725	-55.861362	-49.80957	0.0	66727987	22507.37776207924
332	-482.39618	-482.39618	-55.07678	-49.810856	0.9248826	6.504933	-55.60798	-49.810886	0.0	66929001	22577.66076517105
333	-594.4659	-594.4659	-368.00793	-49.809734	0.92854506	2.3451395	-56.963215	-49.80967	0.0	67129982	22646.93894457817
334	-477.48734	-477.48734	-41.90582	-49.809883	0.9301464	6.9563327	-54.114697	-49.80995	0.0	67330984	22718.285034179688
335	-546.7455	-546.7455	-161.8074	-49.808918	0.93508494	7.25225	-56.978256	-49.808903	0.0	67531981	22789.84098982811
336	-584.3648	-584.3648	-190.83891	-49.80897	0.9264157	7.604556	-55.563488	-49.80898	0.0	67732995	22864.472741127014
337	-452.6349	-452.6349	-59.3577	-49.808567	0.9267567	0.2874267	-56.8801	-49.80853	0.0	67933984	22935.889899015427
338	-513.62744	-513.62744	-231.70013	-49.809906	0.9201567	11.737232	-55.930054	-49.80993	0.0	68134982	23007.815623998642
339	-664.39136	-664.39136	-34.546757	-49.80834	0.92396307	-0.40640593	-55.45886	-49.808357	0.0	68336001	23078.75731444359
340	-555.20105	-555.20105	-275.99728	-49.807354	0.92732686	3.074775	-55.699913	-49.807327	0.0	68537001	23152.502800941467
341	-587.12976	-587.12976	-66.558846	-49.808662	0.9261151	15.422946	-56.37384	-49.808662	0.0	68738001	23232.41947221756
342	-445.11957	-445.11957	-343.75266	-49.80767	0.9268749	2.869529	-56.00553	-49.80768	0.0	68938988	23312.488093852997
343	-563.5413	-563.5413	-308.27884	-49.805126	0.93092316	3.0398357	-55.7165	-49.80524	0.0	69139984	23392.434797763824
344	-526.1777	-526.1777	-136.5638	-49.805767	0.92857987	1.1256812	-55.660713	-49.805687	0.0	69340982	23470.89986562729
345	-438.89026	-438.89026	-341.08273	-49.804745	0.9390346	4.3799706	-55.347816	-49.80479	0.0	69541983	23551.475662469864
346	-485.28198	-485.28198	-69.09508	-49.805733	0.9292607	7.5045156	-56.91897	-49.80576	0.0	69742988	23631.951434850693
347	-561.9443	-561.9443	-79.81172	-49.805298	0.9278762	9.119089	-56.334663	-49.80527	0.0	69943982	23711.385873556137
348	-521.92975	-521.92975	-260.88058	-49.8043	0.9316107	2.3044498	-55.831432	-49.80427	0.0	70144995	23790.93034338951
349	-522.45044	-522.45044	-38.90691	-49.804737	0.92851144	2.4909346	-54.17989	-49.804764	0.0	70345982	23871.193573474884
350	-545.1436	-545.1436	-323.46146	-49.804485	0.93648046	15.711731	-55.63175	-49.804512	0.0	70546996	23949.71362900734
351	-401.905	-401.905	-261.19394	-49.804623	0.93299454	3.286143	-57.776974	-49.804573	0.0	70747983	24022.69369339943
352	-549.6315	-549.6315	-182.01825	-49.802418	0.93828595	7.416485	-55.73411	-49.80241	0.1	70948983	24093.878695249557
353	-519.5291	-519.5291	-289.45343	-49.80373	0.92989284	3.851942	-56.263504	-49.803802	0.0	71149982	24167.75204706192
354	-678.47296	-678.47296	-108.61697	-49.803967	0.9332671	8.81778	-55.661243	-49.803944	0.0	71350997	24240.723288059235
355	-463.54645	-463.54645	-233.04059	-49.802982	0.93523395	3.7539306	-54.504627	-49.80304	0.0	71551995	24315.2690680027
356	-532.9701	-532.9701	-106.935715	-49.801533	0.94366074	6.0176544	-54.39058	-49.80152	0.0	71752986	24387.19090437889
357	-633.6318	-633.6318	-60.009556	-49.801235	0.9347425	3.7162154	-55.061745	-49.801243	0.0	71953982	24453.4630484581
358	-604.6954	-604.6954	-290.07242	-49.80338	0.928504	4.617923	-55.039787	-49.803364	0.0	72154988	24518.830259799957
359	-559.6445	-559.6445	-364.6553	-49.80013	0.9464022	9.03541	-55.222507	-49.80015	0.0	72355984	24584.644590616226
360	-525.0913	-525.0913	-263.4094	-49.80065	0.9347516	3.303021	-55.408092	-49.800625	0.0	72556981	24650.339556455612
361	-687.0899	-687.0899	-132.50624	-49.80037	0.94283015	2.5932615	-55.346844	-49.80034	0.0	72758001	24715.735052347183
362	-513.0234	-513.0234	-293.05933	-49.80099	0.9452157	2.5893037	-55.48832	-49.801044	0.0	72958982	24781.013484477997
363	-513.0185	-513.0185	-189.2015	-49.80031	0.94131345	9.323075	-56.58791	-49.800312	0.0	73159983	24846.275550365448
364	-476.96402	-476.96402	-60.860302	-49.799458	0.947501	4.9960117	-56.350437	-49.799488	0.1	73361001	24911.316811084747
365	-415.6115	-415.6115	-30.53314	-49.800533	0.9442431	5.121275	-56.031815	-49.80053	0.0	73562001	24975.103708267212
366	-564.6475	-564.6475	-196.49008	-49.799023	0.9490093	2.9898436	-55.063557	-49.79912	0.0	73762984	25039.42870283127
367	-639.62463	-639.62463	-236.02211	-49.79917	0.9498155	5.406083	-55.46852	-49.799133	0.0	73963996	25109.73675107956
368	-376.86044	-376.86044	-29.129023	-49.79942	0.9442461	19.07865	-55.26855	-49.799454	0.0	74164991	25181.912704467773
369	-475.1088	-475.1088	-160.38287	-49.799324	0.9450631	-0.055906296	-55.01744	-49.79925	0.0	74365982	25247.416607379913
370	-464.1277	-464.1277	-132.69708	-49.798134	0.9520663	7.052269	-57.96672	-49.79817	0.0	74566983	25312.381323814392
371	-500.47256	-500.47256	-57.423145	-49.796825	0.96060616	6.274794	-54.873898	-49.796787	0.0	74767986	25378.3228495121
372	-424.0039	-424.0039	-35.75641	-49.797268	0.9511623	7.8104925	-54.866543	-49.797348	0.0	74969001	25443.820890903473
373	-462.79895	-462.79895	-234.25708	-49.797237	0.9516977	4.3240867	-54.770817	-49.797195	0.0	75170001	25509.38767671585
374	-398.01062	-398.01062	-325.665	-49.79776	0.95488495	3.7777212	-56.09637	-49.79784	0.0	75370983	25575.449798822403
375	-479.60687	-479.60687	-105.09836	-49.796604	0.95883507	8.909826	-56.02662	-49.796642	0.0	75572001	25641.4207508564
376	-545.9416	-545.9416	-188.24106	-49.797	0.9558853	5.3824787	-55.351894	-49.796936	0.0	75772981	25706.680312871933
377	-533.71783	-533.71783	-165.86388	-49.79523	0.9579145	-2.5402107	-54.92966	-49.79527	0.1	75973982	25772.643528461456
378	-479.48004	-479.48004	-179.37515	-49.797955	0.9603331	3.9609592	-59.802334	-49.797974	0.0	76174983	25838.09891653061
379	-465.53995	-465.53995	-63.897274	-49.798073	0.9549708	9.260157	-57.652657	-49.79807	0.0	76376000	25903.26277732849
380	-562.57794	-562.57794	-169.45654	-49.79639	0.9657893	7.2980824	-54.70912	-49.79637	0.0	76576986	25968.488302230835
381	-455.73438	-455.73438	-99.098724	-49.797184	0.9644557	9.066246	-55.09943	-49.797127	0.0	76777982	26034.1321413517
382	-496.89798	-496.89798	-132.6583	-49.796505	0.9596293	7.8032227	-54.73181	-49.796623	0.0	76978982	26100.6162006855
383	-479.84528	-479.84528	-139.4307	-49.794735	0.9749685	7.2062845	-55.589294	-49.794697	0.0	77179982	26165.755658388138
384	-463.86847	-463.86847	-177.43727	-49.795734	0.9652472	3.7668743	-55.93935	-49.79576	0.1	77380982	26231.261898756027
385	-552.2724	-552.2724	-125.95547	-49.79424	0.97728264	2.0596817	-55.453266	-49.794228	0.1	77581999	26297.08404660225
386	-519.23755	-519.23755	-42.362114	-49.79522	0.97518814	8.858199	-55.227337	-49.795197	0.0	77782986	26363.16315460205
387	-433.82382	-433.82382	-74.5937	-49.79368	0.9788053	6.1698556	-54.539585	-49.793724	0.0	77984001	26429.016392946243
388	-444.7259	-444.7259	-53.245785	-49.79358	0.98460954	2.8400288	-55.182964	-49.79355	0.0	78184982	26493.894366502762
389	-468.40402	-468.40402	-178.68622	-49.794083	0.97786653	3.995267	-61.173805	-49.794052	0.0	78385981	26558.85235452652
390	-542.59436	-542.59436	-202.90141	-49.79444	0.9749234	4.876461	-54.500053	-49.79452	0.0	78586990	26623.931007146835
391	-603.4799	-603.4799	-95.908966	-49.79292	0.9754896	6.791486	-57.386494	-49.792904	0.0	78788001	26689.590847969055
392	-482.21704	-482.21704	-284.47244	-49.794422	0.9752622	5.1327004	-57.23793	-49.79444	0.0	78988986	26754.41671848297
393	-525.81274	-525.81274	-229.10225	-49.794724	0.9760173	4.5299225	-56.579327	-49.79463	0.0	79190001	26819.534771442413
394	-403.65253	-403.65253	-39.290363	-49.792305	0.97560596	0.6271877	-55.845985	-49.792423	0.0	79390985	26884.097857952118
395	-512.29913	-512.29913	-363.3682	-49.792793	0.9806572	3.8807647	-55.98413	-49.792786	0.0	79591994	26949.056836605072
396	-420.20914	-420.20914	-154.13324	-49.791706	0.9852237	3.7201693	-54.910004	-49.791706	0.0	79792988	27013.783521175385
397	-475.71774	-475.71774	-96.557686	-49.792286	0.9854847	5.071914	-57.413914	-49.792267	0.0	79994001	27078.323791503906
398	-542.31	-542.31	-140.59848	-49.792904	0.9851993	1.9855905	-56.83304	-49.79288	0.0	80194993	27142.970841407776
399	-499.56708	-499.56708	-273.86536	-49.792183	0.9898017	3.5566862	-60.07424	-49.792183	0.0	80395996	27207.4120926857
400	-497.1916	-497.1916	-77.71829	-49.791985	0.99701244	4.5757895	-57.87614	-49.791996	0.0	80596983	27272.32510638237
401	-483.19757	-483.19757	-103.68458	-49.79135	0.9906603	5.870529	-57.80949	-49.791336	0.1	80797982	27337.25875711441
402	-518.1146	-518.1146	-260.25165	-49.790783	0.9982232	3.4318523	-56.747612	-49.79072	0.0	80999001	27402.61987042427
403	-424.21432	-424.21432	-224.80884	-49.789673	0.9914416	4.6978383	-56.2719	-49.78973	0.0	81199989	27467.516137838364
404	-513.1134	-513.1134	-297.43076	-49.792126	0.9944083	7.103489	-54.923946	-49.79213	0.0	81400999	27532.554993867874
405	-485.25278	-485.25278	-335.03937	-49.791817	0.98727477	5.564345	-57.236286	-49.791843	0.0	81601982	27597.45588326454
406	-538.0044	-538.0044	-259.1568	-49.78806	1.0074657	9.3500805	-55.98808	-49.78809	0.1	81803001	27661.650253772736
407	-456.84045	-456.84045	-129.32332	-49.790188	0.9903015	5.1435213	-59.00928	-49.790096	0.0	82003984	27726.101167678833
408	-482.64673	-482.64673	-37.510258	-49.79028	0.99730575	5.920785	-55.686577	-49.790257	0.0	82204995	27790.60009455681
409	-578.4593	-578.4593	-381.00208	-49.788773	1.0093777	4.4780884	-56.083405	-49.788692	0.1	82405983	27855.657455682755
410	-564.4844	-564.4844	-185.66621	-49.788136	1.0048699	5.1273146	-55.218433	-49.788277	0.0	82606985	27920.68231153488
411	-608.20557	-608.20557	-245.35269	-49.78813	0.9995916	4.0683246	-59.933205	-49.788055	0.0	82807985	27984.853213071823
412	-435.2849	-435.2849	-249.19722	-49.78861	0.99819195	8.558203	-56.207687	-49.788677	0.0	83008982	28049.220192432404
413	-624.90845	-624.90845	-328.99948	-49.788506	1.0019244	5.2994137	-55.247547	-49.788425	0.0	83209995	28114.945123910904
414	-470.21417	-470.21417	-248.91852	-49.786762	1.0104321	3.4638693	-57.80484	-49.786793	0.0	83410984	28179.463953971863
415	-629.84827	-629.84827	-432.39896	-49.78752	1.0046132	4.619937	-56.483562	-49.787464	0.0	83611982	28244.74830198288
416	-493.1953	-493.1953	-109.4513	-49.785515	1.017412	7.7257214	-57.824806	-49.78552	0.0	83812984	28310.263278007507
417	-544.4995	-544.4995	-130.88483	-49.785946	1.0217975	8.161342	-55.238728	-49.785923	0.1	84013982	28375.479682922363
418	-567.7976	-567.7976	-575.06305	-49.787598	1.0141022	4.5369596	-56.94706	-49.787594	0.0	84215001	28440.861767053604
419	-568.0793	-568.0793	-40.073658	-49.786804	1.021007	10.57877	-56.664722	-49.786755	0.0	84415983	28506.040320158005
420	-460.88223	-460.88223	-201.37042	-49.786694	1.0124505	7.5491915	-57.307724	-49.78671	0.0	84616984	28570.51365327835
421	-523.0261	-523.0261	-523.2346	-49.786404	1.0148425	8.2414	-56.92244	-49.786346	0.0	84818001	28635.52801156044
422	-463.50214	-463.50214	-348.4401	-49.786175	1.0133675	11.73004	-54.923725	-49.786205	0.0	85019001	28700.291857004166
423	-533.97736	-533.97736	-251.44093	-49.786118	1.0166948	8.753439	-58.10056	-49.786148	0.0	85220001	28765.124594926834
424	-523.9834	-523.9834	-128.62044	-49.786663	1.008485	6.8639336	-55.924072	-49.786667	0.0	85420982	28830.02268767357
425	-449.04614	-449.04614	-254.63852	-49.784508	1.010439	8.202604	-56.11941	-49.78449	0.0	85621982	28894.9761197567
426	-460.08533	-460.08533	-109.023285	-49.78362	1.0204357	11.785509	-59.07051	-49.783546	0.0	85823001	28959.58609509468
427	-654.88165	-654.88165	-404.2789	-49.78486	1.025402	24.740664	-55.69864	-49.78483	0.0	86023988	29024.863072872162
428	-545.8659	-545.8659	-78.66651	-49.78398	1.0243669	7.902669	-56.08534	-49.784073	0.1	86225001	29089.653126955032
429	-566.65735	-566.65735	-288.65012	-49.78412	1.0147376	7.6560354	-55.42284	-49.784065	0.0	86426000	29154.804099321365
430	-478.59036	-478.59036	-158.57635	-49.784622	1.0091267	11.43744	-55.478302	-49.78461	0.0	86626983	29220.125253677368
431	-591.6316	-591.6316	-336.67105	-49.782516	1.0215663	5.7488656	-58.422283	-49.782604	0.1	86827987	29285.999498844147
432	-540.45795	-540.45795	-213.34937	-49.781822	1.0341476	10.810889	-55.250877	-49.781704	0.0	87028993	29351.536762475967
433	-459.44583	-459.44583	-25.460443	-49.782536	1.0284201	6.8722034	-55.220673	-49.78257	0.0	87229984	29416.84099292755
434	-480.5492	-480.5492	-192.84686	-49.782906	1.0257785	10.344511	-55.003872	-49.782944	0.0	87430990	29481.816802740097
435	-497.38464	-497.38464	-330.40704	-49.782368	1.0305578	6.556608	-58.512337	-49.7823	0.0	87631982	29547.165132045746
436	-475.80524	-475.80524	-36.40351	-49.781452	1.027323	7.9659534	-55.030197	-49.781487	0.1	87833001	29611.94176197052
437	-597.9923	-597.9923	-378.48087	-49.782417	1.0163811	8.620036	-55.761177	-49.78242	0.0	88034001	29678.065474510193
438	-431.51254	-431.51254	-311.19675	-49.7815	1.0231012	7.8601503	-56.600048	-49.781513	0.0	88235001	29743.169641971588
439	-512.5133	-512.5133	-352.87256	-49.780697	1.0325764	5.74212	-55.019966	-49.78061	0.0	88435983	29808.51627278328
440	-491.2426	-491.2426	-292.2144	-49.77976	1.0335196	7.8499365	-58.635075	-49.77978	0.0	88637001	29873.984436750412
441	-507.24762	-507.24762	-133.26	-49.78017	1.0339153	7.8159018	-56.702557	-49.780228	0.0	88837983	29943.096747159958
442	-558.96655	-558.96655	-277.34543	-49.780624	1.0165622	7.5654573	-56.178703	-49.780506	0.0	89038987	30013.401519060135
443	-487.26474	-487.26474	-316.31882	-49.77979	1.0207528	6.4114394	-56.09636	-49.779858	0.0	89239983	30082.506653547287
444	-466.51758	-466.51758	-45.539333	-49.780598	1.037654	8.559108	-56.46357	-49.78055	0.0	89440984	30150.736612081528
445	-546.7102	-546.7102	-297.4509	-49.78114	1.0320343	7.654159	-58.54641	-49.781185	0.0	89641992	30220.36418581009
446	-593.72845	-593.72845	-28.620361	-49.777996	1.0446323	11.135387	-55.845924	-49.77789	0.0	89842990	30290.34217596054
447	-494.88354	-494.88354	-186.82045	-49.779484	1.0366687	9.162451	-55.30198	-49.77955	0.0	90043984	30357.66364455223
448	-582.6068	-582.6068	-342.3849	-49.77815	1.0327029	9.6358795	-55.23151	-49.778114	0.0	90244992	30426.389473438263
449	-568.6927	-568.6927	-375.7797	-49.777447	1.0429745	6.58992	-54.956264	-49.77747	0.0	90445986	30493.37459588051
450	-513.1152	-513.1152	-92.179756	-49.779236	1.0263939	6.4941797	-56.134865	-49.77925	0.0	90647001	30559.860291719437
451	-531.45935	-531.45935	-194.64325	-49.77758	1.0444001	5.914406	-56.46954	-49.77755	0.1	90847984	30626.94735264778
452	-534.6764	-534.6764	-280.14288	-49.77776	1.0305367	7.0303593	-55.050663	-49.77784	0.1	91048983	30695.100909233093
453	-596.4913	-596.4913	-480.15527	-49.77723	1.0399388	8.218828	-55.94837	-49.777187	0.0	91249990	30764.32071352005
454	-548.6366	-548.6366	-60.080395	-49.77609	1.041874	10.806644	-55.16288	-49.77611	0.0	91451001	30830.38717865944
455	-580.95447	-580.95447	-481.1602	-49.77764	1.0378083	8.714816	-57.849487	-49.777687	0.0	91651992	30900.101810216904
456	-462.41293	-462.41293	-274.9292	-49.775627	1.0446347	11.739868	-55.700813	-49.77556	0.0	91852994	30973.978090763092
457	-509.44772	-509.44772	-326.7047	-49.776943	1.0367709	12.932241	-58.58367	-49.777004	0.0	92054001	31040.868551015854
458	-492.25992	-492.25992	-285.2483	-49.776566	1.0465196	11.5411415	-57.19272	-49.77657	0.0	92254997	31111.308005571365
459	-506.14102	-506.14102	-377.91855	-49.775333	1.0356079	11.855207	-57.15773	-49.775253	0.0	92456001	31179.87558889389
460	-477.49597	-477.49597	-235.04169	-49.774864	1.0389934	8.696089	-56.67403	-49.774883	0.0	92656981	31250.14614224434
461	-575.16693	-575.16693	-480.71777	-49.774868	1.041586	8.252859	-60.788773	-49.774876	0.1	92857984	31316.36476945877
462	-491.03613	-491.03613	-162.08292	-49.773293	1.0586563	10.248284	-56.753178	-49.773155	0.1	93058989	31386.136605978012
463	-426.75916	-426.75916	-194.92838	-49.775227	1.0462617	12.155171	-56.17486	-49.77535	0.0	93259983	31455.842717647552
464	-590.463	-590.463	-429.33444	-49.774143	1.0442936	14.4531355	-55.738827	-49.774136	0.1	93461001	31524.687363147736
465	-540.82416	-540.82416	-91.31376	-49.77293	1.0424135	12.049141	-55.844254	-49.77286	0.0	93661997	31590.243646621704
466	-572.40155	-572.40155	-380.06595	-49.774876	1.0459923	10.535362	-57.073723	-49.774876	0.0	93863001	31657.799842357635
467	-587.3668	-587.3668	-256.60074	-49.772785	1.0527354	8.448296	-58.986176	-49.772694	0.0	94063981	31728.986518859863
468	-528.49445	-528.49445	-183.8065	-49.770927	1.0596285	12.655186	-57.04952	-49.771008	0.1	94264987	31805.564447164536
469	-533.34064	-533.34064	-597.53485	-49.77441	1.041738	11.016563	-58.18918	-49.77431	0.0	94466000	31874.011615514755
470	-489.18182	-489.18182	-285.40704	-49.7734	1.0469557	9.443378	-58.12279	-49.7735	0.0	94666987	31949.634180545807
471	-611.94446	-611.94446	-273.73254	-49.771156	1.0563935	10.291053	-58.36059	-49.77101	0.0	94868001	32020.616324663162
472	-343.6006	-343.6006	-452.50555	-49.77185	1.0643219	7.1740103	-60.11213	-49.77186	0.0	95068982	32089.238713741302
473	-594.90076	-594.90076	-141.30763	-49.771957	1.067956	8.987497	-65.12638	-49.772	0.0	95270001	32157.071625471115
474	-556.0424	-556.0424	-85.74779	-49.769703	1.054974	11.0865555	-60.761482	-49.76971	0.0	95470981	32224.596145391464
475	-494.8484	-494.8484	-245.88814	-49.772434	1.0560142	9.411477	-59.973705	-49.772343	0.0	95671994	32290.323618412018
476	-601.78033	-601.78033	-307.13272	-49.77147	1.059704	10.197354	-76.42765	-49.77149	0.0	95873001	32362.96251487732
477	-576.67535	-576.67535	-507.75577	-49.77087	1.0661919	14.375265	-61.900887	-49.770947	0.0	96073985	32432.839277267456
478	-645.1264	-645.1264	-194.57608	-49.772545	1.0486199	9.64982	-58.47251	-49.772408	0.1	96275001	32503.770783662796
479	-548.4749	-548.4749	-98.172676	-49.768612	1.066337	7.719451	-58.43389	-49.768665	0.0	96475990	32573.599418401718
480	-593.1719	-593.1719	-237.57695	-49.769577	1.0686512	9.129696	-59.45707	-49.769676	0.0	96676990	32643.3241147995
481	-496.37366	-496.37366	-646.5092	-49.769665	1.0709196	7.7647324	-58.248207	-49.769497	0.0	96877982	32713.100319623947
482	-584.7225	-584.7225	-561.668	-49.769444	1.0696259	13.612114	-56.526104	-49.769497	0.0	97078997	32781.974536418915
483	-496.8648	-496.8648	-185.9367	-49.767544	1.0830163	11.291071	-63.430305	-49.767567	0.0	97279990	32849.89321422577
484	-527.52856	-527.52856	-329.56433	-49.770805	1.0608432	14.652773	-63.66015	-49.770805	0.0	97481001	32918.59519600868
485	-621.16174	-621.16174	-126.30756	-49.768536	1.0653093	8.951633	-62.05295	-49.76848	0.0	97682001	32987.05295062065
486	-508.58652	-508.58652	-117.73232	-49.767582	1.0640668	9.474083	-58.16793	-49.76761	0.0	97883001	33055.20048427582
487	-669.31494	-669.31494	-423.9743	-49.767284	1.0768232	9.481892	-58.25124	-49.767296	0.0	98083982	33123.82210159302
488	-510.99704	-510.99704	-332.6965	-49.767437	1.0914567	14.132885	-57.701683	-49.767384	0.0	98285001	33190.34043955803
489	-538.9889	-538.9889	-773.6332	-49.766285	1.0775605	9.24886	-57.29276	-49.76636	0.0	98485987	33257.67715167999
490	-608.2128	-608.2128	-648.7579	-49.76513	1.0816612	10.426087	-56.928383	-49.765095	0.0	98686999	33327.29652643204
491	-522.2543	-522.2543	-514.5233	-49.767242	1.0804496	8.842282	-61.89523	-49.767204	0.0	98888001	33392.71774935722
492	-596.4559	-596.4559	-239.29881	-49.76577	1.0912772	11.378375	-56.43529	-49.765926	0.1	99088981	33458.63604974747
493	-663.5282	-663.5282	-455.8237	-49.765186	1.0995659	17.439695	-57.24148	-49.765118	0.0	99290001	33524.0275247097
494	-638.2096	-638.2096	-292.52682	-49.76559	1.0808538	11.495589	-57.193623	-49.7656	0.1	99490998	33590.725588321686
495	-627.0198	-627.0198	-374.85742	-49.76579	1.0927136	8.146446	-57.09342	-49.76569	0.0	99691983	33657.419454813
496	-625.1819	-625.1819	-328.42026	-49.76498	1.0890672	10.67297	-60.1562	-49.765118	0.0	99892982	33726.26175045967
497	-478.32663	-478.32663	-292.70255	-49.764248	1.1064744	7.5863795	-58.679535	-49.764168	0.2	100093985	33791.82968378067
498	-484.1993	-484.1993	-308.84283	-49.761864	1.1067564	9.0449295	-60.234657	-49.761826	0.0	100294984	33858.95815181732
499	-467.69373	-467.69373	-392.66855	-49.76331	1.0955335	13.139126	-57.49858	-49.763355	0.2	100495983	33929.32686495781
500	-550.92896	-550.92896	-307.95145	-46.870937	4.086512	29.23243	-59.6629	-46.870014	0.1	100696983	34123.61956214905
501	-460.29803	-460.29803	-147.46169	-46.661587	4.6864276	47.13623	-71.49941	-46.661297	0.1	100898001	34323.48672938347
502	-596.3166	-596.3166	-129.85004	-46.711292	4.8565006	70.9257	-70.567116	-46.710754	0.0	101098985	34517.46236205101
503	-593.0846	-593.0846	-98.74776	-46.758026	4.994118	39.38788	-73.103	-46.756542	0.0	101300001	34711.98397898674
504	-460.74777	-460.74777	-84.137505	-46.766804	5.13356	64.2106	-66.570816	-46.766144	0.1	101500986	34906.24977493286
505	-524.95123	-524.95123	-144.57045	-46.820522	5.193597	38.36902	-67.4548	-46.820538	0.0	101702001	35100.27878451347
506	-564.4622	-564.4622	-357.42688	-46.89655	5.191834	41.304417	-65.159515	-46.895645	0.0	101902981	35296.10322189331
507	-491.21515	-491.21515	-147.18956	-46.95996	5.1939497	50.044155	-65.291405	-46.9593	0.0	102103982	35489.754407167435
508	-499.06232	-499.06232	-71.035614	-47.01916	5.185292	43.23258	-64.49631	-47.019184	0.1	102304984	35682.373200416565
509	-497.54745	-497.54745	-187.27583	-47.071606	5.156805	35.801662	-66.44975	-47.07097	0.2	102506001	35875.90828585625
510	-471.3861	-471.3861	-132.20673	-47.13011	5.142268	35.340176	-67.42776	-47.129898	0.0	102706986	36068.936415195465
511	-473.89496	-473.89496	-191.40288	-47.19703	5.1097035	69.59094	-65.321625	-47.196835	0.1	102907982	36265.111067056656
512	-484.78406	-484.78406	-261.02408	-47.263294	5.0340056	36.425735	-68.889496	-47.263012	0.0	103108986	36460.64150595665
513	-510.53525	-510.53525	-92.01098	-47.32961	4.9670157	50.892876	-76.14514	-47.329536	0.1	103309981	36655.40889310837
514	-361.7167	-361.7167	-134.89076	-47.3812	4.9321337	45.407578	-68.014656	-47.380875	0.0	103510993	36850.047182798386
515	-448.4281	-448.4281	-159.81361	-47.423447	4.8854547	32.338036	-68.92316	-47.42303	0.0	103712001	37044.49981832504
516	-408.7115	-408.7115	-174.44406	-47.47474	4.8356495	58.49308	-75.05993	-47.474617	0.0	103912982	37237.990485191345
517	-440.08948	-440.08948	-250.25409	-47.520485	4.817391	36.798195	-66.45857	-47.520054	0.1	104114001	37433.44599819183
518	-448.79483	-448.79483	-288.73825	-47.573902	4.744618	52.15103	-76.39877	-47.57348	0.2	104314996	37631.1112446785
519	-552.07666	-552.07666	-169.28929	-47.60469	4.710058	41.483208	-69.414635	-47.604942	0.1	104515983	37825.53010869026
520	-470.53165	-470.53165	-158.73041	-47.6537	4.6740456	36.00918	-74.016785	-47.65294	0.0	104716981	38020.73684692383
521	-365.45038	-365.45038	-99.48675	-47.700665	4.616925	56.80766	-77.00389	-47.70102	0.0	104917985	38216.86867785454
522	-492.00977	-492.00977	-357.37982	-47.746784	4.570165	36.875084	-70.15264	-47.74598	0.1	105118988	38412.1391749382
523	-414.9718	-414.9718	-78.522545	-47.805946	4.491317	63.62526	-74.33593	-47.80659	0.0	105319982	38606.30190086365
524	-528.01135	-528.01135	-130.07881	-47.83345	4.45732	62.751625	-94.00882	-47.833282	0.1	105520994	38801.27974510193
525	-402.2464	-402.2464	-146.72919	-47.893272	4.388074	35.755978	-73.84778	-47.89268	0.0	105721984	38999.37454080582
526	-449.55347	-449.55347	-303.6317	-47.919506	4.333563	32.599842	-75.701836	-47.91953	0.0	105922982	39195.09992957115
527	-545.3402	-545.3402	-223.60425	-47.96827	4.2827935	40.622097	-71.30789	-47.968155	0.0	106123983	39389.12828826904
528	-454.11304	-454.11304	-87.32428	-48.015324	4.2303276	73.07499	-72.75171	-48.015064	0.0	106324985	39583.13399338722
529	-367.05032	-367.05032	-173.61662	-48.049194	4.1925178	34.69181	-74.51031	-48.049294	0.0	106525997	39778.407430410385
530	-496.3257	-496.3257	-164.12994	-48.08151	4.117665	43.21756	-78.00824	-48.08133	0.0	106726986	39973.71721076965
531	-463.11792	-463.11792	-386.105	-48.12569	4.0762873	47.133385	-71.544945	-48.125385	0.0	106927983	40168.404552698135
532	-460.42108	-460.42108	-54.16809	-48.16784	4.02024	31.640316	-74.37805	-48.167755	0.0	107128982	40362.58333659172
533	-458.61465	-458.61465	-56.89031	-48.18686	3.9832883	35.39636	-69.33573	-48.186398	0.0	107329991	40557.501427173615
534	-533.90063	-533.90063	-105.42211	-48.22643	3.9311829	39.68694	-78.44289	-48.22618	0.0	107530985	40753.08919048309
535	-474.9873	-474.9873	-205.17467	-48.255093	3.884115	32.973717	-70.59174	-48.254677	0.1	107731986	40948.51583194733
536	-376.7866	-376.7866	-34.02503	-48.289047	3.8376791	29.499176	-79.91692	-48.28918	0.0	107932983	41143.5018529892
537	-388.1968	-388.1968	-211.84277	-48.322273	3.795795	31.594215	-74.85189	-48.322163	0.0	108133983	41339.16684269905
538	-336.92715	-336.92715	-188.0854	-48.34444	3.7437484	44.413383	-72.15969	-48.34409	0.0	108334990	41534.27011466026
539	-517.2405	-517.2405	-160.11925	-48.376667	3.7262883	32.262733	-72.07384	-48.37652	0.1	108535999	41730.21217894554
540	-364.66318	-364.66318	-64.06807	-48.405846	3.672069	41.22414	-71.46579	-48.405697	0.0	108736985	41924.844700336456
541	-615.69244	-615.69244	-170.03926	-48.417038	3.6573374	41.968628	-78.6969	-48.41656	0.0	108938001	42121.4792406559
542	-483.60083	-483.60083	-51.205566	-48.451763	3.5965102	29.545803	-69.51239	-48.451656	0.0	109138989	42316.412981271744
543	-411.94687	-411.94687	-37.252357	-48.474472	3.5591002	26.01205	-74.2339	-48.474045	0.0	109339982	42512.291271448135
544	-350.70285	-350.70285	-260.29712	-48.500854	3.5058167	33.30352	-70.11084	-48.500652	0.1	109540990	42706.68788099289
545	-496.47995	-496.47995	-271.71725	-48.526314	3.4892173	35.158676	-71.01886	-48.526127	0.0	109742001	42901.75284576416
546	-466.75647	-466.75647	-257.13348	-48.553856	3.4432638	37.961487	-78.537254	-48.553127	0.0	109942982	43097.80653834343
547	-414.07727	-414.07727	-242.80736	-48.56871	3.4200923	39.27029	-69.709496	-48.568806	0.1	110144001	43293.97321557999
548	-375.20258	-375.20258	-137.48497	-48.589684	3.382712	31.112968	-76.71079	-48.589558	0.0	110344982	43489.496497154236
549	-440.0452	-440.0452	-69.21949	-48.608273	3.3540351	22.672333	-70.72715	-48.607853	0.0	110545985	43684.935774087906
550	-457.3324	-457.3324	-191.23854	-48.633038	3.3110561	56.120937	-78.54767	-48.63308	0.0	110746982	43880.548971652985
551	-535.8072	-535.8072	-253.36226	-48.65541	3.27387	33.208755	-69.643814	-48.65486	0.0	110948001	44076.38304543495
552	-478.4111	-478.4111	-306.47092	-48.67688	3.2225287	28.470642	-65.53673	-48.676792	0.0	111148982	44269.51734948158
553	-420.31976	-420.31976	-95.22364	-48.697678	3.1983447	43.584484	-68.71082	-48.69747	0.0	111350001	44463.20255923271
554	-436.9489	-436.9489	-230.80449	-48.717724	3.1648748	28.836626	-77.12064	-48.71734	0.0	111550982	44656.75148510933
555	-556.213	-556.213	-124.2396	-48.73409	3.142519	29.735304	-65.66398	-48.733788	0.1	111752001	44850.61601018906
556	-418.74472	-418.74472	-126.45943	-48.75701	3.082583	35.282383	-65.20224	-48.75701	0.0	111952982	45044.33583021164
557	-430.74228	-430.74228	-29.146172	-48.765884	3.0778966	21.946964	-68.642456	-48.76531	0.0	112153981	45239.23412203789
558	-563.7325	-563.7325	-137.98537	-48.78453	3.0341594	28.993399	-65.41935	-48.78434	0.0	112354985	45434.42956471443
559	-466.6627	-466.6627	-240.11932	-48.800472	3.0104551	21.30583	-65.77022	-48.80012	0.1	112555989	45629.20789241791
560	-458.26938	-458.26938	-52.20657	-48.82774	2.9588113	25.391695	-65.39917	-48.827354	0.0	112756988	45823.20579624176
561	-506.29172	-506.29172	-254.20375	-48.84059	2.93764	35.920223	-67.109886	-48.84057	0.0	112958001	46017.959648132324
562	-435.13397	-435.13397	-189.7789	-48.855087	2.9053211	55.876343	-67.20457	-48.85503	0.1	113158982	46212.89329147339
563	-445.19617	-445.19617	-138.40826	-48.873566	2.8789165	21.821743	-68.345406	-48.87353	0.0	113359987	46407.268228530884
564	-425.82333	-425.82333	-354.9495	-48.888256	2.8476584	17.828722	-63.728535	-48.887665	0.1	113560985	46602.138256073
565	-530.3519	-530.3519	-178.81042	-48.90067	2.8261464	31.898724	-70.31046	-48.900623	0.1	113762001	46796.91924715042
566	-403.11087	-403.11087	-134.71495	-48.921356	2.785493	28.45817	-77.69439	-48.92114	0.0	113962985	46991.122693538666
567	-524.0226	-524.0226	-213.06834	-48.936558	2.7608356	19.760567	-73.15474	-48.936237	0.1	114163988	47185.338093042374
568	-502.2062	-502.2062	-170.60278	-48.952114	2.73032	18.195387	-75.32521	-48.95181	0.0	114365001	47379.85730719566
569	-475.73203	-475.73203	-180.99838	-48.965073	2.6990197	31.930502	-64.50789	-48.96519	0.0	114565983	47573.93128442764
570	-464.57538	-464.57538	-117.744965	-48.974472	2.685445	18.355816	-65.71487	-48.974052	0.1	114766999	47768.167704582214
571	-455.86456	-455.86456	-120.632744	-48.992958	2.650979	25.499443	-67.124275	-48.99285	0.1	114967988	47962.73448610306
572	-423.2128	-423.2128	-79.646225	-49.0035	2.63273	29.574097	-66.899315	-49.00339	0.0	115168986	48156.599351644516
573	-477.42108	-477.42108	-176.05968	-49.015713	2.601938	16.930698	-64.288536	-49.01559	0.1	115369981	48350.760457992554
574	-542.0893	-542.0893	-77.14239	-49.029102	2.5863426	47.32337	-66.20959	-49.028698	0.0	115570985	48545.73558688164
575	-508.05804	-508.05804	-139.37518	-49.0421	2.5400598	21.341125	-67.13911	-49.042137	0.1	115771983	48739.88554954529
576	-358.73798	-358.73798	-33.11565	-49.049854	2.535391	21.432505	-70.09033	-49.049686	0.2	115972991	48934.32622098923
577	-372.2959	-372.2959	-162.12172	-49.06422	2.50769	17.523127	-65.58247	-49.06401	0.0	116173984	49129.03163099289
578	-459.8764	-459.8764	-93.7677	-49.0756	2.5020864	24.785748	-69.73992	-49.075516	0.0	116374982	49322.91302204132
579	-344.46884	-344.46884	-189.93037	-49.089027	2.4681122	12.481978	-63.35151	-49.08886	0.0	116575982	49517.58707737923
580	-438.29913	-438.29913	-147.35794	-49.097813	2.453182	14.000555	-64.43057	-49.09762	0.0	116776983	49712.44712162018
581	-389.99832	-389.99832	-140.19064	-49.107006	2.4280024	11.779131	-63.094852	-49.107117	0.0	116977982	49906.228110313416
582	-399.03378	-399.03378	-105.037155	-49.11762	2.417342	15.085913	-64.152565	-49.117256	0.0	117178982	50100.23828840256
583	-476.49182	-476.49182	-72.048454	-49.12496	2.398399	52.356174	-66.79506	-49.12493	0.0	117379985	50294.586283922195
584	-448.934	-448.934	-217.85982	-49.137764	2.3665676	22.67561	-69.47597	-49.137672	0.2	117580982	50489.072722673416
585	-387.49988	-387.49988	-188.88885	-49.145737	2.350138	15.479357	-61.566715	-49.14556	0.1	117781987	50682.86767101288
586	-416.14856	-416.14856	-25.598372	-49.155315	2.330494	17.411898	-62.102062	-49.15525	0.0	117982988	50876.989171266556
587	-459.77576	-459.77576	-253.13983	-49.163048	2.3208997	16.12601	-63.23688	-49.162872	0.0	118183999	51070.93740272522
588	-383.93246	-383.93246	-84.398705	-49.171577	2.3074234	29.464155	-66.88335	-49.171314	0.0	118384981	51265.359402656555
589	-541.6204	-541.6204	-207.08711	-49.180027	2.2896342	15.269974	-68.49077	-49.17985	0.0	118585988	51459.811653614044
590	-444.7218	-444.7218	-285.61072	-49.190765	2.2631686	15.816327	-61.646538	-49.190914	0.0	118786996	51653.77817130089
591	-449.83667	-449.83667	-92.0462	-49.198563	2.2488918	14.250908	-64.08303	-49.19845	0.0	118987982	51848.18411397934
592	-432.53598	-432.53598	-149.19507	-49.20545	2.2399316	12.144577	-63.68165	-49.205147	0.1	119188985	52042.782769203186
593	-397.6355	-397.6355	-249.94708	-49.21463	2.2181692	12.486948	-68.55922	-49.214493	0.0	119390001	52237.699362039566
594	-423.42996	-423.42996	-95.45954	-49.21886	2.2037308	12.935097	-66.58242	-49.218918	0.1	119591001	52432.53118681908
595	-412.61917	-412.61917	-144.06569	-49.223495	2.210729	24.70362	-65.699066	-49.223373	0.0	119791982	52627.370685100555
596	-424.28192	-424.28192	-100.024445	-49.234917	2.1944964	23.841301	-64.964424	-49.234756	0.0	119993001	52821.90271735191
597	-446.94675	-446.94675	-67.80276	-49.2424	2.1627042	8.501184	-63.569256	-49.242287	0.2	120193982	53016.46332907677
598	-439.41327	-439.41327	-51.607277	-49.24874	2.1459522	16.930391	-64.25609	-49.24855	0.0	120394989	53211.36259651184
599	-408.17148	-408.17148	-122.508644	-49.261345	2.1307707	15.280552	-67.558105	-49.261456	0.0	120596001	53405.64057350159
600	-405.72586	-405.72586	-168.11327	-49.264668	2.1203275	13.3298435	-61.243717	-49.26441	0.0	120796992	53600.75915265083
601	-369.52914	-369.52914	-52.107716	-49.27271	2.1071897	25.59099	-61.169376	-49.272644	0.0	120997987	53795.25876712799
602	-376.4117	-376.4117	-223.98438	-49.2735	2.102634	16.359764	-66.72128	-49.273445	0.1	121198982	53989.79900789261
603	-495.64456	-495.64456	-50.395443	-49.284927	2.0745435	17.912203	-64.35109	-49.28484	0.1	121399998	54185.32048749924
604	-410.8495	-410.8495	-65.95721	-49.28837	2.0716083	11.545394	-71.04139	-49.288208	0.0	121600983	54382.10535979271
605	-369.5163	-369.5163	-105.40457	-49.29523	2.0534391	12.7594795	-60.004936	-49.295315	0.0	121801993	54577.01861453056
606	-450.0816	-450.0816	-54.89678	-49.2984	2.0548737	15.839962	-62.064735	-49.298283	0.0	122002982	54771.969678878784
607	-342.8601	-342.8601	-60.94087	-49.308475	2.0389812	18.364252	-65.366356	-49.308308	0.0	122203984	54966.22700405121
608	-387.5578	-387.5578	-119.35916	-49.314556	2.0290904	14.995658	-64.986694	-49.314514	0.1	122404981	55160.90758347511
609	-339.7917	-339.7917	-67.718666	-49.320408	2.0058293	31.320877	-63.684772	-49.320435	0.0	122605983	55356.58907222748
610	-500.9005	-500.9005	-91.985016	-49.323635	2.0005229	14.407859	-60.73207	-49.323574	0.0	122806986	55551.925186634064
611	-375.51117	-375.51117	-59.766148	-49.32683	1.994858	21.85488	-62.45167	-49.326664	0.0	123007992	55746.13869428635
612	-431.9782	-431.9782	-163.33527	-49.33023	1.9791824	10.338856	-62.791634	-49.33021	0.0	123208982	55941.43283867836
613	-373.43222	-373.43222	-69.10735	-49.34041	1.9679697	20.058636	-75.20417	-49.340427	0.0	123409983	56136.27555298805
614	-371.45496	-371.45496	-48.353073	-49.34732	1.9534657	13.910931	-65.09589	-49.34724	0.0	123610986	56331.15823054314
615	-433.0425	-433.0425	-35.779118	-49.3533	1.9344213	23.528109	-62.190178	-49.353127	0.0	123811993	56526.31835389137
616	-422.4569	-422.4569	-24.681957	-49.355347	1.9247814	9.903657	-62.92251	-49.35541	0.0	124012994	56721.62352156639
617	-424.09363	-424.09363	-63.993847	-49.3566	1.9317957	43.809093	-67.02126	-49.35643	0.1	124213996	56916.38954663277
618	-468.2626	-468.2626	-154.58519	-49.362606	1.930535	19.648775	-62.39759	-49.3626	0.1	124414999	57111.57011985779
619	-590.58606	-590.58606	-148.81647	-49.37193	1.9039322	22.11141	-66.35795	-49.37212	0.0	124615993	57306.91314601898
620	-326.91925	-326.91925	-81.13055	-49.37636	1.8833841	21.715202	-62.435238	-49.37609	0.0	124816999	57501.539321899414
621	-397.50305	-397.50305	-45.6307	-49.37748	1.8801923	29.22944	-62.283012	-49.377472	0.0	125017984	57697.2623333931
622	-505.20367	-505.20367	-150.74646	-49.38018	1.8740659	9.474079	-64.733185	-49.380154	0.0	125218983	57892.187312603
623	-381.14597	-381.14597	-153.4141	-49.383865	1.865197	13.947081	-61.25833	-49.38369	0.0	125419985	58087.57062101364
624	-490.7867	-490.7867	-86.84266	-49.392582	1.855077	12.848177	-60.3523	-49.39277	0.2	125620997	58282.57180762291
625	-514.5295	-514.5295	-142.80145	-49.39078	1.8573418	9.805741	-66.695625	-49.39073	0.1	125821987	58478.81005072594
626	-332.47375	-332.47375	-122.91118	-49.399075	1.8360839	16.8498	-61.625916	-49.398903	0.2	126022985	58672.69615840912
627	-439.96274	-439.96274	-57.761776	-49.401363	1.8349563	20.393085	-62.22987	-49.401367	0.0	126223982	58865.41137766838
628	-357.45898	-357.45898	-118.649124	-49.406372	1.8156335	17.165321	-61.612053	-49.406387	0.0	126425001	59060.535176754
629	-361.77548	-361.77548	-183.89342	-49.411232	1.8087108	14.642023	-71.855255	-49.411194	0.0	126625982	59255.47525477409
630	-475.16	-475.16	-98.40412	-49.4148	1.805388	15.406136	-59.0183	-49.414722	0.1	126826984	59450.108073711395
631	-454.16522	-454.16522	-127.0111	-49.417854	1.7911787	24.342506	-64.09976	-49.417862	0.0	127028001	59645.18778824806
632	-454.2754	-454.2754	-71.18348	-49.42353	1.7605506	9.673473	-59.89104	-49.423573	0.0	127229000	59840.47378849983
633	-382.15457	-382.15457	-150.32372	-49.423435	1.7695589	18.79941	-73.08748	-49.423325	0.0	127429982	60035.62470912933
634	-508.97894	-508.97894	-125.98545	-49.429955	1.7669998	11.969156	-61.345306	-49.429962	0.2	127630982	60230.26891994476
635	-427.64847	-427.64847	-215.04669	-49.434673	1.7549882	10.410059	-70.87514	-49.434654	0.0	127831982	60425.203567028046
636	-406.97284	-406.97284	-142.9811	-49.433826	1.7599792	12.669712	-63.98188	-49.433872	0.2	128032984	60620.11335349083
637	-322.75763	-322.75763	-70.94991	-49.436806	1.7569128	15.18739	-61.336437	-49.436794	0.0	128233985	60815.388776540756
638	-488.57324	-488.57324	-57.813534	-49.44502	1.7244568	14.598988	-66.26502	-49.44497	0.0	128434982	61011.014231443405
639	-342.15262	-342.15262	-161.36493	-49.44627	1.7355893	12.916716	-67.204254	-49.44645	0.0	128635982	61205.609919548035
640	-384.38794	-384.38794	-39.691833	-49.451164	1.7107842	18.782444	-60.250935	-49.451042	0.0	128837001	61401.25462388992
641	-466.84793	-466.84793	-113.42434	-49.451447	1.7165577	15.233245	-61.845463	-49.45151	0.0	129038001	61596.82624793053
642	-323.3939	-323.3939	-108.32273	-49.45241	1.7216871	9.9768505	-65.05057	-49.45242	0.0	129238985	61792.29845786095
643	-418.57083	-418.57083	-41.738285	-49.456944	1.7048552	26.261232	-65.787544	-49.45686	0.1	129439982	61987.872420072556
644	-374.23428	-374.23428	-158.3734	-49.4572	1.7081755	10.618063	-67.82545	-49.457207	0.2	129640981	62183.249571323395
645	-484.47125	-484.47125	-164.0632	-49.463722	1.6824561	12.357126	-62.365147	-49.46375	0.0	129841993	62379.03750014305
646	-429.68695	-429.68695	-443.1169	-49.469067	1.6744926	9.260414	-61.473064	-49.469	0.0	130042981	62574.41219997406
647	-393.0625	-393.0625	-112.31149	-49.472954	1.6689144	13.165895	-65.130775	-49.473095	0.1	130243982	62769.98664903641
648	-420.76227	-420.76227	-100.02456	-49.473324	1.6728752	14.897465	-62.47223	-49.47326	0.1	130444983	62965.178928375244
649	-308.02634	-308.02634	-133.44269	-49.476402	1.6684393	16.20248	-61.329536	-49.476368	0.1	130645982	63159.79390311241
650	-455.0757	-455.0757	-278.58292	-49.480564	1.6493121	12.070942	-69.89365	-49.4806	0.0	130846984	63355.43637108803
651	-367.5162	-367.5162	-129.56245	-49.480843	1.647309	18.45158	-62.723854	-49.480743	0.2	131048001	63551.27101111412
652	-563.60254	-563.60254	-29.256231	-49.481285	1.6491697	14.60988	-66.44869	-49.481297	0.0	131248986	63745.900770664215
653	-491.33728	-491.33728	-43.80183	-49.483723	1.6405087	10.1024	-59.52656	-49.483658	0.0	131449982	63940.95504164696
654	-333.2508	-333.2508	-140.54442	-49.487446	1.6296382	12.685635	-61.075283	-49.487476	0.0	131650982	64136.16836762428
655	-462.7663	-462.7663	-51.257565	-49.48719	1.6320968	9.050169	-63.585213	-49.487183	0.3	131851982	64331.03263068199
656	-406.57993	-406.57993	-193.87852	-49.494675	1.6250523	10.810446	-63.640373	-49.494648	0.0	132052989	64526.051540613174
657	-466.56918	-466.56918	-122.884445	-49.493214	1.6142756	13.959791	-59.472183	-49.49331	0.1	132254001	64722.897386312485
658	-380.26572	-380.26572	-98.24173	-49.497597	1.620742	11.256149	-65.10071	-49.497585	0.0	132455001	64918.03520202637
659	-363.2907	-363.2907	-33.098217	-49.501587	1.6063573	11.083914	-63.1099	-49.501564	0.0	132656001	65113.41124510765
660	-333.3333	-333.3333	-205.5918	-49.501305	1.6020025	18.332516	-62.839794	-49.501274	0.0	132856983	65307.84600162506
661	-481.50043	-481.50043	-145.28685	-49.50543	1.5950449	14.586451	-66.189766	-49.505287	0.1	133058001	65502.73123884201
662	-411.7698	-411.7698	-40.912907	-49.507706	1.5855227	13.368436	-70.16073	-49.50787	0.2	133259001	65697.4893052578
663	-453.5759	-453.5759	-267.87268	-49.509975	1.5688794	14.502687	-66.0379	-49.510002	0.2	133459986	65892.68578696251
664	-461.98312	-461.98312	-38.71215	-49.51342	1.5728403	26.722961	-62.715675	-49.513355	0.0	133661001	66088.26329398155
665	-306.94974	-306.94974	-21.40902	-49.512558	1.5728338	9.169521	-63.026695	-49.51253	0.1	133861983	66282.9665157795
666	-459.6727	-459.6727	-62.515682	-49.516262	1.5579716	11.230776	-59.96387	-49.516304	0.1	134063001	66477.91827964783
667	-362.94275	-362.94275	-243.42365	-49.521027	1.5655569	27.665974	-59.478054	-49.52089	0.0	134263982	66672.40515232086
668	-430.25894	-430.25894	-72.06678	-49.52116	1.53875	14.55616	-61.5616	-49.521294	0.0	134464982	66866.51823210716
669	-548.4275	-548.4275	-71.623955	-49.52121	1.5538658	10.012303	-60.72898	-49.521145	0.0	134666001	67061.59851956367
670	-350.89337	-350.89337	-100.27312	-49.522503	1.5465208	15.502892	-60.111927	-49.522484	0.1	134866983	67256.64570188522
671	-494.07886	-494.07886	-161.74805	-49.52683	1.5375794	14.980055	-58.38195	-49.526886	0.1	135067987	67451.23381400108
672	-363.07535	-363.07535	-65.42241	-49.528687	1.5402313	14.761736	-59.002716	-49.52869	0.1	135268983	67645.48992228508
673	-472.30627	-472.30627	-192.89233	-49.529785	1.5332978	20.025606	-63.126682	-49.52978	0.1	135469982	67840.33763313293
674	-343.72324	-343.72324	-130.13438	-49.52988	1.5222245	14.230318	-61.468117	-49.52981	0.2	135670985	68035.89040255547
675	-428.59607	-428.59607	-114.58159	-49.528976	1.5228522	13.152081	-67.542244	-49.52904	0.0	135872000	68230.4938173294
676	-383.17874	-383.17874	-106.21801	-49.535873	1.5164711	14.183415	-60.729286	-49.535786	0.0	136072989	68425.38455438614
677	-408.51147	-408.51147	-22.52756	-49.53834	1.5020312	13.68861	-63.97782	-49.538364	0.0	136273983	68620.66144752502
678	-570.48926	-570.48926	-78.33442	-49.53893	1.5084015	21.245768	-59.600918	-49.539055	0.0	136474983	68815.93197536469
679	-400.96326	-400.96326	-117.05169	-49.5422	1.5086305	17.430447	-59.511993	-49.542137	0.0	136675981	69010.90179347992
680	-452.68878	-452.68878	-185.23515	-49.54016	1.5009415	8.632371	-60.582172	-49.540253	0.0	136876987	69205.96689963341
681	-430.4244	-430.4244	-174.5522	-49.542126	1.4918009	13.28684	-65.565414	-49.54214	0.0	137077982	69401.55020213127
682	-435.63928	-435.63928	-136.31793	-49.54644	1.497572	15.951633	-61.33124	-49.546417	0.1	137278990	69596.69679236412
683	-346.1157	-346.1157	-146.3756	-49.54504	1.4897047	17.921566	-59.922512	-49.54506	0.0	137479988	69791.8504037857
684	-429.7874	-429.7874	-97.401276	-49.55038	1.4845592	19.51062	-63.32794	-49.55039	0.0	137680986	69986.99700903893
685	-490.8012	-490.8012	-98.30325	-49.551632	1.4777937	9.178837	-60.664623	-49.55151	0.0	137881981	70181.87189054489
686	-430.57965	-430.57965	-168.05934	-49.55231	1.4661443	17.939772	-58.830795	-49.55245	0.1	138082991	70376.83870744705
687	-405.01965	-405.01965	-35.60693	-49.55579	1.4639673	9.569752	-59.472023	-49.555767	0.2	138283985	70571.71084809303
688	-477.23355	-477.23355	-228.25316	-49.55326	1.4581455	26.925503	-60.054256	-49.55327	0.0	138485001	70766.83125782013
689	-504.48712	-504.48712	-235.98195	-49.558315	1.4563556	16.210663	-57.45248	-49.558437	0.0	138685983	70962.16971802711
690	-409.70978	-409.70978	-59.737976	-49.559155	1.4700943	12.585592	-59.75478	-49.558933	0.0	138886982	71156.64848184586
691	-438.95483	-438.95483	-101.07097	-49.55944	1.4619743	19.96773	-59.96746	-49.559574	0.0	139087987	71351.92409992218
692	-328.00555	-328.00555	-38.474857	-49.558582	1.4560806	14.680842	-62.166245	-49.55856	0.1	139288989	71546.66313838959
693	-510.3402	-510.3402	-229.04417	-49.56049	1.4517694	12.706764	-59.01314	-49.56051	0.2	139489992	71741.44839501381
694	-428.1758	-428.1758	-63.233273	-49.560123	1.4562377	13.707338	-62.04407	-49.56009	0.1	139690986	71936.6192536354
695	-369.79382	-369.79382	-36.135963	-49.561745	1.4551265	12.178974	-60.551548	-49.56178	0.1	139891984	72131.42916154861
696	-497.73273	-497.73273	-37.317726	-49.564438	1.4381219	13.627388	-65.43801	-49.564354	0.0	140092997	72327.56751561165
697	-460.04602	-460.04602	-22.501394	-49.56716	1.4368054	11.766968	-66.454926	-49.567093	0.0	140293983	72521.00260472298
698	-541.0336	-541.0336	-60.987267	-49.568943	1.4400355	13.323487	-60.296757	-49.569054	0.2	140495001	72715.91484713554
699	-398.0469	-398.0469	-45.18886	-49.569244	1.4441891	11.513226	-61.29024	-49.5692	0.1	140695987	72909.5761115551
700	-506.1677	-506.1677	-116.747185	-49.571236	1.4255966	17.087782	-58.11683	-49.571236	0.0	140896983	73103.47137665749
701	-366.22876	-366.22876	-127.81359	-49.570698	1.4323982	9.788238	-58.774963	-49.570724	0.0	141097984	73297.38404870033
702	-423.27286	-423.27286	-104.89883	-49.571793	1.4330858	11.592426	-62.414177	-49.57174	0.1	141299001	73492.11343955994
703	-514.59	-514.59	-70.21917	-49.576607	1.4185627	20.20794	-67.58376	-49.57659	0.1	141499984	73686.4442243576
704	-464.20337	-464.20337	-54.085228	-49.577446	1.4096568	24.608389	-59.112103	-49.577515	0.0	141700984	73881.37068367004
705	-561.7351	-561.7351	-124.2777	-49.577774	1.4213812	11.672916	-59.797863	-49.577732	0.0	141901986	74076.63534379005
706	-491.2432	-491.2432	-32.363247	-49.576645	1.4202642	16.204126	-60.86038	-49.576553	0.0	142102983	74271.61247611046
707	-431.6822	-431.6822	-125.99061	-49.58042	1.4112762	18.109188	-58.799477	-49.58044	0.1	142303983	74466.54756951332
708	-433.98004	-433.98004	-169.54965	-49.58301	1.3972131	10.577839	-74.64496	-49.582985	0.1	142504987	74661.34379220009
709	-495.35883	-495.35883	-62.058216	-49.583454	1.3800198	13.475704	-57.9498	-49.583508	0.0	142706001	74855.52733492851
710	-423.28604	-423.28604	-121.31092	-49.58128	1.396885	9.887503	-59.37336	-49.581284	0.0	142907001	75050.57962989807
711	-489.81766	-489.81766	-105.742355	-49.584026	1.3836278	9.890474	-58.751442	-49.583897	0.1	143107987	75246.38411426544
712	-429.97452	-429.97452	-157.5573	-49.584183	1.3965254	16.032341	-58.432602	-49.584194	0.0	143308992	75440.22056794167
713	-487.78757	-487.78757	-168.26244	-49.58627	1.3782026	17.949461	-59.68725	-49.586338	0.0	143509984	75635.38461828232
714	-387.4608	-387.4608	-296.4543	-49.586716	1.3859762	19.624302	-57.39267	-49.58664	0.0	143711001	75830.18870449066
715	-486.7599	-486.7599	-34.731697	-49.587578	1.3763043	24.186983	-64.18268	-49.58764	0.0	143911988	76024.47242331505
716	-424.53513	-424.53513	-104.839745	-49.588932	1.3923116	15.926765	-58.788506	-49.588852	0.1	144113001	76219.7550008297
717	-399.12167	-399.12167	-135.36201	-49.589226	1.3521135	14.857172	-58.095734	-49.58925	0.0	144313982	76413.76735043526
718	-421.1801	-421.1801	-114.72048	-49.590626	1.3832268	12.833473	-59.974583	-49.590694	0.1	144514984	76608.90677857399
719	-443.83023	-443.83023	-91.8121	-49.591347	1.3650484	16.696056	-62.334583	-49.59125	0.0	144715982	76803.79584383965
720	-528.53815	-528.53815	-53.354214	-49.59087	1.363032	18.807579	-60.88205	-49.59094	0.0	144916982	76998.38738179207
721	-488.5569	-488.5569	-53.625126	-49.594715	1.3583046	10.312398	-58.647194	-49.594666	0.1	145117981	77192.94652938843
722	-436.05292	-436.05292	-199.08946	-49.590927	1.377581	27.316307	-58.123173	-49.590935	0.0	145318985	77388.03784179688
723	-434.81277	-434.81277	-135.62276	-49.592712	1.3653468	15.692274	-58.796124	-49.592815	0.0	145519982	77582.90658569336
724	-443.03683	-443.03683	-139.53319	-49.59518	1.3739628	20.184563	-59.96389	-49.595005	0.0	145720982	77776.61665081978
725	-456.4509	-456.4509	-47.270348	-49.593487	1.3731378	9.482487	-58.065544	-49.593586	0.0	145921982	77971.25800776482
726	-397.25403	-397.25403	-109.41756	-49.597664	1.3533298	11.987717	-65.56195	-49.59759	0.1	146122984	78166.06793951988
727	-339.27185	-339.27185	-36.50397	-49.598892	1.3544008	23.994751	-60.3264	-49.59875	0.1	146323982	78360.54837965965
728	-365.31943	-365.31943	-113.95083	-49.599586	1.346509	13.864826	-59.027927	-49.599636	0.1	146525001	78555.0475435257
729	-455.89203	-455.89203	-86.01814	-49.598858	1.358105	16.37839	-58.296833	-49.59888	0.0	146725988	78749.97773766518
730	-417.18555	-417.18555	-234.1727	-49.60126	1.3525742	13.729464	-57.88921	-49.601196	0.1	146926984	78945.39839982986
731	-447.2859	-447.2859	-47.46659	-49.600933	1.3427764	16.94624	-58.09076	-49.601078	0.0	147127985	79139.86636948586
732	-422.32922	-422.32922	-161.3243	-49.60179	1.3440489	12.306047	-58.197945	-49.601597	0.0	147328987	79334.72895359993
733	-456.73663	-456.73663	-116.94619	-49.60095	1.3513238	11.061201	-57.77596	-49.601112	0.0	147529983	79529.99590301514
734	-449.14142	-449.14142	-145.27849	-49.603	1.3425765	19.484005	-59.34089	-49.60291	0.1	147731001	79724.7209815979
735	-397.9764	-397.9764	-152.431	-49.606766	1.337106	14.823186	-59.34165	-49.606785	0.0	147931987	79919.02580022812
736	-479.7087	-479.7087	-85.05598	-49.603275	1.3395466	12.737233	-59.398907	-49.603333	0.1	148132991	80113.88287901878
737	-400.57892	-400.57892	-190.61626	-49.609005	1.3231686	13.791294	-59.700794	-49.608887	0.0	148333981	80308.80480217934
738	-380.67667	-380.67667	-256.98697	-49.61097	1.3129532	8.841353	-57.325832	-49.611076	0.2	148534983	80503.38632297516
739	-381.03876	-381.03876	-123.377464	-49.606888	1.3371964	11.00193	-60.575035	-49.606766	0.0	148735996	80698.10294890404
740	-346.56213	-346.56213	-46.570118	-49.60552	1.3319017	14.746328	-58.3841	-49.60559	0.0	148936984	80892.67230319977
741	-508.98212	-508.98212	-99.31582	-49.610615	1.341493	13.805379	-58.886204	-49.61062	0.2	149137993	81087.5369477272
742	-456.42374	-456.42374	-296.4036	-49.610325	1.3201829	17.845627	-59.18397	-49.61017	0.1	149338982	81281.65820455551
743	-482.62277	-482.62277	-290.82568	-49.609066	1.3340718	9.947029	-59.310898	-49.609047	0.0	149539989	81476.0496878624
744	-513.9881	-513.9881	-91.325325	-49.611202	1.3170083	13.642188	-57.52097	-49.61121	0.3	149740985	81670.46515488625
745	-438.15054	-438.15054	-181.99062	-49.61354	1.3145303	17.08351	-58.64275	-49.613472	0.0	149941983	81865.19532489777
746	-390.59515	-390.59515	-148.29892	-49.611008	1.3062302	9.6028595	-58.659843	-49.611053	0.0	150142992	82059.73274111748
747	-434.00165	-434.00165	-203.33888	-49.612686	1.3042399	14.181246	-58.449066	-49.61279	0.0	150343985	82253.68581533432
748	-394.9023	-394.9023	-184.58641	-49.61225	1.3165085	9.54515	-60.167458	-49.61218	0.1	150544992	82446.24253821373
749	-400.23135	-400.23135	-120.05081	-49.613228	1.3104532	13.345057	-59.45312	-49.613247	0.0	150745983	82640.19139051437
750	-400.4503	-400.4503	-38.235474	-49.61343	1.3221257	12.71117	-58.33355	-49.6135	0.1	150946991	82833.40571832657
751	-371.84183	-371.84183	-211.83885	-49.615852	1.3114423	14.011051	-60.531975	-49.61589	0.2	151148001	83026.56897568703
752	-413.4572	-413.4572	-90.35705	-49.61622	1.2990903	18.99272	-57.301704	-49.61617	0.0	151348991	83222.57292318344
753	-501.61133	-501.61133	-122.13714	-49.618114	1.2963476	13.136667	-58.166977	-49.618034	0.0	151549986	83415.40313267708
754	-471.2603	-471.2603	-109.77447	-49.615864	1.3287386	23.700245	-57.820442	-49.61597	0.0	151751000	83610.21856117249
755	-483.17868	-483.17868	-40.77261	-49.620365	1.295955	25.481293	-58.26846	-49.62031	0.2	151951982	83804.66972064972
756	-403.95267	-403.95267	-51.53187	-49.6147	1.3106916	13.612392	-60.64948	-49.614655	0.1	152152982	83998.71940255165
757	-395.3473	-395.3473	-204.34308	-49.619114	1.2868465	16.432816	-59.57103	-49.619152	0.0	152353992	84193.44043064117
758	-547.3773	-547.3773	-176.79408	-49.620625	1.2914451	8.089361	-58.286133	-49.620567	0.2	152554999	84388.49309659004
759	-440.72534	-440.72534	-174.90788	-49.6184	1.2861669	17.419228	-59.954178	-49.618336	0.0	152756001	84582.54837560654
760	-559.19257	-559.19257	-30.32964	-49.621597	1.2720169	14.248937	-57.9701	-49.621616	0.1	152956986	84778.09328746796
761	-436.92188	-436.92188	-14.345486	-49.621887	1.3006215	18.434942	-57.51263	-49.62189	0.1	153158001	84972.67258834839
762	-388.32758	-388.32758	-136.72502	-49.618477	1.2895471	11.891893	-57.66298	-49.61842	0.1	153358986	85168.86880636215
763	-386.51212	-386.51212	-47.91288	-49.620987	1.2839962	14.466234	-57.812393	-49.62094	0.1	153559987	85363.62048482895
764	-465.39813	-465.39813	-70.52847	-49.621857	1.2787603	21.273317	-59.67421	-49.621773	0.1	153760982	85554.68769049644
