Epoch	EpRet	EpRealRet	TestEpRet	AverageQ1	StdQ1	MaxQ1	MinQ1	Q2	TestSuccess	TotalEnvInteracts	TotalTime
0	-52.64516	-52.64516	-196.18939	-42.115288	10.7936945	0.055485357	-56.88535	-42.127323	0.0	196984	80.23268818855286
1	-85.74236	-85.74236	-61.369324	-49.2225	2.7496612	-23.016083	-57.015217	-49.221375	0.0	397991	164.40358781814575
2	-59.271122	-59.271122	-109.84878	-49.39296	2.3382773	-20.926302	-57.55971	-49.392883	0.0	598982	249.95864987373352
3	-63.398647	-63.398647	-71.518196	-49.41764	2.1649823	-22.13051	-58.798897	-49.417843	0.0	799982	337.55140495300293
4	-49.918583	-49.918583	-37.389458	-49.359524	2.2573895	-21.943089	-54.948364	-49.359917	0.0	1000981	427.0683274269104
5	-64.934654	-64.934654	-36.6872	-49.314587	2.304113	-20.72324	-54.809822	-49.314465	0.0	1201991	521.4038558006287
6	-56.10221	-56.10221	-25.403852	-49.34587	2.1210487	-21.87318	-53.370853	-49.346138	0.0	1402981	612.3951642513275
7	-42.43937	-42.43937	-48.119396	-49.359165	2.0488763	-23.552849	-54.311337	-49.359695	0.0	1603990	704.2122156620026
8	-40.42696	-40.42696	-29.759657	-49.36017	2.0043712	-24.019526	-53.167393	-49.360584	0.0	1804983	792.9938185214996
9	-55.69862	-55.69862	-31.623198	-49.39172	1.988953	-27.89284	-53.652966	-49.392174	0.0	2005982	886.5524673461914
10	-40.363564	-40.363564	-55.132328	-49.418194	1.9416329	-28.22771	-52.642532	-49.4185	0.0	2206983	980.1644012928009
11	-33.790325	-33.790325	-9.159263	-49.403454	1.9200776	-28.750195	-52.84374	-49.404175	0.0	2407987	1074.9595971107483
12	-47.070297	-47.070297	-25.07419	-49.3226	2.1639633	-2.7943654	-52.464703	-49.322716	0.0	2608987	1170.4859478473663
13	-41.344395	-41.344395	-44.377567	-49.310482	2.2244148	0.6267656	-52.48801	-49.310406	0.0	2809985	1272.1064834594727
14	-44.670532	-44.670532	-53.533535	-49.31746	2.1927755	1.0608579	-52.564335	-49.317333	0.1	3010990	1373.4989767074585
15	-41.72794	-41.72794	-11.500214	-49.294163	2.1873624	1.3189675	-53.563152	-49.29421	0.0	3211984	1474.1408824920654
16	-49.654716	-49.654716	-33.390995	-49.258446	2.2646632	5.4321837	-52.906445	-49.257896	0.0	3412991	1576.6389682292938
17	-48.12948	-48.12948	-9.647024	-49.254185	2.3896847	2.9661248	-53.19649	-49.254448	0.1	3613982	1675.557784795761
18	-38.558784	-38.558784	-21.407162	-49.248077	2.4352872	6.0071673	-52.934814	-49.248035	0.0	3814981	1774.282321691513
19	-34.353794	-34.353794	-41.063534	-49.199303	2.508557	5.91741	-52.893555	-49.198868	0.0	4015986	1875.616287946701
20	-48.76528	-48.76528	-50.159634	-49.19897	2.546063	5.626918	-52.818123	-49.198505	0.1	4216982	1982.1838612556458
21	-53.628086	-53.628086	-19.310307	-49.19797	2.5475354	5.893278	-53.43026	-49.197456	0.0	4417984	2083.4460644721985
22	-45.453766	-45.453766	-31.154768	-49.19473	2.4724095	5.6258984	-52.462593	-49.193996	0.1	4618982	2186.369622707367
23	-37.483753	-37.483753	-17.748903	-49.18185	2.540071	6.9777737	-52.942696	-49.181652	0.1	4819989	2284.209821462631
24	-41.689823	-41.689823	-1.4064971	-49.157337	2.6285772	8.788985	-52.74681	-49.15662	0.1	5020985	2384.1267261505127
25	-44.677876	-44.677876	-64.72309	-49.16403	2.594779	6.093165	-52.459892	-49.163086	0.0	5221985	2488.944688796997
26	-40.825092	-40.825092	-31.583302	-49.158897	2.571432	8.104866	-52.612713	-49.158554	0.2	5422991	2589.1322684288025
27	-44.8237	-44.8237	-27.442474	-49.171116	2.5463603	8.078539	-52.644367	-49.170296	0.0	5623987	2696.198102235794
28	-41.04429	-41.04429	-38.041473	-49.162647	2.5640335	7.4088573	-52.669884	-49.16183	0.0	5824990	2798.31645321846
29	-43.649014	-43.649014	-35.35306	-49.151077	2.5609818	7.625154	-52.869236	-49.150322	0.0	6025983	2902.7293684482574
30	-39.92242	-39.92242	-0.019807138	-49.138966	2.6387951	8.405604	-53.04376	-49.137764	0.1	6226991	3002.370710849762
31	-46.76335	-46.76335	-63.24751	-49.115833	2.7031572	9.772817	-53.200954	-49.11536	0.0	6427983	3106.6179852485657
32	-44.12489	-44.12489	-50.22209	-49.10758	2.739019	12.44704	-52.922474	-49.10653	0.0	6628986	3209.629643678665
33	-45.286236	-45.286236	-14.615747	-49.12184	2.7239237	11.109956	-52.89822	-49.121582	0.2	6829987	3319.212262392044
34	-38.627274	-38.627274	-31.62478	-49.085938	2.8028002	13.009389	-53.399055	-49.085323	0.1	7030983	3426.404155254364
35	-39.199703	-39.199703	-71.02306	-49.066025	2.7888165	12.977764	-53.326332	-49.06525	0.2	7231984	3528.3070063591003
36	-45.69548	-45.69548	-13.075846	-49.068134	2.8239987	15.907198	-53.18626	-49.0672	0.2	7432984	3634.6933586597443
37	-38.9752	-38.9752	-61.396484	-49.065094	2.8552482	16.180626	-54.557243	-49.064365	0.1	7633983	3735.5915269851685
38	-53.697422	-53.697422	-36.654507	-49.062992	2.790897	9.506104	-53.448128	-49.06219	0.0	7834982	3845.2491586208344
39	-45.367813	-45.367813	-0.636228	-49.081425	2.7081707	9.957036	-53.281418	-49.080658	0.2	8035991	3949.3771035671234
40	-51.010605	-51.010605	-48.21715	-49.07651	2.6921844	12.211771	-53.26224	-49.075962	0.1	8236991	4059.5586009025574
41	-37.70948	-37.70948	-33.772022	-49.075687	2.7122927	19.352995	-53.58094	-49.075283	0.1	8437981	4166.871862411499
42	-37.181076	-37.181076	-43.108036	-49.077164	2.724539	13.84813	-53.635292	-49.076485	0.1	8638983	4268.87583065033
43	-50.74914	-50.74914	-8.2361	-49.058365	2.7316744	9.649037	-53.30451	-49.05752	0.1	8839983	4370.869274377823
44	-45.107567	-45.107567	-6.7760625	-49.061954	2.7100194	13.854975	-53.228073	-49.060337	0.4	9040991	4472.132945775986
45	-45.34236	-45.34236	-54.329086	-49.05726	2.7108984	11.569793	-53.4437	-49.05669	0.1	9241987	4576.335273265839
46	-45.36375	-45.36375	-13.649186	-49.04967	2.7572396	14.04104	-53.66879	-49.04892	0.1	9442991	4679.521986722946
47	-46.714466	-46.714466	-7.5401473	-49.042385	2.756672	14.924702	-54.3272	-49.041264	0.3	9643991	4781.054411649704
48	-36.049137	-36.049137	-5.5908165	-49.038418	2.7551055	11.154867	-53.837284	-49.037563	0.1	9844984	4883.945779323578
49	-39.46082	-39.46082	-46.56165	-49.016582	2.795621	13.280306	-55.66735	-49.01595	0.0	10045985	4992.528575658798
50	-48.299946	-48.299946	-30.320452	-49.01928	2.8275747	11.735943	-55.926502	-49.019	0.1	10246981	5100.650422811508
51	-33.675034	-33.675034	-36.5639	-49.012386	2.8264945	22.710695	-55.092247	-49.01205	0.0	10447988	5208.833122968674
52	-43.662277	-43.662277	-34.623272	-49.00846	2.834858	11.478277	-55.728096	-49.00827	0.2	10648988	5318.022083044052
53	-47.864326	-47.864326	-19.831161	-48.99245	2.8916404	16.123957	-55.69803	-48.991917	0.0	10849981	5427.328337669373
54	-34.019485	-34.019485	-34.796066	-48.973045	2.9591885	15.8886175	-55.211334	-48.972733	0.3	11050982	5528.152459859848
55	-32.73275	-32.73275	-2.4646168	-48.97913	2.930575	17.39425	-55.888615	-48.979008	0.1	11251986	5628.037359714508
56	-40.72798	-40.72798	-24.562159	-48.97383	2.9326239	15.072486	-54.541252	-48.973072	0.1	11452990	5729.459618806839
57	-48.94073	-48.94073	-25.974024	-48.96576	3.0123837	18.991823	-54.22428	-48.965446	0.2	11653991	5836.62175488472
58	-44.900566	-44.900566	-24.025719	-48.962944	3.026413	23.34673	-54.123913	-48.96222	0.2	11854991	5943.4681661129
59	-31.333763	-31.333763	-70.58157	-48.986446	2.9752336	15.908158	-54.260593	-48.986065	0.0	12055984	6046.680397987366
60	-39.912933	-39.912933	-13.02467	-48.96476	2.9734745	15.753423	-53.737053	-48.96439	0.2	12256981	6152.243861198425
61	-42.918713	-42.918713	-54.14476	-48.97609	2.998572	18.950195	-54.67613	-48.97554	0.0	12457987	6257.770905256271
62	-31.547857	-31.547857	-30.45398	-48.96828	2.9769485	21.996145	-54.462646	-48.96785	0.1	12658986	6358.299904823303
63	-46.46396	-46.46396	-14.639432	-48.94421	3.061129	16.41603	-54.6185	-48.943542	0.3	12859989	6465.218793869019
64	-48.297752	-48.297752	-40.39764	-48.957497	3.0012856	12.853192	-54.43407	-48.957386	0.0	13060989	6571.9077088832855
65	-38.4567	-38.4567	-31.384825	-48.950554	3.0257618	21.01438	-55.19427	-48.949562	0.1	13261983	6679.6478180885315
66	-35.765163	-35.765163	-0.7146609	-48.943295	3.0950599	26.840366	-57.721844	-48.942295	0.5	13462990	6780.15966129303
67	-38.966206	-38.966206	-12.37222	-48.93072	3.124058	18.92505	-56.65116	-48.930706	0.2	13663983	6886.522362947464
68	-35.228954	-35.228954	-0.78788704	-48.92929	3.1183698	23.761703	-56.071476	-48.929222	0.5	13864981	6988.988469839096
69	-37.449284	-37.449284	-25.929655	-48.911198	3.1281245	21.377096	-56.583317	-48.910446	0.4	14065981	7099.414607286453
70	-31.817345	-31.817345	-8.132211	-48.896774	3.214032	17.732391	-54.895145	-48.896313	0.1	14266981	7198.775854349136
71	-30.031998	-30.031998	4.278055	-48.894493	3.2230113	20.337437	-56.191994	-48.894344	0.4	14467981	7294.799700498581
72	-39.96787	-39.96787	-43.03049	-48.878124	3.2057846	22.57729	-55.181118	-48.877132	0.1	14668982	7403.3115129470825
73	-28.72468	-28.72468	-0.7434981	-48.880436	3.2143846	23.218472	-54.164925	-48.880028	0.1	14869983	7501.699945926666
74	-37.994076	-37.994076	-10.136044	-48.87629	3.2113934	22.321384	-55.28113	-48.87523	0.2	15070991	7604.903408288956
75	-42.02591	-42.02591	-26.426342	-48.872574	3.2419078	24.293901	-54.872196	-48.87242	0.1	15271982	7711.808878660202
76	-36.837425	-36.837425	-47.66372	-48.849457	3.3321905	23.743948	-55.14861	-48.84866	0.1	15472981	7820.691485881805
77	-45.638172	-45.638172	-34.532562	-48.842453	3.3316836	28.489243	-54.373615	-48.841545	0.2	15673981	7925.154726266861
78	-44.50766	-44.50766	-36.330254	-48.848026	3.341259	21.011768	-54.26257	-48.847782	0.0	15874982	8030.213392734528
79	-46.474598	-46.474598	-8.660506	-48.846806	3.3607237	18.976086	-55.357006	-48.846096	0.4	16075985	8135.602498054504
80	-31.027224	-31.027224	-26.441816	-48.844395	3.4120538	23.232403	-55.460384	-48.843384	0.3	16276987	8237.063470363617
81	-43.850174	-43.850174	-23.651775	-48.83941	3.3789594	24.2178	-55.337997	-48.83872	0.2	16477989	8343.20448088646
82	-41.394703	-41.394703	-13.105548	-48.835655	3.4351585	36.87861	-55.332054	-48.834995	0.1	16678982	8448.744663715363
83	-48.715042	-48.715042	-18.361681	-48.84578	3.395907	21.851889	-54.950775	-48.8453	0.0	16879988	8551.408278465271
84	-39.58979	-39.58979	-28.770586	-48.848186	3.3750486	21.61474	-54.6966	-48.84774	0.4	17080991	8654.851695299149
85	-44.2899	-44.2899	-41.923397	-48.84347	3.4175293	26.832733	-55.334778	-48.842587	0.3	17281981	8764.831566810608
86	-30.35001	-30.35001	-60.640476	-48.835068	3.4131079	24.495043	-55.968784	-48.83414	0.3	17482989	8871.06371641159
87	-36.7435	-36.7435	-18.064388	-48.83041	3.4325378	20.115902	-56.200848	-48.829826	0.4	17683987	8974.431716680527
88	-32.796135	-32.796135	-38.548683	-48.81337	3.474014	35.746437	-56.041496	-48.81256	0.3	17884986	9079.423823833466
89	-35.951046	-35.951046	-14.882406	-48.821003	3.4890394	18.336723	-56.44435	-48.820114	0.2	18085988	9175.464922189713
90	-28.939068	-28.939068	-28.041542	-48.81817	3.435375	24.578856	-57.079247	-48.817272	0.1	18286989	9281.375843286514
91	-39.263702	-39.263702	-19.169962	-48.808968	3.4674413	31.106808	-56.303116	-48.807884	0.2	18487982	9384.13776922226
92	-40.207897	-40.207897	-16.744837	-48.808308	3.4577768	24.576494	-56.41373	-48.807343	0.1	18688983	9484.052617549896
93	-39.309967	-39.309967	-2.6632304	-48.810986	3.494601	23.987318	-56.170464	-48.81034	0.2	18889986	9588.184081554413
94	-45.65541	-45.65541	-20.551819	-48.81516	3.4892294	30.336918	-56.12643	-48.81401	0.2	19090981	9695.708449363708
95	-43.66454	-43.66454	-24.868929	-48.811676	3.4620774	20.69219	-57.463284	-48.810787	0.3	19291991	9805.516711473465
96	-39.737186	-39.737186	1.0257006	-48.79647	3.5138178	21.27979	-55.795555	-48.795456	0.2	19492982	9906.45059967041
97	-38.73254	-38.73254	-21.074907	-48.779728	3.557099	25.18254	-56.16918	-48.77918	0.2	19693983	10015.998090982437
98	-38.26694	-38.26694	-24.916437	-48.785103	3.5740347	27.678043	-56.62808	-48.78383	0.2	19894982	10119.442571401596
99	-49.468273	-49.468273	-25.826923	-48.798786	3.5152774	26.902397	-56.80172	-48.797417	0.4	20095991	10231.368886470795
100	-38.51905	-38.51905	-8.334678	-48.796413	3.545521	21.413746	-56.622787	-48.79565	0.1	20296988	10330.433589935303
101	-27.825108	-27.825108	-2.8742568	-48.7956	3.5298254	27.980795	-56.304504	-48.79465	0.2	20497991	10431.210402488708
102	-36.78286	-36.78286	-5.180714	-48.791004	3.5437992	24.942286	-58.0923	-48.79014	0.1	20698991	10535.966882944107
103	-38.169514	-38.169514	-11.590637	-48.77983	3.5440702	22.366875	-57.102024	-48.778877	0.1	20899987	10636.483444929123
104	-32.194992	-32.194992	-10.229573	-48.781967	3.6014352	43.482807	-57.709938	-48.78119	0.2	21100982	10741.106703996658
105	-43.437733	-43.437733	2.6209974	-48.76859	3.6680949	20.510466	-57.347668	-48.767433	0.2	21301982	10844.676462173462
106	-43.923637	-43.923637	-14.1889925	-48.7595	3.6673856	26.353767	-59.82442	-48.758957	0.2	21502991	10949.641830205917
107	-39.1293	-39.1293	-10.752541	-48.782158	3.595831	28.481262	-56.40578	-48.781124	0.3	21703986	11051.423739671707
108	-33.91902	-33.91902	-12.971503	-48.764633	3.639452	32.71868	-57.982662	-48.763695	0.2	21904987	11153.238025665283
109	-35.40642	-35.40642	-16.347773	-48.747295	3.6547506	24.968983	-57.286137	-48.746395	0.4	22105981	11260.549018383026
110	-36.656807	-36.656807	-10.508939	-48.75614	3.6426733	24.016657	-56.605682	-48.755585	0.2	22306981	11363.242683887482
111	-41.22062	-41.22062	-5.375115	-48.749344	3.6273153	22.754154	-56.60008	-48.74868	0.3	22507990	11460.785796165466
112	-36.541508	-36.541508	-5.0234027	-48.74761	3.6396387	28.414541	-57.265934	-48.746326	0.5	22708991	11552.953907728195
113	-30.134285	-30.134285	4.53784	-48.74012	3.6922688	22.097517	-58.501072	-48.739235	0.5	22909983	11637.466603517532
114	-31.756699	-31.756699	-7.797809	-48.740524	3.6671786	28.944674	-58.107265	-48.740337	0.5	23110991	11723.303840875626
115	-34.747173	-34.747173	-14.711765	-48.73047	3.6926699	29.760477	-56.893887	-48.729145	0.5	23311982	11817.780176639557
116	-35.02738	-35.02738	-16.530806	-48.73389	3.6505203	19.249176	-56.401463	-48.732822	0.2	23512990	11909.903185129166
117	-42.330357	-42.330357	-4.428368	-48.730686	3.6686563	27.388702	-59.27579	-48.730015	0.4	23713991	11999.601417779922
118	-44.198204	-44.198204	-14.197295	-48.742584	3.6565022	24.05239	-57.737286	-48.742054	0.4	23914991	12091.062502384186
119	-40.80023	-40.80023	-11.814071	-48.743706	3.6614225	25.476059	-57.10634	-48.742855	0.4	24115987	12180.500745296478
120	-38.476654	-38.476654	-11.55899	-48.734417	3.7133102	22.897205	-58.94806	-48.733505	0.4	24316982	12270.288096427917
121	-37.831467	-37.831467	-12.285714	-48.735035	3.661685	21.958403	-57.719418	-48.73443	0.1	24517981	12363.577538490295
122	-23.756418	-23.756418	1.0743246	-48.7297	3.6410096	27.262241	-59.823765	-48.728638	0.2	24718981	12449.01959824562
123	-32.28227	-32.28227	1.3956386	-48.716564	3.7127075	22.82381	-56.54871	-48.715622	0.2	24919987	12536.572615623474
124	-35.781178	-35.781178	-1.6379185	-48.726143	3.6773186	25.740387	-56.560894	-48.72577	0.5	25120991	12623.570869922638
125	-37.643524	-37.643524	-3.0209417	-48.72838	3.6700065	26.173216	-57.077095	-48.727814	0.2	25321981	12715.272543668747
126	-35.960873	-35.960873	5.161958	-48.70713	3.7178638	28.951488	-59.578392	-48.706684	0.6	25522982	12801.6217315197
127	-31.226902	-31.226902	-3.6761549	-48.71422	3.7002275	26.12339	-56.443935	-48.713196	0.6	25723983	12891.515073776245
128	-44.21516	-44.21516	-15.96576	-48.72427	3.6705272	24.17967	-58.420605	-48.72379	0.3	25924983	12983.950210094452
129	-30.779175	-30.779175	-22.06526	-48.711876	3.6903265	31.710442	-57.48243	-48.711575	0.5	26125988	13071.34490275383
130	-32.653553	-32.653553	-1.3435681	-48.705067	3.7014985	26.594223	-56.92806	-48.704506	0.2	26326987	13164.51376581192
131	-30.226631	-30.226631	2.663419	-48.684593	3.7510827	37.15144	-57.618015	-48.684208	0.3	26527987	13249.629379034042
132	-36.8149	-36.8149	-2.2693534	-48.688076	3.8031497	22.274656	-58.46256	-48.68678	0.2	26728983	13338.555618524551
133	-35.679466	-35.679466	-4.1261945	-48.68444	3.7823198	28.784166	-57.062763	-48.68405	0.2	26929982	13428.643172502518
134	-38.507652	-38.507652	-10.554711	-48.680614	3.8062065	26.460522	-59.900208	-48.679836	0.3	27130986	13521.668096065521
135	-46.507114	-46.507114	-42.725967	-48.704983	3.7259495	31.645716	-58.16852	-48.70462	0.3	27331991	13612.230398893356
136	-34.133854	-34.133854	-20.318913	-48.69276	3.7619581	21.949127	-57.116116	-48.692005	0.4	27532988	13705.8514585495
137	-33.119053	-33.119053	-16.344648	-48.6913	3.8393977	28.395027	-58.468914	-48.69045	0.3	27733985	13796.024681329727
138	-40.28116	-40.28116	-19.286695	-48.69967	3.7798827	26.167305	-57.616096	-48.699192	0.5	27934986	13885.320447683334
139	-47.094498	-47.094498	-27.869097	-48.69296	3.7884715	31.308704	-59.96425	-48.692272	0.3	28135984	13980.762905836105
140	-38.681572	-38.681572	4.059023	-48.68907	3.8481576	30.348454	-59.067184	-48.688652	0.2	28336984	14070.653169631958
141	-32.514812	-32.514812	-33.505936	-48.68851	3.8408785	24.16933	-57.792538	-48.687794	0.1	28537987	14159.080482006073
142	-36.794464	-36.794464	-15.468653	-48.682922	3.8483012	28.35292	-57.139973	-48.68262	0.3	28738986	14250.356751441956
143	-38.07055	-38.07055	3.0406952	-48.693752	3.841035	27.387192	-57.1319	-48.693188	0.4	28939983	14336.868082523346
144	-39.459156	-39.459156	-17.098024	-48.684574	3.8808532	26.034916	-58.52295	-48.68404	0.2	29140986	14431.980713129044
145	-38.6621	-38.6621	-17.318483	-48.703655	3.826401	29.862005	-56.412357	-48.703526	0.1	29341991	14522.119960546494
146	-44.926758	-44.926758	-0.35099995	-48.689804	3.8616686	39.08621	-57.029697	-48.689285	0.2	29542991	14616.342794418335
147	-38.594006	-38.594006	-4.661255	-48.696583	3.8461819	33.41212	-61.982674	-48.695473	0.6	29743987	14704.465126991272
148	-40.82145	-40.82145	1.4489628	-48.69563	3.823939	38.741364	-58.237713	-48.695827	0.5	29944991	14799.53193116188
149	-28.053928	-28.053928	2.352264	-48.70311	3.8138006	29.451069	-57.120083	-48.702473	0.5	30145982	14890.388745546341
150	-41.99594	-41.99594	6.4964843	-48.693985	3.869277	41.603367	-57.665062	-48.69366	0.6	30346981	14979.509107589722
151	-53.00896	-53.00896	-6.920842	-48.69981	3.8017652	28.04636	-56.25919	-48.699947	0.3	30547982	15073.041200399399
152	-30.403894	-30.403894	-8.099135	-48.689026	3.8523717	23.860813	-60.656223	-48.688168	0.3	30748990	15157.407777071
153	-42.456043	-42.456043	3.6472337	-48.692005	3.8451214	32.418686	-56.587128	-48.691597	0.2	30949990	15252.16128730774
154	-24.559868	-24.559868	-4.4150944	-48.69631	3.8629804	38.63373	-56.61223	-48.696617	0.2	31150984	15342.928215026855
155	-31.235874	-31.235874	-15.720605	-48.68833	3.8746288	28.492256	-58.543896	-48.68798	0.4	31351986	15434.809607982635
156	-40.586525	-40.586525	0.81296486	-48.67489	3.931942	28.922003	-56.899555	-48.674343	0.6	31552991	15523.183893442154
157	-36.728462	-36.728462	-9.387084	-48.666996	3.9585607	21.991606	-56.086536	-48.66656	0.4	31753991	15614.913803339005
158	-38.594986	-38.594986	-45.315372	-48.68519	3.859703	28.672752	-56.86339	-48.684246	0.3	31954991	15708.881101846695
159	-47.96198	-47.96198	-3.202256	-48.675896	3.9011333	34.0729	-56.89132	-48.676	0.2	32155981	15804.346222400665
160	-33.57508	-33.57508	1.9014663	-48.68583	3.9136572	30.84195	-56.9109	-48.684883	0.5	32356987	15894.413098573685
161	-40.643585	-40.643585	-5.0657163	-48.692314	3.8867877	33.09431	-58.673042	-48.692318	0.3	32557984	15984.814289331436
162	-35.911102	-35.911102	2.5776498	-48.679913	3.916282	27.757227	-57.003487	-48.67919	0.5	32758991	16073.673621177673
163	-38.994125	-38.994125	-27.777632	-48.693596	3.8828373	22.12099	-57.06889	-48.693314	0.3	32959989	16165.626385211945
164	-35.633804	-35.633804	-39.22301	-48.68904	3.9028995	32.921844	-58.438763	-48.688824	0.4	33160991	16258.931038856506
165	-41.978992	-41.978992	-6.4945865	-48.68207	3.9181979	30.404116	-60.615833	-48.682175	0.5	33361991	16349.343943357468
166	-27.683804	-27.683804	-10.770603	-48.685604	3.9063923	25.786783	-59.417053	-48.685043	0.1	33562983	16431.9089782238
167	-24.21991	-24.21991	-5.0456905	-48.67789	3.9466038	26.82577	-56.602036	-48.677746	0.4	33763990	16522.147840976715
168	-41.90697	-41.90697	-11.187008	-48.691113	3.8767257	28.3438	-58.041767	-48.6909	0.4	33964991	16611.74927997589
169	-35.036	-35.036	-7.768877	-48.678364	3.91413	29.702059	-57.761116	-48.67776	0.6	34165988	16703.50820660591
170	-25.129412	-25.129412	3.3191824	-48.660572	3.9776235	22.199244	-57.5567	-48.66031	0.3	34366991	16789.646483898163
171	-26.934786	-26.934786	-22.260628	-48.681087	3.857451	25.525288	-59.586964	-48.680805	0.4	34567981	16874.497590780258
172	-39.00237	-39.00237	0.8038513	-48.672295	3.9403203	38.338943	-56.89011	-48.67159	0.4	34768991	16967.898921489716
173	-43.846664	-43.846664	1.296179	-48.67892	3.9093835	22.728563	-56.87601	-48.678223	0.4	34969984	17060.66446828842
174	-42.628708	-42.628708	-36.890488	-48.67266	3.8765426	27.777714	-56.837418	-48.67216	0.7	35170981	17152.052693128586
175	-28.893827	-28.893827	-5.14082	-48.65961	3.9048674	29.939701	-56.628002	-48.659504	0.7	35371983	17240.40261244774
176	-36.55327	-36.55327	4.1986337	-48.684227	3.891448	30.518059	-56.985954	-48.683483	0.2	35572983	17330.133892297745
177	-28.456781	-28.456781	-26.453302	-48.671867	3.9418552	28.040123	-56.490074	-48.671677	0.3	35773983	17420.944643974304
178	-46.06897	-46.06897	-3.5607214	-48.664505	3.956884	27.83706	-55.940784	-48.663815	0.4	35974989	17513.12557220459
179	-42.35326	-42.35326	-5.507455	-48.66782	3.9199986	24.588482	-58.548126	-48.667233	0.6	36175981	17603.965829849243
180	-37.33811	-37.33811	-19.596373	-48.667908	3.9358697	31.169203	-57.518467	-48.667583	0.4	36376989	17696.758036136627
181	-37.273712	-37.273712	0.34574574	-48.655766	3.9869425	32.257996	-57.072956	-48.6553	0.3	36577982	17792.829215765
182	-40.551956	-40.551956	2.1296659	-48.67003	3.8982093	30.339098	-59.01277	-48.6693	0.4	36778984	17881.80461001396
183	-24.103989	-24.103989	-6.1926417	-48.66856	3.905979	44.6945	-58.027065	-48.668156	0.7	36979981	17970.864550113678
184	-37.69533	-37.69533	7.1644225	-48.643406	3.9884734	35.448452	-57.705395	-48.643448	0.6	37180985	18059.91045832634
185	-27.8274	-27.8274	-5.982161	-48.65702	3.9345615	29.283495	-57.744167	-48.655926	0.5	37381981	18153.367787837982
186	-33.31573	-33.31573	-3.1503394	-48.65018	3.979055	36.766617	-57.1961	-48.649906	0.7	37582987	18243.37220478058
187	-35.82202	-35.82202	-7.5862474	-48.640594	3.9547944	52.609753	-58.02617	-48.640076	0.8	37783982	18339.71415233612
188	-26.24442	-26.24442	-26.22571	-48.64531	3.9803143	28.603535	-57.553375	-48.645138	0.3	37984983	18423.782299041748
189	-44.01106	-44.01106	-17.38665	-48.647404	3.942663	32.302357	-58.576904	-48.646633	0.3	38185982	18518.13571381569
190	-42.607983	-42.607983	7.543176	-48.63857	4.01463	33.384563	-57.78786	-48.63816	0.6	38386991	18608.500388622284
191	-31.432938	-31.432938	3.4406106	-48.644127	3.9805598	28.167976	-58.21332	-48.643585	0.4	38587982	18700.201627254486
192	-46.16596	-46.16596	-0.60519755	-48.64633	3.9810002	36.884598	-58.129696	-48.645733	0.4	38788991	18791.931305646896
193	-35.50107	-35.50107	1.8478141	-48.628246	3.972738	30.265133	-56.527065	-48.628334	0.7	38989981	18884.848014354706
194	-28.941029	-28.941029	-15.090636	-48.629948	3.9534326	29.52951	-58.22415	-48.628925	0.4	39190985	18971.417593717575
195	-38.272663	-38.272663	-0.8973581	-48.609383	4.031138	36.964157	-58.290825	-48.608994	0.2	39391982	19064.420204162598
196	-40.241436	-40.241436	-27.823828	-48.634094	3.9557965	29.503487	-57.97816	-48.634182	0.6	39592984	19157.406290769577
197	-27.171175	-27.171175	-22.41234	-48.620415	3.998801	25.248217	-57.150795	-48.62031	0.6	39793985	19241.404314279556
198	-40.143604	-40.143604	6.2128663	-48.62613	3.965711	27.674011	-57.08025	-48.625576	0.3	39994981	19332.205510377884
199	-40.679085	-40.679085	-2.3567135	-48.618313	3.9737134	25.891006	-58.387604	-48.61791	0.3	40195987	19423.453330278397
200	-37.82367	-37.82367	-12.877122	-48.63533	3.9949791	34.731834	-57.879562	-48.63496	0.4	40396984	19518.119184970856
201	-35.481438	-35.481438	-38.4732	-48.62322	3.990233	30.231926	-58.48557	-48.623055	0.2	40597988	19609.26208782196
202	-35.712975	-35.712975	-0.53326	-48.615677	4.0131783	28.949493	-58.15803	-48.61483	0.4	40798991	19701.609880447388
203	-40.460052	-40.460052	-2.8756022	-48.622234	4.0064883	28.79447	-58.03358	-48.62163	0.6	40999986	19791.75056028366
204	-41.393394	-41.393394	0.44268873	-48.620556	3.9755306	32.262356	-59.687656	-48.620155	0.4	41200986	19879.5387840271
205	-41.152397	-41.152397	-6.8474226	-48.62354	3.9634862	29.329826	-59.432587	-48.62278	0.3	41401985	19968.265469789505
206	-40.0112	-40.0112	-2.8627949	-48.634167	3.9692996	35.044994	-57.730278	-48.63382	0.7	41602983	20059.69396519661
207	-49.59422	-49.59422	4.029424	-48.63823	3.9336922	41.484394	-57.00771	-48.638184	0.2	41803982	20156.305720806122
208	-29.802692	-29.802692	-0.54188854	-48.62068	3.9906206	30.987654	-57.80244	-48.62011	0.1	42004988	20243.594831943512
209	-36.7225	-36.7225	-4.409769	-48.625526	4.007495	26.249952	-58.39967	-48.625263	0.6	42205981	20329.197298765182
210	-29.264727	-29.264727	4.2303605	-48.628345	3.9634628	23.924997	-57.270042	-48.627865	0.4	42406983	20417.68842959404
211	-39.279915	-39.279915	4.3594837	-48.623936	3.9905658	37.08018	-57.09951	-48.623802	0.7	42607984	20504.98034095764
212	-41.204247	-41.204247	3.4147866	-48.63632	3.9596932	40.466164	-57.73808	-48.63641	0.5	42808987	20596.09388923645
213	-27.28562	-27.28562	-17.053299	-48.605743	4.0661883	32.512955	-58.204018	-48.6055	0.4	43009981	20688.496921539307
214	-30.188875	-30.188875	-24.40711	-48.613705	4.0355935	30.695656	-57.787777	-48.613163	0.3	43210990	20777.47341942787
215	-36.13034	-36.13034	4.71964	-48.605244	4.058015	28.017136	-56.84941	-48.604805	0.6	43411984	20867.838975191116
216	-41.43256	-41.43256	-29.015593	-48.619507	3.994498	33.385754	-58.497234	-48.61894	0.3	43612986	20959.70327425003
217	-37.3804	-37.3804	-29.674206	-48.603523	4.0278754	43.31831	-57.179447	-48.603424	0.4	43813983	21050.362326145172
218	-40.64817	-40.64817	-41.018276	-48.612217	4.0241995	29.617353	-57.681984	-48.611946	0.6	44014988	21142.399607896805
219	-34.39711	-34.39711	4.8615737	-48.620705	4.0016484	33.66167	-59.23575	-48.62037	0.3	44215991	21231.625269412994
220	-48.36454	-48.36454	-7.9003987	-48.626007	3.987287	36.31767	-60.477123	-48.626167	0.4	44416982	21328.507153987885
221	-40.52961	-40.52961	-2.0364184	-48.617424	4.0572634	29.502169	-59.908794	-48.616898	0.4	44617982	21420.445041179657
222	-36.82973	-36.82973	-5.848067	-48.621143	3.9914289	46.615017	-58.21321	-48.620903	0.3	44818983	21511.519515275955
223	-33.882294	-33.882294	9.236967	-48.62519	3.9763582	30.670795	-60.44657	-48.625267	0.4	45019985	21599.347210884094
224	-78.17343	-78.17343	6.579218	-48.59261	4.0800405	30.482925	-59.50829	-48.591896	0.4	45220981	21687.491431236267
225	-41.45494	-41.45494	-0.5449416	-48.618378	4.0037727	36.757206	-58.658443	-48.617725	0.4	45421986	21776.780383586884
226	-36.340214	-36.340214	5.871576	-48.62021	3.996967	24.911438	-58.107555	-48.620285	0.5	45622983	21866.22649550438
227	-45.3641	-45.3641	-8.556667	-48.604877	4.0381207	29.092411	-61.888233	-48.604435	0.4	45823983	21960.298764944077
228	-28.06692	-28.06692	-3.0261736	-48.632126	3.9776978	48.427372	-58.41378	-48.632027	0.4	46024991	22046.810420274734
229	-41.65907	-41.65907	2.511913	-48.617176	4.006458	37.453056	-58.826363	-48.61692	0.6	46225981	22137.260383605957
230	-38.767467	-38.767467	-0.63440806	-48.622166	3.979836	33.92762	-58.542873	-48.622044	0.2	46426991	22230.26580929756
231	-32.7807	-32.7807	-17.486282	-48.608097	4.0550494	28.114906	-57.927612	-48.608112	0.3	46627981	22315.442035913467
232	-36.190678	-36.190678	7.499982	-48.624275	3.952637	28.934462	-58.10718	-48.623856	0.4	46828991	22405.30531835556
233	-34.450176	-34.450176	-0.3147363	-48.619217	3.9886405	37.87565	-59.4828	-48.618828	0.3	47029981	22494.079352140427
234	-45.475224	-45.475224	9.3718605	-48.618942	4.030289	38.891727	-57.276535	-48.618954	0.5	47230983	22584.251315116882
235	-37.20319	-37.20319	1.529015	-48.615063	4.016976	30.159008	-57.92564	-48.61489	0.3	47431984	22675.313068151474
236	-22.249788	-22.249788	0.875342	-48.597862	4.0687194	45.075356	-58.115303	-48.5974	0.5	47632983	22763.47498178482
237	-27.272366	-27.272366	11.0931225	-48.601044	4.0212197	32.885456	-58.32184	-48.600822	0.5	47833984	22855.427587032318
238	-34.441048	-34.441048	-19.85154	-48.592903	4.038832	43.64123	-58.296078	-48.592422	0.3	48034984	22945.79152393341
239	-32.36951	-32.36951	-0.47461298	-48.58973	4.051777	30.574102	-57.946327	-48.589836	0.2	48235982	23039.373329162598
240	-33.161373	-33.161373	6.562819	-48.595722	3.9996107	44.906746	-57.359173	-48.595776	0.3	48436983	23127.226650476456
241	-43.31852	-43.31852	3.5750222	-48.588554	4.0584903	38.948437	-59.658337	-48.588337	0.2	48637991	23220.25918841362
242	-36.348984	-36.348984	-13.139581	-48.588516	4.03318	34.93157	-58.677567	-48.5878	0.4	48838989	23311.897926330566
243	-35.37735	-35.37735	-2.7997987	-48.59175	4.0457854	30.927696	-59.30626	-48.591526	0.4	49039985	23399.1234896183
244	-39.372448	-39.372448	-8.957386	-48.591057	4.068693	32.13805	-61.301086	-48.59063	0.5	49240983	23489.563024520874
245	-51.913063	-51.913063	-19.686495	-48.5935	4.0501723	37.85319	-58.817734	-48.593426	0.7	49441984	23585.815742731094
246	-36.772186	-36.772186	-28.316425	-48.591164	4.061203	27.489004	-56.170208	-48.591217	0.5	49642986	23675.171570062637
247	-30.789968	-30.789968	1.3531246	-48.58839	4.07907	35.119114	-58.05663	-48.588314	0.3	49843982	23764.344725847244
248	-41.405502	-41.405502	-5.3686996	-48.586803	4.072492	31.198643	-57.354034	-48.586533	0.3	50044985	23851.930857658386
249	-41.98191	-41.98191	-21.67875	-48.576614	4.0990386	29.118248	-60.231472	-48.57626	0.4	50245986	23943.675718784332
250	-38.847782	-38.847782	-29.342388	-48.596058	4.0949016	28.332445	-59.40131	-48.595806	0.2	50446991	24032.95428967476
251	-42.118027	-42.118027	4.0426445	-48.59651	4.0230827	39.328247	-60.363937	-48.596428	0.4	50647982	24122.901562929153
252	-39.547897	-39.547897	-10.556188	-48.57634	4.1029634	51.9764	-58.67879	-48.57612	0.5	50848989	24211.90109395981
253	-34.22118	-34.22118	-3.1167746	-48.58709	4.1018453	35.024063	-57.38887	-48.586617	0.8	51049983	24300.098191022873
254	-38.364006	-38.364006	-5.676772	-48.599224	3.9985054	34.03603	-61.778236	-48.59927	0.5	51250984	24390.57871222496
255	-34.585567	-34.585567	-28.586823	-48.575493	4.068681	35.635857	-58.89921	-48.575073	0.5	51451991	24482.352654218674
256	-41.53542	-41.53542	-5.487278	-48.6017	4.000787	43.057137	-60.23415	-48.601276	0.5	51652984	24571.815953969955
257	-40.20827	-40.20827	-10.020705	-48.581932	4.089749	34.089714	-58.471546	-48.581894	0.6	51853991	24663.93482708931
258	-51.59133	-51.59133	-23.959026	-48.591152	4.0295725	39.01803	-57.454357	-48.590706	0.6	52054982	24760.904151201248
259	-47.868965	-47.868965	-0.12046289	-48.605457	4.017483	32.106365	-57.874516	-48.605137	0.3	52255991	24851.705413103104
260	-38.746254	-38.746254	3.9858558	-48.585625	4.0936584	35.595272	-59.117905	-48.585636	0.3	52456985	24938.178942918777
261	-33.530296	-33.530296	-11.328195	-48.59771	4.056059	41.793488	-57.312973	-48.597057	0.4	52657983	25028.01342535019
262	-47.337677	-47.337677	1.2946546	-48.5876	4.081237	26.464733	-57.922234	-48.58693	0.6	52858982	25118.841974258423
263	-41.457714	-41.457714	4.707638	-48.591496	4.0483546	52.145443	-58.88806	-48.59201	0.3	53059981	25207.288414478302
264	-36.602833	-36.602833	4.427407	-48.571053	4.1604924	28.947916	-59.100357	-48.571003	0.2	53260984	25301.45407629013
265	-43.29158	-43.29158	-5.4032393	-48.587692	4.100033	30.168684	-59.733	-48.58684	0.3	53461985	25393.99580025673
266	-36.455482	-36.455482	4.016206	-48.597004	4.0369415	35.108387	-59.341637	-48.596832	0.7	53662987	25480.482112407684
267	-41.385674	-41.385674	-10.128347	-48.599434	4.068721	54.148563	-58.10713	-48.599133	0.8	53863991	25575.517777204514
268	-29.153303	-29.153303	4.0215545	-48.603535	4.0358744	31.294746	-57.44986	-48.60345	0.3	54064982	25663.183477163315
269	-36.605114	-36.605114	2.3509061	-48.596497	4.0433493	39.117012	-59.686195	-48.59639	0.4	54265981	25752.11502790451
270	-35.452435	-35.452435	-13.982215	-48.591152	4.071181	41.336876	-59.576084	-48.590866	0.7	54466991	25844.60461997986
271	-36.8195	-36.8195	-4.6615033	-48.587265	4.0577493	26.792236	-61.427258	-48.586483	0.5	54667990	25938.610595226288
272	-29.524805	-29.524805	-14.901697	-48.57559	4.1075892	37.934135	-60.159733	-48.575493	0.5	54868985	26030.838830947876
273	-35.085323	-35.085323	0.50667876	-48.565765	4.1402946	26.78065	-59.23225	-48.56553	0.4	55069985	26120.861006498337
274	-31.815367	-31.815367	6.5837	-48.572975	4.0946712	36.144833	-57.97891	-48.572132	0.5	55270983	26209.69685649872
275	-34.257206	-34.257206	-0.21082641	-48.58131	4.1056457	28.976656	-57.775066	-48.581482	0.1	55471988	26298.7683429718
276	-40.36778	-40.36778	-26.927288	-48.567375	4.11415	31.076517	-57.530212	-48.56713	0.3	55672984	26387.882720708847
277	-33.09272	-33.09272	2.012293	-48.568035	4.097735	46.276787	-59.258953	-48.568066	0.4	55873982	26475.34007549286
278	-43.939785	-43.939785	0.5634916	-48.575413	4.108671	25.91997	-57.878586	-48.57501	0.3	56074991	26572.71107840538
279	-31.80379	-31.80379	-11.194773	-48.57651	4.0681252	38.112587	-58.219036	-48.576046	0.6	56275984	26660.867837429047
280	-46.351982	-46.351982	8.944962	-48.570065	4.123714	43.782738	-58.266273	-48.570133	0.6	56476991	26753.151938199997
281	-39.09764	-39.09764	3.9985275	-48.593643	3.9977388	43.822945	-58.183327	-48.593754	0.5	56677991	26845.871946811676
282	-40.366405	-40.366405	-2.2838829	-48.580406	4.0381107	33.78365	-60.718136	-48.579723	0.3	56878981	26938.018409967422
283	-32.166725	-32.166725	4.1235194	-48.572056	4.1310277	33.611916	-59.53745	-48.57214	0.5	57079982	27024.82435631752
284	-43.72785	-43.72785	7.411259	-48.574486	4.085337	32.06715	-59.321453	-48.573803	0.3	57280981	27115.95294880867
285	-29.5305	-29.5305	6.7518005	-48.567772	4.1060686	29.807373	-59.781807	-48.567604	0.5	57481991	27205.66001391411
286	-33.42878	-33.42878	6.096375	-48.57308	4.0878572	38.223175	-57.458263	-48.573097	0.3	57682981	27292.8972928524
287	-31.333685	-31.333685	4.3676114	-48.559563	4.1637597	33.681953	-58.712814	-48.559082	0.5	57883986	27381.13268184662
288	-29.19573	-29.19573	4.3375926	-48.564663	4.1244636	47.93312	-62.536877	-48.564976	0.5	58084981	27467.135271787643
289	-39.223442	-39.223442	-5.2952795	-48.56963	4.120236	35.71238	-59.173283	-48.569546	0.2	58285991	27563.259979963303
290	-29.022348	-29.022348	6.6530213	-48.558384	4.149642	24.158405	-58.843487	-48.55795	0.5	58486982	27649.605800628662
291	-40.288338	-40.288338	5.7377315	-48.547714	4.148665	32.789	-57.630108	-48.547203	0.4	58687981	27735.887982845306
292	-43.74641	-43.74641	4.1437182	-48.56939	4.119404	34.79861	-59.08499	-48.56868	0.5	58888991	27829.719487190247
293	-19.595808	-19.595808	4.4231415	-48.55956	4.0708675	39.773556	-59.582214	-48.558884	0.4	59089983	27912.59763932228
294	-32.779804	-32.779804	2.2655885	-48.552464	4.117818	26.492826	-60.747665	-48.55222	0.4	59290981	27999.641922950745
295	-28.36859	-28.36859	-2.6296618	-48.53673	4.1470785	38.503544	-59.101627	-48.536766	0.5	59491983	28087.5751850605
296	-34.543533	-34.543533	-3.7342446	-48.551964	4.1190805	25.916239	-58.35695	-48.551704	0.7	59692983	28177.411820411682
297	-29.32816	-29.32816	4.620995	-48.545574	4.152968	36.797367	-58.651535	-48.544834	0.5	59893983	28268.25234770775
298	-30.54425	-30.54425	6.165033	-48.547222	4.127963	26.762451	-57.13459	-48.5469	0.3	60094982	28354.78328204155
299	-32.992382	-32.992382	-20.99402	-48.533295	4.140396	30.471302	-57.589718	-48.533157	0.5	60295986	28444.004106760025
300	-46.55404	-46.55404	-10.916556	-48.538708	4.1212964	33.88383	-59.80995	-48.537296	0.3	60496984	28540.538320064545
301	-31.55992	-31.55992	-13.741029	-48.535706	4.160127	31.98899	-59.618225	-48.53599	0.4	60697981	28627.2208173275
302	-32.31447	-32.31447	1.3124474	-48.538864	4.1532545	34.468952	-58.595776	-48.53822	0.7	60898987	28719.822583198547
303	-32.56345	-32.56345	-4.123186	-48.52401	4.233145	30.245543	-59.26472	-48.52403	0.5	61099981	28808.080155849457
304	-41.64865	-41.64865	6.6431026	-48.54229	4.1461816	33.512352	-59.78895	-48.54136	0.5	61300984	28897.92051243782
305	-28.283855	-28.283855	5.5802083	-48.534477	4.1849265	33.878445	-57.35984	-48.53414	0.7	61501984	28982.740817546844
306	-37.338512	-37.338512	-19.32906	-48.52825	4.1593113	27.49862	-57.263783	-48.527554	0.5	61702982	29072.79346346855
307	-43.140957	-43.140957	-33.034447	-48.517536	4.2142243	40.067135	-59.56973	-48.51739	0.2	61903981	29166.526595830917
308	-34.091156	-34.091156	1.2144873	-48.53901	4.160937	32.435226	-61.75439	-48.538635	0.5	62104983	29253.355394124985
309	-35.58189	-35.58189	7.62036	-48.547504	4.1278644	33.58121	-58.61948	-48.547176	0.5	62305981	29342.807292222977
310	-41.115566	-41.115566	-9.618171	-48.541042	4.117852	30.720856	-58.59602	-48.540142	0.4	62506984	29433.04935002327
311	-36.17387	-36.17387	7.4079514	-48.533348	4.1472354	31.167805	-58.968365	-48.532814	0.5	62707985	29523.485971450806
312	-40.96221	-40.96221	6.4137163	-48.533356	4.2032375	31.088413	-59.555054	-48.532967	0.7	62908987	29614.09379673004
313	-37.87994	-37.87994	8.599485	-48.531715	4.181455	37.0255	-57.545666	-48.53185	0.4	63109982	29698.94446873665
314	-39.613716	-39.613716	-1.8195903	-48.507713	4.2446213	46.91584	-61.01689	-48.507103	0.7	63310983	29791.822036981583
315	-47.80699	-47.80699	5.983614	-48.52681	4.182219	40.195133	-58.38063	-48.526585	0.4	63511986	29889.66908597946
316	-40.67604	-40.67604	-18.584148	-48.518642	4.228687	46.38409	-58.941864	-48.518093	0.3	63712981	29982.61240696907
317	-30.369473	-30.369473	7.7230177	-48.517254	4.2378817	31.187305	-59.024937	-48.51654	0.4	63913991	30073.08255147934
318	-36.600513	-36.600513	0.754475	-48.521618	4.203803	40.334446	-58.74624	-48.52057	0.4	64114983	30162.987547397614
319	-28.463757	-28.463757	1.819307	-48.50635	4.2462144	35.99012	-59.32292	-48.506184	0.5	64315982	30247.079000473022
320	-21.01496	-21.01496	-16.284742	-48.514942	4.219455	39.358006	-60.09997	-48.51451	0.4	64516983	30335.22549700737
321	-42.158615	-42.158615	-16.296467	-48.50699	4.2395906	47.392845	-59.144665	-48.50631	0.2	64717981	30421.42723083496
322	-41.626053	-41.626053	-29.994421	-48.501667	4.251283	36.329205	-58.180885	-48.501225	0.4	64918982	30514.69761109352
323	-27.297476	-27.297476	7.9242735	-48.51634	4.227696	39.54067	-58.386257	-48.51586	0.5	65119983	30603.6384203434
324	-35.396553	-35.396553	-3.624767	-48.49557	4.3005633	37.045277	-58.575848	-48.494904	0.5	65320984	30695.907987356186
325	-33.931915	-33.931915	-21.867426	-48.50783	4.2329807	36.56014	-58.44386	-48.507854	0.7	65521983	30784.858173131943
326	-32.35605	-32.35605	5.6508465	-48.50635	4.2428694	30.256178	-58.08008	-48.505505	0.8	65722981	30870.428216934204
327	-31.971495	-31.971495	4.2210317	-48.50741	4.217815	36.403103	-57.67507	-48.50698	0.5	65923981	30959.672649145126
328	-40.90569	-40.90569	-15.590915	-48.5081	4.2406225	37.200485	-58.405838	-48.5074	0.4	66124991	31054.526067256927
329	-35.515297	-35.515297	-17.304838	-48.50101	4.226926	34.515156	-58.514465	-48.500904	0.4	66325982	31144.93797969818
330	-45.821083	-45.821083	7.3935084	-48.502373	4.2413816	37.9228	-57.938705	-48.501404	0.6	66526984	31236.48649954796
331	-34.586594	-34.586594	5.952382	-48.508945	4.24563	32.79718	-58.573612	-48.508575	0.6	66727991	31327.469079494476
332	-38.100784	-38.100784	4.1453485	-48.480843	4.3201065	59.025078	-59.138016	-48.47948	0.5	66928991	31416.50120949745
333	-27.239582	-27.239582	-30.649473	-48.489025	4.277205	38.59685	-57.166645	-48.488605	0.5	67129984	31505.002645730972
334	-47.56439	-47.56439	7.4400706	-48.491367	4.270261	59.23253	-58.94589	-48.491062	0.4	67330988	31601.066092967987
335	-54.74506	-54.74506	-21.16735	-48.479073	4.285746	32.13768	-57.76156	-48.477993	0.6	67531984	31700.455852508545
336	-32.371708	-32.371708	3.8491096	-48.485565	4.30741	26.22832	-59.76684	-48.484856	0.4	67732982	31789.615131139755
337	-32.892563	-32.892563	-1.874859	-48.472816	4.3656435	30.71147	-61.289665	-48.47245	0.5	67933981	31879.92183995247
338	-39.83004	-39.83004	-18.022318	-48.490067	4.2735333	28.13097	-60.02762	-48.488792	0.4	68134985	31970.056875228882
339	-32.633755	-32.633755	0.94191206	-48.504044	4.2436314	33.723732	-58.689938	-48.503796	0.6	68335988	32060.739329099655
340	-31.01763	-31.01763	2.979244	-48.48638	4.264054	32.131016	-58.077633	-48.486095	0.6	68536990	32145.551379442215
341	-51.717373	-51.717373	-1.8671334	-48.480938	4.325394	35.70971	-58.485317	-48.48041	0.5	68737986	32246.108417749405
342	-32.08947	-32.08947	-16.022934	-48.493687	4.2538977	38.41319	-57.180412	-48.492672	0.6	68938983	32341.58200764656
343	-30.436047	-30.436047	-21.534819	-48.476242	4.3149023	32.716305	-56.75018	-48.475624	0.3	69139983	32430.99244427681
344	-39.275116	-39.275116	-6.7444015	-48.471844	4.3166857	33.250015	-60.364872	-48.47093	0.4	69340983	32523.07314181328
345	-37.14416	-37.14416	7.179238	-48.47841	4.2899632	29.498398	-58.78803	-48.477806	0.6	69541985	32614.28456568718
346	-42.307465	-42.307465	5.780029	-48.47741	4.305572	35.17919	-57.991222	-48.47638	0.2	69742983	32704.582349300385
347	-40.211533	-40.211533	-15.973132	-48.480717	4.2776685	35.130405	-58.529816	-48.479675	0.6	69943989	32803.32710337639
348	-35.64956	-35.64956	0.42932472	-48.467762	4.324601	41.217598	-65.279625	-48.46684	0.4	70144985	32889.24442458153
349	-33.628548	-33.628548	3.108799	-48.466442	4.357257	31.308073	-57.328403	-48.465973	0.6	70345981	32979.179512023926
350	-38.634556	-38.634556	-11.111983	-48.472626	4.352566	38.20477	-56.61131	-48.47187	0.4	70546981	33073.55293273926
351	-40.82663	-40.82663	-6.294916	-48.47831	4.294785	33.355923	-57.24151	-48.477554	0.7	70747982	33166.482491493225
352	-41.379406	-41.379406	3.2438004	-48.470303	4.328629	39.323544	-59.89192	-48.469578	0.3	70948991	33259.24472498894
353	-37.821125	-37.821125	-17.658756	-48.473778	4.368976	25.998272	-57.725132	-48.472908	0.6	71149981	33351.244566679
354	-30.94699	-30.94699	-18.42052	-48.462906	4.347026	29.284643	-57.129333	-48.461655	0.4	71350984	33438.95762395859
355	-42.028027	-42.028027	5.203259	-48.47117	4.3280044	40.52967	-60.55357	-48.470695	0.5	71551981	33530.53466916084
356	-35.8924	-35.8924	4.617916	-48.473312	4.3242817	31.12891	-58.174957	-48.472187	0.7	71752982	33619.785512924194
357	-48.96653	-48.96653	8.423551	-48.478287	4.322607	35.418026	-57.71716	-48.47693	0.6	71953987	33714.58735394478
358	-32.139793	-32.139793	5.9903917	-48.47598	4.28722	29.6137	-61.747326	-48.47533	0.8	72154985	33804.901245594025
359	-22.618925	-22.618925	9.476256	-48.472713	4.30884	29.740805	-61.335655	-48.47231	0.8	72355981	33888.31577920914
360	-38.3728	-38.3728	-11.688584	-48.4711	4.332314	37.880566	-58.371475	-48.470486	0.9	72556987	33978.92448115349
361	-39.277576	-39.277576	0.78943044	-48.46726	4.319212	29.97253	-59.7575	-48.46597	0.3	72757987	34073.42933297157
362	-33.2206	-33.2206	10.483262	-48.452732	4.359427	62.00556	-56.866985	-48.452183	0.5	72958987	34165.153406620026
363	-37.21136	-37.21136	0.07034195	-48.45322	4.322583	52.43705	-57.905735	-48.452106	0.7	73159991	34255.645649671555
364	-27.841265	-27.841265	-12.018573	-48.462555	4.2950764	37.118523	-60.156845	-48.46172	0.6	73360991	34343.84712958336
365	-46.23655	-46.23655	5.919818	-48.465218	4.342355	31.129292	-58.88402	-48.464294	0.3	73561983	34439.433230638504
366	-36.187187	-36.187187	-18.665422	-48.45258	4.381716	35.982193	-56.274853	-48.451508	0.8	73762981	34531.075912714005
367	-29.599342	-29.599342	6.4819045	-48.45372	4.3978205	62.32438	-57.63292	-48.453327	0.4	73963985	34622.635377407074
368	-37.91278	-37.91278	4.7128625	-48.463367	4.296721	61.663906	-56.420853	-48.46225	0.5	74164991	34710.41093826294
369	-39.39037	-39.39037	4.173855	-48.43907	4.373126	36.143784	-57.60909	-48.438057	0.4	74365982	34800.2026052475
370	-36.138405	-36.138405	-38.612297	-48.447636	4.3709273	33.31625	-56.76601	-48.4469	0.5	74566991	34889.909299612045
371	-22.792946	-22.792946	10.138965	-48.455414	4.372351	36.864037	-60.056854	-48.454636	0.8	74767986	34980.92011451721
372	-33.23281	-33.23281	2.8077369	-48.46384	4.3999615	30.983763	-58.768536	-48.46275	0.7	74968982	35066.25067663193
373	-37.813236	-37.813236	-11.089413	-48.45154	4.361202	28.586111	-58.062145	-48.449932	0.6	75169984	35157.6320438385
374	-35.418556	-35.418556	2.7398465	-48.441883	4.368587	30.653986	-56.915295	-48.442024	0.7	75370981	35245.74728536606
375	-34.205498	-34.205498	7.510274	-48.439926	4.409048	26.371328	-59.150703	-48.438473	0.4	75571988	35334.81054830551
376	-39.72036	-39.72036	5.017658	-48.44056	4.379694	28.062117	-57.885353	-48.43968	0.2	75772987	35427.54650139809
377	-34.66244	-34.66244	8.0832815	-48.450905	4.3264246	31.626423	-57.62418	-48.44982	0.4	75973984	35516.93404197693
378	-38.935646	-38.935646	-7.6244793	-48.447746	4.3768764	38.162857	-59.414574	-48.44633	0.6	76174991	35610.92612695694
379	-40.817177	-40.817177	-49.129272	-48.43814	4.394453	28.625332	-56.728794	-48.438225	0.6	76375991	35706.57249426842
380	-37.520966	-37.520966	5.7895246	-48.444233	4.3740683	29.94485	-56.792088	-48.443027	0.3	76576991	35793.52463507652
381	-44.03081	-44.03081	6.9949827	-48.443344	4.3858185	33.763626	-59.180668	-48.442482	0.5	76777984	35887.841826438904
382	-44.0095	-44.0095	-5.4390554	-48.439613	4.4258394	29.499973	-60.473724	-48.438457	0.6	76978982	35980.89633107185
383	-26.262161	-26.262161	0.19227982	-48.434128	4.401553	29.361004	-58.056313	-48.433594	0.3	77179986	36070.4727165699
384	-35.421738	-35.421738	2.5748365	-48.414684	4.469194	32.40633	-60.57856	-48.41319	0.4	77380988	36161.18129944801
385	-42.67236	-42.67236	3.0819547	-48.427597	4.4271126	25.139948	-59.347515	-48.42708	0.5	77581987	36258.27685594559
386	-47.68656	-47.68656	8.732607	-48.457962	4.324545	32.293278	-58.446526	-48.45726	0.3	77782989	36353.021312236786
387	-31.640615	-31.640615	-2.334752	-48.412033	4.465473	33.789974	-56.49497	-48.41125	0.4	77983991	36438.43683028221
388	-34.83732	-34.83732	1.7805359	-48.433216	4.408174	31.503937	-56.974777	-48.432617	0.4	78184991	36530.810376405716
389	-45.314144	-45.314144	4.0311694	-48.42067	4.424498	37.02072	-58.015755	-48.41921	0.4	78385981	36620.135083436966
390	-39.683033	-39.683033	-21.030672	-48.440014	4.375804	44.27652	-56.28473	-48.4397	0.5	78586983	36710.21196484566
391	-53.46035	-53.46035	6.701185	-48.432095	4.380705	28.832865	-58.56134	-48.431767	0.4	78787983	36802.58326148987
392	-37.68976	-37.68976	6.6617756	-48.43894	4.389319	29.634754	-56.572826	-48.43745	0.8	78988985	36895.63632059097
393	-32.90697	-32.90697	6.057854	-48.437065	4.411879	26.802317	-56.473022	-48.435646	0.7	79189985	36984.95882534981
394	-39.80505	-39.80505	2.1040363	-48.431705	4.40912	26.315598	-55.75975	-48.431293	0.2	79390989	37076.90602993965
395	-27.364119	-27.364119	0.7946532	-48.423622	4.4335895	39.30616	-57.660896	-48.422546	0.8	79591981	37162.37841296196
396	-47.64319	-47.64319	7.950105	-48.435005	4.4147277	28.972988	-59.20574	-48.43442	0.4	79792982	37253.43667602539
397	-31.863274	-31.863274	5.0705876	-48.43893	4.4172897	49.69086	-57.86785	-48.43828	0.4	79993991	37342.67716002464
398	-33.602066	-33.602066	1.3555212	-48.418247	4.47294	32.86656	-58.9589	-48.4173	0.6	80194984	37429.382630586624
399	-34.5085	-34.5085	6.325954	-48.426666	4.445623	32.09808	-57.609745	-48.426197	0.5	80395982	37517.15626168251
400	-34.18991	-34.18991	-23.575886	-48.425564	4.479308	25.569887	-57.499374	-48.42465	0.4	80596982	37613.882217645645
401	-21.896008	-21.896008	-16.898544	-48.403877	4.5020905	38.919777	-58.253696	-48.40306	0.6	80797982	37701.00184178352
402	-47.851944	-47.851944	6.8557143	-48.427788	4.435029	28.861382	-58.54875	-48.426807	0.6	80998986	37796.53135752678
403	-34.25655	-34.25655	2.5034864	-48.429188	4.444094	36.389927	-56.89787	-48.42842	0.4	81199984	37887.19751524925
404	-31.593462	-31.593462	-1.271192	-48.42075	4.446784	28.63599	-57.67885	-48.419838	0.7	81400991	37976.78080511093
405	-28.507275	-28.507275	6.9993453	-48.417763	4.4813533	31.226128	-56.869415	-48.417747	0.5	81601982	38065.7511985302
406	-26.071604	-26.071604	9.522565	-48.41866	4.4644914	33.673393	-57.67088	-48.416607	0.5	81802984	38154.58413934708
407	-31.741917	-31.741917	-0.48137656	-48.416874	4.4623013	35.09663	-57.57168	-48.416664	0.6	82003981	38243.45904946327
408	-31.259638	-31.259638	11.346516	-48.413708	4.4708347	54.68126	-57.303814	-48.41318	1.0	82204991	38333.924300432205
409	-42.28624	-42.28624	-21.53269	-48.392017	4.535266	26.780622	-59.819305	-48.391308	0.4	82405985	38422.86686348915
410	-39.81259	-39.81259	4.090363	-48.401558	4.511633	30.932755	-56.091496	-48.400837	0.4	82606985	38508.63217186928
411	-42.699284	-42.699284	1.5824177	-48.391964	4.5314045	32.554386	-57.38093	-48.390995	0.6	82807983	38598.77962970734
412	-41.99392	-41.99392	6.309888	-48.404343	4.4994655	43.25289	-58.340424	-48.402954	0.7	83008984	38691.08575749397
413	-33.84402	-33.84402	-20.84575	-48.400116	4.508322	42.175873	-57.108337	-48.399944	0.5	83209987	38783.055175065994
414	-31.170933	-31.170933	5.838077	-48.40152	4.4922466	29.80453	-56.410652	-48.40063	0.3	83410982	38871.41370224953
415	-35.727127	-35.727127	7.2754726	-48.42425	4.497089	47.245163	-57.593513	-48.423534	0.3	83611986	38959.15124320984
416	-33.14093	-33.14093	1.1333646	-48.403534	4.5169992	32.45846	-57.346264	-48.40257	0.6	83812982	39043.06940817833
417	-32.43969	-32.43969	9.3158045	-48.406483	4.50097	29.24327	-59.182743	-48.406364	0.7	84013991	39132.218905210495
418	-30.767372	-30.767372	3.1613517	-48.411266	4.5113063	39.778778	-57.957386	-48.410007	0.6	84214981	39223.00788426399
419	-38.935757	-38.935757	7.0726547	-48.40891	4.516851	31.452116	-59.58192	-48.40762	0.6	84415988	39313.04844379425
420	-37.32595	-37.32595	5.874841	-48.401733	4.512004	34.17664	-57.267883	-48.400803	0.6	84616981	39401.54293560982
421	-36.0857	-36.0857	0.6526674	-48.41295	4.4921947	35.10089	-58.566494	-48.41274	0.7	84817991	39493.34206008911
422	-40.30858	-40.30858	-2.142598	-48.39838	4.5448933	34.440727	-59.63303	-48.397423	0.4	85018989	39581.46141886711
423	-22.104782	-22.104782	8.373361	-48.396816	4.5508494	32.99884	-57.697296	-48.39617	0.5	85219991	39674.918132543564
424	-35.70737	-35.70737	3.919462	-48.39853	4.5344715	77.663734	-57.082996	-48.397057	0.5	85420983	39767.327452898026
425	-36.264515	-36.264515	-1.0796772	-48.390465	4.555999	33.597534	-57.26603	-48.39002	0.6	85621983	39858.42631030083
426	-26.065588	-26.065588	5.6173244	-48.381992	4.5929613	31.817629	-57.323296	-48.380898	0.5	85822982	39943.68059825897
427	-35.01297	-35.01297	3.9438126	-48.414074	4.4637675	38.53088	-58.39928	-48.41346	0.1	86023982	40033.409512043
428	-45.076263	-45.076263	9.964696	-48.412823	4.529963	34.740425	-59.078205	-48.411777	0.6	86224991	40129.42328453064
429	-38.784252	-38.784252	9.82908	-48.40403	4.4890904	30.026308	-58.848602	-48.40298	0.7	86425984	40221.89474582672
430	-38.059093	-38.059093	7.980841	-48.39628	4.5315604	35.568336	-56.40757	-48.396	0.5	86626983	40312.733011722565
431	-43.625843	-43.625843	3.6528435	-48.39012	4.580874	50.097496	-57.771496	-48.38955	0.4	86827983	40401.79037952423
432	-33.582287	-33.582287	9.893365	-48.39017	4.5812373	40.24028	-59.036396	-48.38932	0.8	87028981	40493.74791431427
433	-38.608334	-38.608334	1.4497571	-48.414623	4.5119443	46.542484	-58.21035	-48.413227	0.6	87229986	40580.67855477333
434	-41.98767	-41.98767	7.9389343	-48.40635	4.5747814	38.5493	-60.316593	-48.40623	0.5	87430983	40673.1467730999
435	-50.1578	-50.1578	6.5485005	-48.394962	4.5594625	28.586119	-59.86857	-48.393894	0.8	87631987	40763.544313430786
436	-22.56155	-22.56155	-6.9959064	-48.380135	4.64229	28.872023	-57.709057	-48.37931	0.4	87832987	40851.544407367706
437	-30.357546	-30.357546	-7.625464	-48.400986	4.54173	32.154697	-60.37605	-48.39977	0.6	88033987	40943.39740562439
438	-29.15352	-29.15352	7.5474215	-48.386723	4.5539966	33.37462	-58.11839	-48.386272	0.6	88234982	41033.39280247688
439	-30.870773	-30.870773	8.409265	-48.38761	4.6036696	40.275364	-60.794315	-48.386497	0.6	88435984	41119.56634044647
440	-41.96294	-41.96294	0.2736274	-48.38206	4.578503	35.777203	-57.961147	-48.38133	0.4	88636981	41209.85668182373
441	-35.914547	-35.914547	4.744979	-48.380398	4.605633	41.397266	-59.430344	-48.379505	0.6	88837982	41299.68853139877
442	-31.54412	-31.54412	2.9862335	-48.37301	4.620081	42.1003	-58.55148	-48.372337	0.7	89038982	41387.486132860184
443	-27.626808	-27.626808	5.1573405	-48.386726	4.5924134	32.15703	-57.09934	-48.385555	0.8	89239984	41473.011798381805
444	-36.00702	-36.00702	-1.861826	-48.37428	4.6495852	28.958235	-59.124428	-48.373383	0.8	89440991	41561.56806063652
445	-36.04701	-36.04701	3.4041395	-48.385033	4.6056404	29.568419	-58.50129	-48.383995	0.6	89641982	41650.73910355568
446	-22.086952	-22.086952	4.5568776	-48.373028	4.6289425	27.368578	-58.726444	-48.372715	0.7	89842984	41736.79689145088
447	-23.056969	-23.056969	4.0841722	-48.394604	4.582438	34.19757	-59.375633	-48.393448	0.6	90043982	41817.86434841156
448	-37.352764	-37.352764	6.9165983	-48.383022	4.5661306	38.301163	-56.552025	-48.382015	0.7	90244983	41904.63392138481
449	-46.25966	-46.25966	-7.6259017	-48.371967	4.616551	28.72805	-57.097225	-48.371372	0.5	90445985	41997.91239333153
450	-45.762978	-45.762978	1.3917352	-48.387333	4.582452	36.990166	-57.09446	-48.38651	0.3	90646987	42087.0185110569
451	-27.871754	-27.871754	-8.07035	-48.383514	4.584814	39.183395	-57.750843	-48.382816	0.5	90847991	42172.871794223785
452	-32.4366	-32.4366	3.4803674	-48.37584	4.5995255	28.43112	-60.429657	-48.375084	0.2	91048982	42261.161078214645
453	-40.578617	-40.578617	6.234749	-48.380722	4.591294	33.61166	-56.673813	-48.380253	0.5	91249984	42359.54672050476
454	-33.363583	-33.363583	9.595412	-48.372997	4.6465535	54.999634	-57.696884	-48.372433	0.4	91450991	42451.009231090546
455	-31.457006	-31.457006	-8.186852	-48.369534	4.645821	43.321404	-57.518787	-48.36756	0.7	91651984	42541.398544073105
456	-24.975492	-24.975492	-17.467299	-48.377926	4.578182	30.70545	-58.566353	-48.37729	0.8	91852986	42625.636003017426
457	-40.94225	-40.94225	6.124098	-48.35157	4.691724	30.110676	-58.475178	-48.35039	0.7	92053981	42717.06002187729
458	-32.391827	-32.391827	7.5697694	-48.36599	4.638058	37.852604	-60.214207	-48.365086	0.6	92254983	42808.80127096176
459	-21.943726	-21.943726	5.5086675	-48.379105	4.5830746	33.830414	-59.51599	-48.379097	0.6	92455991	42903.08470630646
460	-38.19981	-38.19981	0.5160782	-48.369892	4.6135845	28.18152	-57.428505	-48.36881	0.4	92656982	42994.95374536514
461	-35.884377	-35.884377	4.793632	-48.37457	4.6421843	48.712746	-59.63529	-48.37436	0.3	92857991	43081.88501882553
462	-22.724802	-22.724802	6.0240526	-48.356907	4.645072	56.065872	-58.62061	-48.355377	0.3	93058981	43165.323304891586
463	-26.826075	-26.826075	5.6475034	-48.35333	4.643568	32.87577	-57.900364	-48.35283	0.5	93259988	43251.243745326996
464	-27.114378	-27.114378	2.5036273	-48.36891	4.6233687	30.525764	-57.8884	-48.368465	0.2	93460982	43339.55052113533
465	-31.186296	-31.186296	-11.059109	-48.343807	4.695925	33.911034	-57.772823	-48.342636	0.8	93661982	43427.72601866722
466	-36.53044	-36.53044	5.6031666	-48.348953	4.691809	29.606462	-58.438534	-48.34792	0.4	93862983	43515.365012168884
467	-36.937206	-36.937206	3.7601202	-48.36432	4.6176047	39.703197	-57.633984	-48.363777	0.6	94063982	43603.85628247261
468	-40.263535	-40.263535	4.7689996	-48.35577	4.6912894	36.622356	-58.806797	-48.354694	0.4	94264984	43694.44652414322
469	-42.107613	-42.107613	3.1506836	-48.341232	4.6962237	28.241873	-58.091	-48.34023	0.7	94465991	43785.9269490242
470	-36.916378	-36.916378	2.2961845	-48.360348	4.672577	38.074272	-60.173313	-48.359993	0.5	94666991	43877.18537116051
471	-32.77342	-32.77342	8.390062	-48.356823	4.6154	28.26222	-56.940323	-48.355682	0.7	94867991	43969.03037452698
472	-33.002323	-33.002323	-22.878508	-48.352493	4.6265945	33.692223	-56.804836	-48.352055	0.5	95068985	44058.146243572235
473	-45.388813	-45.388813	4.064835	-48.35407	4.6656466	31.80846	-58.120304	-48.353302	0.5	95269984	44152.21791267395
474	-28.389936	-28.389936	8.108206	-48.352444	4.676326	32.519688	-57.70716	-48.351326	0.6	95470988	44241.83271098137
475	-39.71971	-39.71971	-17.56765	-48.349068	4.675815	34.74973	-57.602993	-48.347874	0.2	95671985	44332.41895031929
476	-40.389137	-40.389137	-5.0471416	-48.358612	4.6168	42.256657	-58.25061	-48.358013	0.6	95872982	44427.73891925812
477	-29.39664	-29.39664	8.364093	-48.346806	4.7190104	61.635967	-57.885113	-48.345757	0.6	96073991	44518.4551281929
478	-36.752914	-36.752914	6.6499257	-48.349865	4.658165	34.14263	-57.422516	-48.348755	0.8	96274987	44611.84035849571
479	-30.740374	-30.740374	3.1473646	-48.345543	4.687647	30.568645	-57.871906	-48.345566	0.6	96475991	44699.27800345421
480	-32.156532	-32.156532	6.156019	-48.335262	4.6620297	33.069435	-57.872433	-48.333782	0.5	96676986	44789.17288994789
481	-27.813332	-27.813332	2.867357	-48.340763	4.652978	39.69383	-57.375984	-48.339718	0.6	96877982	44877.72529435158
482	-39.364357	-39.364357	8.055993	-48.3497	4.677371	30.88807	-59.654285	-48.348583	0.9	97078987	44968.04106426239
483	-42.183315	-42.183315	-14.961062	-48.343346	4.709419	33.544693	-57.141335	-48.34249	0.7	97279985	45061.9586956501
484	-39.394325	-39.394325	7.8166027	-48.336338	4.7362328	32.247295	-57.720318	-48.33601	0.5	97480986	45153.0816013813
485	-31.479395	-31.479395	-14.615595	-48.349613	4.698251	30.483055	-57.755497	-48.347603	0.5	97681981	45246.178023815155
486	-41.831436	-41.831436	10.615106	-48.346455	4.7229695	27.592813	-58.507122	-48.345352	0.7	97882991	45339.10772061348
487	-30.509754	-30.509754	6.0630717	-48.343075	4.6678524	44.583195	-56.85141	-48.34251	0.3	98083990	45428.124276161194
488	-36.290672	-36.290672	5.1825747	-48.34831	4.679799	23.143436	-57.33051	-48.346672	0.8	98284991	45516.90735530853
489	-30.251709	-30.251709	4.9532995	-48.347122	4.6607084	29.002844	-57.825592	-48.34662	0.3	98485984	45606.62062191963
490	-37.24527	-37.24527	4.806668	-48.34056	4.6780934	25.706095	-56.84748	-48.339684	0.5	98686982	45694.41668486595
491	-35.148083	-35.148083	-4.668506	-48.34651	4.6966624	31.09549	-55.983646	-48.345375	0.6	98887987	45784.06127476692
492	-38.862476	-38.862476	3.7614348	-48.33981	4.703381	39.339787	-57.544266	-48.33925	0.4	99088984	45870.9602701664
493	-36.651424	-36.651424	7.473915	-48.339497	4.6916747	33.091175	-58.507023	-48.338467	0.6	99289981	45961.14172458649
494	-33.84893	-33.84893	4.7755547	-48.350315	4.6735067	33.229572	-57.219975	-48.349678	0.7	99490991	46050.68511080742
495	-33.999397	-33.999397	8.073438	-48.341267	4.69941	27.960226	-57.1589	-48.339977	0.7	99691981	46139.31288146973
496	-34.51677	-34.51677	3.5898032	-48.335983	4.696228	41.460144	-57.202316	-48.33515	0.3	99892988	46234.72837281227
497	-43.9658	-43.9658	9.273541	-48.34924	4.7016435	32.835224	-58.563904	-48.34907	0.7	100093987	46330.58278799057
498	-28.979874	-28.979874	9.363606	-48.336983	4.716563	24.26632	-57.5499	-48.33584	0.6	100294987	46417.75043773651
499	-31.889412	-31.889412	10.130989	-48.32031	4.7328815	36.400978	-58.538754	-48.319237	0.6	100495982	46505.79927802086
