Epoch	EpRet	EpRealRet	TestEpRet	AverageQ1	StdQ1	MaxQ1	MinQ1	Q2	TestSuccess	TotalEnvInteracts	TotalTime
0	-70.36575	-70.36575	-39.437492	-48.10953	7.1586075	0.0075636283	-54.91567	-48.03036	0.0	196983	28.24302387237549
1	-63.355236	-63.355236	0.0	-49.983166	0.12929407	-48.828197	-50.70598	-49.983044	0.0	397982	57.185301542282104
2	-58.94012	-58.94012	0.0	-49.98997	0.10564894	-48.585194	-50.462437	-49.989967	0.0	598987	86.39677309989929
3	-46.17576	-46.17576	0.0	-49.989025	0.123053506	-48.19502	-50.727524	-49.989006	0.0	799981	115.90823888778687
4	-59.56261	-59.56261	0.0	-49.98624	0.1365085	-48.019543	-50.97394	-49.98624	0.0	1000983	145.78696155548096
5	-52.849346	-52.849346	0.0	-49.9886	0.13916077	-47.82554	-50.652126	-49.988617	0.0	1201981	176.41154885292053
6	-62.304	-62.304	0.0	-49.990623	0.13213876	-47.76098	-50.75901	-49.99059	0.0	1402983	207.78453493118286
7	-51.658745	-51.658745	0.0	-49.99186	0.12981924	-47.669296	-50.817127	-49.99188	0.0	1603983	240.05913424491882
8	-66.54423	-66.54423	0.0	-49.992645	0.12672403	-47.775707	-51.954136	-49.99266	0.0	1804981	272.4325792789459
9	-70.86749	-70.86749	-25.498335	-49.99362	0.11954086	-47.814144	-50.937305	-49.993587	0.0	2005982	305.7129051685333
10	-63.115257	-63.115257	0.0	-49.994164	0.11433218	-47.86065	-50.774	-49.994167	0.0	2206981	339.069655418396
11	-53.546032	-53.546032	0.0	-49.994404	0.108108506	-48.026375	-50.458954	-49.99446	0.0	2407981	372.5410749912262
12	-59.630768	-59.630768	-60.472355	-49.994663	0.10656262	-48.13411	-50.53811	-49.99467	0.0	2608981	406.40796661376953
13	-60.921207	-60.921207	0.0	-49.990543	0.16081795	-44.734196	-51.0346	-49.990555	0.0	2809981	440.74056792259216
14	-47.346905	-47.346905	0.0	-49.9819	0.29064733	-39.980312	-51.52299	-49.98186	0.0	3010981	476.05116629600525
15	-45.046654	-45.046654	0.0	-49.98037	0.43842503	-33.65533	-53.472027	-49.98036	0.0	3211981	511.11804723739624
16	-48.699886	-48.699886	0.0	-49.982483	0.47141188	-32.439003	-51.405796	-49.982536	0.0	3412981	546.9231278896332
17	-46.719803	-46.719803	0.0	-49.982525	0.48292112	-32.08261	-50.94173	-49.98253	0.0	3613981	582.7077348232269
18	-43.814816	-43.814816	0.0	-49.982273	0.48913375	-31.905592	-50.72998	-49.98223	0.0	3814981	618.418933391571
19	-52.068703	-52.068703	0.0	-49.983284	0.47594973	-31.948519	-51.095234	-49.983322	0.0	4015983	653.7836816310883
20	-47.39704	-47.39704	0.0	-49.98506	0.45042992	-32.013176	-50.702576	-49.985073	0.0	4216981	690.0206820964813
21	-48.201645	-48.201645	0.0	-49.985237	0.42619097	-31.862305	-50.660534	-49.98522	0.0	4417983	726.2348794937134
22	-42.929115	-42.929115	0.0	-49.98419	0.4462879	-31.64118	-50.57858	-49.984207	0.0	4618981	762.1421067714691
23	-40.031532	-40.031532	0.0	-49.985054	0.4284774	-31.647467	-50.481472	-49.985077	0.0	4819981	799.0914123058319
24	-44.2418	-44.2418	0.0	-49.984596	0.4429475	-31.358238	-50.507088	-49.984577	0.0	5020982	836.0137226581573
25	-43.948917	-43.948917	0.0	-49.986046	0.41167444	-31.513918	-50.5486	-49.986046	0.0	5221981	873.6472361087799
26	-39.342426	-39.342426	0.0	-49.98566	0.38871992	-31.471928	-50.53381	-49.985687	0.0	5422984	911.0765719413757
27	-39.497185	-39.497185	0.0	-49.98558	0.3965486	-31.870834	-50.847633	-49.985584	0.0	5623981	947.9512364864349
28	-50.372013	-50.372013	0.0	-49.98531	0.4088062	-30.878899	-50.59469	-49.985275	0.0	5824981	986.3110198974609
29	-42.396236	-42.396236	0.0	-49.98609	0.39738792	-31.339756	-50.630383	-49.9861	0.0	6025981	1024.730043888092
30	-39.258396	-39.258396	0.0	-49.987083	0.37940872	-30.902807	-50.63911	-49.987103	0.0	6226981	1062.7177844047546
31	-40.456375	-40.456375	0.0	-49.98826	0.35446012	-30.237186	-50.4457	-49.988266	0.0	6427982	1100.5757343769073
32	-40.570896	-40.570896	0.0	-49.986397	0.4002306	-30.600718	-50.43455	-49.98642	0.0	6628981	1139.0982782840729
33	-39.236473	-39.236473	0.0	-49.988033	0.36634836	-31.119953	-50.45401	-49.988014	0.0	6829981	1176.4849681854248
34	-41.92957	-41.92957	0.0	-49.987637	0.3770862	-30.177368	-50.534748	-49.987648	0.0	7030981	1215.7739191055298
35	-39.794262	-39.794262	0.0	-49.98815	0.37074828	-30.066832	-50.47886	-49.98815	0.0	7231981	1254.3848497867584
36	-39.707714	-39.707714	0.0	-49.986576	0.3638632	-31.328299	-50.677204	-49.98656	0.0	7432981	1294.3540124893188
37	-47.02742	-47.02742	0.0	-49.985134	0.37274998	-30.352066	-50.51689	-49.98517	0.0	7633981	1335.261001110077
38	-42.39827	-42.39827	0.0	-49.98557	0.36890286	-30.194218	-50.477623	-49.98553	0.0	7834981	1374.8560593128204
39	-40.881397	-40.881397	0.0	-49.986362	0.35085636	-31.528942	-50.485897	-49.986374	0.0	8035981	1413.7703032493591
40	-50.327072	-50.327072	0.0	-49.985577	0.3533156	-29.815865	-50.79437	-49.985554	0.0	8236981	1453.5784800052643
41	-41.56166	-41.56166	0.0	-49.98671	0.33581018	-31.377045	-50.514427	-49.986702	0.0	8437981	1493.1627640724182
42	-45.218964	-45.218964	4.566008	-49.982597	0.33763963	-30.559874	-50.772083	-49.9826	0.0	8638981	1532.3405323028564
43	-53.2576	-53.2576	5.6410136	-49.98185	0.3270463	-30.91107	-50.6225	-49.981834	0.0	8839981	1571.577005147934
44	-61.883263	-61.883263	-4.3509893	-49.982113	0.33959705	-31.228207	-50.779232	-49.982132	0.0	9040982	1611.0625791549683
45	-55.13646	-55.13646	0.0	-49.97711	0.3270434	-28.927954	-51.548065	-49.977142	0.0	9241981	1651.6828689575195
46	-61.54835	-61.54835	-3.6825614	-49.97331	0.35481185	-31.19008	-50.90544	-49.973312	0.0	9442981	1692.5177009105682
47	-48.04199	-48.04199	7.1917973	-49.975296	0.35355964	-31.513315	-50.787403	-49.9753	0.0	9643981	1733.1763761043549
48	-50.263546	-50.263546	-2.8593543	-49.97413	0.37204152	-30.706877	-51.153065	-49.97416	0.0	9844981	1773.2564144134521
49	-46.779625	-46.779625	7.177992	-49.974277	0.3484399	-29.810194	-50.88445	-49.97427	0.0	10045981	1812.2805814743042
50	-57.096268	-57.096268	-2.6490386	-49.97405	0.34302145	-30.902538	-50.995705	-49.97405	0.0	10246982	1852.4409139156342
51	-43.73076	-43.73076	7.614784	-49.97029	0.351998	-31.008785	-50.991867	-49.970287	0.0	10447981	1893.6540386676788
52	-60.728683	-60.728683	-32.816586	-49.966522	0.35111094	-29.105762	-51.58856	-49.966602	0.0	10648982	1933.3064267635345
53	-60.647858	-60.647858	-6.6631546	-49.964073	0.37667078	-29.666294	-51.373066	-49.964073	0.0	10849982	1972.2657475471497
54	-54.353447	-54.353447	-48.852943	-49.96317	0.3678842	-30.080175	-51.4945	-49.96316	0.0	11050982	2014.0002851486206
55	-53.224003	-53.224003	-31.21298	-49.963615	0.3682187	-29.440493	-51.07717	-49.963722	0.0	11251981	2053.701733827591
56	-59.392803	-59.392803	7.8478913	-49.962883	0.37540075	-29.541021	-51.261883	-49.962883	0.0	11452982	2092.8915956020355
57	-57.50382	-57.50382	7.8939266	-49.959778	0.37809777	-29.790802	-51.05311	-49.959812	0.0	11653981	2133.6356773376465
58	-51.171524	-51.171524	7.7091603	-49.96036	0.37140784	-29.412542	-52.329773	-49.96043	0.0	11854981	2173.655117034912
59	-48.49388	-48.49388	7.7703686	-49.957355	0.40600154	-29.682076	-51.43048	-49.95733	0.0	12055982	2214.0734305381775
60	-57.7142	-57.7142	7.247449	-49.95728	0.38805768	-30.294865	-51.0992	-49.957344	0.0	12256982	2255.6311206817627
61	-61.249405	-61.249405	-31.115181	-49.957268	0.40425062	-29.695435	-50.97856	-49.9573	0.0	12457981	2297.4070253372192
62	-62.52356	-62.52356	-7.192887	-49.95331	0.40851414	-30.712688	-50.98714	-49.953316	0.0	12658982	2338.960372686386
63	-50.163795	-50.163795	7.836438	-49.950207	0.41591364	-28.725424	-51.137627	-49.95023	0.0	12859981	2378.472883462906
64	-58.550953	-58.550953	7.527596	-49.94872	0.41694182	-30.810518	-51.206814	-49.948654	0.0	13060987	2419.8834862709045
65	-61.304123	-61.304123	7.8299575	-49.94512	0.44530532	-29.207848	-51.30231	-49.9452	0.0	13261984	2461.421717643738
66	-53.781734	-53.781734	1.5222818	-49.94514	0.43592265	-30.490658	-51.314392	-49.945137	0.0	13462981	2501.307923078537
67	-53.938263	-53.938263	7.5570283	-49.94421	0.44861633	-30.595785	-51.36518	-49.94423	0.0	13663981	2540.9224829673767
68	-44.902363	-44.902363	7.6839824	-49.944317	0.45634922	-30.319511	-51.229454	-49.94433	0.0	13864981	2581.628104686737
69	-54.013515	-54.013515	7.885307	-49.94241	0.46063504	-30.79665	-51.580082	-49.942383	0.0	14065982	2622.486895799637
70	-59.148224	-59.148224	7.7986116	-49.940083	0.47320694	-31.191196	-51.41716	-49.94009	0.0	14266981	2662.799140930176
71	-53.88502	-53.88502	2.0495331	-49.938293	0.48195192	-30.117027	-51.378986	-49.93832	0.0	14467981	2703.752811908722
72	-52.18793	-52.18793	7.968329	-49.93602	0.49253651	-30.710546	-51.308636	-49.935944	0.0	14668981	2744.7872490882874
73	-57.179283	-57.179283	7.758395	-49.93223	0.52068186	-30.407768	-51.35459	-49.93238	0.0	14869981	2785.6249454021454
74	-62.130928	-62.130928	7.6986217	-49.9355	0.5028297	-29.810064	-51.52946	-49.935425	0.0	15070982	2827.7381081581116
75	-66.31834	-66.31834	7.730421	-49.933052	0.5231852	-30.80239	-51.45511	-49.933067	0.0	15271981	2869.1137261390686
76	-50.155685	-50.155685	7.828279	-49.931744	0.5391016	-30.188223	-51.5395	-49.931686	0.0	15472981	2909.027240037918
77	-57.752125	-57.752125	7.7139745	-49.932255	0.53768414	-29.822262	-51.611126	-49.932243	0.0	15673982	2950.337866306305
78	-54.224575	-54.224575	7.33087	-49.930862	0.54566234	-30.61384	-52.005527	-49.930855	0.0	15874984	2989.6777913570404
79	-54.26063	-54.26063	7.6402965	-49.929207	0.5550383	-30.503868	-51.774376	-49.929188	0.0	16075982	3031.515507221222
80	-57.62937	-57.62937	7.780322	-49.93041	0.5501937	-30.210646	-51.561264	-49.93039	0.0	16276981	3072.5561277866364
81	-53.688824	-53.688824	7.8456635	-49.930477	0.55141556	-28.765194	-53.55888	-49.930515	0.0	16477982	3115.1442852020264
82	-57.624744	-57.624744	-0.04735375	-49.929935	0.5601264	-30.568773	-51.926064	-49.929848	0.0	16678981	3154.5871522426605
83	-53.266014	-53.266014	1.5718788	-49.92881	0.56833786	-30.069853	-51.579	-49.928856	0.0	16879981	3195.8173446655273
84	-51.41172	-51.41172	-18.880512	-49.9283	0.5657302	-30.335716	-51.46735	-49.928352	0.0	17080982	3236.9384727478027
85	-54.387245	-54.387245	13.112243	-49.925785	0.5725028	-29.33154	-51.48682	-49.92578	0.0	17281981	3280.0126502513885
86	-56.533092	-56.533092	12.956405	-49.9242	0.5842167	-29.999561	-51.538925	-49.924152	0.0	17482982	3320.3064506053925
87	-59.900913	-59.900913	13.430987	-49.924976	0.5827632	-30.606321	-51.63075	-49.92504	0.0	17683981	3361.208702325821
88	-50.90227	-50.90227	13.107519	-49.925457	0.58502233	-29.964142	-52.279682	-49.92537	0.0	17884984	3403.3993990421295
89	-61.186825	-61.186825	13.043153	-49.92338	0.5898528	-30.158113	-51.767265	-49.92341	0.0	18085982	3443.1369001865387
90	-48.235	-48.235	12.031396	-49.92566	0.5836792	-30.411963	-51.69484	-49.925644	0.0	18286982	3485.5728499889374
91	-60.49233	-60.49233	12.705755	-49.925026	0.58763146	-30.02845	-52.034904	-49.925045	0.0	18487982	3527.41970539093
92	-59.960182	-59.960182	7.7582946	-49.9253	0.57876515	-29.737677	-51.587475	-49.925312	0.0	18688981	3568.9075236320496
93	-46.37414	-46.37414	12.131698	-49.92656	0.5774478	-29.546516	-51.98249	-49.926525	0.0	18889982	3611.192580461502
94	-50.407887	-50.407887	11.449258	-49.926315	0.57284856	-30.61753	-51.8214	-49.926353	0.0	19090985	3653.350656747818
95	-50.928654	-50.928654	12.823399	-49.92365	0.5836928	-29.373522	-51.700817	-49.92362	0.0	19291981	3694.6511142253876
96	-48.66019	-48.66019	12.46334	-49.92241	0.59082234	-29.511572	-51.64645	-49.92242	0.0	19492981	3736.339929819107
97	-47.818512	-47.818512	11.56124	-49.92388	0.59070665	-29.814503	-51.7505	-49.92393	0.0	19693983	3777.009322166443
98	-55.500698	-55.500698	8.083566	-49.92305	0.59596604	-29.465874	-51.919174	-49.923004	0.0	19894983	3820.0475256443024
99	-45.998783	-45.998783	12.092664	-49.92288	0.59497714	-28.794567	-52.78044	-49.922867	0.0	20095984	3860.9838457107544
100	-61.520855	-61.520855	12.480094	-49.923874	0.5894905	-30.821161	-51.729538	-49.92397	0.0	20296982	3902.2806310653687
101	-55.546036	-55.546036	12.144266	-49.925026	0.58117205	-29.497374	-51.708626	-49.92491	0.0	20497982	3943.0221676826477
102	-48.058327	-48.058327	13.328473	-49.924137	0.5889248	-30.977589	-51.5775	-49.92424	0.0	20698983	3986.1965112686157
103	-58.08799	-58.08799	8.1865	-49.92629	0.57373977	-29.280977	-51.706142	-49.92631	0.0	20899985	4028.382781267166
104	-53.393166	-53.393166	13.217343	-49.92487	0.5805263	-31.023611	-53.06703	-49.924866	0.0	21100983	4068.6689236164093
105	-49.01692	-49.01692	13.568265	-49.925064	0.5778732	-29.245487	-52.116074	-49.925205	0.0	21301981	4110.73256444931
106	-49.17444	-49.17444	13.23373	-49.925556	0.5838279	-30.584646	-51.806885	-49.9255	0.0	21502981	4153.492755889893
107	-52.16501	-52.16501	12.541641	-49.924217	0.59053344	-30.020447	-51.859474	-49.924255	0.0	21703981	4195.00984621048
108	-53.621292	-53.621292	13.46495	-49.923843	0.5996776	-29.95977	-51.938175	-49.92384	0.0	21904982	4237.469539880753
109	-55.969658	-55.969658	5.152261	-49.92712	0.58080107	-29.771269	-53.548557	-49.927208	0.0	22105982	4277.671374320984
110	-50.50018	-50.50018	12.057977	-49.923927	0.60169864	-27.69943	-51.774765	-49.923912	0.0	22306981	4320.318385601044
111	-56.17264	-56.17264	12.929248	-49.925026	0.5882226	-29.344904	-51.87467	-49.925026	0.0	22507984	4361.82545375824
112	-53.803345	-53.803345	13.4139185	-49.928005	0.5767591	-29.870056	-52.124798	-49.928055	0.0	22708981	4402.4041492938995
113	-52.202847	-52.202847	5.141394	-49.922955	0.5931477	-30.501356	-51.68859	-49.923008	0.0	22909981	4444.630912542343
114	-47.917793	-47.917793	12.258979	-49.92266	0.60576487	-29.533047	-51.938667	-49.92262	0.0	23110983	4486.551126241684
115	-55.72654	-55.72654	11.997724	-49.925964	0.5859505	-29.351603	-52.102657	-49.926006	0.0	23311982	4527.416326284409
116	-55.264156	-55.264156	13.17181	-49.924175	0.58916044	-27.381533	-52.187164	-49.924183	0.0	23512981	4569.722194910049
117	-55.79708	-55.79708	13.546134	-49.92231	0.5933459	-30.66454	-52.06902	-49.92237	0.0	23713982	4611.8081068992615
118	-48.36424	-48.36424	13.192312	-49.921963	0.5992555	-28.60582	-51.880096	-49.92204	0.0	23914981	4653.543650388718
119	-52.458794	-52.458794	14.321833	-49.922623	0.59749764	-29.77671	-51.885883	-49.922634	0.0	24115981	4694.393969297409
120	-54.592915	-54.592915	13.135953	-49.920128	0.60200334	-30.11985	-51.754444	-49.92011	0.0	24316981	4735.950523614883
121	-63.050114	-63.050114	13.179129	-49.92062	0.61153305	-30.27118	-51.77712	-49.92071	0.0	24517981	4775.934856176376
122	-51.490517	-51.490517	13.792573	-49.920563	0.60224694	-29.95868	-51.851166	-49.920494	0.0	24718981	4819.623668193817
123	-53.64267	-53.64267	13.757995	-49.920696	0.6042219	-29.361942	-51.85905	-49.920803	0.0	24919982	4861.827983856201
124	-47.42092	-47.42092	12.688458	-49.921696	0.59763074	-29.345707	-51.985146	-49.921707	0.0	25120981	4904.187909603119
125	-54.4298	-54.4298	13.747864	-49.922165	0.59470516	-30.981792	-52.02519	-49.922245	0.0	25321982	4944.469793081284
126	-56.071606	-56.071606	13.509222	-49.92089	0.60286075	-29.037962	-51.830307	-49.920887	0.0	25522983	4985.626943588257
127	-53.54845	-53.54845	13.832877	-49.922565	0.59821206	-30.17326	-51.79764	-49.9226	0.0	25723981	5027.660068273544
128	-57.164627	-57.164627	13.593445	-49.922634	0.5984053	-30.251657	-51.953983	-49.922657	0.0	25924981	5068.81719660759
129	-54.725376	-54.725376	13.302173	-49.92164	0.6040993	-30.822424	-51.861076	-49.9217	0.0	26125981	5109.246224164963
130	-56.844692	-56.844692	13.468985	-49.92202	0.6007431	-30.11929	-51.809895	-49.92205	0.0	26326981	5152.651569604874
131	-62.956676	-62.956676	13.288102	-49.921673	0.6036592	-30.26303	-51.722404	-49.921707	0.0	26527983	5194.940297842026
132	-60.314117	-60.314117	13.187936	-49.92134	0.5997506	-30.223597	-51.861652	-49.921368	0.0	26728981	5237.326473236084
133	-52.307594	-52.307594	14.41005	-49.92107	0.6050022	-30.353317	-51.87192	-49.92117	0.0	26929985	5277.459981203079
134	-55.48479	-55.48479	14.583922	-49.921078	0.60614216	-28.557028	-52.08181	-49.92106	0.0	27130981	5320.575289487839
135	-53.5816	-53.5816	8.518945	-49.922062	0.59801465	-28.270054	-52.55264	-49.922115	0.0	27331983	5360.087490081787
136	-47.204514	-47.204514	13.447049	-49.922882	0.59356385	-29.837425	-52.062542	-49.922913	0.0	27532982	5401.8265018463135
137	-46.8314	-46.8314	14.136518	-49.921276	0.60522926	-30.579536	-52.001602	-49.921318	0.0	27733982	5444.272626161575
138	-52.36803	-52.36803	14.103927	-49.920998	0.6008677	-29.474678	-52.060257	-49.92106	0.0	27934981	5487.088371992111
139	-54.50926	-54.50926	5.368244	-49.920605	0.59791034	-29.948751	-51.942173	-49.92058	0.0	28135986	5529.063180685043
140	-46.78748	-46.78748	14.166428	-49.917732	0.61448383	-29.389273	-53.01196	-49.91783	0.0	28336981	5570.463243484497
141	-44.361607	-44.361607	8.496161	-49.91786	0.60833436	-30.199554	-51.965466	-49.917873	0.0	28537981	5612.321129322052
142	-54.629196	-54.629196	13.582416	-49.918026	0.610631	-29.408934	-52.334282	-49.917973	0.0	28738981	5654.208286046982
143	-56.87462	-56.87462	14.059336	-49.918262	0.6113773	-28.350433	-52.174652	-49.91834	0.0	28939981	5695.093302726746
144	-52.554146	-52.554146	13.458536	-49.915474	0.62046254	-31.128319	-53.210243	-49.91551	0.0	29140982	5735.653058052063
145	-52.28145	-52.28145	14.193829	-49.914314	0.6242812	-28.303532	-52.77472	-49.914333	0.0	29341983	5777.846021652222
146	-59.715164	-59.715164	14.45654	-49.912933	0.63923925	-28.732798	-52.131744	-49.912933	0.0	29542981	5819.275879859924
147	-64.51522	-64.51522	13.331127	-49.91184	0.6343951	-29.344036	-52.306034	-49.91192	0.0	29743981	5860.235072374344
148	-50.372593	-50.372593	14.948566	-49.91396	0.62782884	-30.901134	-52.15715	-49.91402	0.0	29944982	5902.038970708847
149	-49.19652	-49.19652	13.750568	-49.91592	0.6210017	-30.863438	-52.514732	-49.91589	0.0	30145981	5944.36296916008
150	-46.983273	-46.983273	14.503017	-49.91454	0.6275346	-29.913387	-52.049545	-49.91466	0.0	30346982	5986.327929735184
151	-51.33542	-51.33542	14.437496	-49.916542	0.6139899	-29.376812	-52.65322	-49.91654	0.0	30547982	6028.931419610977
152	-51.01459	-51.01459	14.09827	-49.91297	0.63219017	-30.850399	-51.9171	-49.913036	0.0	30748981	6070.58576798439
153	-54.83869	-54.83869	13.923202	-49.916092	0.6138207	-30.525436	-51.81329	-49.91609	0.0	30949982	6112.504079818726
154	-54.651215	-54.651215	13.628192	-49.915077	0.61994606	-29.493841	-52.008026	-49.91518	0.0	31150981	6155.937859773636
155	-52.971622	-52.971622	15.126781	-49.91129	0.63906956	-30.812672	-52.00022	-49.91124	0.0	31351982	6196.551956415176
156	-51.60849	-51.60849	13.750855	-49.915	0.63247865	-30.12817	-52.133305	-49.91499	0.0	31552983	6237.543589830399
157	-53.22745	-53.22745	14.739904	-49.91241	0.6351703	-29.931635	-52.070564	-49.91252	0.0	31753982	6279.900495290756
158	-56.20265	-56.20265	15.107769	-49.915195	0.6266637	-30.386599	-51.82091	-49.915165	0.0	31954982	6320.532891988754
159	-47.1967	-47.1967	15.251074	-49.91247	0.63720155	-30.144007	-52.179653	-49.912487	0.0	32155981	6363.000458955765
160	-47.072105	-47.072105	8.30439	-49.914433	0.6328593	-30.354515	-51.883156	-49.914513	0.0	32356982	6405.926691770554
161	-47.544193	-47.544193	14.355668	-49.912483	0.6335011	-30.744436	-51.833736	-49.91251	0.0	32557984	6447.932842731476
162	-51.09458	-51.09458	14.549433	-49.911877	0.64200205	-30.468222	-51.92709	-49.911896	0.0	32758982	6489.602754831314
163	-54.320004	-54.320004	14.169736	-49.912075	0.6398872	-30.556232	-51.815186	-49.912014	0.0	32959982	6531.044729948044
164	-56.834755	-56.834755	13.940356	-49.911995	0.6437256	-29.721344	-51.855846	-49.912052	0.0	33160981	6572.285509586334
165	-49.65067	-49.65067	14.034107	-49.911495	0.64252794	-30.542517	-51.7513	-49.911583	0.0	33361981	6614.937019109726
166	-49.939342	-49.939342	14.990064	-49.91457	0.6314642	-30.955282	-51.81837	-49.914547	0.0	33562981	6657.063973665237
167	-51.667797	-51.667797	15.327102	-49.91278	0.6463818	-29.735226	-51.89803	-49.91282	0.0	33763981	6698.858978033066
168	-57.729706	-57.729706	14.358092	-49.91321	0.6424034	-29.726707	-51.914433	-49.913223	0.0	33964981	6740.620587825775
169	-56.3203	-56.3203	8.317534	-49.91319	0.6444505	-30.93939	-52.015022	-49.913277	0.0	34165985	6783.18688416481
170	-58.174877	-58.174877	14.129794	-49.91362	0.6434332	-29.545359	-51.76729	-49.91363	0.0	34366981	6823.853236913681
171	-50.891335	-50.891335	8.51747	-49.91355	0.64928925	-29.586464	-51.971783	-49.913605	0.0	34567983	6864.6158328056335
172	-54.207153	-54.207153	14.28124	-49.915413	0.6376757	-30.030994	-51.744926	-49.91542	0.0	34768982	6906.958964586258
173	-47.50045	-47.50045	14.245893	-49.913486	0.6452459	-29.536777	-51.94297	-49.9135	0.0	34969981	6948.724538326263
174	-54.68303	-54.68303	14.324352	-49.91409	0.64018494	-29.741879	-52.41586	-49.91413	0.0	35170981	6990.194403886795
175	-51.13552	-51.13552	8.431245	-49.91007	0.67850864	-23.790216	-52.060215	-49.91011	0.0	35371981	7032.006181240082
176	-48.491123	-48.491123	8.3885565	-49.908493	0.67490923	-24.089062	-52.277584	-49.908604	0.0	35572981	7074.323176622391
177	-52.247646	-52.247646	8.495521	-49.90927	0.6765008	-25.945658	-51.744373	-49.909256	0.0	35773981	7116.043656826019
178	-50.422626	-50.422626	14.301279	-49.90765	0.67933184	-22.29419	-51.823166	-49.90775	0.0	35974981	7158.628288030624
179	-45.271976	-45.271976	8.442521	-49.905766	0.6980836	-22.573435	-51.842022	-49.90582	0.0	36175981	7200.362081050873
180	-37.789696	-37.789696	15.388898	-49.909924	0.67520386	-22.706112	-52.07944	-49.910023	0.0	36376981	7241.127026796341
181	-65.98125	-65.98125	8.4405985	-49.90878	0.6897608	-20.684977	-51.95547	-49.90892	0.0	36577981	7283.651263952255
182	-49.459736	-49.459736	14.69316	-49.908173	0.6873309	-22.972712	-52.530296	-49.908096	0.0	36778981	7326.445147752762
183	-50.548832	-50.548832	14.347723	-49.90823	0.6998511	-22.359526	-52.184208	-49.908287	0.0	36979981	7369.378510475159
184	-44.186275	-44.186275	15.172079	-49.907555	0.7012656	-20.816814	-51.96171	-49.907562	0.0	37180981	7410.620682477951
185	-51.45138	-51.45138	8.485765	-49.910034	0.6864161	-23.073147	-52.486183	-49.91012	0.0	37381982	7453.316051006317
186	-56.91029	-56.91029	14.960535	-49.90618	0.70669454	-22.35673	-51.948185	-49.906174	0.0	37582981	7493.498306274414
187	-51.089176	-51.089176	14.0424	-49.90735	0.70105755	-22.159529	-51.810158	-49.907497	0.0	37783983	7537.597677707672
188	-51.45388	-51.45388	15.458771	-49.90967	0.6874558	-20.714403	-52.131306	-49.90969	0.0	37984982	7579.858563184738
189	-52.37231	-52.37231	8.467164	-49.9075	0.69316584	-22.5985	-52.375164	-49.90761	0.0	38185981	7620.982881307602
190	-57.13757	-57.13757	8.437531	-49.908348	0.6970776	-22.380898	-52.12846	-49.908363	0.0	38386985	7664.369772911072
191	-45.040592	-45.040592	15.18858	-49.90679	0.7208439	-21.679285	-51.761917	-49.906902	0.0	38587981	7707.049690008163
192	-52.897266	-52.897266	8.423567	-49.908207	0.7043576	-22.202969	-51.972343	-49.908215	0.0	38788983	7748.582611322403
193	-49.189083	-49.189083	8.413527	-49.906963	0.70886505	-21.360783	-51.96039	-49.907005	0.0	38989981	7791.438661336899
194	-50.183437	-50.183437	15.060361	-49.90866	0.7018462	-21.440706	-51.75635	-49.90873	0.0	39190981	7833.89142370224
195	-52.791115	-52.791115	8.419435	-49.90996	0.6974161	-20.935883	-52.00869	-49.91008	0.0	39391981	7874.997341632843
196	-71.31418	-71.31418	13.863954	-49.90994	0.6934487	-22.331284	-52.102535	-49.909866	0.0	39592988	7917.710608720779
197	-48.954906	-48.954906	8.463454	-49.907787	0.70116705	-23.077627	-52.168873	-49.907833	0.0	39793981	7959.086226701736
198	-57.450336	-57.450336	8.519631	-49.90792	0.7101752	-22.01876	-52.247208	-49.90802	0.0	39994981	8001.023068189621
199	-48.931156	-48.931156	8.347838	-49.909016	0.70215833	-22.133785	-51.863884	-49.90902	0.0	40195981	8045.725915431976
200	-56.04157	-56.04157	-89.67243	-49.908493	0.7117833	-19.050581	-52.23357	-49.908714	0.0	40396981	8087.596768140793
201	-52.586315	-52.586315	8.423699	-49.90651	0.70846385	-22.72867	-51.80564	-49.90645	0.0	40597984	8129.404910802841
202	-51.414963	-51.414963	15.109208	-49.906303	0.7189637	-22.057234	-51.875004	-49.90632	0.0	40798982	8171.9425003528595
203	-56.65989	-56.65989	-30.857428	-49.90653	0.71609193	-21.444174	-51.9097	-49.90668	0.0	40999981	8214.101254701614
204	-53.92097	-53.92097	-33.339565	-49.908875	0.703282	-22.837706	-52.193237	-49.908974	0.0	41200981	8255.48455119133
205	-56.02394	-56.02394	8.591561	-49.907566	0.7107483	-22.015472	-51.949127	-49.907524	0.0	41401982	8299.337600946426
206	-57.73771	-57.73771	15.690622	-49.909313	0.7011282	-23.235664	-52.0911	-49.90943	0.0	41602981	8341.511085033417
207	-58.425236	-58.425236	-104.702	-49.909145	0.7026692	-21.588253	-52.014946	-49.909237	0.0	41803981	8383.783433437347
208	-50.406616	-50.406616	8.562928	-49.909058	0.71218145	-22.597467	-51.772976	-49.909027	0.0	42004981	8424.906452655792
209	-56.34342	-56.34342	8.429196	-49.908485	0.70725286	-21.514118	-52.14457	-49.908535	0.0	42205981	8466.50638628006
210	-63.05144	-63.05144	8.547957	-49.90985	0.70652914	-22.416298	-52.37713	-49.909927	0.0	42406982	8509.013416290283
211	-48.014183	-48.014183	8.415984	-49.90883	0.7136965	-22.73099	-52.11304	-49.90887	0.0	42607981	8550.292138576508
212	-60.10365	-60.10365	8.520609	-49.908226	0.7182369	-21.123705	-52.263245	-49.908234	0.0	42808982	8592.074345111847
213	-44.878418	-44.878418	-86.58685	-49.90925	0.7092634	-21.823828	-52.39026	-49.909294	0.0	43009981	8633.195349216461
214	-54.380024	-54.380024	8.443046	-49.90776	0.7136962	-22.914927	-52.17164	-49.907776	0.0	43210982	8675.526167869568
215	-59.50227	-59.50227	8.529809	-49.90816	0.70864195	-21.828838	-52.632633	-49.90826	0.0	43411983	8717.568368673325
216	-56.593838	-56.593838	15.722383	-49.90631	0.729831	-21.73275	-52.2526	-49.906345	0.0	43612984	8758.36649799347
217	-51.409813	-51.409813	-64.105095	-49.909023	0.70848596	-22.994028	-52.675186	-49.909126	0.0	43813981	8799.179969072342
218	-52.327477	-52.327477	19.699884	-49.907867	0.7112009	-22.101397	-52.94497	-49.907833	0.0	44014982	8840.523194551468
219	-47.833237	-47.833237	-73.82554	-49.909863	0.7051838	-22.825134	-52.758255	-49.909916	0.0	44215981	8882.838527679443
220	-54.83879	-54.83879	-96.06902	-49.91005	0.71328753	-22.635534	-52.2522	-49.9101	0.0	44416981	8924.793548583984
221	-43.80899	-43.80899	-95.89521	-49.90973	0.71156365	-22.718264	-52.337055	-49.90986	0.0	44617982	8967.578154325485
222	-48.465836	-48.465836	-26.293163	-49.912495	0.69734585	-21.906927	-52.60557	-49.912502	0.0	44818983	9008.730819940567
223	-49.26436	-49.26436	-90.88019	-49.91146	0.69879943	-20.842098	-52.15036	-49.911484	0.0	45019983	9050.640112638474
224	-51.08162	-51.08162	15.256072	-49.910664	0.71266407	-22.09173	-53.019863	-49.910763	0.0	45220981	9092.71988248825
225	-49.143818	-49.143818	-90.70025	-49.908287	0.7283787	-21.507504	-53.108433	-49.908226	0.0	45421982	9135.972117900848
226	-51.51674	-51.51674	15.327605	-49.90981	0.7090161	-22.725708	-52.828777	-49.90988	0.0	45622983	9177.94725394249
227	-53.027397	-53.027397	-35.389122	-49.910538	0.7060211	-21.917757	-52.91373	-49.91058	0.0	45823981	9220.172066688538
228	-50.73739	-50.73739	-26.536016	-49.910915	0.7077025	-22.182474	-52.9219	-49.91099	0.0	46024981	9262.255705356598
229	-51.291813	-51.291813	15.043609	-49.912045	0.70223624	-21.888977	-53.008263	-49.912033	0.0	46225981	9303.357781171799
230	-50.60419	-50.60419	-32.8204	-49.91026	0.7091218	-18.756428	-52.52915	-49.910408	0.0	46426981	9346.365713596344
231	-50.113503	-50.113503	-85.34675	-49.912155	0.7089042	-22.511011	-52.649982	-49.912155	0.0	46627982	9389.192615032196
232	-49.97206	-49.97206	10.301565	-49.90958	0.7134401	-21.298822	-52.42599	-49.90951	0.0	46828981	9430.11837553978
233	-54.551357	-54.551357	-10.446482	-49.908993	0.71367	-22.244589	-52.685837	-49.909046	0.0	47029984	9472.256779909134
234	-58.424614	-58.424614	-24.90669	-49.90912	0.71509486	-21.306019	-53.01786	-49.90917	0.0	47230981	9513.200149774551
235	-56.039597	-56.039597	2.6781042	-49.90846	0.72430956	-21.02344	-52.317497	-49.908485	0.0	47431981	9555.596650600433
236	-48.83989	-48.83989	-31.105597	-49.908493	0.7188781	-22.51953	-53.10769	-49.908546	0.0	47632982	9598.287081241608
237	-52.509315	-52.509315	-36.49242	-49.90858	0.7203245	-22.618149	-52.95259	-49.908596	0.0	47833982	9639.98302102089
238	-53.86249	-53.86249	16.510992	-49.908573	0.71519715	-22.758305	-53.009907	-49.90862	0.0	48034981	9683.314899921417
239	-46.82697	-46.82697	2.3633256	-49.906548	0.7236276	-21.678465	-52.244854	-49.906517	0.0	48235981	9725.841433048248
240	-50.18154	-50.18154	-36.679256	-49.907722	0.71543354	-21.539099	-52.67555	-49.907738	0.0	48436981	9768.510519981384
241	-51.391327	-51.391327	11.114275	-49.90478	0.73430157	-20.899412	-52.657204	-49.904877	0.0	48637981	9810.806669950485
242	-58.773624	-58.773624	9.844324	-49.906227	0.72636014	-22.092194	-52.509346	-49.90621	0.0	48838981	9853.209486484528
243	-50.6019	-50.6019	14.48137	-49.907394	0.7178685	-20.911425	-52.80891	-49.907463	0.0	49039981	9894.575540065765
244	-53.63555	-53.63555	5.66082	-49.90697	0.72772646	-20.507204	-52.444847	-49.906994	0.0	49240981	9937.680722951889
245	-49.121204	-49.121204	19.763454	-49.907246	0.7225159	-21.634308	-52.65455	-49.907265	0.0	49441981	9980.744196891785
246	-53.012	-53.012	12.35676	-49.90725	0.7300199	-23.090656	-52.46744	-49.907227	0.0	49642981	10021.171323537827
247	-50.106903	-50.106903	8.450663	-49.9065	0.7360655	-22.505768	-52.193382	-49.906506	0.0	49843981	10064.350854873657
248	-52.794277	-52.794277	-34.637974	-49.905975	0.72461176	-23.244282	-53.089844	-49.906063	0.0	50044981	10107.907307624817
249	-53.692192	-53.692192	15.604473	-49.908806	0.7179459	-22.119768	-52.94161	-49.908817	0.0	50245981	10149.965745687485
250	-52.61569	-52.61569	-45.443367	-49.908558	0.71649694	-22.134315	-52.843613	-49.90859	0.0	50446984	10193.495101451874
251	-53.00596	-53.00596	15.54219	-49.907932	0.71968174	-22.279802	-53.05985	-49.907867	0.0	50647981	10235.013636350632
252	-49.97473	-49.97473	-22.421207	-49.906296	0.72715163	-22.478077	-52.693523	-49.906364	0.0	50848983	10277.063117265701
253	-57.08685	-57.08685	-35.840755	-49.90703	0.7252765	-23.08542	-52.982185	-49.907055	0.0	51049981	10318.63769698143
254	-54.147694	-54.147694	-31.845606	-49.9072	0.72858846	-21.859201	-54.63644	-49.90721	0.0	51250982	10361.861165761948
255	-42.81962	-42.81962	15.501989	-49.904434	0.7444213	-21.773214	-52.886265	-49.904514	0.0	51451981	10403.505751132965
256	-58.744335	-58.744335	-44.311573	-49.904663	0.7407955	-21.77831	-53.06296	-49.904686	0.0	51652981	10447.707258701324
257	-57.549076	-57.549076	-14.325164	-49.905117	0.7395483	-19.391443	-53.10785	-49.90512	0.0	51853981	10491.131556987762
258	-51.90465	-51.90465	-28.162142	-49.905357	0.7347161	-22.815893	-52.630497	-49.905315	0.0	52054984	10533.103509902954
259	-49.606857	-49.606857	15.2943325	-49.906986	0.73230636	-21.573408	-52.861588	-49.90714	0.0	52255982	10573.85185456276
260	-54.404682	-54.404682	8.822181	-49.904675	0.73906225	-20.250261	-52.706223	-49.904663	0.0	52456981	10616.024045944214
261	-65.1971	-65.1971	8.563977	-49.90487	0.7384381	-19.003597	-52.647152	-49.9049	0.0	52657982	10657.65046095848
262	-46.304527	-46.304527	-11.942466	-49.905	0.74055403	-22.170267	-52.727024	-49.90507	0.0	52858981	10699.526373386383
263	-42.10674	-42.10674	-8.701783	-49.90402	0.74833155	-22.21893	-52.72953	-49.903946	0.0	53059982	10743.283389806747
264	-51.468353	-51.468353	-74.806694	-49.90224	0.7640372	-16.527948	-52.927517	-49.902348	0.0	53260981	10786.902383804321
265	-60.81161	-60.81161	-23.57309	-49.9018	0.77509993	-21.294569	-52.810993	-49.901764	0.0	53461981	10830.101616621017
266	-52.451485	-52.451485	-15.682171	-49.898926	0.78637064	-20.259947	-52.962803	-49.898975	0.0	53662981	10871.382403850555
267	-51.18687	-51.18687	-33.662655	-49.901005	0.7792868	-19.864779	-52.830986	-49.901047	0.0	53863984	10914.325515270233
268	-48.87662	-48.87662	-17.035702	-49.900597	0.7697632	-20.998829	-53.54841	-49.900684	0.0	54064981	10957.022369623184
269	-47.58093	-47.58093	-97.98899	-49.902622	0.77070534	-19.260523	-53.62282	-49.902664	0.0	54265982	10998.849250793457
270	-55.677975	-55.677975	-47.856174	-49.90056	0.7845601	-18.24624	-52.848186	-49.90051	0.0	54466981	11042.464888095856
271	-60.42348	-60.42348	-13.362295	-49.90327	0.76094484	-19.81579	-52.804398	-49.903294	0.0	54667981	11084.76716184616
272	-50.453854	-50.453854	-35.476772	-49.90233	0.77461797	-21.647793	-52.898083	-49.90233	0.0	54868984	11127.604771375656
273	-61.257652	-61.257652	-44.53625	-49.901688	0.7717117	-18.9785	-52.72406	-49.901714	0.0	55069981	11169.487611532211
274	-58.655304	-58.655304	8.671678	-49.900764	0.77759147	-22.095142	-54.01134	-49.90084	0.0	55270981	11211.84505867958
275	-52.63354	-52.63354	8.581586	-49.901222	0.77907795	-19.854124	-52.9793	-49.90123	0.0	55471981	11253.990286827087
276	-62.661045	-62.661045	-26.935772	-49.901768	0.773275	-20.895056	-52.613724	-49.901787	0.0	55672981	11297.714467287064
277	-50.11809	-50.11809	8.595396	-49.901474	0.7855273	-18.871239	-53.54582	-49.90151	0.0	55873981	11340.189719676971
278	-56.192802	-56.192802	15.915546	-49.903893	0.7490778	-21.284971	-53.05049	-49.903904	0.0	56074982	11383.167383432388
279	-50.090195	-50.090195	-26.971672	-49.901947	0.76836246	-20.30767	-52.99976	-49.901943	0.0	56275981	11426.32007265091
280	-52.64723	-52.64723	-83.126595	-49.90329	0.76576483	-18.204311	-53.089794	-49.90334	0.0	56476981	11469.74567103386
281	-60.60364	-60.60364	8.636116	-49.90199	0.77632856	-21.119492	-54.66105	-49.90203	0.0	56677982	11510.730354070663
282	-52.389835	-52.389835	-52.87617	-49.900906	0.7741048	-21.265099	-52.964725	-49.900894	0.0	56878983	11553.693833351135
283	-49.248154	-49.248154	0.98817354	-49.90177	0.77458644	-21.200014	-52.71725	-49.90181	0.0	57079981	11596.56789302826
284	-49.848587	-49.848587	-38.813023	-49.902058	0.7720894	-20.331476	-53.330246	-49.90213	0.0	57280981	11638.80671286583
285	-57.357716	-57.357716	-41.139412	-49.898727	0.787032	-20.926062	-53.20548	-49.89874	0.0	57481986	11681.414041996002
286	-52.220497	-52.220497	-45.034904	-49.902355	0.77501136	-20.783846	-53.014793	-49.9024	0.0	57682983	11723.095690250397
287	-46.468163	-46.468163	-30.56616	-49.89971	0.78322715	-21.131577	-53.03742	-49.899776	0.0	57883983	11766.177428483963
288	-54.229824	-54.229824	8.701341	-49.900337	0.7843215	-21.127857	-53.172794	-49.900314	0.0	58084983	11808.289675712585
289	-51.269386	-51.269386	-44.940765	-49.89955	0.7925985	-18.469124	-53.607327	-49.899555	0.0	58285981	11851.049237966537
290	-48.48252	-48.48252	-43.246708	-49.900867	0.7840954	-21.054672	-53.2093	-49.90085	0.0	58486982	11894.630751371384
291	-51.516357	-51.516357	-43.533688	-49.901558	0.78260463	-19.518028	-53.69627	-49.901623	0.0	58687982	11937.655416250229
292	-47.140133	-47.140133	-58.65486	-49.90125	0.78048205	-21.117104	-52.67519	-49.90128	0.0	58888981	11980.052411794662
293	-50.88632	-50.88632	-25.55023	-49.902473	0.7756747	-20.39846	-52.82691	-49.902416	0.0	59089982	12021.37507200241
294	-59.17149	-59.17149	8.849362	-49.9007	0.78629273	-19.313812	-53.232697	-49.900726	0.0	59290981	12061.728498220444
295	-47.428047	-47.428047	8.666162	-49.901165	0.77310354	-19.50502	-52.66366	-49.901222	0.0	59491981	12105.581056594849
296	-48.61203	-48.61203	-67.94182	-49.900124	0.78243315	-18.645853	-53.160744	-49.900127	0.0	59692981	12147.87192440033
297	-50.947594	-50.947594	-57.807022	-49.900284	0.78863657	-19.594149	-52.89654	-49.900375	0.0	59893981	12191.791154384613
298	-52.653236	-52.653236	-64.17383	-49.901974	0.77606636	-20.603306	-53.07618	-49.90194	0.0	60094983	12234.386394500732
299	-44.996864	-44.996864	8.851768	-49.90115	0.78009754	-20.589867	-52.72259	-49.901134	0.0	60295983	12276.774384021759
