Epoch	EpRet	EpRealRet	TestEpRet	AverageQ1	StdQ1	MaxQ1	MinQ1	Q2	TestSuccess	TotalEnvInteracts	TotalTime
0	-102.35511	-102.35511	0.0	-49.07376	6.316758	-0.1019436	-63.80494	-49.10969	0.0	196981	72.71473503112793
1	-96.22715	-96.22715	0.0	-49.999996	0.014824002	-49.711456	-50.87002	-50.00001	0.0	397981	147.98849177360535
2	-97.92027	-97.92027	0.0	-49.99999	0.014520059	-49.5868	-50.53249	-49.999996	0.0	598981	225.88223385810852
3	-49.249557	-49.249557	0.0	-49.8811	0.5604756	-45.60319	-51.66891	-49.88105	0.0	799981	303.2935001850128
4	-112.19103	-112.19103	0.96063006	-49.872887	0.47054294	-37.277687	-70.315796	-49.87256	0.0	1000982	376.72476053237915
5	-96.194855	-96.194855	-118.30069	-49.49176	2.7642224	0.29927713	-57.4215	-49.491726	0.0	1201982	450.3447117805481
6	-110.05991	-110.05991	0.0	-49.502808	2.8902469	0.50554144	-53.698143	-49.50258	0.0	1402981	527.3822894096375
7	-106.36555	-106.36555	0.0	-49.380398	2.972533	0.6311212	-57.433857	-49.380096	0.0	1603981	605.0978746414185
8	-98.95767	-98.95767	3.4658163	-49.4007	2.538035	-6.8664837	-58.621098	-49.4005	0.0	1804982	685.2320444583893
9	-57.61602	-57.61602	2.9905565	-48.965622	2.9338765	-13.362302	-58.1336	-48.965557	0.0	2005982	762.3678658008575
10	-108.13083	-108.13083	6.5613956	-48.908875	3.1221516	0.006441675	-60.911217	-48.90917	0.0	2206981	841.8089821338654
11	-115.95804	-115.95804	-8.026456	-49.276527	2.415062	-1.736373	-67.03593	-49.27687	0.0	2407982	918.8989238739014
12	-99.35982	-99.35982	5.542229	-49.281975	2.113921	-10.645778	-58.954735	-49.28174	0.0	2608983	1000.292254447937
13	-119.72132	-119.72132	6.037494	-49.13427	2.3753188	0.8035827	-68.6408	-49.13374	0.0	2809981	1080.6616473197937
14	-114.224655	-114.224655	6.5761876	-48.889854	2.8063402	1.2882609	-58.361694	-48.889515	0.0	3010983	1172.1502268314362
15	-108.91403	-108.91403	7.380542	-48.746944	2.8646188	-0.87916297	-57.31222	-48.74683	0.0	3211983	1253.081776380539
16	-117.90608	-117.90608	6.5613527	-48.80324	2.6777415	-6.7703347	-60.408024	-48.80314	0.0	3412981	1350.8606414794922
17	-129.85089	-129.85089	6.7718754	-48.756683	2.7609205	0.553352	-65.36112	-48.756542	0.0	3613983	1441.5113310813904
18	-124.59985	-124.59985	7.035478	-48.80265	2.4475505	-11.950377	-54.113815	-48.802467	0.0	3814981	1547.2033648490906
19	-114.16686	-114.16686	7.432642	-48.81908	2.309297	-32.23092	-61.227104	-48.81912	0.0	4015983	1663.0085363388062
20	-117.056046	-117.056046	7.522398	-48.73231	2.377885	-37.60309	-54.61786	-48.73191	0.0	4216983	1758.6028468608856
21	-111.47776	-111.47776	7.890593	-48.68946	2.4116814	-36.481068	-55.408634	-48.68958	0.0	4417983	1849.4947152137756
22	-128.84924	-128.84924	5.786655	-48.65215	2.4538245	-36.64155	-55.08295	-48.6523	0.0	4618981	1926.7977232933044
23	-111.84894	-111.84894	7.813428	-48.462463	2.8162842	-36.47037	-55.956318	-48.46244	0.0	4819982	2006.9504480361938
24	-111.43916	-111.43916	7.817923	-48.62655	2.4957786	-37.59486	-60.254536	-48.626328	0.0	5020983	2091.209607362747
25	-109.29118	-109.29118	8.210069	-48.63888	2.456792	-37.327267	-62.73369	-48.63881	0.0	5221983	2170.3790769577026
26	-118.010765	-118.010765	7.973463	-48.432682	2.7985158	-35.859432	-55.25208	-48.432644	0.0	5422981	2250.998854160309
27	-114.19295	-114.19295	8.076079	-48.498703	2.6434612	-36.706055	-55.710537	-48.49862	0.0	5623983	2332.9193601608276
28	-107.71073	-107.71073	8.289969	-48.44425	2.6958435	-37.968285	-55.538284	-48.444077	0.0	5824983	2413.518716573715
29	-115.48727	-115.48727	8.497576	-48.361202	2.8186834	-38.41448	-56.80562	-48.36128	0.0	6025983	2496.325904607773
30	-123.66246	-123.66246	8.448554	-48.370453	2.7890851	-38.35661	-70.57348	-48.37041	0.0	6226982	2574.5764684677124
31	-117.16824	-117.16824	8.407081	-48.3417	2.8180513	-38.33697	-71.26836	-48.341595	0.0	6427982	2657.4179759025574
32	-120.504265	-120.504265	8.866563	-48.32027	2.8556757	-37.332226	-57.99733	-48.32001	0.0	6628983	-567990860.7146125
33	-110.81936	-110.81936	8.857552	-48.332066	2.8418307	-37.317245	-57.479984	-48.331993	0.0	6829983	-567990765.7135131
34	-116.67413	-116.67413	8.637213	-48.392906	2.749267	-35.15825	-58.080276	-48.392838	0.0	7030981	-567990671.1679947
35	-104.16466	-104.16466	8.610696	-48.372833	2.8053346	-37.17214	-55.428505	-48.372864	0.0	7231981	-567990582.0129764
36	-109.92157	-109.92157	8.687883	-48.597507	2.4853387	-38.211357	-56.039745	-48.59759	0.0	7432983	-567990493.1910636
37	-97.2249	-97.2249	8.328284	-48.354103	2.803944	-35.917408	-55.145782	-48.35396	0.0	7633981	-567990400.1744549
38	-121.41323	-121.41323	8.850814	-48.317535	2.8359156	-35.012836	-65.13379	-48.317245	0.0	7834982	-567990311.5158384
39	-99.52301	-99.52301	8.838125	-48.29145	2.8931253	-34.734917	-57.53249	-48.291576	0.0	8035981	-567990222.4286091
40	-95.64904	-95.64904	8.864272	-48.17296	3.0687275	-34.987476	-55.76529	-48.17274	0.0	8236982	-567990133.674639
41	-106.17014	-106.17014	9.312064	-48.183487	3.0571525	-35.157963	-56.70707	-48.183346	0.0	8437983	-567990044.8139963
42	-84.05405	-84.05405	9.106065	-48.193695	3.0136433	-35.359364	-55.553905	-48.193672	0.0	8638981	-567989956.667645
43	-86.12661	-86.12661	9.087613	-47.95349	3.367412	-34.48186	-58.68197	-47.953213	0.0	8839982	-567989869.0856175
44	-71.32995	-71.32995	9.0170145	-47.980976	3.3283958	-32.0414	-56.702568	-47.980995	0.0	9040983	-567989777.3893683
45	-114.03759	-114.03759	-38.972034	-48.054165	3.2487247	-28.237576	-55.888023	-48.053852	0.0	9241981	-567989680.5646548
46	-143.15868	-143.15868	-67.593864	-48.304825	2.8710768	-26.351954	-55.17791	-48.30497	0.0	9442984	-567989590.4823403
47	-136.05408	-136.05408	-59.33019	-48.407345	2.6881523	-36.72168	-54.80115	-48.40732	0.0	9643981	-567989496.764456
48	-142.00801	-142.00801	9.807517	-48.192936	2.9507875	-35.094875	-55.845367	-48.192635	0.0	9844983	4231.949359893799
49	-120.7272	-120.7272	9.287069	-47.93238	3.297344	-35.510693	-55.508545	-47.932407	0.0	10045982	4312.840391635895
50	-134.03276	-134.03276	9.308767	-48.07047	3.106509	-35.812923	-57.76708	-48.070316	0.0	10246983	4393.9425094127655
51	-116.31416	-116.31416	9.477637	-47.983524	3.233937	-32.287228	-55.76235	-47.983253	0.0	10447983	4475.53688287735
52	-128.98116	-128.98116	9.444304	-48.018867	3.1714396	-27.389008	-59.83115	-48.018803	0.0	10648983	4551.711307287216
53	-138.39487	-138.39487	9.485178	-47.95538	3.2668588	-36.282204	-56.643	-47.95558	0.0	10849981	4632.4802942276
54	-131.34914	-131.34914	9.321777	-47.9788	3.2712753	-35.21429	-56.841656	-47.978592	0.0	11050984	4713.127494335175
55	-131.99727	-131.99727	9.651071	-48.034977	3.1709027	-33.09479	-57.28363	-48.034786	0.0	11251981	4792.725471496582
56	-140.18922	-140.18922	-65.24046	-48.114235	3.0664058	-36.929024	-59.71127	-48.11432	0.0	11452981	4875.749574184418
57	-138.58481	-138.58481	-59.988583	-48.106606	3.0854182	-36.142906	-62.93269	-48.106617	0.0	11653981	4971.607830286026
58	-127.4658	-127.4658	-65.599236	-48.117256	3.0651152	-37.2935	-57.73783	-48.11729	0.0	11854981	5072.071544647217
59	-132.41766	-132.41766	9.0116825	-48.170696	2.9905014	-37.320877	-60.559124	-48.17062	0.0	12055984	5165.120071172714
60	-131.79138	-131.79138	9.441549	-48.13878	3.0314524	-31.48039	-59.65116	-48.138794	0.0	12256982	5258.19154715538
61	-133.34882	-133.34882	-46.774174	-48.168472	2.9847045	-34.051586	-72.53856	-48.168346	0.0	12457981	5357.5314128398895
62	-133.1593	-133.1593	8.655916	-48.209114	2.9145067	-31.445206	-61.350674	-48.20903	0.0	12658982	5449.496998548508
63	-130.30809	-130.30809	-47.145634	-48.05432	3.1664696	-37.359005	-55.814236	-48.05434	0.0	12859981	5532.847179889679
64	-136.84396	-136.84396	-67.89062	-47.92846	3.3997242	-34.44376	-56.074577	-47.928413	0.0	13060981	5609.697719573975
65	-126.80437	-126.80437	-62.369675	-48.077347	3.1654456	-35.24786	-57.491856	-48.077404	0.0	13261983	5688.894023180008
66	-138.25874	-138.25874	9.188529	-48.08832	3.1737638	-37.647697	-56.030277	-48.0884	0.0	13462983	5775.936007261276
67	-122.706535	-122.706535	9.418791	-48.103718	3.1435175	-37.318607	-58.448265	-48.103737	0.0	13663981	5858.547598838806
68	-129.07474	-129.07474	9.322901	-48.104786	3.137093	-37.28007	-57.134094	-48.10482	0.0	13864984	5938.142187356949
69	-142.82391	-142.82391	9.512854	-48.132782	3.1100228	-36.564133	-56.565258	-48.13292	0.0	14065982	6020.433088541031
70	-139.26744	-139.26744	9.666381	-48.179623	3.0400014	-36.188324	-56.673622	-48.179596	0.0	14266982	6106.277886629105
71	-134.92995	-134.92995	-46.359947	-48.06956	3.2548816	-34.452717	-57.83683	-48.0696	0.0	14467984	6199.886936187744
72	-119.10502	-119.10502	9.692918	-48.090206	3.237527	-32.64697	-63.397247	-48.0903	0.0	14668984	6284.4983522892
73	-128.07182	-128.07182	9.66565	-48.258575	2.9702868	-32.9228	-64.65376	-48.258495	0.0	14869983	6369.268891811371
74	-122.27475	-122.27475	-48.172977	-48.210335	3.0268998	-32.22707	-79.48012	-48.210472	0.0	15070983	6455.618086099625
75	-136.65027	-136.65027	9.56601	-48.140224	3.1363828	-32.796185	-59.511013	-48.14023	0.0	15271984	6536.933385372162
76	-123.46662	-123.46662	9.775368	-48.129704	3.1719413	-34.318798	-55.28885	-48.129765	0.0	15472982	6619.54536986351
77	-136.98488	-136.98488	9.807289	-48.20305	3.0771542	-33.98119	-67.618195	-48.20314	0.0	15673984	6704.984578609467
78	-133.01347	-133.01347	9.874685	-48.196686	3.0987701	-33.83364	-55.529716	-48.19659	0.0	15874982	6786.696319818497
79	-134.64267	-134.64267	9.864417	-48.18142	3.123372	-31.484406	-57.18384	-48.181633	0.0	16075981	6874.7306451797485
80	-121.59208	-121.59208	10.004584	-48.176632	3.1381187	-34.18501	-54.676857	-48.17658	0.0	16276982	6954.9462678432465
81	-131.44305	-131.44305	9.839942	-48.195328	3.1132288	-34.91502	-58.201675	-48.195507	0.0	16477984	7038.0591173172
82	-125.51762	-125.51762	-48.602665	-48.211872	3.0819814	-32.42415	-61.28277	-48.211857	0.0	16678982	7123.245946407318
83	-124.12326	-124.12326	9.69703	-48.174572	3.1382344	-33.67559	-61.876904	-48.174603	0.0	16879981	7207.436872243881
84	-130.56113	-130.56113	9.73794	-48.27769	2.9896395	-32.29214	-57.97422	-48.277676	0.0	17080981	7298.368900537491
85	-145.19409	-145.19409	9.895806	-48.274883	2.9986613	-33.24909	-55.389736	-48.274902	0.0	17281984	7388.43673658371
86	-126.45288	-126.45288	-11.314544	-47.939106	3.5640128	-33.539227	-60.704643	-47.93888	0.0	17482984	7488.705611944199
87	-129.9348	-129.9348	-9.895464	-48.017864	3.4438987	-35.01142	-59.800034	-48.01806	0.0	17683981	7575.450489759445
88	-132.04904	-132.04904	-31.746859	-48.222294	3.124529	-35.13267	-56.60591	-48.222538	0.0	17884984	7652.556848049164
89	-140.2597	-140.2597	10.066449	-48.30877	2.9710097	-35.95115	-58.66148	-48.308876	0.0	18085983	7737.784786224365
90	-132.9287	-132.9287	-27.284676	-48.31406	2.95718	-16.140219	-70.075386	-48.314125	0.0	18286981	7818.738250017166
91	-103.195114	-103.195114	-35.009693	-48.320896	2.9314363	-36.786396	-57.16341	-48.32099	0.0	18487981	7897.798905849457
92	-136.66446	-136.66446	-30.177055	-48.317608	2.9341307	-36.2444	-72.085915	-48.317654	0.0	18688981	7981.4668481349945
93	-118.676834	-118.676834	-36.42892	-48.311295	2.945894	-31.261456	-61.437916	-48.311584	0.0	18889984	8066.726758480072
94	-137.85135	-137.85135	-27.062475	-48.30312	2.9566827	-36.70809	-55.610157	-48.30302	0.0	19090982	8149.453477859497
95	-122.04927	-122.04927	9.626716	-48.316128	2.947021	-36.629833	-60.903767	-48.316353	0.0	19291984	8229.9153881073
96	-119.79097	-119.79097	9.808991	-48.314934	2.931422	-37.639404	-58.03846	-48.31491	0.0	19492984	8312.695267438889
97	-120.90805	-120.90805	9.658816	-48.321632	2.9444993	-32.271038	-58.993874	-48.321785	0.0	19693981	8400.816066980362
98	-126.773994	-126.773994	9.632907	-48.334507	2.9260406	-37.800343	-62.638103	-48.334583	0.0	19894983	8488.09882926941
99	-123.80307	-123.80307	9.697	-48.309975	2.9707625	-37.859745	-58.715908	-48.30984	0.0	20095983	8569.660746097565
100	-136.12097	-136.12097	9.846831	-48.295197	2.9917307	-36.69278	-60.39234	-48.2954	0.0	20296984	8649.297778844833
101	-127.28516	-127.28516	10.036798	-48.30515	2.97675	-36.811523	-59.470932	-48.30527	0.0	20497984	8733.248727083206
102	-130.12128	-130.12128	10.112238	-48.3053	2.9674306	-36.96208	-60.746746	-48.305252	0.0	20698982	8817.535999774933
103	-131.34271	-131.34271	10.155801	-48.40314	2.8122501	-35.39696	-58.46293	-48.40306	0.0	20899981	8900.003839731216
104	-134.47498	-134.47498	9.971738	-48.400566	2.8137822	-35.39883	-59.063503	-48.400703	0.0	21100982	8985.171077489853
105	-126.249695	-126.249695	-34.80792	-48.349407	2.8980396	-35.49553	-59.404137	-48.349415	0.0	21301984	9085.805931091309
106	-126.83256	-126.83256	-49.372128	-48.317936	2.9634027	-35.065117	-59.67559	-48.318047	0.0	21502983	9181.98376250267
107	-125.544014	-125.544014	-47.75884	-48.3342	2.9348748	-35.1111	-58.255222	-48.33422	0.0	21703981	9274.328745603561
108	-124.4581	-124.4581	-18.810884	-48.30273	2.985408	-35.51209	-58.938034	-48.302723	0.0	21904984	9353.174304962158
109	-123.07708	-123.07708	9.7081995	-48.250412	3.0754695	-34.414597	-60.46213	-48.250458	0.0	22105984	9434.106788873672
110	-133.62042	-133.62042	9.660383	-48.24817	3.0888772	-34.11762	-58.035458	-48.248363	0.0	22306982	9517.233994722366
111	-122.54062	-122.54062	-1.6445755	-48.205444	3.1369889	-33.778027	-59.583397	-48.205452	0.0	22507981	9597.222932815552
112	-118.26663	-118.26663	9.828839	-48.222675	3.1045163	-32.95865	-70.47552	-48.222878	0.0	22708982	9672.122223377228
113	-130.78854	-130.78854	-11.910554	-48.122887	3.2560582	-33.299816	-57.5059	-48.122833	0.0	22909983	9746.783670902252
114	-124.81058	-124.81058	-26.755552	-48.097374	3.3138535	-35.098953	-61.992798	-48.09732	0.0	23110983	9823.216032505035
115	-135.62955	-135.62955	-23.862032	-48.148766	3.246677	-34.047523	-57.508698	-48.148853	0.0	23311981	9900.545797586441
116	-115.01103	-115.01103	9.805129	-48.154316	3.2390733	-34.617947	-61.74374	-48.154438	0.0	23512981	9975.50144290924
117	-114.20065	-114.20065	-36.590786	-48.16246	3.2252796	-33.911934	-59.29165	-48.162502	0.0	23713981	10049.606274604797
118	-118.03264	-118.03264	9.683257	-48.153816	3.2209187	-33.42342	-59.79973	-48.153732	0.0	23914984	10127.279450416565
119	-128.91467	-128.91467	9.75862	-48.176	3.1938095	-33.07632	-57.26792	-48.1762	0.0	24115983	10202.75974392891
120	-127.764534	-127.764534	9.652627	-48.191254	3.1718946	-32.73555	-61.70767	-48.19117	0.0	24316981	10275.964225530624
121	-134.19864	-134.19864	-44.56432	-48.21279	3.144273	-27.74084	-59.78356	-48.212875	0.0	24517981	10347.690260887146
122	-136.79848	-136.79848	-40.594204	-48.207176	3.1634178	-32.75237	-64.972145	-48.20733	0.0	24718984	10420.040073394775
123	-126.12573	-126.12573	-40.31133	-48.207333	3.1794138	-32.946873	-56.803856	-48.20735	0.0	24919984	10492.091373682022
124	-111.7976	-111.7976	-25.461584	-48.170216	3.233699	-32.225655	-57.414494	-48.17017	0.0	25120982	10564.621714353561
125	-111.57995	-111.57995	-34.301292	-48.122566	3.3057036	-30.665745	-56.72385	-48.122646	0.0	25321981	10636.643580436707
126	-119.33647	-119.33647	-34.977543	-48.04115	3.452026	-30.938936	-59.14087	-48.040993	0.0	25522984	10708.353425741196
127	-124.27553	-124.27553	-16.516418	-48.03885	3.4833922	-31.38951	-67.59112	-48.038883	0.0	25723983	10779.98005771637
128	-111.96593	-111.96593	-10.553409	-48.047848	3.4745262	-31.18073	-61.098576	-48.047886	0.0	25924981	10850.772410869598
129	-126.24683	-126.24683	-29.7746	-47.9761	3.588361	-31.08727	-62.529335	-47.976048	0.0	26125981	10920.8455991745
130	-128.05415	-128.05415	15.897816	-47.838867	3.8390899	-33.67097	-60.121082	-47.8389	0.0	26326981	10991.544756889343
131	-112.22312	-112.22312	18.466642	-47.79048	3.947806	-33.212963	-57.10969	-47.790504	0.0	26527981	11063.043832540512
132	-120.49965	-120.49965	-16.228758	-47.815094	3.8800092	-35.388687	-62.699097	-47.814983	0.0	26728981	11132.83435177803
133	-112.425995	-112.425995	17.172548	-47.855312	3.8162248	-35.09236	-58.860313	-47.855328	0.0	26929984	11202.737927913666
134	-127.65566	-127.65566	18.165972	-47.874863	3.8242722	-35.661026	-60.30505	-47.875065	0.0	27130984	11272.840168476105
135	-115.49002	-115.49002	-21.23489	-47.88495	3.8144913	-35.984573	-56.93248	-47.88487	0.0	27331984	11342.53771519661
136	-122.05768	-122.05768	17.464472	-47.983887	3.6275504	-35.19308	-57.73921	-47.984104	0.0	27532983	11413.374749660492
137	-114.60292	-114.60292	16.416187	-47.914288	3.7290297	-34.90275	-59.811714	-47.914368	0.0	27733981	11482.823663711548
138	-112.34495	-112.34495	16.280624	-47.85146	3.872678	-34.53069	-61.645874	-47.851543	0.0	27934984	11552.326097011566
139	-107.47783	-107.47783	17.284193	-47.851517	3.8960712	-35.438606	-57.615852	-47.851463	0.0	28135983	11622.554003715515
140	-105.82592	-105.82592	18.41183	-47.86234	3.8858848	-32.832172	-56.308167	-47.86243	0.0	28336982	11692.301644563675
141	-120.01312	-120.01312	17.754087	-47.82492	3.9666722	-32.885952	-62.32006	-47.825054	0.0	28537981	11761.992364406586
142	-101.78843	-101.78843	-0.29139498	-47.79287	4.002298	-30.83675	-59.221523	-47.79306	0.0	28738983	11832.385330915451
143	-104.80937	-104.80937	18.538633	-47.760735	4.081517	-31.902761	-58.266457	-47.760765	0.0	28939984	11902.656326293945
144	-112.97486	-112.97486	-1.432957	-47.734203	4.123888	-32.75758	-59.885857	-47.734135	0.0	29140983	11972.921628713608
145	-110.11482	-110.11482	18.70535	-47.899197	3.866673	-33.390125	-60.513683	-47.89919	0.0	29341984	12042.756764650345
146	-106.989914	-106.989914	19.25183	-47.92285	3.8090637	-32.50372	-58.127335	-47.92305	0.0	29542981	12112.509616851807
147	-123.88499	-123.88499	18.442808	-47.874207	3.8905945	-29.960125	-72.11089	-47.874306	0.0	29743983	12182.312300920486
148	-117.73678	-117.73678	18.634996	-47.87917	3.8960803	-33.821136	-58.61484	-47.879116	0.0	29944984	12252.999654054642
149	-99.05655	-99.05655	18.955353	-47.88227	3.9032657	-34.71935	-60.554775	-47.882294	0.0	30145981	12322.890675067902
150	-96.479774	-96.479774	18.660631	-47.838722	3.9909747	-33.818954	-58.94726	-47.83889	0.0	30346982	12392.776800394058
151	-114.46972	-114.46972	-68.533195	-48.076756	3.6552856	-33.9472	-65.81128	-48.07666	0.0	30547984	12462.774943828583
152	-115.82283	-115.82283	17.922924	-48.13789	3.5410986	-34.459183	-62.551937	-48.137856	0.0	30748984	12532.537472009659
153	-110.2057	-110.2057	17.950079	-47.679424	4.209556	-34.465645	-56.109367	-47.67941	0.0	30949982	12602.140800237656
154	-116.34965	-116.34965	18.72963	-47.647552	4.275316	-32.885315	-58.83602	-47.647667	0.0	31150983	12671.558714151382
155	-116.01579	-116.01579	18.39456	-47.715096	4.170429	-32.917274	-57.67781	-47.71502	0.0	31351981	12741.198321819305
156	-115.92979	-115.92979	18.772802	-47.740864	4.1357865	-30.943634	-56.1856	-47.740913	0.0	31552983	12810.638465642929
157	-106.947136	-106.947136	18.873722	-47.761066	4.096053	-33.264988	-57.195114	-47.761017	0.0	31753981	12880.942501068115
158	-116.87131	-116.87131	19.215199	-47.747433	4.1264486	-32.7988	-56.56758	-47.747673	0.0	31954981	12951.001176595688
159	-125.79226	-125.79226	19.101015	-47.72852	4.154886	-32.95637	-57.849426	-47.728573	0.0	32155982	13020.388226747513
160	-119.94152	-119.94152	19.420628	-47.74624	4.1371703	-32.95459	-56.433735	-47.746212	0.0	32356981	13090.125907421112
161	-108.35394	-108.35394	19.218267	-47.730534	4.1506686	-31.467346	-60.943333	-47.73058	0.0	32557982	13160.695518493652
162	-117.41298	-117.41298	19.235174	-47.746166	4.134658	-33.172195	-56.302036	-47.74635	0.0	32758981	13230.40673160553
163	-116.98662	-116.98662	19.067411	-47.74381	4.143237	-34.00288	-60.10672	-47.743805	0.0	32959984	13299.34736251831
164	-111.82266	-111.82266	19.173857	-47.746346	4.1398325	-33.159027	-55.388924	-47.74642	0.0	33160981	13369.047915935516
165	-112.91209	-112.91209	19.448107	-47.754257	4.12526	-33.763172	-58.29768	-47.75449	0.0	33361984	13439.000206232071
166	-108.90141	-108.90141	19.358887	-47.724197	4.164449	-34.138546	-55.918472	-47.72433	0.0	33562982	13508.541360855103
167	-108.72591	-108.72591	19.1893	-47.706673	4.184436	-33.811302	-57.818787	-47.706627	0.0	33763984	13578.172892332077
168	-110.201	-110.201	19.808916	-47.702255	4.192778	-33.98795	-57.83775	-47.70238	0.0	33964984	13647.597760677338
169	-132.64336	-132.64336	19.519978	-47.66598	4.2541256	-33.769325	-58.502396	-47.666073	0.0	34165981	13717.152431488037
170	-119.19893	-119.19893	19.755188	-47.652653	4.272449	-32.38859	-57.5199	-47.652554	0.0	34366983	13787.09603524208
171	-128.7083	-128.7083	19.636429	-47.632587	4.307814	-33.435467	-59.162052	-47.632614	0.0	34567983	13856.573616981506
172	-132.39806	-132.39806	19.23668	-47.598103	4.360142	-28.77361	-59.40067	-47.598305	0.0	34768984	13925.935387849808
173	-113.69211	-113.69211	19.283281	-47.59352	4.3711033	-32.890625	-57.915287	-47.593433	0.0	34969981	13995.446640968323
174	-126.44448	-126.44448	19.59809	-47.620476	4.336194	-32.237717	-55.642155	-47.620544	0.0	35170984	14064.886387825012
175	-114.068405	-114.068405	19.568361	-47.627518	4.31499	-33.24328	-57.86219	-47.6275	0.0	35371982	14134.184703588486
176	-109.43512	-109.43512	18.715773	-47.635002	4.282669	-32.323498	-57.991226	-47.63514	0.0	35572981	14203.457340240479
177	-111.2779	-111.2779	19.688723	-47.66231	4.256149	-32.909153	-58.106613	-47.662266	0.0	35773981	14272.216771364212
178	-122.36955	-122.36955	18.984787	-47.679405	4.235859	-32.23089	-57.639317	-47.679523	0.0	35974981	14341.68584895134
179	-120.75325	-120.75325	19.713251	-47.70426	4.2066507	-29.43184	-56.154278	-47.704285	0.0	36175981	14410.561735153198
180	-105.582306	-105.582306	19.569738	-47.675022	4.250307	-29.030893	-58.585938	-47.67516	0.0	36376981	14479.540712118149
181	-107.701584	-107.701584	19.705921	-47.661884	4.2830844	-28.112253	-58.983658	-47.661854	0.0	36577981	14548.818789958954
182	-112.93646	-112.93646	19.39728	-47.65266	4.312713	-27.49355	-56.37079	-47.652805	0.0	36778984	14618.259831428528
183	-134.25229	-134.25229	19.822939	-47.670593	4.286366	-29.659767	-60.11216	-47.670593	0.0	36979981	14687.692314863205
184	-114.6817	-114.6817	19.49858	-47.67722	4.272759	-30.21841	-56.77864	-47.6773	0.0	37180981	14756.67612195015
185	-112.16144	-112.16144	19.33887	-47.706932	4.248567	-30.076054	-57.265728	-47.706905	0.0	37381984	14825.492623806
186	-119.606865	-119.606865	19.20428	-47.717793	4.2368965	-30.792595	-56.90587	-47.71767	0.0	37582981	14894.367720603943
187	-112.86484	-112.86484	19.68108	-47.687374	4.2833796	-30.455194	-58.320564	-47.68761	0.0	37783983	14962.906948804855
188	-91.35321	-91.35321	19.496264	-47.690544	4.2611647	-30.290142	-57.25246	-47.690407	0.0	37984984	15032.007577180862
189	-101.66116	-101.66116	19.242725	-47.693077	4.250339	-29.643116	-62.7006	-47.6931	0.0	38185981	15100.650063753128
190	-106.55567	-106.55567	19.505102	-47.662117	4.3016768	-29.690664	-58.429085	-47.66229	0.0	38386981	15169.253831386566
191	-125.8424	-125.8424	19.270765	-47.576855	4.434912	-29.166893	-57.142044	-47.576725	0.0	38587984	15237.446339607239
192	-118.42759	-118.42759	19.270937	-47.562458	4.468101	-29.33654	-56.36884	-47.56238	0.0	38788982	15306.431254148483
193	-123.78482	-123.78482	0.0	-47.612556	4.412669	-30.559809	-59.95179	-47.61252	0.0	38989981	15375.465693950653
194	-124.483284	-124.483284	0.0	-47.620785	4.4228415	-32.901028	-56.4173	-47.620968	0.0	39190981	15444.313767433167
195	-118.175354	-118.175354	-57.330677	-47.601864	4.4588284	-33.055965	-59.08194	-47.601864	0.0	39391982	15513.105258703232
196	-138.40965	-138.40965	14.372436	-47.634224	4.425097	-15.5336485	-58.593327	-47.634388	0.0	39592984	15582.540046930313
197	-132.19475	-132.19475	16.321592	-47.657494	4.3783336	-33.413067	-59.449265	-47.65737	0.0	39793984	15651.164635181427
198	-112.0827	-112.0827	-3.5759542	-47.6769	4.322789	-33.620888	-58.904144	-47.676876	0.0	39994984	15720.169799089432
199	-107.99676	-107.99676	0.0	-47.690117	4.287745	-33.80255	-60.76044	-47.690205	0.0	40195981	15788.761226654053
200	-109.91255	-109.91255	0.0	-47.71006	4.2737465	-32.921883	-56.383877	-47.710316	0.0	40396981	15857.64544224739
201	-112.35066	-112.35066	0.0	-47.683357	4.3254733	-31.752905	-56.561478	-47.68332	0.0	40597981	15926.42611694336
202	-127.69918	-127.69918	0.0	-47.64542	4.3779726	-32.465755	-57.102856	-47.645554	0.0	40798981	15995.604291677475
203	-129.9167	-129.9167	0.0	-47.668682	4.3677454	-30.605042	-61.275665	-47.66866	0.0	40999981	16063.89585018158
204	-184.36224	-184.36224	-101.196175	-47.64883	4.3950143	-31.294466	-58.845314	-47.648705	0.0	41200982	16133.443548679352
205	-178.20467	-178.20467	-114.8175	-47.656876	4.390604	-31.99292	-56.668438	-47.656937	0.0	41401981	16202.184168338776
206	-186.08696	-186.08696	-179.4441	-47.6952	4.353204	-29.772635	-55.95363	-47.695175	0.0	41602984	16270.922955751419
207	-214.80017	-214.80017	-126.88369	-47.717987	4.3261576	-29.991451	-64.06533	-47.718193	0.0	41803982	16339.486047744751
208	-194.5314	-194.5314	-93.00538	-47.721912	4.324958	-30.341156	-63.698994	-47.722122	0.0	42004982	16408.387058734894
209	-135.00352	-135.00352	0.0	-47.743668	4.301733	-30.170366	-65.29675	-47.743587	0.0	42205981	16478.005306959152
210	-148.10976	-148.10976	-121.132416	-47.743168	4.3074985	-28.088398	-58.585293	-47.74314	0.0	42406982	16546.58022093773
211	-192.41031	-192.41031	-124.40605	-47.74325	4.310737	-30.054432	-56.744457	-47.74329	0.0	42607982	16615.545804977417
212	-212.86208	-212.86208	-128.72548	-47.771793	4.26815	-1.8473263	-65.642006	-47.771942	0.0	42808982	16684.151950597763
213	-201.05348	-201.05348	-134.67531	-47.78143	4.252866	-29.287603	-57.197895	-47.781433	0.0	43009981	16754.28399705887
214	-219.75473	-219.75473	-137.61095	-47.791878	4.240957	-28.572947	-56.42106	-47.791904	0.0	43210983	16824.32953929901
215	-206.395	-206.395	-136.01747	-47.765087	4.299111	-32.43446	-59.076427	-47.764973	0.0	43411982	16893.356357336044
216	-199.5242	-199.5242	-133.36403	-47.764046	4.3036404	-33.28096	-59.296505	-47.76429	0.0	43612982	16962.44674015045
217	-202.44717	-202.44717	-133.01389	-47.788506	4.2779984	-33.221672	-62.987827	-47.788704	0.0	43813982	17030.693361997604
218	-201.51826	-201.51826	-129.85672	-47.819668	4.241653	-33.163242	-57.594852	-47.81963	0.0	44014982	17098.813018798828
219	-191.08621	-191.08621	-105.76872	-47.79792	4.2899265	-32.700615	-56.409924	-47.79784	0.0	44215981	17167.647597789764
220	-180.69098	-180.69098	-138.2559	-47.790577	4.309772	-32.767876	-64.039925	-47.790733	0.0	44416981	17236.599010944366
221	-181.27261	-181.27261	-134.50172	-47.790417	4.3297224	-25.69513	-58.57933	-47.79045	0.0	44617982	17305.497844219208
222	-218.76292	-218.76292	0.0	-47.87204	4.2002764	-32.877785	-58.847893	-47.871937	0.0	44818981	17374.244941473007
223	-135.34746	-135.34746	-102.14069	-48.052113	3.8465652	-33.746277	-66.34808	-48.052227	0.0	45019981	17443.083096265793
224	-126.93231	-126.93231	16.165451	-48.070454	3.8184347	-32.975758	-64.426186	-48.070595	0.0	45220984	17511.866164445877
225	-103.45047	-103.45047	17.537354	-47.837357	4.2425575	-32.647934	-62.119297	-47.837456	0.0	45421981	17580.34392261505
226	-124.47691	-124.47691	-2.121603	-47.738518	4.4630165	-32.01339	-57.77145	-47.73854	0.0	45622981	17649.061320781708
227	-131.12575	-131.12575	8.108465	-47.798664	4.329096	-30.995642	-55.875854	-47.798763	0.0	45823985	17717.913279771805
228	-137.23012	-137.23012	3.5812826	-47.809166	4.300411	-33.175697	-60.76858	-47.809235	0.0	46024985	17786.39988207817
229	-133.57777	-133.57777	19.094555	-47.77907	4.343905	-32.558994	-62.7443	-47.779167	0.0	46225984	17855.085527658463
230	-132.21454	-132.21454	19.230566	-47.814724	4.2764955	-33.1438	-58.050465	-47.814713	0.0	46426983	17924.195266008377
231	-108.501114	-108.501114	19.069721	-47.82244	4.2573338	-31.820147	-58.890297	-47.82253	0.0	46627981	17993.22926425934
232	-123.900764	-123.900764	19.500355	-47.812397	4.2574825	-31.213308	-59.59442	-47.81231	0.0	46828985	18062.120100975037
233	-122.260506	-122.260506	19.193872	-47.816166	4.2465253	-31.4579	-58.31171	-47.81633	0.0	47029983	18130.39681982994
234	-117.01371	-117.01371	0.0	-47.81364	4.2505536	-30.44614	-58.269394	-47.813663	0.0	47230981	18198.989191055298
235	-118.02034	-118.02034	0.0	-47.807995	4.2630587	-29.462704	-57.46758	-47.80797	0.0	47431981	18267.60565137863
236	-114.5983	-114.5983	0.0	-47.8003	4.277395	-31.322607	-58.50621	-47.800426	0.0	47632981	18336.14306807518
237	-106.29684	-106.29684	17.850222	-47.791035	4.300088	-32.401184	-58.348785	-47.79097	0.0	47833983	18404.801108837128
238	-128.0743	-128.0743	19.24652	-47.81827	4.2604613	-32.228355	-62.25608	-47.81856	0.0	48034981	18473.24298286438
239	-126.07602	-126.07602	0.116684794	-47.848694	4.1904798	-31.977732	-63.61088	-47.8488	0.0	48235984	18541.98135113716
240	-139.4026	-139.4026	-5.589592	-47.930782	4.0325737	-33.634705	-57.41071	-47.930836	0.0	48436984	18610.999638557434
241	-155.28233	-155.28233	-7.644518	-47.87958	4.107084	-32.947037	-58.11085	-47.87979	0.0	48637983	18679.59858608246
242	-123.192406	-123.192406	-6.7223887	-47.845695	4.1569805	-34.014183	-56.980137	-47.845673	0.0	48838985	18749.449993133545
243	-127.55259	-127.55259	-13.691122	-47.8633	4.120793	-32.831543	-58.478737	-47.86323	0.0	49039982	18818.247761011124
244	-114.503654	-114.503654	2.644852	-47.865135	4.111277	-31.407532	-59.35799	-47.865185	0.0	49240981	18887.701450824738
245	-113.32297	-113.32297	3.7841527	-47.83632	4.1458216	-33.14854	-55.732258	-47.83639	0.0	49441981	18957.05076599121
246	-131.2828	-131.2828	-0.23387337	-47.78868	4.227149	-33.77203	-65.48858	-47.788834	0.0	49642982	19026.68586063385
247	-127.56321	-127.56321	0.4062738	-47.748924	4.2838154	-33.29218	-57.66908	-47.74886	0.0	49843984	19095.958016872406
248	-122.66685	-122.66685	-0.59929365	-47.757835	4.289378	-33.560394	-61.85001	-47.757923	0.0	50044981	19165.377344846725
249	-135.00174	-135.00174	0.06980466	-47.703915	4.3532314	-32.645096	-57.877247	-47.70401	0.0	50245982	19235.199460029602
250	-121.70111	-121.70111	-7.0298567	-47.718006	4.329095	-31.302895	-64.89917	-47.71803	0.0	50446981	19304.916387081146
251	-124.04636	-124.04636	1.7849919	-47.694626	4.369904	-32.703163	-59.712574	-47.694668	0.0	50647985	19374.313156843185
252	-126.17009	-126.17009	-6.4743896	-47.67804	4.3877	-32.177162	-63.757256	-47.6782	0.0	50848981	19444.30626630783
253	-112.93056	-112.93056	5.224122	-47.671333	4.3885317	-30.964123	-61.54776	-47.67112	0.0	51049981	19513.571838378906
254	-121.08368	-121.08368	24.426342	-47.66971	4.4026628	-31.409384	-59.061184	-47.66994	0.0	51250982	19583.150190353394
255	-121.13519	-121.13519	24.857119	-47.63297	4.441992	-30.91436	-60.711075	-47.63294	0.0	51451981	19653.68822813034
256	-118.607185	-118.607185	25.656391	-47.595432	4.5232196	-31.052105	-62.15194	-47.5955	0.0	51652981	19723.150933504105
257	-112.73884	-112.73884	25.147112	-47.525494	4.670002	-30.443802	-65.824715	-47.525677	0.0	51853985	19792.3791513443
258	-108.45994	-108.45994	18.823156	-47.513756	4.660003	-26.833702	-60.392475	-47.51354	1.0	52054981	19862.10508966446
259	-108.679436	-108.679436	22.024338	-47.514427	4.666644	-30.982517	-59.644623	-47.514545	0.0	52255985	19931.90444302559
260	-116.741776	-116.741776	22.150421	-47.578274	4.549375	-29.837687	-65.81677	-47.57831	0.0	52456985	20001.008024930954
261	-125.32044	-125.32044	7.2928176	-47.622044	4.4617324	-29.442242	-65.248764	-47.622147	0.0	52657982	20071.26782155037
262	-118.273575	-118.273575	26.852825	-47.559174	4.563801	-29.394466	-59.97487	-47.559227	0.0	52858984	20141.24089074135
263	-124.246506	-124.246506	29.498756	-47.54314	4.577893	-15.567976	-60.72231	-47.543175	0.0	53059985	20210.871838331223
264	-135.67552	-135.67552	27.146648	-47.539913	4.578808	-9.023399	-57.013004	-47.54014	0.0	53260985	20280.00990819931
265	-138.46693	-138.46693	29.718264	-47.530293	4.5984106	-12.450516	-63.32825	-47.53027	1.0	53461986	20349.562682390213
266	-166.91603	-166.91603	24.975744	-47.4548	4.729363	-8.129734	-66.68987	-47.454784	0.0	53662986	20418.714134931564
267	-150.69115	-150.69115	2.1628652	-47.47868	4.6830125	-10.318812	-61.89714	-47.478554	0.0	53863986	20488.26968741417
268	-123.30893	-123.30893	25.931995	-47.463577	4.695439	-11.682602	-61.614044	-47.46384	1.0	54064984	20558.24731707573
269	-120.03538	-120.03538	7.961333	-47.37285	4.8392534	-12.137867	-66.79453	-47.372795	0.0	54265981	20627.915791749954
270	-144.64503	-144.64503	14.570237	-47.301342	4.9548893	-10.5995655	-58.923412	-47.30145	0.0	54466981	20697.45895409584
271	-172.714	-172.714	14.945146	-47.428833	4.7619267	-12.055899	-60.971016	-47.428608	0.0	54667981	20766.454122781754
272	-114.23769	-114.23769	13.286315	-47.44533	4.7113776	-8.242701	-65.40987	-47.44544	0.0	54868982	20835.5301156044
273	-125.58946	-125.58946	29.389307	-47.403156	4.783127	-4.1670165	-59.228542	-47.403328	0.0	55069982	20905.42588710785
274	-134.18295	-134.18295	27.73609	-47.324375	4.9022455	-4.148277	-64.99523	-47.324436	1.0	55270981	20975.260373592377
275	-129.34824	-129.34824	18.34267	-47.30133	4.9521704	-0.8847203	-58.70228	-47.30128	1.0	55471986	21044.97907924652
276	-123.833786	-123.833786	27.341179	-47.17427	5.154715	3.2200744	-65.40425	-47.174393	1.0	55672985	21114.07949733734
277	-115.89728	-115.89728	28.270838	-47.08363	5.287073	0.3480711	-60.411144	-47.083797	1.0	55873982	21183.58718752861
278	-110.441696	-110.441696	26.913044	-47.140568	5.1792703	2.514781	-61.717224	-47.140526	1.0	56074986	21252.536903619766
279	-145.79501	-145.79501	17.788635	-47.10074	5.2590885	3.4715571	-64.31932	-47.100887	0.0	56275986	21321.147201299667
280	-114.23442	-114.23442	26.01251	-46.985462	5.438707	2.9178236	-62.39777	-46.985546	1.0	56476981	21391.209447860718
281	-114.9931	-114.9931	27.829418	-47.07772	5.2711887	0.77420735	-61.071056	-47.077774	1.0	56677986	21460.635238170624
282	-133.82602	-133.82602	10.972565	-47.074306	5.2760344	2.515114	-60.071045	-47.074482	1.0	56878981	21529.58936190605
283	-124.96407	-124.96407	25.629627	-47.04839	5.298233	7.7967453	-67.78197	-47.048676	1.0	57079982	21598.60308599472
284	-131.53375	-131.53375	24.635626	-46.981594	5.4026194	6.4634323	-66.8932	-46.981445	1.0	57280981	21667.82279896736
285	-120.79765	-120.79765	25.441988	-46.92829	5.492889	8.65556	-60.607197	-46.928226	1.0	57481981	21737.35558128357
286	-124.57147	-124.57147	26.296629	-47.004227	5.380862	5.575016	-61.715637	-47.004383	1.0	57682986	21807.03028345108
287	-123.670525	-123.670525	26.500128	-46.909576	5.525703	12.739519	-59.126785	-46.90996	1.0	57883981	21876.325504779816
288	-125.54935	-125.54935	25.695677	-46.86147	5.5842724	11.653071	-60.962166	-46.861767	1.0	58084981	21945.58180141449
289	-108.23093	-108.23093	26.8289	-46.687485	5.8657656	10.248064	-59.84137	-46.68738	1.0	58285982	22014.553931713104
290	-107.54293	-107.54293	26.78997	-46.455345	6.2169423	13.486746	-61.086655	-46.455547	1.0	58486984	22083.574459552765
291	-143.36058	-143.36058	26.431269	-46.374176	6.345595	13.23456	-59.84102	-46.374405	1.0	58687981	22152.737461090088
292	-143.38078	-143.38078	19.167736	-46.43666	6.269038	13.940746	-59.846813	-46.436565	1.0	58888982	22222.21382188797
293	-132.26373	-132.26373	19.08952	-46.44788	6.2686806	16.078592	-59.297245	-46.44801	1.0	59089981	22291.014028549194
294	-140.41873	-140.41873	27.332369	-46.458103	6.238215	9.926598	-63.42531	-46.458523	1.0	59290981	22359.84732055664
295	-121.08486	-121.08486	28.416939	-46.49079	6.223579	20.441744	-60.261234	-46.490974	1.0	59491982	22429.008137226105
296	-141.1248	-141.1248	19.18071	-46.512188	6.171979	9.486017	-61.434723	-46.512085	1.0	59692986	22498.065232992172
297	-119.85051	-119.85051	19.247837	-46.565933	6.0819597	9.36936	-62.27032	-46.566387	1.0	59893981	22567.51034927368
298	-136.2508	-136.2508	19.182966	-46.472977	6.2052946	22.790253	-60.84706	-46.473183	1.0	60094984	22635.884948015213
299	-150.13667	-150.13667	19.088593	-46.53063	6.1232686	19.802263	-59.95573	-46.530735	1.0	60295982	22705.04948401451
300	-124.608185	-124.608185	26.32848	-46.587814	6.0274343	13.477013	-62.06372	-46.588055	0.0	60496983	22773.878326177597
301	-119.11832	-119.11832	28.574163	-46.55183	6.074687	14.538622	-65.75105	-46.551815	1.0	60697986	22843.145610570908
302	-127.89332	-127.89332	27.464912	-46.43895	6.241513	18.085003	-60.98353	-46.439453	0.0	60898983	22912.301871299744
303	-119.108826	-119.108826	19.398472	-46.52976	6.093104	11.425092	-60.37693	-46.529827	1.0	61099981	22980.77834200859
304	-133.58084	-133.58084	27.234228	-46.56403	6.0625415	18.211708	-61.206738	-46.564312	0.0	61300981	23050.07253718376
305	-117.38666	-117.38666	28.114351	-46.632126	5.9529243	18.317326	-61.43229	-46.632236	1.0	61501981	23118.83913397789
306	-136.13081	-136.13081	18.991562	-46.69891	5.8811946	36.47207	-69.4281	-46.698982	1.0	61702986	23187.463003873825
307	-129.67863	-129.67863	28.421026	-46.70559	5.862234	22.809387	-61.152466	-46.705833	1.0	61903984	23255.979924440384
308	-109.900314	-109.900314	27.545313	-46.675148	5.8985124	20.013666	-61.291847	-46.67528	0.0	62104986	23325.247670173645
309	-138.85275	-138.85275	26.299633	-46.668472	5.912998	27.024906	-63.177536	-46.668816	1.0	62305985	23394.274770259857
310	-155.05684	-155.05684	19.054354	-46.694057	5.8959513	21.539812	-62.98764	-46.69419	1.0	62506984	23463.118124961853
311	-127.02409	-127.02409	26.828184	-46.650265	5.968299	22.58075	-59.4662	-46.650677	1.0	62707986	23533.03552055359
312	-118.78339	-118.78339	0.0	-46.734756	5.8468237	22.892445	-61.10277	-46.734924	0.0	62908981	23602.29779624939
313	-128.47507	-128.47507	27.0425	-46.70475	5.8756495	20.019861	-60.442665	-46.70529	1.0	63109986	23671.329114675522
314	-125.309845	-125.309845	27.2703	-46.643917	5.9751835	23.481014	-58.982285	-46.644024	1.0	63310981	23740.8233191967
315	-121.315636	-121.315636	27.844603	-46.67051	5.950176	31.641705	-66.33266	-46.670357	0.0	63511981	23809.210930109024
316	-118.73496	-118.73496	27.793673	-46.62933	6.0068336	33.996468	-60.134045	-46.62976	1.0	63712981	23878.35841703415
317	-118.12368	-118.12368	27.196074	-46.567272	6.100393	26.009607	-61.981007	-46.567326	1.0	63913986	23947.541886091232
318	-133.35298	-133.35298	26.902422	-46.47996	6.218337	26.730944	-66.081535	-46.480164	1.0	64114982	24016.65067267418
319	-107.278534	-107.278534	27.572803	-46.45203	6.2842207	25.693085	-64.04229	-46.451927	1.0	64315981	24085.254589796066
320	-130.9243	-130.9243	27.249147	-46.472164	6.2360144	26.064499	-62.914593	-46.47252	1.0	64516982	24154.403883218765
321	-125.875374	-125.875374	28.125397	-46.518402	6.2112226	33.22673	-63.75057	-46.518772	1.0	64717986	24223.168174743652
322	-143.35844	-143.35844	27.476147	-46.493122	6.2358923	33.714016	-65.69747	-46.493412	0.0	64918986	24291.93993997574
323	-116.74769	-116.74769	27.117687	-46.523727	6.189845	48.94742	-61.734116	-46.524082	1.0	65119981	24360.95777273178
324	-110.33087	-110.33087	28.295155	-46.514656	6.193841	28.17133	-67.997795	-46.514538	1.0	65320981	24430.18218779564
325	-112.03631	-112.03631	27.398767	-46.471577	6.2414308	36.28995	-64.52115	-46.471798	1.0	65521981	24499.60732460022
326	-122.470345	-122.470345	28.097912	-46.451706	6.271536	25.14729	-62.449978	-46.451923	1.0	65722981	24568.636699676514
327	-120.756065	-120.756065	27.307775	-46.458317	6.277422	22.58745	-62.80705	-46.458473	1.0	65923981	24638.518757104874
328	-131.39964	-131.39964	27.26313	-46.428864	6.3186793	20.872368	-66.55169	-46.42909	1.0	66124981	24707.200616121292
329	-139.11212	-139.11212	27.569378	-46.464024	6.2857647	36.751305	-61.418068	-46.463993	1.0	66325985	24775.981470823288
330	-118.43391	-118.43391	27.470762	-46.440514	6.319298	22.067564	-65.018814	-46.440533	1.0	66526982	24844.683042287827
331	-132.9387	-132.9387	27.71802	-46.41541	6.343499	26.735332	-66.071014	-46.415745	1.0	66727981	24913.505060195923
332	-132.57518	-132.57518	27.737738	-46.38539	6.396573	25.069164	-63.997368	-46.38573	1.0	66928985	24982.69315481186
333	-108.449455	-108.449455	27.82318	-46.491867	6.2514195	29.71301	-64.77559	-46.49181	1.0	67129983	25051.039226055145
334	-123.107956	-123.107956	27.231932	-46.432453	6.35021	37.05045	-63.89338	-46.432556	1.0	67330981	25119.870082378387
335	-117.19172	-117.19172	27.54665	-46.479557	6.2757826	21.945435	-66.26578	-46.47989	1.0	67531981	25188.948719501495
336	-122.13528	-122.13528	27.324652	-46.432823	6.350404	29.5498	-62.72336	-46.43303	1.0	67732981	25257.74031352997
337	-117.68875	-117.68875	27.905817	-46.407887	6.3877964	32.13606	-64.68207	-46.407867	1.0	67933981	25326.84161710739
338	-125.208206	-125.208206	27.25489	-46.444736	6.322583	32.197517	-61.829124	-46.44485	1.0	68134985	25396.393051624298
339	-120.45149	-120.45149	27.429924	-46.40539	6.390665	41.071617	-63.458275	-46.405777	1.0	68335981	25465.392702817917
340	-123.35299	-123.35299	27.439276	-46.477116	6.298331	40.56601	-68.156395	-46.477222	1.0	68536981	25534.948944091797
341	-142.66772	-142.66772	27.53105	-46.430042	6.338301	27.957954	-69.68477	-46.43019	1.0	68737981	25603.902970314026
342	-139.4454	-139.4454	27.747347	-46.429325	6.350564	31.989101	-64.21454	-46.42999	1.0	68938986	25673.035088777542
343	-115.10662	-115.10662	28.170624	-46.415188	6.3831263	30.260283	-64.00298	-46.414967	1.0	69139981	25741.284761428833
344	-112.358925	-112.358925	27.13394	-46.428757	6.351396	38.346268	-63.782494	-46.428696	1.0	69340981	25809.9633333683
345	-121.803055	-121.803055	27.728382	-46.36438	6.4261374	51.77831	-64.97829	-46.36474	1.0	69541982	25879.24630999565
346	-124.05206	-124.05206	27.551817	-46.45632	6.3006005	37.75689	-64.82427	-46.45631	1.0	69742986	25948.608320474625
347	-115.75455	-115.75455	26.846125	-46.447426	6.316059	23.962875	-66.348274	-46.44755	1.0	69943983	26018.02543258667
348	-132.65141	-132.65141	27.601435	-46.39534	6.3715115	35.405888	-64.0646	-46.395653	1.0	70144981	26087.02534556389
349	-123.032265	-123.032265	27.436836	-46.407303	6.363163	23.036686	-64.44704	-46.406876	1.0	70345981	26155.899728775024
350	-119.0157	-119.0157	27.5976	-46.57959	6.136027	29.275278	-62.849636	-46.57977	1.0	70546983	26225.711671829224
351	-132.1034	-132.1034	19.288265	-46.610226	6.1154323	29.712414	-64.419815	-46.610294	1.0	70747981	26294.87384057045
352	-133.86575	-133.86575	27.625055	-46.657703	6.047995	34.871693	-65.686165	-46.657944	1.0	70948981	26363.86474251747
353	-128.91624	-128.91624	27.80237	-46.646706	6.038422	25.712137	-63.26318	-46.646873	1.0	71149981	26432.94076347351
354	-144.92123	-144.92123	19.195332	-46.48472	6.267441	26.68684	-64.66698	-46.4854	1.0	71350983	26501.743869543076
355	-112.00829	-112.00829	27.036633	-46.533665	6.219428	31.139677	-63.60262	-46.533417	1.0	71551981	26570.65820646286
356	-115.283264	-115.283264	27.876734	-46.51977	6.261515	29.322796	-63.420834	-46.51997	1.0	71752981	26639.56174850464
357	-128.27882	-128.27882	26.508547	-46.5309	6.2645755	32.403915	-65.492165	-46.530888	1.0	71953986	26708.732152223587
358	-115.01321	-115.01321	19.62213	-46.537643	6.2292128	21.399572	-63.2115	-46.537735	1.0	72154981	26777.60849094391
359	-121.89834	-121.89834	27.394642	-46.428585	6.375374	23.966805	-60.810013	-46.428772	1.0	72355982	26846.311297655106
360	-131.40152	-131.40152	28.578619	-46.45937	6.340697	31.49307	-60.924603	-46.459515	1.0	72556981	26915.29461479187
361	-136.36281	-136.36281	19.41142	-46.432102	6.385944	28.667068	-61.271076	-46.431797	1.0	72757981	26983.711896419525
362	-143.11365	-143.11365	27.445532	-46.49093	6.3074102	26.688892	-61.919262	-46.49095	1.0	72958986	27052.96446108818
363	-136.6264	-136.6264	26.4789	-46.452995	6.3434544	35.2302	-65.6819	-46.45304	1.0	73159981	27122.206433534622
364	-124.374275	-124.374275	28.02766	-46.505302	6.281455	34.88391	-62.721153	-46.505325	1.0	73360982	27190.639152288437
365	-116.08996	-116.08996	28.125072	-46.45921	6.337106	27.066734	-62.09152	-46.459175	1.0	73561986	27259.585058927536
366	-137.62158	-137.62158	28.12134	-46.47764	6.305873	25.576252	-61.50149	-46.477985	1.0	73762981	27330.408767223358
367	-128.26021	-128.26021	25.07524	-46.45895	6.3456874	20.320261	-62.30482	-46.458664	1.0	73963986	27402.27785873413
368	-132.28656	-132.28656	25.459185	-46.483597	6.325416	26.031513	-67.41816	-46.483482	1.0	74164981	27474.010585784912
369	-123.87631	-123.87631	27.91073	-46.475456	6.2907453	34.106453	-62.988895	-46.47587	1.0	74365981	27543.24464225769
370	-119.74668	-119.74668	26.72126	-46.362244	6.437095	37.441135	-63.29412	-46.362038	1.0	74566986	27612.69256424904
371	-118.96934	-118.96934	28.617847	-46.271725	6.575139	36.370564	-63.128254	-46.272133	1.0	74767981	27682.053364515305
372	-145.56305	-145.56305	19.37836	-46.248837	6.600462	26.73401	-64.06547	-46.248875	1.0	74968983	27751.165610313416
373	-111.12982	-111.12982	27.885195	-46.25915	6.5658646	28.376947	-75.86401	-46.258995	1.0	75169985	27820.914196014404
374	-119.07129	-119.07129	28.54256	-46.236034	6.6062984	61.515488	-63.62476	-46.23644	1.0	75370985	27890.020035982132
375	-133.10675	-133.10675	27.65722	-46.227688	6.632072	29.669031	-64.56728	-46.22735	1.0	75571981	27958.862839460373
376	-124.34777	-124.34777	28.46165	-46.20676	6.672435	31.563906	-69.237465	-46.206932	1.0	75772981	28028.40563559532
377	-136.82274	-136.82274	27.568031	-46.179188	6.685132	35.47743	-66.00813	-46.17914	1.0	75973981	28099.299501419067
378	-116.23437	-116.23437	28.216677	-46.20165	6.679549	41.521164	-64.727036	-46.201958	1.0	76174981	28178.287703037262
379	-145.54834	-145.54834	19.617887	-46.191692	6.68224	26.050526	-64.134315	-46.191444	1.0	76375981	28260.089785575867
380	-126.237335	-126.237335	27.435907	-46.20805	6.636547	36.08262	-66.967865	-46.208138	1.0	76576981	28336.60471391678
381	-118.581985	-118.581985	27.550348	-46.170914	6.7143583	38.209507	-61.58538	-46.170986	1.0	76777986	28407.33813548088
382	-107.05765	-107.05765	27.448895	-46.16099	6.7134843	32.35618	-60.357635	-46.160713	1.0	76978981	28476.810301065445
383	-134.66908	-134.66908	27.860466	-46.160946	6.706213	28.428951	-62.130035	-46.16139	1.0	77179983	28545.754539251328
384	-135.43323	-135.43323	28.305786	-46.18669	6.6707478	37.82022	-62.878223	-46.186523	1.0	77380986	28614.49016404152
385	-128.9162	-128.9162	27.87743	-46.231438	6.6229734	35.51093	-68.08673	-46.231915	1.0	77581981	28683.746327400208
386	-133.78696	-133.78696	27.946556	-46.228394	6.6395187	36.726063	-63.70594	-46.228584	1.0	77782982	28753.193901777267
387	-146.33177	-146.33177	27.562933	-46.20898	6.6558747	28.50322	-63.334	-46.209087	1.0	77983981	28822.35071706772
388	-121.3387	-121.3387	28.016668	-46.190025	6.6765532	26.848475	-65.157166	-46.189888	1.0	78184981	28891.676508665085
389	-132.32878	-132.32878	28.050627	-46.198856	6.653524	27.067383	-62.15443	-46.19906	1.0	78385982	28961.23630785942
390	-122.48713	-122.48713	27.361645	-46.138386	6.7429175	26.538553	-74.10993	-46.13828	1.0	78586981	29031.174815654755
391	-125.88652	-125.88652	19.482365	-46.19321	6.6489663	29.231792	-68.70758	-46.192963	1.0	78787982	29100.970240592957
392	-116.32125	-116.32125	28.60412	-46.161037	6.7014756	21.732151	-67.47076	-46.16148	1.0	78988985	29170.39249277115
393	-124.59679	-124.59679	27.982725	-46.12451	6.738111	33.3099	-68.19087	-46.124443	1.0	79189981	29239.155503749847
394	-120.17762	-120.17762	28.157948	-46.14464	6.6993284	27.298073	-65.81177	-46.144726	1.0	79390986	29307.69015431404
395	-106.03631	-106.03631	28.053326	-46.220108	6.59514	26.002872	-68.21285	-46.220074	1.0	79591981	29376.829209566116
396	-121.23413	-121.23413	28.013239	-46.192654	6.6557755	25.048132	-71.51095	-46.192276	1.0	79792985	29445.913272857666
397	-116.940765	-116.940765	29.165525	-46.1898	6.655296	28.488705	-69.18093	-46.190094	1.0	79993983	29515.381201267242
398	-125.90626	-125.90626	27.68308	-46.230564	6.586147	34.340103	-66.81987	-46.23052	1.0	80194981	29585.012949466705
399	-109.758675	-109.758675	28.491203	-46.277275	6.5289297	32.44381	-72.26069	-46.27758	1.0	80395981	29654.283228874207
400	-137.07207	-137.07207	28.813013	-46.306973	6.518419	30.269016	-64.38401	-46.30681	1.0	80596981	29722.65159678459
401	-123.48946	-123.48946	28.67875	-46.330124	6.4844313	26.211952	-68.08933	-46.330017	1.0	80797981	29791.873203754425
402	-110.32273	-110.32273	26.915194	-46.294357	6.522125	26.106472	-66.06101	-46.294655	1.0	80998981	29861.101016044617
403	-120.556496	-120.556496	27.94236	-46.30684	6.5088983	34.521236	-63.109283	-46.306805	1.0	81199985	29930.470669984818
404	-130.89879	-130.89879	27.872505	-46.330303	6.4942694	25.147383	-62.959946	-46.330616	1.0	81400982	29998.693735599518
405	-122.88945	-122.88945	28.576536	-46.267635	6.5784063	35.10566	-64.9106	-46.267017	1.0	81601984	30067.821157217026
406	-129.15121	-129.15121	27.99605	-46.229797	6.6325355	39.03776	-64.84422	-46.229885	1.0	81802986	30136.96382689476
407	-117.52237	-117.52237	27.798037	-46.2438	6.6295247	28.875095	-71.21431	-46.243805	1.0	82003981	30206.013997077942
408	-109.71749	-109.71749	28.13656	-46.258785	6.608084	38.186443	-69.18952	-46.258785	1.0	82204981	30274.414086341858
409	-99.56259	-99.56259	28.237202	-46.256863	6.6081433	24.821774	-61.752857	-46.256817	1.0	82405986	30343.018521547318
410	-126.618126	-126.618126	28.921144	-46.220825	6.6442895	30.817963	-68.60878	-46.22038	1.0	82606983	30412.334720134735
411	-120.415634	-120.415634	28.200794	-46.210075	6.680646	26.161654	-64.86613	-46.21008	1.0	82807986	30480.95400953293
412	-133.0551	-133.0551	28.647266	-46.216633	6.649968	23.259209	-69.891396	-46.21665	1.0	83008982	30549.106425762177
413	-107.87239	-107.87239	27.919832	-46.23465	6.65185	28.975197	-65.90749	-46.234344	1.0	83209982	30618.144334077835
414	-111.159424	-111.159424	27.785023	-46.26972	6.5911255	31.264118	-68.163246	-46.269848	1.0	83410982	30687.03128528595
415	-128.27094	-128.27094	28.053144	-46.254234	6.6233234	22.513266	-64.86652	-46.254192	1.0	83611986	30755.74244761467
416	-128.2407	-128.2407	19.042187	-46.203938	6.6757975	28.652727	-65.87498	-46.203934	1.0	83812981	30824.965774059296
417	-125.76039	-125.76039	28.724907	-46.220726	6.664752	38.52297	-63.72495	-46.220398	1.0	84013981	30894.27837729454
418	-153.56032	-153.56032	0.0	-46.174717	6.715962	25.629072	-63.4653	-46.17458	0.0	84214981	30963.043920993805
419	-92.02099	-92.02099	28.488253	-46.146908	6.762309	28.478945	-65.07176	-46.14667	1.0	84415981	31031.466317415237
420	-135.56195	-135.56195	28.745277	-46.114414	6.8010354	30.034607	-67.87066	-46.114346	1.0	84616986	31100.28813099861
421	-115.71047	-115.71047	28.775673	-46.086826	6.841098	37.408092	-65.96405	-46.086903	1.0	84817982	31169.203946113586
422	-108.6361	-108.6361	28.179432	-46.05118	6.901902	20.701681	-64.43553	-46.051067	1.0	85018986	31237.6733584404
423	-130.0853	-130.0853	28.168978	-46.084724	6.8406377	31.317823	-63.261024	-46.084328	1.0	85219984	31306.127123355865
424	-126.02487	-126.02487	28.18543	-46.143227	6.747886	27.110928	-65.53029	-46.14308	1.0	85420981	31375.092279434204
425	-120.68488	-120.68488	28.551739	-46.128487	6.782806	23.976282	-64.16261	-46.128696	1.0	85621982	31443.867824792862
426	-118.80803	-118.80803	28.685644	-46.08663	6.8269625	33.330368	-71.4084	-46.086155	1.0	85822986	31512.582589149475
427	-135.48578	-135.48578	28.632092	-46.06908	6.8624134	24.995472	-63.49789	-46.068695	1.0	86023981	31581.55922603607
428	-100.896996	-100.896996	27.366417	-46.10235	6.8110147	25.877968	-66.33607	-46.10254	1.0	86224981	31650.048784971237
429	-117.474945	-117.474945	28.808832	-46.043087	6.8788834	35.845787	-71.49589	-46.042675	1.0	86425984	31719.639021873474
430	-121.578026	-121.578026	28.263195	-46.101906	6.831586	23.891546	-66.64857	-46.101696	1.0	86626981	31787.994752645493
431	-125.82646	-125.82646	28.325401	-46.08729	6.8344	34.56378	-63.856354	-46.087616	1.0	86827981	31856.972515821457
432	-120.7638	-120.7638	27.790855	-46.11498	6.772615	25.511284	-64.67638	-46.114693	1.0	87028981	31925.383924484253
433	-131.65508	-131.65508	28.187498	-46.16969	6.7241883	30.173471	-65.212906	-46.169178	1.0	87229981	31993.996673583984
434	-121.91346	-121.91346	26.518103	-46.18939	6.715762	26.899502	-65.659615	-46.189835	1.0	87430984	32062.384344816208
435	-122.32348	-122.32348	28.007875	-46.19468	6.691419	31.51626	-64.9268	-46.194717	1.0	87631985	32130.85728573799
436	-120.37336	-120.37336	27.870861	-46.112816	6.7979774	34.899418	-65.908264	-46.11273	1.0	87832986	32199.163578748703
437	-119.92343	-119.92343	27.714643	-46.06575	6.85003	26.125463	-69.32063	-46.065617	1.0	88033986	32268.248121976852
438	-122.305084	-122.305084	27.446087	-46.031357	6.8962045	30.741035	-63.65773	-46.031548	1.0	88234981	32336.85191488266
439	-132.82188	-132.82188	27.931658	-46.07005	6.857338	27.62802	-63.64801	-46.069614	1.0	88435982	32406.031502485275
440	-126.38299	-126.38299	28.196362	-45.96835	6.976115	25.46755	-64.25216	-45.96833	1.0	88636981	32474.283929109573
441	-123.7375	-123.7375	28.432066	-45.976536	6.9791822	25.105396	-67.44819	-45.97625	1.0	88837984	32543.012682199478
442	-122.665955	-122.665955	28.957191	-46.072495	6.861932	32.005795	-67.37057	-46.07292	1.0	89038986	32612.149401903152
443	-134.32945	-134.32945	28.08819	-46.040913	6.8869343	29.510534	-65.12051	-46.04054	1.0	89239986	32680.79851078987
444	-131.8538	-131.8538	28.257532	-45.95995	6.9967637	32.29867	-64.398865	-45.959705	1.0	89440983	32749.875442266464
445	-102.46011	-102.46011	27.461937	-45.987335	6.9652653	26.639217	-64.80088	-45.987106	1.0	89641986	32817.96000957489
446	-98.87103	-98.87103	28.11286	-46.01432	6.921122	25.311932	-79.44626	-46.014248	1.0	89842983	32886.16950416565
447	-139.20303	-139.20303	27.617298	-45.98575	6.9488726	28.588564	-72.8349	-45.985733	1.0	90043984	32954.355739593506
448	-114.81424	-114.81424	28.420134	-45.91861	7.03264	26.11884	-63.876976	-45.918007	1.0	90244981	33024.58572816849
449	-130.42455	-130.42455	28.627266	-45.990955	6.9450054	25.653511	-66.619865	-45.99122	1.0	90445982	33093.42975687981
450	-121.66682	-121.66682	27.949383	-45.999992	6.926432	22.907478	-63.099354	-46.000023	1.0	90646986	33161.92963194847
451	-125.143974	-125.143974	0.0	-45.951393	7.0007257	24.860285	-65.95686	-45.95129	0.0	90847981	33230.078437805176
452	-122.65673	-122.65673	0.0	-45.943893	7.0196643	35.723022	-64.94938	-45.943295	0.0	91048981	33298.43940138817
453	-129.45822	-129.45822	0.0	-45.95593	7.0092397	27.185667	-71.4574	-45.95616	0.0	91249981	33366.7349922657
454	-124.74199	-124.74199	0.0	-46.008007	6.941134	47.485836	-66.34743	-46.00792	0.0	91450981	33435.00255894661
455	-112.901405	-112.901405	0.0	-45.92042	7.056444	35.58645	-65.6732	-45.920544	0.0	91651981	33503.598142147064
456	-112.82287	-112.82287	0.0	-45.94803	7.036697	26.115185	-63.031487	-45.948105	0.0	91852981	33572.07004523277
457	-122.48644	-122.48644	0.0	-45.89102	7.118755	29.634539	-63.326813	-45.890915	0.0	92053981	33640.031932115555
458	-127.48693	-127.48693	0.0	-45.963997	7.0308423	28.814213	-68.66247	-45.9635	0.0	92254981	33708.30540394783
459	-114.94385	-114.94385	0.0	-45.981976	6.9928565	24.247849	-65.035446	-45.981716	0.0	92455981	33776.70045518875
460	-129.55795	-129.55795	0.0	-45.97291	7.0313215	24.98071	-64.069046	-45.97286	0.0	92656981	33845.152641534805
461	-114.85279	-114.85279	0.0	-45.94641	7.042403	37.066425	-66.73272	-45.94639	0.0	92857981	33912.765532016754
462	-131.49947	-131.49947	0.0	-45.97513	7.021032	23.939747	-65.72718	-45.97515	0.0	93058985	33981.24004268646
463	-120.388466	-120.388466	0.0	-46.00499	6.9791627	26.518127	-66.716255	-46.005177	0.0	93259981	34050.74881696701
464	-119.83588	-119.83588	0.0	-45.944977	7.067166	40.64312	-65.86669	-45.944733	0.0	93460981	34119.020193099976
465	-108.93617	-108.93617	0.0	-45.963413	7.02331	32.979305	-65.32053	-45.962975	0.0	93661981	34187.476781606674
466	-120.167206	-120.167206	0.0	-45.96412	7.022106	24.917828	-63.016373	-45.964134	0.0	93862981	34255.78439593315
467	-112.274025	-112.274025	27.258204	-45.942585	7.069705	21.344734	-67.395164	-45.9422	1.0	94063982	34324.301315546036
468	-132.50665	-132.50665	25.905312	-45.961456	7.0289583	33.243004	-65.63276	-45.961544	1.0	94264985	34392.77131652832
469	-129.34358	-129.34358	26.304682	-45.979717	7.0154514	32.31899	-64.37326	-45.979244	1.0	94465981	34461.83763766289
470	-131.51724	-131.51724	26.712635	-46.050896	6.947067	31.309418	-70.195145	-46.05092	1.0	94666984	34531.14237546921
471	-104.48613	-104.48613	26.679546	-45.982456	6.9920254	33.98243	-68.28203	-45.98231	1.0	94867986	34599.69069480896
472	-120.836296	-120.836296	26.489216	-45.973953	7.024783	28.698639	-65.22719	-45.973774	1.0	95068986	34668.025072813034
473	-119.28198	-119.28198	26.305906	-45.974792	7.0122876	22.14605	-67.41909	-45.974506	1.0	95269982	34736.87795495987
474	-117.17017	-117.17017	27.036354	-45.99661	6.978058	22.621052	-65.60555	-45.996223	1.0	95470981	34805.57587480545
475	-117.20148	-117.20148	26.872404	-45.983685	6.9769144	27.499994	-70.69968	-45.984005	1.0	95671986	34874.47072124481
476	-123.978294	-123.978294	28.143421	-45.941525	7.0427413	28.052351	-65.646416	-45.94123	1.0	95872986	34943.313777923584
477	-107.839645	-107.839645	28.13195	-45.961044	6.986284	26.239794	-65.51129	-45.960358	1.0	96073982	35012.44341468811
478	-141.26962	-141.26962	27.699848	-45.941376	7.022366	26.694418	-69.97078	-45.94111	1.0	96274984	35081.00108361244
479	-114.28593	-114.28593	27.38112	-45.90913	7.0596485	39.96452	-78.99362	-45.908775	1.0	96475984	35149.88057780266
480	-139.6059	-139.6059	28.499561	-45.966267	6.971498	23.650623	-73.00753	-45.96615	1.0	96676981	35218.360479831696
481	-125.381935	-125.381935	27.815857	-45.95806	6.9951186	26.445438	-66.301575	-45.957783	1.0	96877986	35286.400434970856
482	-103.24331	-103.24331	27.725008	-45.918076	7.0338054	23.323757	-67.633354	-45.918034	1.0	97078986	35356.38771677017
483	-104.80632	-104.80632	28.620691	-45.9101	7.0591335	24.685123	-68.2108	-45.910114	1.0	97279986	35425.216806173325
484	-134.93616	-134.93616	28.482769	-45.861942	7.0854917	22.794952	-64.338524	-45.862194	1.0	97480985	35494.561566352844
485	-100.4058	-100.4058	28.237877	-45.98957	6.9592733	23.356903	-66.83879	-45.989513	1.0	97681985	35562.87896990776
486	-111.83829	-111.83829	27.639006	-45.90784	7.045806	33.782425	-66.496284	-45.90794	1.0	97882986	35631.56611967087
487	-103.80375	-103.80375	28.058435	-45.97372	6.9492555	26.385017	-68.613304	-45.973156	1.0	98083985	35700.139062166214
488	-129.09143	-129.09143	27.731312	-45.937515	6.991767	27.593681	-70.62173	-45.937325	1.0	98284986	35768.530406951904
489	-130.873	-130.873	26.884438	-45.952877	6.9766192	35.297333	-68.47719	-45.9526	1.0	98485986	35837.30625009537
490	-132.45029	-132.45029	27.578825	-45.89311	7.050866	27.063229	-70.92826	-45.89297	1.0	98686986	35906.01123356819
491	-121.76063	-121.76063	27.568165	-45.90363	7.0353556	27.399218	-69.85131	-45.903946	1.0	98887983	35974.65105628967
492	-124.99645	-124.99645	29.152863	-45.8904	7.0589657	40.21523	-66.90434	-45.89028	1.0	99088986	36042.87091064453
493	-114.41557	-114.41557	27.80615	-45.884174	7.0731673	37.19754	-69.96921	-45.88428	1.0	99289981	36110.96782326698
494	-139.87561	-139.87561	28.472132	-45.897785	7.074173	37.674713	-64.909424	-45.89746	1.0	99490981	36179.35002875328
495	-121.33649	-121.33649	28.919586	-45.911266	7.043691	31.196798	-70.61236	-45.9106	1.0	99691986	36247.792140722275
496	-119.49921	-119.49921	27.425814	-45.818844	7.153922	36.186817	-68.01666	-45.81921	1.0	99892981	36316.33235621452
497	-127.22083	-127.22083	28.857977	-45.91385	7.0458746	33.275234	-68.11342	-45.913967	1.0	100093984	36384.697766304016
498	-130.72623	-130.72623	27.639685	-45.897316	7.046362	32.167793	-68.74095	-45.89702	1.0	100294985	36452.523498773575
499	-126.39337	-126.39337	28.192896	-45.901924	7.051625	30.680054	-68.662766	-45.901665	1.0	100495986	36520.55868053436
