Epoch	EpRet	EpRealRet	TestEpRet	AverageQ1	StdQ1	MaxQ1	MinQ1	Q2	TestSuccess	TotalEnvInteracts	TotalTime
0	-215.89969	-215.89969	-160.06502	-48.697815	6.3069973	-0.09425248	-78.67678	-48.72752	0.0	196981	96.19749879837036
1	-182.89563	-182.89563	0.0	-49.91137	0.96364534	-35.08396	-57.14772	-49.911465	0.0	397981	188.45393681526184
2	-122.465324	-122.465324	0.0	-49.911034	1.1005489	-32.658527	-53.9198	-49.911057	0.0	598984	277.891081571579
3	-231.35323	-231.35323	-166.63013	-49.907055	1.0533757	-31.940037	-62.757446	-49.906998	0.0	799982	369.8764457702637
4	-254.15738	-254.15738	-248.25645	-49.87239	1.045686	-32.15242	-59.372128	-49.87255	0.0	1000984	459.80328702926636
5	-247.45508	-247.45508	-226.16669	-49.855026	0.99662477	-33.491383	-52.759686	-49.855038	0.0	1201982	548.3819665908813
6	-234.44421	-234.44421	-195.8206	-49.8543	0.95662534	-35.22055	-57.90841	-49.854122	0.0	1402983	637.3814742565155
7	-225.26544	-225.26544	-212.07495	-49.87087	0.87678593	-36.226498	-58.589718	-49.87101	0.0	1603984	725.5539197921753
8	-250.8524	-250.8524	-117.44106	-49.875797	0.84716254	-38.18355	-55.301003	-49.875694	0.0	1804982	814.6666324138641
9	-223.68344	-223.68344	-210.39423	-49.86307	0.8447838	-31.16217	-56.227123	-49.86327	0.0	2005982	903.6497874259949
10	-213.49677	-213.49677	-153.01999	-49.85663	0.8701838	-36.936832	-57.074543	-49.856667	0.0	2206985	992.6347382068634
11	-199.72626	-199.72626	-96.72761	-49.830917	1.0008698	-33.376476	-53.92617	-49.831047	0.0	2407983	1082.0542418956757
12	-213.06879	-213.06879	-113.89965	-49.813057	1.1974392	-32.055115	-61.836895	-49.81333	0.0	2608983	1171.2866461277008
13	-259.41306	-259.41306	-126.003174	-49.811275	1.2186222	-31.068653	-54.139927	-49.81133	0.0	2809983	1259.6713032722473
14	-228.22417	-228.22417	-195.77011	-49.804882	1.3051926	-30.224573	-53.06513	-49.804905	0.0	3010981	1348.7729218006134
15	-209.26385	-209.26385	-99.3603	-49.797188	1.3511202	-27.877892	-56.804554	-49.797237	0.0	3211982	1436.9922602176666
16	-250.3874	-250.3874	-126.34553	-49.781273	1.3956378	-23.312082	-55.045055	-49.781467	0.0	3412982	1526.3122572898865
17	-221.70854	-221.70854	-105.6469	-49.778923	1.4932814	-21.838226	-52.791286	-49.778877	0.0	3613982	1615.3280985355377
18	-238.2158	-238.2158	-183.30202	-49.775898	1.4650327	-23.214727	-53.690365	-49.775974	0.0	3814987	1703.7336406707764
19	-203.94012	-203.94012	-158.88124	-49.762302	1.4527738	-23.587698	-54.22995	-49.762234	0.0	4015982	1792.5969896316528
20	-200.96156	-200.96156	-227.34062	-49.76129	1.4219865	-26.571243	-54.47214	-49.761078	0.0	4216982	1881.4137156009674
21	-252.75658	-252.75658	-105.00842	-49.75521	1.4913467	-23.87802	-59.118557	-49.75532	0.0	4417983	1971.4347321987152
22	-234.76694	-234.76694	-240.51414	-49.762066	1.4505712	-23.39834	-56.555813	-49.762264	0.0	4618983	2061.3668682575226
23	-224.66425	-224.66425	-107.2197	-49.778168	1.272642	-27.409475	-58.97237	-49.778057	0.0	4819985	2150.2512905597687
24	-226.47731	-226.47731	-148.4395	-49.778034	1.21408	-31.839016	-53.59457	-49.778	0.0	5020984	2240.036116838455
25	-230.90488	-230.90488	-77.36018	-49.777557	1.1887954	-33.08637	-53.797184	-49.7775	0.0	5221982	2329.235320329666
26	-238.66899	-238.66899	-90.46984	-49.779045	1.1781237	-31.847721	-57.748764	-49.77901	0.0	5422984	2418.2714550495148
27	-282.22864	-282.22864	-139.51851	-49.77387	1.1994926	-31.993773	-55.936104	-49.77391	0.0	5623981	2506.173259496689
28	-213.86037	-213.86037	-187.69673	-49.779095	1.1631495	-34.007477	-52.73863	-49.77896	0.0	5824981	2595.1932785511017
29	-230.76173	-230.76173	-94.557304	-49.774338	1.166411	-34.005825	-53.411133	-49.774242	0.0	6025983	2685.8276703357697
30	-256.71997	-256.71997	-253.91554	-49.778374	1.150427	-32.333176	-53.231277	-49.778275	0.0	6226982	2774.8771393299103
31	-241.87593	-241.87593	-68.269966	-49.7773	1.1475631	-33.02484	-57.587234	-49.777332	0.0	6427986	2863.7814288139343
32	-283.74612	-283.74612	-83.800026	-49.76892	1.1664674	-31.937225	-55.095394	-49.768524	0.0	6628986	2953.429988384247
33	-232.04947	-232.04947	-197.21367	-49.76415	1.1909497	-25.555851	-59.524307	-49.764	0.0	6829982	3042.1702806949615
34	-217.0056	-217.0056	-120.01077	-49.75704	1.2240808	-20.835926	-53.44627	-49.757072	0.0	7030983	3130.2674746513367
35	-209.09119	-209.09119	-102.97326	-49.75711	1.2256019	-18.560936	-53.387794	-49.7567	0.0	7231982	3220.0189266204834
36	-213.03084	-213.03084	-81.6783	-49.750946	1.2477037	-17.905952	-52.4925	-49.75087	0.0	7432983	3308.418145418167
37	-221.6599	-221.6599	-120.23814	-49.734047	1.2720237	-17.750187	-53.694176	-49.733883	0.0	7633984	3396.205676317215
38	-222.58453	-222.58453	-155.37753	-49.696007	1.3780148	-22.676552	-53.0909	-49.69592	0.0	7834982	3485.475656747818
39	-223.85861	-223.85861	-120.39712	-49.635612	1.6126014	-21.396946	-52.253754	-49.635563	0.0	8035985	3574.3227837085724
40	-245.09396	-245.09396	-105.57625	-49.631554	1.6848605	-14.40393	-52.682228	-49.63127	0.0	8236983	3662.4978551864624
41	-252.96577	-252.96577	-93.68354	-49.655586	1.6162094	-5.8600354	-52.927753	-49.65579	0.1	8437982	3751.50790643692
42	-220.24532	-220.24532	-103.65178	-49.658947	1.6410869	-2.1739373	-53.060055	-49.65884	0.0	8638984	3841.0108592510223
43	-233.77733	-233.77733	-70.269905	-49.664047	1.632535	0.84950495	-54.10035	-49.663773	0.0	8839982	3930.3119761943817
44	-277.4727	-277.4727	-112.11999	-49.654026	1.6544598	2.381823	-59.249176	-49.653984	0.0	9040982	4020.796612262726
45	-247.63193	-247.63193	-96.35218	-49.660084	1.642615	2.1007416	-54.606113	-49.659966	0.0	9241982	4109.6303679943085
46	-199.40865	-199.40865	-100.16926	-49.660007	1.6047136	2.3190324	-54.85778	-49.659813	0.1	9442984	4198.33430814743
47	-265.68314	-265.68314	-58.228626	-49.658855	1.588058	2.8512979	-53.80354	-49.658875	0.0	9643983	4290.015974521637
48	-271.01553	-271.01553	-247.85614	-49.656025	1.6034948	3.7615855	-53.534966	-49.656147	0.0	9844981	4378.869576931
49	-253.36737	-253.36737	-260.0821	-49.6503	1.641058	2.6050763	-60.192905	-49.65042	0.1	10045982	4468.185608625412
50	-267.99643	-267.99643	-114.95852	-49.64592	1.6738135	3.3705854	-56.642914	-49.6463	0.0	10246987	4556.9378407001495
51	-257.38684	-257.38684	-242.70424	-49.635815	1.8050323	3.0851734	-55.70556	-49.63608	0.1	10447981	4646.470582723618
52	-278.79922	-278.79922	-133.79294	-49.647778	1.7416335	3.3101377	-52.86241	-49.64825	0.1	10648989	4735.357389450073
53	-305.6932	-305.6932	-207.35425	-49.644203	1.7307312	5.0732775	-54.62277	-49.64444	0.0	10849982	4823.792754173279
54	-273.2984	-273.2984	-74.44637	-49.639053	1.7502375	6.5195417	-54.022453	-49.63947	0.1	11050982	4913.30930685997
55	-242.9643	-242.9643	-159.549	-49.640038	1.6924961	7.439144	-52.675293	-49.640102	0.0	11251982	5002.060400724411
56	-283.8787	-283.8787	-133.6594	-49.634304	1.7262594	4.271285	-54.684044	-49.63466	0.0	11452983	5090.884890794754
57	-260.73993	-260.73993	-83.87357	-49.633663	1.7372544	6.1158514	-52.117386	-49.633713	0.0	11653989	5179.111752033234
58	-263.48865	-263.48865	-102.154305	-49.616272	1.7818521	8.837749	-51.897358	-49.616592	0.0	11854985	5267.348060131073
59	-309.78052	-309.78052	-315.62613	-49.57598	1.8766981	9.605377	-54.05812	-49.575954	0.0	12055989	5355.797268867493
60	-298.05667	-298.05667	-122.64072	-49.554882	2.0227437	10.315727	-53.84169	-49.554737	0.0	12256981	5444.800160646439
61	-304.28687	-304.28687	-106.3847	-49.51733	2.278366	16.12641	-53.81931	-49.51774	0.0	12457982	5534.4709639549255
62	-290.28506	-290.28506	-207.12843	-49.535675	2.2620182	7.7666063	-53.474144	-49.535816	0.0	12658986	5623.370975255966
63	-284.9268	-284.9268	-267.41818	-49.54556	2.2863557	6.905674	-53.522366	-49.545944	0.0	12859984	5712.1580328941345
64	-318.02173	-318.02173	-231.27426	-49.557007	2.237187	10.637812	-52.768818	-49.557102	0.0	13060991	5801.792613506317
65	-288.7706	-288.7706	-290.8465	-49.549473	2.3122833	11.073886	-52.576405	-49.549274	0.0	13261986	5890.45276427269
66	-270.2606	-270.2606	-382.20847	-49.557365	2.2522	11.17071	-52.190754	-49.55741	0.1	13462984	5979.461066246033
67	-292.2549	-292.2549	-240.37965	-49.554688	2.2082636	5.7712975	-52.17877	-49.554684	0.0	13663982	6068.476007223129
68	-263.90585	-263.90585	-163.22336	-49.54609	2.2037902	11.37583	-54.380775	-49.54607	0.0	13864989	6157.1785526275635
69	-283.45197	-283.45197	-114.16456	-49.537785	2.1759765	9.912402	-52.18816	-49.53777	0.1	14065982	6245.628621578217
70	-214.47829	-214.47829	-112.80834	-49.52901	2.1919453	6.4626417	-52.70418	-49.52899	0.2	14266984	6333.765290975571
71	-287.79056	-287.79056	-127.91914	-49.524937	2.185384	17.792604	-53.064697	-49.524723	0.0	14467983	6423.233707904816
72	-328.32425	-328.32425	-93.55921	-49.51936	2.226777	8.778034	-53.116283	-49.5192	0.2	14668982	6511.8485407829285
73	-266.35593	-266.35593	-260.72305	-49.493866	2.2744133	16.025793	-52.870007	-49.493954	0.0	14869985	6600.9560787677765
74	-336.92108	-336.92108	-58.71522	-49.466244	2.397931	11.265622	-53.163605	-49.46596	0.0	15070982	6692.1648054122925
75	-347.09747	-347.09747	-329.11295	-49.468494	2.453867	11.545551	-52.9448	-49.46838	0.0	15271981	6781.5176837444305
76	-277.45886	-277.45886	-238.04176	-49.471146	2.4342508	15.23207	-53.906464	-49.471306	0.1	15472983	6870.977179050446
77	-350.4067	-350.4067	-51.411423	-49.4631	2.5431013	11.208999	-53.55713	-49.46302	0.0	15673981	6959.386468887329
78	-256.69717	-256.69717	-161.70502	-49.452564	2.567667	14.964703	-53.310013	-49.452534	0.1	15874988	7048.840248584747
79	-281.83212	-281.83212	-43.733295	-49.45468	2.5553718	8.161872	-53.964493	-49.454853	0.0	16075982	7137.843938827515
80	-277.53284	-277.53284	-31.869017	-49.461742	2.5569644	15.917784	-54.282585	-49.46187	0.1	16276981	7227.291548967361
81	-266.6126	-266.6126	-28.333138	-49.454544	2.6032808	10.547146	-53.168987	-49.45455	0.1	16477981	7315.875390529633
82	-266.55038	-266.55038	-48.22587	-49.456196	2.6014726	11.12134	-53.022602	-49.45609	0.1	16678983	7406.547859668732
83	-281.67816	-281.67816	-32.03259	-49.452534	2.587693	15.582777	-53.243885	-49.452606	0.1	16879986	7495.512011051178
84	-278.20862	-278.20862	-125.90408	-49.4552	2.6114037	13.607841	-54.073936	-49.45494	0.2	17080983	7584.113567352295
85	-254.4008	-254.4008	-82.05263	-49.454758	2.5554254	10.889614	-53.036358	-49.454624	0.1	17281985	7673.248296737671
86	-235.33617	-235.33617	-8.047274	-49.458836	2.539036	13.858006	-53.360283	-49.459095	0.1	17482986	7762.982170581818
87	-261.79755	-261.79755	-81.11327	-49.45993	2.5441773	11.121955	-53.309246	-49.459625	0.1	17683981	7851.13823890686
88	-281.1203	-281.1203	-156.43819	-49.45676	2.555958	12.970141	-53.68676	-49.456604	0.0	17884982	7939.43949341774
89	-237.34145	-237.34145	-44.97481	-49.445847	2.5717301	14.554534	-54.49756	-49.445717	0.0	18085983	8028.352894067764
90	-229.59859	-229.59859	-25.806738	-49.450264	2.5323956	14.774512	-53.423996	-49.45034	0.0	18286990	8116.740501880646
91	-296.31366	-296.31366	-17.594099	-49.445015	2.5734682	17.634079	-53.579323	-49.444748	0.0	18487982	8205.973733663559
92	-251.0187	-251.0187	-16.271254	-49.436745	2.6346226	11.134394	-54.108284	-49.436665	0.1	18688983	8294.925066947937
93	-273.76053	-273.76053	-6.5899487	-49.432274	2.6565492	13.309167	-53.644814	-49.43204	0.1	18889982	8384.291911125183
94	-263.14633	-263.14633	-3.521261	-49.440968	2.5583403	10.249486	-53.127975	-49.440968	0.1	19090985	8474.17768573761
95	-240.23946	-240.23946	-20.640318	-49.421352	2.6879547	13.703011	-53.582165	-49.421387	0.1	19291983	8563.461024284363
96	-215.71613	-215.71613	-108.31592	-49.416077	2.6548712	15.958838	-53.327213	-49.415943	0.0	19492981	8652.213060855865
97	-274.17517	-274.17517	-43.94481	-49.409863	2.6637597	9.224915	-53.861557	-49.40956	0.3	19693981	8740.713133573532
98	-174.23192	-174.23192	-26.082403	-49.39544	2.7061162	16.852283	-53.774487	-49.395134	0.1	19894981	8830.26565861702
99	-225.96979	-225.96979	-0.5128863	-49.377876	2.7272933	13.406622	-53.803413	-49.37773	0.1	20095982	8918.816894054413
100	-240.14197	-240.14197	-9.015736	-49.367092	2.8215263	9.380456	-54.082497	-49.366817	0.3	20296983	9007.918683767319
101	-236.54646	-236.54646	-35.180843	-49.381714	2.7334573	11.809103	-53.74618	-49.381496	0.0	20497984	9096.918236494064
102	-222.3421	-222.3421	-78.56822	-49.3682	2.758373	19.739359	-54.91103	-49.36825	0.0	20698981	9185.321818113327
103	-217.30125	-217.30125	-51.103916	-49.374294	2.7636898	14.951275	-54.46695	-49.373756	0.0	20899985	9274.491811275482
104	-177.49127	-177.49127	-200.6522	-49.36375	2.7991319	12.153893	-54.11344	-49.363323	0.0	21100985	9364.32710146904
105	-242.06355	-242.06355	-25.558313	-49.373386	2.7836668	18.463303	-53.80568	-49.37304	0.1	21301983	9453.02866768837
106	-264.22946	-264.22946	-161.78307	-49.39124	2.7447314	12.012894	-53.374565	-49.39097	0.0	21502985	9541.94128203392
107	-255.23828	-255.23828	-70.328804	-49.375446	2.8117702	19.65514	-54.437138	-49.37542	0.0	21703982	9630.159924030304
108	-306.2234	-306.2234	-89.190285	-49.38028	2.753505	10.788147	-54.38269	-49.37983	0.2	21904984	9719.082926273346
109	-241.41193	-241.41193	-2.873955	-49.383175	2.7449965	7.664728	-55.34286	-49.382835	0.0	22105983	9807.428550720215
110	-251.52086	-251.52086	-4.410294	-49.365013	2.8286219	22.60962	-55.994125	-49.36478	0.3	22306981	9897.014737844467
111	-234.58139	-234.58139	-15.148276	-49.36762	2.782413	19.194628	-54.2775	-49.367413	0.1	22507982	9985.830428123474
112	-249.0249	-249.0249	-191.26715	-49.36558	2.7573924	8.665957	-54.51314	-49.365177	0.2	22708984	10074.581921100616
113	-244.66597	-244.66597	-99.29229	-49.36132	2.8060403	8.78247	-54.153027	-49.360844	0.0	22909981	10163.172970056534
114	-248.94331	-248.94331	-17.94375	-49.357822	2.8340042	11.36687	-55.18362	-49.35772	0.0	23110982	10251.517335176468
115	-188.30766	-188.30766	-92.98565	-49.36401	2.8055985	11.076116	-54.932163	-49.363438	0.1	23311985	10339.354552268982
116	-197.15675	-197.15675	-27.845007	-49.36003	2.7922516	15.477267	-55.119156	-49.359684	0.1	23512982	10427.604490280151
117	-283.2937	-283.2937	-49.132362	-49.34219	2.8506198	16.230291	-55.321476	-49.34189	0.1	23713981	10517.804938554764
118	-228.41014	-228.41014	-107.716705	-49.33259	2.8800952	22.387697	-54.92788	-49.332092	0.0	23914988	10606.894812107086
119	-250.91098	-250.91098	-119.50681	-49.340317	2.8658695	12.199955	-55.527687	-49.340096	0.2	24115985	10695.54526090622
120	-309.7883	-309.7883	-128.78755	-49.335426	2.8802629	18.680983	-55.345226	-49.335415	0.1	24316984	10784.313104391098
121	-244.45836	-244.45836	-108.34667	-49.331703	2.8777597	11.254871	-58.01879	-49.33123	0.1	24517984	10873.627036333084
122	-239.29514	-239.29514	-88.688515	-49.338673	2.8485992	12.93209	-56.57708	-49.338367	0.3	24718984	10961.917137145996
123	-277.0991	-277.0991	-49.151134	-49.33721	2.8470397	14.230361	-54.643074	-49.33739	0.2	24919984	11050.897207975388
124	-299.85934	-299.85934	-35.479664	-49.32881	2.8942416	15.737929	-61.10031	-49.328815	0.1	25120987	11140.181203842163
125	-202.87798	-202.87798	-15.077475	-49.328537	2.951181	11.727074	-55.04696	-49.328403	0.1	25321984	11228.867225646973
126	-232.78627	-232.78627	-1.7117603	-49.335674	2.9183204	10.089701	-54.303757	-49.336132	0.1	25522983	11317.551000595093
127	-289.22873	-289.22873	-80.98589	-49.31797	2.9948921	17.40745	-55.8985	-49.317455	0.1	25723981	11407.337588787079
128	-287.45782	-287.45782	-34.906624	-49.316414	3.0090554	10.09453	-56.072784	-49.316353	0.0	25924985	11495.471537590027
129	-237.81969	-237.81969	-209.16937	-49.326344	2.946116	16.061338	-55.87213	-49.326286	0.0	26125982	11584.615006685257
130	-225.52072	-225.52072	-85.72846	-49.3252	2.9107668	14.153066	-55.40307	-49.32494	0.1	26326985	11673.622016191483
131	-226.54291	-226.54291	-37.172787	-49.322113	2.9383533	12.006371	-56.779655	-49.3219	0.0	26527984	11762.978437423706
132	-237.56856	-237.56856	-20.925177	-49.320057	2.9512138	13.2042465	-54.94076	-49.31968	0.0	26728982	11852.079040050507
133	-287.9098	-287.9098	-106.28188	-49.305473	2.997347	11.160183	-55.003727	-49.30538	0.1	26929987	11940.905887365341
134	-229.3847	-229.3847	-53.254955	-49.31135	2.9944339	11.833762	-56.276768	-49.310764	0.0	27130989	12030.761406183243
135	-250.32637	-250.32637	-64.26831	-49.310738	2.9717374	16.802866	-55.395397	-49.310387	0.1	27331982	12119.611563205719
136	-313.5214	-313.5214	-83.29207	-49.29808	3.0327008	16.147808	-58.62637	-49.297863	0.2	27532985	12209.000181674957
137	-236.06656	-236.06656	-147.88734	-49.308537	2.9698412	12.335117	-55.378723	-49.30801	0.1	27733984	12297.948749542236
138	-232.99435	-232.99435	-116.72757	-49.30987	2.9903574	17.911726	-54.929203	-49.309418	0.1	27934985	12387.73222374916
139	-234.15735	-234.15735	6.106629	-49.318474	2.960153	18.266788	-57.12659	-49.3182	0.0	28135987	12476.299968957901
140	-236.3722	-236.3722	-44.659763	-49.306404	2.9753475	14.504162	-65.5167	-49.305943	0.2	28336982	12564.569286346436
141	-264.54318	-264.54318	-33.801754	-49.30836	3.0088384	20.56335	-56.935497	-49.30831	0.0	28537984	12654.091417074203
142	-216.0968	-216.0968	-58.65692	-49.306084	3.0236394	11.790125	-59.080982	-49.306355	0.1	28738984	12743.006685495377
143	-236.63567	-236.63567	-91.09918	-49.30232	3.026056	19.570396	-59.438835	-49.301796	0.0	28939984	12832.791080236435
144	-248.88184	-248.88184	-132.52773	-49.285892	3.0733917	14.967295	-56.51044	-49.285736	0.1	29140983	12921.321657419205
145	-227.94843	-227.94843	-131.11736	-49.286312	3.064353	13.277735	-56.34063	-49.286304	0.0	29341986	13009.426305532455
146	-258.87903	-258.87903	-24.387022	-49.293232	3.0151095	11.489872	-55.35772	-49.293457	0.0	29542984	13098.292563438416
147	-342.61884	-342.61884	-153.33063	-49.284676	3.0066457	14.788855	-58.65765	-49.284264	0.0	29743986	13186.914805650711
148	-263.00583	-263.00583	-70.44216	-49.275494	3.0788748	12.559824	-55.91141	-49.275185	0.3	29944982	13276.26147866249
149	-230.29639	-230.29639	-79.24466	-49.28085	3.0238907	11.903239	-58.128468	-49.28087	0.5	30145983	13364.995047807693
150	-235.28844	-235.28844	-155.41025	-49.282207	2.998949	11.472855	-58.89483	-49.282154	0.0	30346982	13454.247574329376
151	-244.80736	-244.80736	-37.476295	-49.27111	3.0455995	13.759261	-56.724064	-49.270615	0.1	30547982	13543.564236402512
152	-214.68317	-214.68317	-68.18448	-49.258602	3.0779624	12.565451	-57.416454	-49.258373	0.0	30748984	13632.216363668442
153	-241.0417	-241.0417	-108.19702	-49.26443	3.0624254	9.9081745	-57.396267	-49.26383	0.1	30949983	13721.437878847122
154	-253.20335	-253.20335	-102.592896	-49.252052	3.082688	12.205732	-59.34034	-49.251663	0.0	31150991	13810.0178129673
155	-249.37613	-249.37613	2.2946527	-49.261	3.0776393	14.215431	-55.83964	-49.26048	0.3	31351985	13899.609857559204
156	-209.86867	-209.86867	-73.758644	-49.254562	3.0647185	11.959214	-56.760628	-49.25428	0.0	31552981	13988.60300707817
157	-266.07544	-266.07544	-116.66818	-49.256657	3.089059	12.063904	-55.692852	-49.256355	0.1	31753981	14077.923707962036
158	-271.14075	-271.14075	-66.21774	-49.243454	3.0844429	19.389742	-56.767365	-49.242832	0.4	31954990	14169.723346948624
159	-268.01932	-268.01932	-4.3813214	-49.251045	3.0822465	11.558647	-64.6152	-49.251194	0.2	32155982	14259.376412630081
160	-218.68678	-218.68678	-93.692024	-49.247734	3.1131024	13.661141	-55.90108	-49.24728	0.1	32356985	14349.192421197891
161	-308.3431	-308.3431	-67.068245	-49.249435	3.0591207	13.522003	-57.96163	-49.2491	0.2	32557983	14438.981169700623
162	-250.52757	-250.52757	-36.764004	-49.24039	3.1629279	11.118304	-59.88129	-49.239994	0.0	32758982	14528.820210933685
163	-276.47513	-276.47513	-83.952965	-49.24281	3.1475306	11.898179	-56.957207	-49.242676	0.0	32959982	14620.680281162262
164	-246.32332	-246.32332	-154.18886	-49.238194	3.149992	11.970972	-61.32432	-49.238274	0.0	33160983	14710.965699672699
165	-209.15666	-209.15666	-27.869806	-49.237484	3.1457489	15.034466	-60.24286	-49.237076	0.0	33361983	14820.312044382095
166	-324.37048	-324.37048	-118.59971	-49.240612	3.1467075	12.058795	-76.77714	-49.24059	0.2	33562981	14921.785279273987
167	-294.28033	-294.28033	-196.01369	-49.24111	3.118077	29.672705	-61.29632	-49.240555	0.1	33763981	15013.39108133316
168	-275.64645	-275.64645	5.2828565	-49.250088	3.126933	10.88908	-59.536713	-49.25035	0.1	33964982	15103.356016159058
169	-246.16795	-246.16795	-17.094448	-49.235092	3.1493683	14.700922	-59.557755	-49.23503	0.2	34165984	15193.423756837845
170	-314.23474	-314.23474	-70.3154	-49.238815	3.1330502	13.384548	-58.875065	-49.238773	0.2	34366982	15283.041944742203
171	-244.95192	-244.95192	-174.44897	-49.235783	3.1314063	10.791913	-58.051247	-49.235905	0.0	34567985	15373.83115363121
172	-268.44952	-268.44952	5.2517943	-49.22745	3.1740339	12.197574	-56.102867	-49.22724	0.4	34768986	15464.394349575043
173	-249.1577	-249.1577	-158.15733	-49.23312	3.1182778	13.669876	-57.071064	-49.233192	0.0	34969981	15564.311825752258
174	-359.3925	-359.3925	-96.27029	-49.221527	3.195148	12.468298	-56.2883	-49.22191	0.2	35170988	15653.945966959
175	-300.32132	-300.32132	-31.06875	-49.241978	3.1501503	19.741196	-70.48368	-49.24194	0.2	35371982	15743.484546661377
176	-282.38165	-282.38165	-34.263527	-49.221565	3.2448864	13.0151005	-56.871628	-49.22216	0.3	35572982	15833.764986038208
177	-292.4799	-292.4799	-284.73462	-49.22908	3.1817627	11.115294	-57.37954	-49.229664	0.0	35773981	15924.375039815903
178	-207.66524	-207.66524	-192.51923	-49.224037	3.2064443	14.553959	-57.881187	-49.22454	0.1	35974983	16015.04117012024
179	-255.89772	-255.89772	-131.97984	-49.22093	3.2044156	10.528976	-56.61048	-49.221577	0.1	36175981	16105.107507705688
180	-246.38489	-246.38489	-85.79759	-49.216522	3.2238054	17.412264	-60.880474	-49.216915	0.1	36376982	16196.169694900513
181	-249.09125	-249.09125	-174.92258	-49.210682	3.2267911	10.996626	-57.066864	-49.210964	0.1	36577981	16286.325569152832
182	-250.62547	-250.62547	-118.97124	-49.206802	3.2604184	13.637641	-56.883347	-49.207508	0.2	36778984	16377.27877664566
183	-204.24652	-204.24652	-9.362159	-49.199753	3.3378232	11.987172	-60.464226	-49.200397	0.2	36979981	16467.591958761215
184	-221.82466	-221.82466	-21.149292	-49.19977	3.3181539	22.782724	-60.944324	-49.20101	0.4	37180983	16556.946147680283
185	-216.07086	-216.07086	-222.79393	-49.196598	3.3124647	12.730386	-61.243008	-49.1977	0.2	37381983	16647.06795978546
186	-214.3937	-214.3937	7.390639	-49.19293	3.350248	11.586612	-60.80989	-49.19408	0.4	37582981	16738.19677710533
187	-279.0276	-279.0276	-5.867782	-49.196377	3.3762457	15.535938	-60.062706	-49.197575	0.1	37783981	16829.017427444458
188	-229.71465	-229.71465	-51.86366	-49.1852	3.429772	22.043304	-59.684063	-49.18688	0.0	37984983	16921.070299625397
189	-230.68637	-230.68637	-26.511688	-49.1697	3.5030394	16.338646	-61.527702	-49.171135	0.1	38185983	17011.284266471863
190	-225.6692	-225.6692	-136.76166	-49.19056	3.4126723	16.064034	-59.134995	-49.191998	0.2	38386982	17101.299151182175
191	-271.30255	-271.30255	-36.725136	-49.174225	3.511437	17.079544	-61.705414	-49.175655	0.1	38587987	17190.61897134781
192	-250.91322	-250.91322	-131.38332	-49.181465	3.5022044	27.691343	-65.747185	-49.183144	0.1	38788982	17280.342577457428
193	-257.0874	-257.0874	0.4451594	-49.17318	3.5348766	15.7226095	-69.44195	-49.17447	0.3	38989982	17370.72113966942
194	-272.35336	-272.35336	-60.093826	-49.16757	3.5724027	24.406542	-61.20726	-49.169163	0.0	39190982	17460.625905513763
195	-360.30414	-360.30414	-38.747623	-49.171947	3.5675807	13.846706	-60.95225	-49.17295	0.1	39391990	17550.45800089836
196	-238.47063	-238.47063	-59.446865	-49.170914	3.5749938	21.373287	-75.84518	-49.172142	0.2	39592987	17640.426953792572
197	-215.75728	-215.75728	-106.0541	-49.174618	3.5655615	20.260311	-63.73195	-49.17581	0.3	39793983	17729.876089811325
198	-204.19421	-204.19421	-85.70812	-49.148838	3.631644	20.592764	-64.68421	-49.149815	0.2	39994983	17820.228553533554
199	-283.83545	-283.83545	10.531527	-49.149635	3.6827693	20.542915	-65.24833	-49.150875	0.5	40195991	17911.41213130951
200	-233.27182	-233.27182	-68.29737	-49.156387	3.681938	23.072157	-62.235435	-49.157085	0.0	40396986	18002.798815727234
201	-299.5757	-299.5757	-56.234974	-49.15637	3.6554985	21.892845	-67.83994	-49.157112	0.4	40597983	18093.61846089363
202	-258.31854	-258.31854	-105.66761	-49.15494	3.6754029	17.445715	-63.364716	-49.15579	0.2	40798982	18182.775049686432
203	-218.12094	-218.12094	-43.847836	-49.156246	3.64192	29.009972	-68.09691	-49.156887	0.1	40999981	18271.640665769577
204	-281.02478	-281.02478	-36.222404	-49.142464	3.6422358	27.725557	-61.16681	-49.14335	0.1	41200984	18361.403832435608
205	-261.14575	-261.14575	-32.515556	-49.13139	3.7265453	25.140743	-63.098206	-49.13182	0.4	41401984	18451.300107479095
206	-287.7236	-287.7236	4.1026444	-49.1371	3.6712325	18.391432	-62.61806	-49.137997	0.2	41602981	18540.75932121277
207	-213.25308	-213.25308	6.8419876	-49.13503	3.6900187	20.745636	-61.684895	-49.13517	0.3	41803982	18630.840613126755
208	-284.13013	-284.13013	-2.110709	-49.130665	3.7302005	19.04325	-63.799755	-49.13119	0.2	42004985	18720.359728097916
209	-274.75305	-274.75305	-9.157659	-49.131504	3.695774	28.483513	-61.593628	-49.13186	0.1	42205987	18810.442820310593
210	-234.12877	-234.12877	7.1265035	-49.128357	3.707197	22.027058	-61.40857	-49.1289	0.0	42406985	18900.560987234116
211	-248.90501	-248.90501	-56.96366	-49.122475	3.7368357	19.837782	-61.242367	-49.12288	0.1	42607982	18990.777980089188
212	-316.04364	-316.04364	-53.91382	-49.117836	3.7439396	21.995686	-66.02774	-49.11794	0.2	42808982	19080.882416963577
213	-245.44316	-245.44316	-43.607574	-49.127804	3.7296772	20.935036	-61.612576	-49.128036	0.3	43009991	19170.512847423553
214	-296.19962	-296.19962	-2.779724	-49.13063	3.7118392	33.19601	-65.57883	-49.130577	0.4	43210983	19260.68330335617
215	-285.86087	-285.86087	-61.158646	-49.122025	3.7545977	17.987457	-64.318985	-49.122295	0.2	43411982	19350.03730726242
216	-234.86188	-234.86188	-8.36148	-49.12468	3.731027	26.126825	-64.44209	-49.12484	0.0	43612981	19440.15236568451
217	-267.50296	-267.50296	-150.75984	-49.12753	3.7273154	19.967403	-64.120056	-49.12763	0.2	43813986	19529.789592027664
218	-246.0937	-246.0937	-113.40683	-49.121967	3.7276115	26.671158	-65.56774	-49.122334	0.3	44014982	19620.654598474503
219	-245.22093	-245.22093	-11.115794	-49.116753	3.7454548	22.10557	-63.52518	-49.11683	0.3	44215983	19710.85485768318
220	-185.56677	-185.56677	-97.2532	-49.117813	3.7147906	27.43706	-62.866814	-49.117783	0.6	44416987	19801.368399858475
221	-179.69073	-179.69073	9.263664	-49.102444	3.7525296	25.623604	-63.899006	-49.102245	0.2	44617984	19891.774487495422
222	-342.73233	-342.73233	-3.332216	-49.092415	3.755284	23.821266	-63.736214	-49.09265	0.5	44818982	19981.509008169174
223	-233.6919	-233.6919	-8.373364	-49.097645	3.746681	26.892637	-59.577785	-49.097862	0.3	45019982	20070.663985729218
224	-288.47122	-288.47122	-92.584175	-49.096767	3.7416282	23.912313	-64.60502	-49.096603	0.3	45220983	20160.588316679
225	-277.8433	-277.8433	-3.7303238	-49.097733	3.733826	29.699238	-67.51789	-49.097828	0.2	45421984	20250.180238723755
226	-229.72261	-229.72261	-45.918526	-49.105022	3.7349966	21.08447	-62.412937	-49.10533	0.1	45622983	20340.532348394394
227	-269.79538	-269.79538	4.6092687	-49.10601	3.7732565	25.720682	-63.829735	-49.106316	0.3	45823982	20429.81511116028
228	-206.55338	-206.55338	-1.0284276	-49.09605	3.7861693	23.43503	-64.8809	-49.096252	0.2	46024981	20521.64983534813
229	-211.83376	-211.83376	8.862381	-49.09203	3.809685	24.798477	-60.764385	-49.092083	0.2	46225987	20611.501180887222
230	-315.15427	-315.15427	-23.366	-49.101498	3.7607956	29.51045	-63.507217	-49.10141	0.3	46426982	20701.92147874832
231	-243.23032	-243.23032	-38.12119	-49.097965	3.777562	29.472391	-61.85417	-49.098232	0.4	46627983	20792.289952278137
232	-283.0179	-283.0179	-26.06037	-49.08462	3.829722	27.057934	-62.19572	-49.084488	0.3	46828981	20882.073734998703
233	-253.46762	-253.46762	5.1612105	-49.098957	3.7948308	27.623632	-62.76591	-49.099022	0.2	47029981	20971.93985581398
234	-272.30917	-272.30917	-102.06438	-49.098305	3.7663903	30.235096	-61.310474	-49.098248	0.0	47230983	21062.3575155735
235	-235.97061	-235.97061	-145.48944	-49.09206	3.7861686	18.76117	-62.999165	-49.091984	0.5	47431983	21152.409333705902
236	-256.76697	-256.76697	1.1149205	-49.097748	3.774979	30.38593	-66.36462	-49.09826	0.3	47632982	21244.528724193573
237	-195.74156	-195.74156	9.548885	-49.08174	3.832887	17.870546	-63.19242	-49.081223	0.3	47833983	21334.98166155815
238	-236.56705	-236.56705	-0.112667605	-49.08562	3.8012831	43.844345	-64.78906	-49.08554	0.1	48034982	21425.45281434059
239	-173.30603	-173.30603	-52.434	-49.080166	3.7946508	26.96765	-59.789753	-49.08012	0.2	48235984	21517.0502846241
240	-217.3113	-217.3113	-50.241188	-49.079567	3.7712789	26.610954	-66.386154	-49.079853	0.2	48436983	21607.27137851715
241	-273.12122	-273.12122	-9.982772	-49.07224	3.8468816	20.320631	-68.60965	-49.071915	0.1	48637983	21697.633937120438
242	-245.2226	-245.2226	1.6216736	-49.07564	3.7950668	21.78618	-70.037735	-49.07571	0.2	48838983	21787.256275177002
243	-194.91757	-194.91757	-89.56066	-49.07502	3.8155491	24.80313	-68.66595	-49.074722	0.3	49039983	21877.476353883743
244	-231.22707	-231.22707	3.957496	-49.073624	3.776155	28.031057	-62.12913	-49.073475	0.1	49240982	21967.25468492508
245	-255.14653	-255.14653	-27.985115	-49.065212	3.8280926	22.072784	-70.82718	-49.065296	0.2	49441986	22059.359921216965
246	-188.2616	-188.2616	-51.677956	-49.064426	3.842316	26.010807	-66.57743	-49.06434	0.1	49642983	22151.062393426895
247	-216.70103	-216.70103	-55.954166	-49.064804	3.8459394	18.459995	-65.978355	-49.064735	0.3	49843981	22242.191022396088
248	-250.18187	-250.18187	-29.637531	-49.060112	3.8487158	24.455652	-62.558468	-49.059933	0.3	50044983	22331.376139640808
249	-320.634	-320.634	-5.5012007	-49.071224	3.8110878	25.154356	-58.111217	-49.071102	0.2	50245984	22420.3503844738
250	-203.96938	-203.96938	8.447458	-49.06034	3.8801696	26.021667	-58.395466	-49.060165	0.1	50446981	22510.033647060394
251	-261.253	-261.253	-3.557441	-49.0541	3.8917358	26.777596	-67.5353	-49.053967	0.2	50647988	22600.581560611725
252	-207.15297	-207.15297	-130.34673	-49.05759	3.83723	18.836428	-63.157288	-49.057014	0.4	50848984	22690.279143095016
253	-327.82196	-327.82196	3.7413294	-49.05394	3.8824332	18.339472	-62.65949	-49.053932	0.2	51049985	22780.433980941772
254	-177.23222	-177.23222	-3.7918615	-49.052513	3.900361	28.710281	-61.11785	-49.052475	0.4	51250981	22870.41821861267
255	-267.7247	-267.7247	10.18183	-49.051113	3.8867435	28.658543	-63.781055	-49.05107	0.4	51451981	22960.53889489174
256	-213.84537	-213.84537	9.445832	-49.05307	3.8985252	25.594557	-62.740498	-49.05283	0.6	51652982	23050.537069797516
257	-237.36635	-237.36635	-4.70147	-49.05273	3.8640256	19.249659	-62.09607	-49.053024	0.0	51853983	23140.50654554367
258	-259.37213	-259.37213	-54.76366	-49.058544	3.824796	25.397062	-62.503403	-49.05813	0.1	52054986	23229.556959867477
259	-224.1036	-224.1036	-52.907955	-49.031315	3.9608445	23.655355	-61.358425	-49.031303	0.2	52255991	23319.82820701599
260	-194.03716	-194.03716	-31.728058	-49.045216	3.8917198	20.80147	-61.019245	-49.04527	0.5	52456982	23409.01521921158
261	-279.89563	-279.89563	-8.024235	-49.027367	3.9742937	19.808828	-60.981987	-49.02743	0.1	52657987	23498.72593021393
262	-201.1335	-201.1335	-62.338745	-49.03214	3.9384356	25.911114	-62.285023	-49.031857	0.2	52858981	23588.31242108345
263	-277.26935	-277.26935	-105.898224	-49.03983	3.9108653	21.047338	-65.9737	-49.039894	0.4	53059984	23678.380394935608
264	-257.86105	-257.86105	4.335769	-49.02507	3.9531162	26.687315	-60.915203	-49.024956	0.4	53260981	23769.254046201706
265	-225.32309	-225.32309	-2.9818869	-49.03412	3.8784223	25.300043	-68.37205	-49.034164	0.3	53461982	23858.931209087372
266	-251.6186	-251.6186	-32.20245	-49.025494	3.9273345	21.420807	-63.54967	-49.025394	0.3	53662981	23949.18532204628
267	-219.75566	-219.75566	-13.687546	-49.01363	3.967017	30.26931	-62.11087	-49.013588	0.5	53863983	24039.87112379074
268	-287.81317	-287.81317	-56.017406	-49.02551	3.9009156	18.184992	-60.03745	-49.025665	0.3	54064981	24130.371544361115
269	-235.16985	-235.16985	-66.50468	-49.020325	3.9231212	26.550097	-62.246155	-49.020107	0.4	54265987	24220.03876876831
270	-208.18687	-208.18687	-56.048767	-49.006485	3.9885411	23.418041	-66.52138	-49.00642	0.3	54466990	24309.756285905838
271	-232.59924	-232.59924	-13.28995	-49.03065	3.8755763	33.43194	-68.27139	-49.03045	0.1	54667985	24399.771577358246
272	-257.63837	-257.63837	-85.49004	-49.03167	3.9423473	25.740282	-63.049225	-49.031475	0.3	54868983	24489.341342926025
273	-186.2634	-186.2634	-31.076384	-49.010975	4.0062504	27.601604	-59.266853	-49.01113	0.3	55069981	24579.307997226715
274	-244.68863	-244.68863	-8.999369	-49.015945	3.988211	20.068531	-64.59642	-49.015858	0.2	55270982	24668.662202358246
275	-264.75107	-264.75107	1.2289999	-49.0247	3.9355652	23.278646	-63.36984	-49.024666	0.2	55471982	24758.761383533478
276	-257.8447	-257.8447	-26.749413	-49.014618	3.9480479	21.552616	-61.492134	-49.014458	0.4	55672981	24848.414661169052
277	-222.67822	-222.67822	-11.924465	-49.00829	3.939385	32.078396	-64.86255	-49.008286	0.3	55873981	24937.847454547882
278	-248.42632	-248.42632	-0.41152203	-49.01966	3.948661	22.273317	-64.24814	-49.019726	0.2	56074983	25027.403125286102
279	-305.27942	-305.27942	-21.314589	-48.99771	4.0345345	26.305033	-59.995872	-48.99814	0.4	56275991	25117.317283391953
280	-292.11334	-292.11334	-80.3285	-49.01063	3.957093	25.315142	-62.28884	-49.010338	0.2	56476981	25207.425220489502
281	-168.00838	-168.00838	5.9005046	-49.010086	3.956961	26.698465	-64.10969	-49.009865	0.5	56677984	25297.603922367096
282	-235.2244	-235.2244	-8.59304	-48.995125	4.039183	29.536346	-69.99841	-48.995014	0.3	56878985	25386.37187385559
283	-196.87102	-196.87102	-36.999413	-48.98761	4.03453	21.398165	-65.31311	-48.98778	0.3	57079982	25476.18842315674
284	-293.32703	-293.32703	-62.838573	-48.98934	4.0133734	23.697416	-62.219727	-48.989292	0.3	57280989	25565.493320941925
285	-227.52057	-227.52057	-30.69756	-48.99199	4.0326853	21.697538	-62.91138	-48.99227	0.1	57481984	25655.256722688675
286	-254.26987	-254.26987	-6.395007	-49.000725	3.973521	26.260775	-68.06568	-49.000984	0.3	57682983	25745.1084356308
287	-225.77213	-225.77213	-4.8791885	-48.984848	4.0531583	22.24678	-70.020805	-48.98479	0.1	57883982	25835.1933259964
288	-201.04457	-201.04457	-16.0446	-48.98194	4.040519	27.275574	-61.32804	-48.981846	0.4	58084985	25925.293735027313
289	-244.76205	-244.76205	7.512645	-48.96761	4.09206	19.641352	-65.17473	-48.967987	0.4	58285984	26014.61296224594
290	-238.44907	-238.44907	-54.288803	-48.977173	4.048913	24.865267	-62.57512	-48.97721	0.3	58486982	26104.852578639984
291	-243.40916	-243.40916	5.513791	-48.984695	4.0577693	27.154156	-61.154335	-48.984905	0.1	58687987	26194.76798915863
292	-207.73332	-207.73332	-41.42939	-48.979675	4.0857196	22.859745	-63.25016	-48.979782	0.3	58888984	26284.64952969551
293	-246.73875	-246.73875	2.8104086	-48.978546	4.046863	30.038465	-62.71893	-48.978672	0.2	59089982	26375.318253993988
294	-293.7891	-293.7891	-23.978863	-48.96636	4.0962114	28.309456	-66.00527	-48.96662	0.4	59290982	26465.118773937225
295	-285.83417	-285.83417	0.4072342	-48.982273	4.0500474	20.792662	-61.397045	-48.982483	0.2	59491982	26555.17400574684
296	-223.63795	-223.63795	-5.8558607	-48.975082	4.0926695	27.67148	-60.85694	-48.975544	0.5	59692986	26645.48895716667
297	-308.59064	-308.59064	-96.97917	-48.98423	4.054834	23.34294	-61.501324	-48.984375	0.1	59893983	26736.30601286888
298	-264.85742	-264.85742	-101.46831	-48.97215	4.0837593	27.52671	-62.53132	-48.97284	0.3	60094982	26826.9749648571
299	-235.37624	-235.37624	-30.514732	-48.963127	4.1455317	31.466393	-61.18766	-48.963192	0.3	60295991	26916.826694250107
300	-265.6283	-265.6283	-47.374683	-48.95976	4.1603513	34.184635	-67.075645	-48.960457	0.1	60496991	27006.99583387375
301	-298.54813	-298.54813	-14.911927	-48.962395	4.1770377	33.618576	-66.09673	-48.962605	0.4	60697984	27097.61345744133
302	-297.055	-297.055	-60.09475	-48.973824	4.1450953	24.4745	-65.74327	-48.9746	0.4	60898988	27187.763540506363
303	-286.66788	-286.66788	9.067627	-48.964306	4.157553	24.525764	-63.080574	-48.965	0.4	61099986	27278.014605522156
304	-236.33858	-236.33858	-11.858417	-48.963917	4.1608777	30.805233	-63.323864	-48.964424	0.4	61300983	27367.820373773575
305	-289.31982	-289.31982	-2.0209277	-48.964317	4.1496277	25.557682	-62.863354	-48.96496	0.4	61501989	27457.371888160706
306	-222.13206	-222.13206	-172.8261	-48.95644	4.211318	24.750221	-64.106865	-48.95686	0.5	61702982	27547.574509859085
307	-216.53409	-216.53409	9.376791	-48.95858	4.1826572	23.661705	-69.69591	-48.959236	0.7	61903983	27637.76858854294
308	-223.53203	-223.53203	-28.82722	-48.951817	4.24812	27.038208	-68.413666	-48.95276	0.3	62104983	27727.853672742844
309	-212.41399	-212.41399	-5.171295	-48.942844	4.2881155	29.141031	-62.050144	-48.943687	0.5	62305985	27818.62338924408
310	-237.88423	-237.88423	2.7076514	-48.932705	4.3099527	26.163425	-63.424744	-48.933357	0.3	62506984	27907.67945599556
311	-255.33719	-255.33719	-23.299505	-48.948765	4.253997	31.384975	-63.332836	-48.94931	0.3	62707983	27997.656125307083
312	-249.13162	-249.13162	-77.08596	-48.930664	4.317387	22.86076	-70.43594	-48.931362	0.2	62908981	28087.8795337677
313	-271.60767	-271.60767	-1.7098373	-48.95062	4.251055	26.936623	-63.191	-48.950855	0.3	63109981	28177.89566230774
314	-212.3168	-212.3168	-23.87345	-48.923386	4.372379	23.085161	-63.678596	-48.92382	0.1	63310982	28267.394582509995
315	-248.19559	-248.19559	-1.9262581	-48.9304	4.308332	31.267496	-64.4626	-48.931015	0.3	63511983	28356.982454776764
316	-267.16388	-267.16388	-9.92203	-48.941387	4.2619805	36.148014	-69.23444	-48.942066	0.2	63712984	28446.85324883461
317	-235.33237	-235.33237	-4.1827927	-48.924698	4.3260665	24.402811	-61.808422	-48.925323	0.1	63913981	28536.56436753273
318	-267.9722	-267.9722	-8.88321	-48.9232	4.337275	27.15809	-64.94168	-48.92321	0.3	64114984	28626.300096988678
319	-218.19455	-218.19455	2.1393156	-48.922634	4.3539867	21.373495	-61.71239	-48.923286	0.7	64315982	28715.500419139862
320	-268.64297	-268.64297	-36.572384	-48.917294	4.3674235	31.630495	-63.642365	-48.917866	0.3	64516983	28806.440509319305
321	-204.64482	-204.64482	-43.562717	-48.93222	4.2979736	29.20801	-62.95733	-48.932415	0.4	64717981	28896.920824050903
322	-272.69693	-272.69693	-34.543674	-48.93261	4.2995768	29.480377	-66.04888	-48.93278	0.6	64918984	28986.203525543213
323	-250.33658	-250.33658	-41.471226	-48.909958	4.379153	31.964201	-64.97764	-48.910755	0.2	65119986	29075.558223724365
324	-255.32999	-255.32999	-71.81285	-48.909008	4.3713875	19.506004	-69.087006	-48.909336	0.4	65320986	29165.62312078476
325	-281.6361	-281.6361	-14.112933	-48.910294	4.357027	34.482098	-63.749714	-48.91114	0.4	65521983	29255.863493919373
326	-264.4035	-264.4035	-78.13505	-48.91237	4.3371763	26.400099	-61.73194	-48.9128	0.5	65722983	29346.327024936676
327	-271.0853	-271.0853	-50.34768	-48.91381	4.358493	30.72157	-66.03276	-48.914165	0.6	65923981	29436.478040456772
328	-232.41463	-232.41463	6.5374737	-48.90893	4.3309484	49.75636	-63.89624	-48.909485	0.4	66124984	29526.54739999771
329	-229.3125	-229.3125	-21.00805	-48.898834	4.391986	26.63312	-61.408447	-48.899464	0.5	66325982	29615.632717847824
330	-245.89082	-245.89082	-39.840652	-48.882664	4.4316616	59.67225	-66.5873	-48.883312	0.2	66526983	29705.49906563759
331	-290.0954	-290.0954	1.3781873	-48.897785	4.396112	29.784033	-59.42529	-48.898273	0.3	66727984	29794.96573114395
332	-268.89923	-268.89923	8.94637	-48.906513	4.379522	36.359985	-63.401436	-48.906605	0.3	66928984	29885.168999910355
333	-285.508	-285.508	-7.684901	-48.898766	4.3867617	42.173607	-63.948616	-48.899853	0.4	67129985	29975.56956100464
334	-218.68634	-218.68634	-9.046603	-48.908424	4.3517675	39.61799	-66.08653	-48.90919	0.2	67330986	30066.404069423676
335	-207.02565	-207.02565	-28.394287	-48.89599	4.4255624	35.594387	-60.627	-48.89618	0.4	67531981	30155.938587903976
336	-237.466	-237.466	-34.04195	-48.89393	4.418125	28.448372	-69.889435	-48.894558	0.1	67732981	30246.289023399353
337	-249.13652	-249.13652	9.250816	-48.892323	4.387369	26.250374	-63.07815	-48.89336	0.2	67933984	30336.641313791275
338	-229.09558	-229.09558	-62.279762	-48.897366	4.390183	24.075953	-61.653423	-48.898125	0.4	68134981	30427.242364168167
339	-261.78854	-261.78854	-46.06741	-48.893227	4.3997755	28.011227	-66.21862	-48.89418	0.5	68335983	30516.048702716827
340	-303.07178	-303.07178	-53.324894	-48.882915	4.456407	38.496555	-64.44017	-48.883293	0.3	68536989	30607.048346042633
341	-235.75497	-235.75497	3.7488787	-48.89959	4.377705	29.376455	-61.90025	-48.90112	0.4	68737982	30697.248070001602
342	-258.28168	-258.28168	4.2100873	-48.88163	4.430838	24.928026	-69.43929	-48.882328	0.3	68938985	30787.199154615402
343	-226.05373	-226.05373	-37.127415	-48.88688	4.415799	24.98722	-64.985176	-48.88751	0.4	69139984	30876.900688409805
344	-167.71896	-167.71896	9.505385	-48.869087	4.433623	28.99963	-64.124725	-48.87005	0.2	69340991	30966.89972424507
345	-274.70987	-274.70987	-101.48847	-48.871346	4.4541016	34.10125	-64.40981	-48.87211	0.6	69541987	31056.57042002678
346	-215.33867	-215.33867	4.404363	-48.861134	4.507618	27.570198	-61.44133	-48.861824	0.0	69742982	31146.721496343613
347	-202.56299	-202.56299	-215.91846	-48.881325	4.4076433	23.382088	-64.68817	-48.882637	0.3	69943982	31236.44226717949
348	-192.16441	-192.16441	6.561966	-48.87214	4.4346414	32.024754	-62.27905	-48.87325	0.4	70144983	31326.639235973358
349	-302.99866	-302.99866	10.437967	-48.87607	4.418509	25.771107	-63.410698	-48.877193	0.3	70345984	31415.82288813591
350	-211.60002	-211.60002	-56.470654	-48.86565	4.468849	26.122952	-62.142212	-48.866768	0.4	70546981	31505.911353588104
351	-287.08044	-287.08044	9.416748	-48.864967	4.4677057	32.877144	-63.831047	-48.86584	0.1	70747986	31597.24123263359
352	-317.17883	-317.17883	-1.1550522	-48.860016	4.472526	31.061192	-64.18894	-48.860832	0.4	70948982	31687.143612384796
353	-235.1824	-235.1824	-33.339344	-48.86537	4.5008082	29.10024	-63.582836	-48.8667	0.4	71149983	31776.794910669327
354	-197.8711	-197.8711	-4.2774487	-48.85927	4.484417	27.890951	-62.481995	-48.860546	0.3	71350984	31867.283400297165
355	-273.92023	-273.92023	-3.7763128	-48.837074	4.5865703	34.54519	-60.880714	-48.838223	0.2	71551982	31957.07929611206
356	-274.52417	-274.52417	-6.4097075	-48.86225	4.4802446	24.755417	-62.16126	-48.863434	0.4	71752986	32046.871062517166
357	-277.7852	-277.7852	2.9153128	-48.86028	4.5220585	26.02704	-62.79156	-48.861324	0.6	71953983	32136.5677382946
358	-208.55392	-208.55392	-22.627207	-48.85746	4.568137	24.822845	-65.97257	-48.858562	0.3	72154983	32226.467671632767
359	-300.4946	-300.4946	10.30793	-48.85909	4.544481	51.713726	-75.3074	-48.86024	0.4	72355982	32317.170353651047
360	-302.71677	-302.71677	-70.61912	-48.85711	4.562908	29.91265	-66.15959	-48.85794	0.4	72556981	32408.071005821228
361	-261.98672	-261.98672	-36.450356	-48.844673	4.5870595	27.65582	-65.34757	-48.846268	0.4	72757982	32498.637806892395
362	-322.31186	-322.31186	-129.59267	-48.85388	4.579271	38.518524	-65.325806	-48.854897	0.2	72958981	32589.339750766754
363	-194.0895	-194.0895	9.228954	-48.85598	4.569888	39.27726	-68.04134	-48.856888	0.6	73159982	32679.52338409424
364	-246.07098	-246.07098	-61.84784	-48.8496	4.5878115	32.561733	-63.364056	-48.850685	0.2	73360987	32769.94150042534
365	-225.52945	-225.52945	-28.17953	-48.85378	4.5691757	36.999844	-62.96375	-48.85501	0.6	73561985	32860.34775328636
366	-273.15106	-273.15106	-81.25433	-48.861935	4.5658894	31.509119	-75.2487	-48.862576	0.2	73762981	32950.05149388313
367	-254.24901	-254.24901	3.2027304	-48.843033	4.6225705	24.413849	-64.738075	-48.844143	0.5	73963986	33040.76678967476
368	-213.87198	-213.87198	-25.489008	-48.837875	4.636346	25.701696	-63.645443	-48.838654	0.4	74164982	33130.83065080643
369	-284.41895	-284.41895	-19.20666	-48.851227	4.5966434	29.38285	-62.71566	-48.852673	0.3	74365981	33220.50180244446
370	-227.91998	-227.91998	-61.18043	-48.853504	4.60796	39.532196	-65.11373	-48.85495	0.3	74566987	33311.01544046402
371	-236.27727	-236.27727	-70.99938	-48.85496	4.606847	31.410091	-66.69682	-48.855843	0.1	74767982	33401.58689546585
372	-225.76544	-225.76544	4.618404	-48.851803	4.611508	28.326416	-63.680042	-48.853207	0.4	74968982	33491.75190639496
373	-235.85219	-235.85219	-26.503607	-48.844425	4.675404	31.090858	-69.446724	-48.845768	0.3	75169985	33582.36126923561
374	-193.38196	-193.38196	-5.605893	-48.849	4.6152735	23.857061	-69.03144	-48.850193	0.1	75370984	33672.39163064957
375	-239.06715	-239.06715	5.1808305	-48.839424	4.616461	31.698723	-65.08092	-48.84065	0.3	75571982	33762.506499290466
376	-201.19867	-201.19867	-40.544285	-48.846157	4.6309123	34.517376	-64.99179	-48.847744	0.5	75772987	33852.69168996811
377	-296.41623	-296.41623	-38.84717	-48.840206	4.628973	56.059643	-67.88731	-48.840942	0.4	75973984	33942.55813741684
378	-254.77902	-254.77902	-2.5353146	-48.82891	4.6581225	24.93569	-62.973747	-48.82997	0.2	76174985	34032.44310808182
379	-148.39252	-148.39252	10.065728	-48.839172	4.631893	25.859234	-65.480644	-48.840355	0.3	76375983	34122.999351501465
380	-250.69414	-250.69414	-29.37862	-48.834034	4.620123	28.067787	-63.975456	-48.834824	0.6	76576988	34212.978737831116
381	-207.94518	-207.94518	-2.9721847	-48.830524	4.6267123	28.431677	-70.14211	-48.832054	0.5	76777983	34302.83406686783
382	-232.26979	-232.26979	-79.5579	-48.82141	4.674387	32.967255	-66.205826	-48.822754	0.3	76978984	34391.541048526764
383	-222.75836	-222.75836	-18.660852	-48.81248	4.705316	30.131365	-64.34584	-48.81382	0.5	77179981	34481.894253492355
384	-207.04776	-207.04776	10.28323	-48.818466	4.690772	32.577026	-62.940254	-48.81984	0.4	77380981	34572.183953762054
385	-232.26074	-232.26074	-71.48103	-48.838806	4.6312914	30.381615	-65.41081	-48.839825	0.4	77581985	34662.16971349716
386	-231.06514	-231.06514	-87.86556	-48.842827	4.5908732	30.42419	-63.891716	-48.843967	0.2	77782982	34752.420788526535
387	-226.77045	-226.77045	11.591741	-48.82426	4.6814666	25.105331	-67.20048	-48.825417	0.4	77983985	34842.93911886215
388	-212.18124	-212.18124	6.949641	-48.83378	4.628824	24.321285	-65.26369	-48.83522	0.1	78184982	34932.37392807007
389	-218.66621	-218.66621	9.036385	-48.81716	4.6962337	29.148968	-64.364944	-48.818348	0.5	78385981	35022.60968732834
390	-211.36215	-211.36215	-11.866058	-48.81812	4.667615	29.202457	-63.35396	-48.819584	0.0	78586981	35113.05802631378
391	-220.5111	-220.5111	4.5752373	-48.809727	4.7284775	35.2968	-61.868	-48.810905	0.1	78787985	35203.515587329865
392	-260.643	-260.643	0.26473308	-48.82301	4.646468	27.29703	-62.87436	-48.824253	0.0	78988985	35293.49397563934
393	-252.77872	-252.77872	-58.33734	-48.818336	4.649333	27.571716	-70.603134	-48.819073	0.3	79189981	35383.67399573326
394	-299.7554	-299.7554	4.932999	-48.804096	4.724636	32.437134	-67.11536	-48.805527	0.4	79390982	35474.5621714592
395	-196.13185	-196.13185	-0.39080194	-48.7975	4.7615905	40.771618	-63.76881	-48.798843	0.5	79591985	35564.83575677872
396	-231.41997	-231.41997	-37.752155	-48.809555	4.718325	27.311945	-68.07265	-48.810814	0.4	79792981	35655.12680411339
397	-258.43768	-258.43768	-76.373985	-48.81541	4.7066054	38.71718	-63.915943	-48.81655	0.5	79993982	35744.9183576107
398	-190.0005	-190.0005	-7.34355	-48.801273	4.736729	29.957176	-65.28237	-48.802612	0.5	80194983	35834.90290093422
399	-201.80934	-201.80934	-12.326642	-48.811363	4.701718	25.434792	-70.335976	-48.812214	0.3	80395983	35925.13775444031
400	-265.06775	-265.06775	0.51635146	-48.79111	4.7778273	32.320515	-64.22911	-48.79275	0.5	80596982	36015.428261995316
401	-218.93924	-218.93924	-0.95289195	-48.796616	4.8149004	54.57628	-70.09962	-48.797745	0.5	80797982	36105.29220151901
402	-241.1958	-241.1958	-85.894135	-48.791737	4.800386	36.02212	-65.68337	-48.79275	0.5	80998988	36195.27435517311
403	-267.15143	-267.15143	5.119624	-48.812943	4.70854	44.244633	-66.6252	-48.814022	0.5	81199981	36284.90865659714
404	-184.89908	-184.89908	-34.28806	-48.796757	4.768478	27.274107	-62.77308	-48.798088	0.3	81400981	36375.17669439316
405	-164.99225	-164.99225	-9.887292	-48.7849	4.857717	40.568928	-64.10892	-48.7863	0.5	81601981	36465.06112217903
406	-220.80585	-220.80585	-36.90904	-48.788246	4.810349	69.89472	-91.09812	-48.789886	0.3	81802983	36555.69794201851
407	-216.4435	-216.4435	2.784304	-48.774895	4.8109417	55.239784	-65.07735	-48.775852	0.5	82003983	36645.4994764328
408	-205.27129	-205.27129	3.7520728	-48.780685	4.836814	34.95219	-68.12175	-48.781525	0.4	82204981	36735.96857070923
409	-261.18863	-261.18863	-21.941462	-48.77855	4.8298507	37.74786	-62.744267	-48.779648	0.3	82405984	36826.683718681335
410	-260.05612	-260.05612	9.914135	-48.791492	4.745614	50.94588	-68.85421	-48.792484	0.5	82606985	36916.36703538895
411	-220.4931	-220.4931	-68.50716	-48.785526	4.82132	35.30355	-65.71021	-48.78735	0.3	82807983	37006.62047982216
412	-255.51295	-255.51295	-41.664085	-48.792557	4.7694473	50.88175	-69.29297	-48.79338	0.4	83008985	37096.72370791435
413	-239.18683	-239.18683	8.270325	-48.777275	4.8554296	36.856667	-67.331436	-48.777924	0.5	83209986	37188.17250418663
414	-232.73303	-232.73303	-16.968735	-48.759144	4.877928	56.41833	-63.911613	-48.76042	0.2	83410981	37278.30833649635
415	-197.5542	-197.5542	11.623424	-48.75885	4.877555	34.515854	-67.893	-48.759396	0.5	83611983	37367.89171361923
416	-226.37637	-226.37637	5.6354723	-48.758007	4.8719926	57.13365	-65.78134	-48.75969	0.2	83812985	37457.79844355583
417	-225.38853	-225.38853	-77.078674	-48.757374	4.8684173	40.988426	-67.252785	-48.758446	0.2	84013981	37548.51178526878
418	-223.77716	-223.77716	-28.490728	-48.777905	4.8031826	42.09816	-67.84096	-48.77914	0.3	84214982	37638.81195521355
419	-326.16562	-326.16562	-16.258026	-48.760593	4.858289	40.0539	-64.1589	-48.762207	0.3	84415985	37729.47868657112
420	-325.3742	-325.3742	-0.22702073	-48.752968	4.8986263	57.616665	-66.16168	-48.754147	0.5	84616990	37819.531744003296
421	-245.45317	-245.45317	-3.6113496	-48.75749	4.8920197	64.629425	-67.82647	-48.758717	0.3	84817983	37910.0196852684
422	-266.9894	-266.9894	5.3441544	-48.767597	4.8543963	48.973118	-64.98723	-48.768	0.7	85018981	38000.3534886837
423	-237.72324	-237.72324	-0.27372456	-48.76312	4.830977	38.122387	-68.1468	-48.764973	0.4	85219983	38090.46853733063
424	-227.27101	-227.27101	8.929883	-48.749313	4.8989997	39.791122	-67.85279	-48.75099	0.3	85420988	38180.786247015
425	-226.90576	-226.90576	-49.169056	-48.75551	4.8809495	44.395817	-63.823402	-48.75595	0.1	85621981	38270.57957148552
426	-233.33247	-233.33247	-60.036587	-48.76742	4.8532662	63.892372	-65.61389	-48.76886	0.4	85822988	38360.92132258415
427	-234.39037	-234.39037	-22.91104	-48.76225	4.8623137	47.10895	-63.28945	-48.764103	0.5	86023981	38450.17374539375
428	-219.23912	-219.23912	0.268762	-48.76214	4.846071	45.61114	-68.9244	-48.763157	0.4	86224984	38540.40720462799
429	-259.71365	-259.71365	-19.088747	-48.75591	4.8715696	47.87734	-64.51931	-48.757523	0.3	86425981	38630.91775345802
430	-272.05185	-272.05185	-6.778645	-48.76927	4.8342576	44.384792	-64.4031	-48.77097	0.4	86626984	38721.19580364227
431	-289.73245	-289.73245	-104.891335	-48.748447	4.9042377	33.137024	-64.564415	-48.74927	0.4	86827991	38810.86115026474
432	-238.47476	-238.47476	-12.839768	-48.75356	4.880425	34.17604	-63.401768	-48.75537	0.4	87028982	38900.751329898834
433	-197.41066	-197.41066	8.925849	-48.748158	4.9016504	80.51029	-65.89205	-48.749096	0.5	87229982	38991.38191509247
434	-244.91534	-244.91534	-157.0142	-48.755093	4.853942	55.774124	-64.347565	-48.756523	0.4	87430986	39080.76080870628
435	-212.83682	-212.83682	-31.883442	-48.762306	4.8456836	54.214237	-77.236305	-48.763474	0.3	87631982	39171.23948121071
436	-178.20111	-178.20111	-48.963467	-48.74859	4.8868566	50.9699	-67.11181	-48.74971	0.6	87832983	39261.2687394619
437	-236.70445	-236.70445	3.7693985	-48.75313	4.896276	34.60834	-63.483597	-48.75442	0.6	88033982	39351.58600354195
438	-251.40912	-251.40912	7.9744587	-48.74989	4.9078026	55.630318	-71.989975	-48.75102	0.6	88234982	39441.45662212372
439	-261.13214	-261.13214	-42.913906	-48.739704	4.94787	60.084167	-69.52985	-48.741623	0.5	88435984	39531.09620785713
440	-236.85635	-236.85635	-38.58159	-48.734856	4.9392314	52.90507	-64.118034	-48.736076	0.3	88636984	39621.32450056076
441	-225.5388	-225.5388	9.8551035	-48.754047	4.8839164	34.21784	-70.100876	-48.75517	0.5	88837982	39711.42440986633
442	-292.8206	-292.8206	-48.581722	-48.7324	4.9382205	64.287895	-65.816765	-48.73372	0.4	89038981	39801.20804023743
443	-280.6178	-280.6178	-3.61353	-48.732	4.932179	53.13245	-67.17204	-48.733368	0.5	89239983	39889.959919929504
444	-244.157	-244.157	6.835715	-48.730408	4.935785	28.375664	-66.75263	-48.731945	0.2	89440982	39980.28255701065
445	-223.3966	-223.3966	-27.833374	-48.717384	4.9945555	34.12054	-68.33718	-48.71904	0.3	89641981	40070.14659166336
446	-256.10754	-256.10754	-29.138542	-48.70939	4.976993	84.20924	-71.87454	-48.710373	0.6	89842987	40160.868844509125
447	-244.91226	-244.91226	-9.135129	-48.720913	4.9758816	67.126434	-69.30766	-48.722507	0.2	90043989	40250.673372745514
448	-250.20778	-250.20778	0.20935656	-48.715176	4.978897	37.38416	-67.19934	-48.716213	0.3	90244981	40340.38499879837
449	-260.98242	-260.98242	-30.428282	-48.707317	4.9985113	41.800625	-67.08675	-48.709328	0.3	90445986	40430.03922748566
450	-235.55441	-235.55441	-19.868557	-48.71267	4.9860115	37.148	-66.535355	-48.713783	0.2	90646981	40520.03538942337
451	-243.18608	-243.18608	10.46646	-48.715687	5.0002766	36.4118	-68.476074	-48.71752	0.5	90847983	40609.969289541245
452	-248.69016	-248.69016	-89.69107	-48.71896	4.936254	36.30592	-67.59099	-48.72067	0.2	91048985	40699.17533612251
453	-222.27711	-222.27711	-0.51494163	-48.70896	5.0462794	29.967604	-64.82501	-48.710495	0.5	91249986	40788.62046790123
454	-230.38618	-230.38618	10.904288	-48.714813	5.0045667	34.47496	-73.30497	-48.715794	0.4	91450984	40879.49419760704
455	-269.72205	-269.72205	-34.83091	-48.70852	5.021096	66.076645	-67.58498	-48.7101	0.6	91651981	40970.20844435692
456	-205.02628	-205.02628	-68.970406	-48.706936	4.9928527	67.55486	-65.45742	-48.70827	0.3	91852984	41060.143558979034
457	-233.19492	-233.19492	-125.23796	-48.7113	4.9957867	52.34707	-65.866486	-48.712997	0.4	92053984	41149.889676332474
458	-206.72772	-206.72772	-26.236488	-48.712933	5.013822	32.448708	-68.39809	-48.714645	0.3	92254983	41239.33295798302
459	-183.93958	-183.93958	12.579926	-48.71534	5.0108128	61.457104	-68.88545	-48.71633	0.6	92455981	41329.01653599739
460	-237.4023	-237.4023	-52.720142	-48.689312	5.0388284	51.849674	-66.08283	-48.69134	0.2	92656982	41419.28412604332
461	-208.98401	-208.98401	-23.573425	-48.688347	5.0496197	59.288055	-69.666954	-48.690456	0.2	92857984	41509.73324036598
462	-229.40031	-229.40031	-41.59638	-48.70782	4.99416	31.270351	-68.07306	-48.708927	0.6	93058984	41600.1513800621
463	-256.47632	-256.47632	1.5099565	-48.695404	5.013266	52.62799	-66.273415	-48.696712	0.6	93259982	41690.63651895523
464	-208.91544	-208.91544	-3.313762	-48.705303	4.999814	32.155125	-66.79191	-48.70662	0.2	93460983	41781.10362100601
465	-253.93936	-253.93936	-82.84626	-48.69917	5.056961	70.58906	-64.99412	-48.70034	0.4	93661986	41871.60083627701
466	-208.34674	-208.34674	-46.644787	-48.704044	5.01806	55.297165	-72.609634	-48.705997	0.6	93862982	41964.40387749672
467	-191.70279	-191.70279	-44.82206	-48.691013	5.079041	39.836205	-65.81993	-48.692455	0.4	94063982	42058.45515394211
468	-234.20831	-234.20831	1.7395295	-48.68054	5.0869837	40.626873	-67.69089	-48.681847	0.6	94264984	42151.22251987457
469	-278.4878	-278.4878	9.956631	-48.675735	5.120724	40.002373	-67.45566	-48.677612	0.3	94465988	42245.07287502289
470	-224.54199	-224.54199	-21.614594	-48.69577	5.0283127	45.57201	-67.590294	-48.69704	0.3	94666984	42337.792845487595
471	-201.2433	-201.2433	4.7458873	-48.6743	5.1005273	46.945984	-66.67238	-48.675533	0.2	94867984	42431.55977106094
472	-253.40988	-253.40988	-28.741882	-48.67629	5.0936575	35.701714	-64.19204	-48.67765	0.4	95068984	42525.59978103638
473	-226.96033	-226.96033	-53.38668	-48.670704	5.122382	34.173027	-71.000015	-48.672268	0.5	95269982	42618.53254914284
474	-258.8442	-258.8442	0.3713209	-48.682743	5.040113	51.769264	-65.12462	-48.68489	0.7	95470983	42710.46599984169
475	-297.58502	-297.58502	8.016046	-48.67588	5.086818	36.155807	-68.02934	-48.676792	0.6	95671984	42803.83275103569
476	-197.63469	-197.63469	-153.29808	-48.663113	5.127744	53.59539	-66.00664	-48.66501	0.2	95872983	42897.116497039795
477	-213.05106	-213.05106	-84.07705	-48.67859	5.0741663	50.228924	-69.381874	-48.680714	0.2	96073983	42989.389686346054
478	-238.85078	-238.85078	-29.755735	-48.683697	5.079027	64.61877	-67.011284	-48.684566	0.6	96274982	43082.46921515465
479	-219.65125	-219.65125	11.412034	-48.665157	5.095855	26.85829	-67.58428	-48.66719	0.3	96475982	43175.736553907394
480	-265.92636	-265.92636	-33.319736	-48.672295	5.0913925	38.797928	-67.990654	-48.67347	0.4	96676987	43269.239688396454
481	-200.06305	-200.06305	6.748204	-48.67276	5.086153	45.30886	-68.239815	-48.67373	0.4	96877984	43362.1075053215
482	-245.07057	-245.07057	-70.35733	-48.6628	5.105052	36.95389	-66.74071	-48.66408	0.7	97078984	43454.758038282394
483	-228.02336	-228.02336	-8.932616	-48.673306	5.059831	47.06453	-67.00943	-48.67546	0.4	97279982	43547.09259724617
484	-231.31506	-231.31506	-24.509254	-48.66529	5.108849	37.404938	-66.33846	-48.666428	0.5	97480981	43639.846700668335
485	-223.13855	-223.13855	2.9310234	-48.662117	5.114142	36.112526	-63.86561	-48.66376	0.4	97681988	43732.77778863907
486	-222.31229	-222.31229	11.049015	-48.667892	5.084652	37.362965	-65.28208	-48.669594	0.7	97882986	43826.54769611359
487	-235.4151	-235.4151	8.263905	-48.64436	5.1586046	54.181927	-68.08733	-48.6459	0.6	98083981	43919.09873342514
488	-217.14055	-217.14055	10.572523	-48.670322	5.1105633	60.917683	-64.25565	-48.671562	0.5	98284982	44012.03284788132
489	-191.97476	-191.97476	1.9788834	-48.652763	5.1267643	46.116966	-64.846176	-48.65427	0.3	98485982	44105.585211753845
490	-180.22049	-180.22049	-31.078272	-48.6437	5.147838	37.48864	-67.928185	-48.645515	0.5	98686984	44197.5356695652
491	-208.06361	-208.06361	6.5817122	-48.638535	5.1600156	34.469265	-66.76551	-48.639763	0.5	98887982	44289.90377783775
492	-182.40158	-182.40158	5.1712575	-48.64236	5.140131	71.28357	-70.38215	-48.64438	0.4	99088982	44383.03732275963
493	-234.53963	-234.53963	6.6602798	-48.63935	5.1515846	50.068893	-70.811424	-48.640984	0.3	99289983	44475.39103889465
494	-214.29208	-214.29208	-30.70957	-48.633415	5.168953	57.588055	-67.37968	-48.6349	0.1	99490982	44566.9743514061
495	-234.98242	-234.98242	6.816812	-48.651924	5.1458435	42.16901	-64.920456	-48.653187	0.4	99691981	44658.79232788086
496	-271.5036	-271.5036	8.659347	-48.637913	5.1612687	41.766205	-70.876396	-48.639297	0.5	99892987	44752.17731308937
497	-174.93143	-174.93143	-45.598072	-48.6439	5.1320457	37.594086	-65.80596	-48.64555	0.4	100093981	44843.46237683296
498	-242.46382	-242.46382	3.5884314	-48.639065	5.146614	50.334297	-65.63591	-48.64141	0.5	100294981	44935.9811398983
499	-212.01874	-212.01874	3.7878053	-48.621235	5.238261	43.043537	-66.383316	-48.621788	0.4	100495983	45027.4801132679
