Epoch	EpRet	EpRealRet	TestEpRet	AverageQ1	StdQ1	MaxQ1	MinQ1	Q2	TestSuccess	TotalEnvInteracts	TotalTime
0	-69.39249	-69.39249	-34.821198	-48.12859	7.1620364	0.0075636283	-54.91567	-48.04948	0.0	196983	29.673060178756714
1	-84.56846	-84.56846	-102.28145	-49.999985	0.029463822	-49.555286	-50.381355	-49.99996	0.0	397983	57.6613564491272
2	-81.38693	-81.38693	-62.15852	-49.99999	0.034111902	-49.283863	-50.469902	-49.999977	0.0	598982	85.98492980003357
3	-89.22573	-89.22573	-33.31823	-49.99999	0.04798595	-49.73306	-50.271706	-49.999977	0.0	799981	115.75772953033447
4	-97.29094	-97.29094	-63.753773	-49.99996	0.056668326	-49.691563	-50.350468	-49.999973	0.0	1000982	146.6072118282318
5	-71.67771	-71.67771	-31.126406	-49.995132	0.080631845	-49.435497	-50.54333	-49.995132	0.0	1201981	177.1484785079956
6	-71.938835	-71.938835	-29.388178	-49.995377	0.07519211	-49.411964	-50.370037	-49.995373	0.0	1402982	208.22693157196045
7	-59.70342	-59.70342	0.0	-49.927155	0.8274548	-17.507776	-52.47341	-49.92716	0.0	1603981	239.43690156936646
8	-58.909668	-58.909668	0.0	-49.926037	1.478352	-2.5631902	-52.447414	-49.926296	0.0	1804983	270.46006298065186
9	-71.22797	-71.22797	-250.12555	-49.923656	1.5025673	-1.3261946	-55.507797	-49.92372	0.0	2005981	302.95155668258667
10	-89.15696	-89.15696	-73.06152	-49.92422	1.3593551	-1.6827471	-53.904804	-49.92397	0.0	2206981	334.77039074897766
11	-88.7953	-88.7953	-73.97382	-49.934555	1.3675294	-0.22205341	-52.429226	-49.9345	0.0	2407982	367.0683524608612
12	-92.30441	-92.30441	-37.932526	-49.947388	1.2811443	0.17452455	-51.603935	-49.947292	0.0	2608981	400.04384112358093
13	-70.84683	-70.84683	-37.650753	-49.943214	1.3548316	0.991967	-52.652767	-49.94315	0.0	2809982	432.5126955509186
14	-82.85928	-82.85928	-60.1379	-49.946953	1.25502	1.7512264	-51.62967	-49.94693	0.0	3010984	468.96079087257385
15	-91.21502	-91.21502	-69.38728	-49.941402	1.2430216	1.297296	-52.482513	-49.941357	0.0	3211983	501.8530683517456
16	-80.7397	-80.7397	-68.44953	-49.944393	1.1287305	1.6162099	-56.448757	-49.94442	0.0	3412982	534.7916986942291
17	-110.59752	-110.59752	-49.199528	-49.94184	1.13803	1.6027951	-51.641865	-49.941833	0.0	3613981	568.0728170871735
18	-83.86714	-83.86714	-42.09604	-49.942093	1.1071061	1.8851243	-51.30806	-49.94206	0.0	3814982	603.1907243728638
19	-67.75477	-67.75477	-12.424224	-49.940613	1.0933188	2.8725421	-52.12306	-49.94063	0.0	4015983	637.2661769390106
20	-53.165604	-53.165604	-11.672286	-49.945515	1.0197859	1.9646286	-51.66677	-49.945576	0.0	4216985	670.5308494567871
21	-51.5519	-51.5519	-1.7459849	-49.9406	1.0661185	0.52456623	-51.535587	-49.940548	0.0	4417984	703.7013096809387
22	-57.326363	-57.326363	-3.6694937	-49.94251	0.9968542	1.4720352	-51.061047	-49.942547	0.0	4618981	737.0003781318665
23	-49.222378	-49.222378	-25.266779	-49.93925	1.0607074	3.1247017	-51.371536	-49.93936	0.0	4819981	770.6262667179108
24	-62.375553	-62.375553	-21.534365	-49.93854	1.0415367	6.2206955	-50.865837	-49.938576	0.0	5020981	805.2010626792908
25	-53.523205	-53.523205	5.98172	-49.94013	1.0217415	6.770155	-51.056026	-49.940067	0.0	5221983	838.5773928165436
26	-55.608055	-55.608055	-15.625655	-49.94018	1.0307592	3.3701084	-51.77904	-49.94022	0.0	5422982	872.3180756568909
27	-47.4935	-47.4935	6.23488	-49.939312	1.0383077	3.7976916	-50.805237	-49.93933	0.0	5623981	906.9578518867493
28	-47.485416	-47.485416	-18.727962	-49.93427	1.051465	6.3102946	-50.763985	-49.93426	0.0	5824981	940.9435029029846
29	-48.12136	-48.12136	-1.7690526	-49.9325	1.0513808	4.1057215	-50.812786	-49.932472	0.0	6025981	974.597145318985
30	-55.412853	-55.412853	-21.024927	-49.933487	1.0018008	9.663846	-50.98604	-49.933445	0.0	6226981	1008.994359254837
31	-53.45342	-53.45342	-1.3160193	-49.93375	0.99336815	7.4132757	-50.788147	-49.933758	0.0	6427981	1043.2983639240265
32	-52.494415	-52.494415	-2.5501537	-49.93034	0.97156954	9.092705	-51.232018	-49.9303	0.0	6628981	1078.5910301208496
33	-64.88305	-64.88305	-15.03443	-49.927994	0.94139373	6.142602	-50.847595	-49.92801	0.0	6829981	1112.5904023647308
34	-49.655163	-49.655163	-13.860826	-49.925285	0.91624695	5.9549804	-50.736614	-49.92526	0.0	7030981	1146.1466147899628
35	-59.6151	-59.6151	-10.901095	-49.920017	0.9886518	6.421486	-50.743225	-49.920025	0.0	7231981	1181.9043707847595
36	-53.084873	-53.084873	-35.028866	-49.920563	0.94133335	4.646846	-51.060566	-49.920586	0.0	7432982	1216.7883574962616
37	-56.80861	-56.80861	-29.864525	-49.921333	0.9279636	11.957239	-50.99697	-49.92132	0.0	7633981	1251.518005847931
38	-52.033573	-52.033573	-40.06567	-49.919212	0.9539809	9.883266	-50.81409	-49.91929	0.0	7834983	1286.9519379138947
39	-59.54121	-59.54121	-23.06726	-49.922028	0.9254861	4.8486066	-51.21051	-49.921978	0.0	8035984	1321.789790391922
40	-45.134415	-45.134415	-59.692074	-49.9162	0.98911095	7.2114005	-50.997215	-49.916286	0.0	8236983	1357.8856840133667
41	-51.801655	-51.801655	-115.584496	-49.916485	0.99424994	2.5770428	-51.0121	-49.916546	0.0	8437982	1392.8472864627838
42	-50.863335	-50.863335	6.000274	-49.91995	0.9719713	7.5326424	-51.007496	-49.91998	0.0	8638981	1427.4132268428802
43	-50.156593	-50.156593	-81.69257	-49.91865	0.93051976	2.7817929	-50.763805	-49.918648	0.0	8839985	1462.5994911193848
44	-48.894608	-48.894608	5.95067	-49.917686	0.96893424	4.5811124	-50.795734	-49.917786	0.0	9040982	1497.6709940433502
45	-45.245445	-45.245445	-59.629227	-49.91776	0.92779255	14.86198	-51.29476	-49.91774	0.0	9241981	1532.2873528003693
46	-52.58589	-52.58589	-89.32513	-49.918636	0.91616946	9.301755	-52.508118	-49.918655	0.0	9442981	1568.172168970108
47	-55.75698	-55.75698	-83.0512	-49.917816	0.9148952	8.678566	-51.50683	-49.91785	0.0	9643981	1602.6056878566742
48	-48.04155	-48.04155	-99.70606	-49.91995	0.88086486	6.0414405	-51.327984	-49.919975	0.0	9844982	1636.4099924564362
49	-52.3265	-52.3265	-91.00329	-49.91847	0.8666179	8.974117	-51.579853	-49.918423	0.0	10045981	1673.2541592121124
50	-42.156826	-42.156826	-102.69241	-49.913246	0.90826833	11.276294	-51.439312	-49.913303	0.0	10246985	1707.1783225536346
51	-51.99367	-51.99367	-84.1731	-49.914318	0.86775494	5.0000134	-51.101906	-49.914406	0.0	10447981	1743.1500208377838
52	-51.825665	-51.825665	-78.34003	-49.915997	0.8917446	6.4432855	-51.13278	-49.91607	0.0	10648983	1778.2349495887756
53	-50.408848	-50.408848	-84.93726	-49.91609	0.87613153	6.6551404	-51.469776	-49.91604	0.0	10849981	1813.2359235286713
54	-46.552258	-46.552258	7.1777983	-49.9141	0.89072156	3.7873297	-51.33349	-49.914185	0.0	11050981	1846.8576300144196
55	-53.75697	-53.75697	7.1785645	-49.91451	0.8989308	7.401109	-51.21368	-49.914642	0.0	11251982	1883.6111936569214
56	-52.823803	-52.823803	7.097778	-49.916664	0.8654377	5.414777	-51.07022	-49.916637	0.0	11452981	1918.160859823227
57	-56.508324	-56.508324	7.178873	-49.91757	0.8598136	4.553402	-51.429276	-49.917564	0.0	11653981	1952.9493675231934
58	-43.987095	-43.987095	-3.2626314	-49.917664	0.85085946	4.0749836	-51.256214	-49.917637	0.0	11854981	1987.4321196079254
59	-48.133087	-48.133087	5.2314615	-49.91731	0.8663704	6.514025	-51.05318	-49.917446	0.0	12055981	2024.181256055832
60	-63.722984	-63.722984	6.99928	-49.917564	0.84255266	1.9759859	-52.36903	-49.917637	0.0	12256982	2060.790187358856
61	-51.48102	-51.48102	6.1428695	-49.917522	0.86824685	6.1143265	-50.98313	-49.91753	0.0	12457981	2094.7555873394012
62	-55.352596	-55.352596	-79.37623	-49.91691	0.87493956	5.6081047	-51.669754	-49.917057	0.0	12658981	2128.6249644756317
63	-49.62097	-49.62097	-69.42132	-49.91837	0.8554373	4.6752043	-51.104652	-49.91835	0.0	12859981	2163.910893678665
64	-51.96735	-51.96735	-52.715332	-49.91529	0.861415	6.4921904	-51.09705	-49.91526	0.0	13060985	2197.937675714493
65	-49.499844	-49.499844	-80.35369	-49.917583	0.83118534	8.983846	-51.042084	-49.917686	0.0	13261981	2235.0373980998993
66	-50.40433	-50.40433	-72.37664	-49.9146	0.87335753	6.6107373	-50.946194	-49.91459	0.0	13462982	2269.589657306671
67	-61.342377	-61.342377	-50.74741	-49.91738	0.8301381	11.305729	-51.243183	-49.91745	0.0	13663982	2303.9264051914215
68	-42.13981	-42.13981	-55.293716	-49.91658	0.8409334	8.172444	-51.59507	-49.91662	0.0	13864981	2339.6819248199463
69	-47.368652	-47.368652	7.081512	-49.91366	0.87653464	3.3497844	-51.510406	-49.913673	0.0	14065981	2376.196501493454
70	-44.22645	-44.22645	-49.31199	-49.91408	0.88391227	4.4903092	-51.102497	-49.914158	0.0	14266981	2409.6034331321716
71	-45.770775	-45.770775	6.985947	-49.915737	0.86484486	4.180708	-51.013836	-49.91573	0.0	14467981	2445.7693700790405
72	-56.077213	-56.077213	6.8211384	-49.915237	0.85391265	8.694389	-51.0745	-49.915237	0.0	14668985	2482.828678369522
73	-45.126446	-45.126446	-50.91858	-49.918884	0.81803995	5.0472994	-51.586903	-49.918934	0.0	14869981	2516.5594985485077
74	-50.90353	-50.90353	-47.676796	-49.918118	0.84300005	4.147602	-51.459133	-49.918137	0.0	15070981	2552.4663558006287
75	-51.650776	-51.650776	7.046291	-49.91593	0.8795653	9.694895	-51.396973	-49.915977	0.0	15271985	2587.7302408218384
76	-47.21035	-47.21035	6.736005	-49.91583	0.8385878	4.520567	-51.840385	-49.915855	0.0	15472981	2622.4215619564056
77	-50.334606	-50.334606	-40.962822	-49.916264	0.84683764	5.372555	-51.30681	-49.916355	0.0	15673984	2658.03826880455
78	-50.1599	-50.1599	-48.710533	-49.916965	0.8199558	4.5630016	-51.14252	-49.916946	0.0	15874983	2694.7650048732758
79	-56.006847	-56.006847	-34.475674	-49.919247	0.8358039	5.3213167	-51.34621	-49.919323	0.0	16075981	2729.812714099884
80	-49.35708	-49.35708	-48.477665	-49.91944	0.79857016	5.5139856	-51.223682	-49.919415	0.0	16276982	2764.205143928528
81	-53.08414	-53.08414	-60.350357	-49.918518	0.8250669	6.576919	-51.263416	-49.918556	0.0	16477981	2800.1260097026825
82	-49.99968	-49.99968	-47.00665	-49.92204	0.78276706	7.6551547	-51.338818	-49.922123	0.0	16678981	2834.4682965278625
83	-56.081043	-56.081043	-60.823204	-49.91891	0.81561166	2.8883367	-51.58045	-49.91883	0.0	16879981	2871.4526352882385
84	-45.452614	-45.452614	-15.875306	-49.918587	0.82676566	6.4320135	-51.45864	-49.918648	0.0	17080981	2906.05406999588
85	-44.522213	-44.522213	-15.599554	-49.918053	0.8319783	11.745274	-51.538822	-49.918076	0.0	17281982	2940.7631816864014
86	-48.183403	-48.183403	-56.613407	-49.91858	0.80080426	3.4884207	-51.51305	-49.91863	0.0	17482983	2975.144121170044
87	-47.222446	-47.222446	6.7860427	-49.921528	0.7884443	6.2792673	-51.541447	-49.92155	0.0	17683981	3009.6173753738403
88	-49.313618	-49.313618	-64.719246	-49.91679	0.8840111	9.128516	-51.818233	-49.91684	0.0	17884981	3046.45791387558
89	-46.388588	-46.388588	-51.63623	-49.91916	0.7919192	3.6207066	-51.175056	-49.919197	0.0	18085981	3081.8109455108643
90	-56.594906	-56.594906	-45.42644	-49.918247	0.83832645	2.0644197	-51.330944	-49.918247	0.0	18286981	3116.122904777527
91	-48.792336	-48.792336	-21.995024	-49.91999	0.80764014	4.0223374	-51.3927	-49.920074	0.0	18487981	3152.644145488739
92	-38.1565	-38.1565	-4.2127414	-49.921257	0.7795309	7.3002276	-51.505245	-49.92124	0.0	18688981	3189.2494316101074
93	-51.064945	-51.064945	-52.79022	-49.919422	0.8016391	2.7902982	-51.307537	-49.91946	0.0	18889981	3225.316032409668
94	-51.999943	-51.999943	-46.733948	-49.917774	0.8207874	5.0094037	-51.65263	-49.917774	0.0	19090981	3259.528064250946
95	-51.164295	-51.164295	-24.735912	-49.918232	0.81447566	3.2334359	-51.457554	-49.91828	0.0	19291982	3294.9703862667084
96	-42.551224	-42.551224	-26.725292	-49.91711	0.81022495	3.7015147	-52.134842	-49.91707	0.0	19492983	3330.5455601215363
97	-52.600307	-52.600307	8.753421	-49.918655	0.7966572	3.751515	-51.64671	-49.918797	0.0	19693982	3365.1964552402496
98	-55.365414	-55.365414	-17.82573	-49.91484	0.85286385	4.832771	-51.613716	-49.91484	0.0	19894981	3400.1445450782776
99	-53.887123	-53.887123	-20.073452	-49.916225	0.7917265	3.0698235	-51.464535	-49.916203	0.0	20095987	3435.0239572525024
100	-57.303032	-57.303032	-20.935335	-49.918457	0.7955701	4.9358735	-51.56643	-49.918564	0.0	20296982	3472.073174238205
101	-48.330544	-48.330544	8.031692	-49.917812	0.78738195	3.1969237	-51.265114	-49.917786	0.0	20497981	3507.577248573303
102	-50.507774	-50.507774	8.179168	-49.917675	0.792309	4.8434825	-51.663345	-49.917694	0.0	20698981	3542.246567249298
103	-63.982628	-63.982628	7.810397	-49.914948	0.8218485	7.891467	-51.784813	-49.915043	0.0	20899981	3576.613706111908
104	-59.833054	-59.833054	7.596434	-49.916985	0.76547873	1.9837018	-51.52842	-49.916935	0.0	21100981	3613.065856218338
105	-56.725307	-56.725307	7.800235	-49.914314	0.83988273	5.8908587	-51.609245	-49.914402	0.0	21301986	3646.6485090255737
106	-49.81051	-49.81051	7.9988832	-49.91508	0.8209223	3.9709556	-51.76561	-49.915096	0.0	21502981	3681.038097381592
107	-46.75314	-46.75314	7.3476853	-49.913456	0.80330485	3.4565365	-52.07407	-49.913395	0.0	21703981	3715.677558898926
108	-48.39652	-48.39652	-25.888117	-49.91363	0.8184914	5.2685227	-51.58072	-49.91374	0.0	21904981	3750.837488889694
109	-54.31982	-54.31982	7.1102858	-49.912903	0.7997631	6.8603916	-51.934006	-49.912987	0.0	22105981	3784.811445713043
110	-44.9027	-44.9027	2.0078614	-49.912464	0.84155273	4.9551344	-52.100563	-49.91244	0.0	22306981	3821.114057779312
111	-51.499325	-51.499325	-21.676563	-49.914505	0.8112376	6.9851875	-51.793434	-49.91459	0.0	22507981	3855.39488363266
112	-48.883457	-48.883457	0.93819463	-49.912716	0.81724936	2.6548262	-51.57224	-49.912758	0.0	22708981	3890.8920867443085
113	-54.233253	-54.233253	7.7536135	-49.913887	0.7935387	5.3432255	-52.003872	-49.913914	0.0	22909982	3926.102354288101
114	-46.74819	-46.74819	2.0970304	-49.91371	0.8066054	3.0573874	-51.917824	-49.913746	0.0	23110983	3961.449336051941
115	-57.360073	-57.360073	8.396383	-49.91338	0.7842792	3.1035008	-51.96774	-49.91339	0.0	23311981	3997.277100801468
116	-44.426167	-44.426167	8.928336	-49.91411	0.8165422	3.3981333	-51.66504	-49.914165	0.0	23512983	4034.1480462551117
117	-60.5078	-60.5078	8.708412	-49.91739	0.7810939	3.2928777	-52.5618	-49.91737	0.0	23713984	4069.0900774002075
118	-51.068092	-51.068092	8.678564	-49.917606	0.7400089	1.1598705	-51.730057	-49.91771	0.0	23914981	4104.574618339539
119	-60.784317	-60.784317	8.82229	-49.916103	0.7702391	5.7490973	-51.95035	-49.9161	0.0	24115982	4139.361778259277
120	-63.877228	-63.877228	8.687983	-49.916225	0.79278785	4.7999516	-51.7026	-49.91629	0.0	24316981	4174.293835878372
121	-45.834354	-45.834354	9.154645	-49.915733	0.7926594	4.6244216	-51.996372	-49.91572	0.0	24517981	4208.359399318695
122	-51.99861	-51.99861	9.147764	-49.91666	0.77468073	3.0704339	-51.76777	-49.91664	0.0	24718981	4245.029991149902
123	-61.185318	-61.185318	9.201767	-49.91405	0.82199544	4.2317	-52.035484	-49.9141	0.0	24919981	4279.667271375656
124	-54.62101	-54.62101	-8.566924	-49.91717	0.76447445	3.9551318	-51.813564	-49.91717	0.0	25120981	4316.789543390274
125	-53.718105	-53.718105	8.8195505	-49.91762	0.78630775	5.6402073	-51.788074	-49.91768	0.0	25321983	4353.620431661606
126	-63.500004	-63.500004	3.085461	-49.91754	0.7805314	3.2735994	-52.870377	-49.917595	0.0	25522981	4388.238960027695
127	-52.914845	-52.914845	-2.555973	-49.916077	0.76504123	3.9856248	-52.204205	-49.916092	0.0	25723981	4423.4379341602325
128	-48.71775	-48.71775	-13.475629	-49.917126	0.7987682	1.7531269	-51.868755	-49.91721	0.0	25924981	4458.424422502518
129	-50.94014	-50.94014	9.261872	-49.91634	0.8162117	3.90956	-51.908764	-49.9163	0.0	26125982	4492.37570977211
130	-61.81539	-61.81539	3.3392637	-49.916798	0.76034844	5.7052283	-51.407677	-49.916794	0.0	26326981	4529.50896191597
131	-44.25895	-44.25895	-12.5754175	-49.91705	0.8001795	2.8538203	-51.96415	-49.91711	0.0	26527982	4566.638700723648
132	-43.83414	-43.83414	8.924125	-49.91668	0.7802741	4.0969286	-51.81721	-49.91675	0.0	26728981	4600.936275005341
133	-50.15089	-50.15089	-92.31696	-49.91749	0.75964314	7.5446253	-51.78123	-49.91749	0.0	26929985	4637.729622125626
134	-46.9988	-46.9988	8.034751	-49.91946	0.7693717	2.250817	-52.001347	-49.919453	0.0	27130981	4671.54096031189
135	-46.347412	-46.347412	-10.794053	-49.914196	0.8269172	4.518612	-52.10197	-49.91425	0.0	27331983	4705.966089963913
136	-48.786674	-48.786674	3.8678427	-49.915794	0.8088202	3.220449	-52.537704	-49.915737	0.0	27532981	4741.2147517204285
137	-47.182777	-47.182777	-12.703092	-49.917732	0.74835855	4.9573984	-52.37078	-49.917744	0.0	27733981	4775.870015382767
138	-51.11114	-51.11114	-12.594047	-49.916206	0.78045994	5.67337	-51.853275	-49.916214	0.0	27934981	4811.562411308289
139	-59.85498	-59.85498	-80.89461	-49.919662	0.7462822	3.25036	-51.95863	-49.91976	0.0	28135984	4845.933099269867
140	-56.916298	-56.916298	4.8322415	-49.917095	0.8087709	5.283983	-51.908504	-49.917057	0.0	28336981	4883.273640155792
141	-63.088158	-63.088158	-67.570435	-49.917362	0.7635172	2.0921876	-51.90354	-49.91738	0.0	28537982	4919.178033590317
142	-58.56583	-58.56583	-67.4538	-49.916378	0.76077837	6.189044	-51.91444	-49.916412	0.0	28738981	4953.680513143539
143	-53.135765	-53.135765	-63.067806	-49.91552	0.77637535	5.9469104	-51.551884	-49.915527	0.0	28939981	4987.992938518524
144	-64.67103	-64.67103	-68.87527	-49.918194	0.7643039	2.8702917	-52.135227	-49.918247	0.0	29140982	5025.536429166794
145	-61.569454	-61.569454	-128.1804	-49.91784	0.7664937	3.531252	-51.734814	-49.917896	0.0	29341981	5060.776345252991
146	-59.897377	-59.897377	-88.14654	-49.917454	0.7505499	4.1875877	-51.696625	-49.917473	0.0	29542983	5097.2765419483185
147	-57.12505	-57.12505	-67.24282	-49.91695	0.76062965	4.4234633	-52.291676	-49.916985	0.0	29743981	5133.412363767624
148	-63.86481	-63.86481	3.4471405	-49.916306	0.77730155	8.4711895	-51.924786	-49.916344	0.0	29944982	5167.871108293533
149	-62.7693	-62.7693	-58.17488	-49.91623	0.763156	6.714936	-52.121956	-49.916267	0.0	30145981	5205.189770698547
150	-65.486336	-65.486336	-58.19824	-49.916183	0.7511522	3.0360634	-52.475117	-49.916172	0.0	30346981	5240.2760491371155
151	-59.652725	-59.652725	-59.40129	-49.915676	0.7990279	8.910695	-52.32267	-49.915726	0.0	30547981	5274.964911699295
152	-59.034878	-59.034878	-56.38123	-49.916836	0.75075793	7.3653054	-52.284966	-49.91683	0.0	30748982	5310.547681808472
153	-56.816216	-56.816216	-65.50658	-49.91609	0.79058427	6.4379673	-52.41291	-49.91614	0.0	30949981	5345.699420213699
154	-58.149837	-58.149837	-98.71443	-49.916344	0.7597339	7.329351	-52.134636	-49.91635	0.0	31150981	5381.5626883506775
155	-57.4096	-57.4096	-128.09045	-49.91528	0.7671881	4.7093973	-52.383816	-49.91531	0.0	31351982	5417.2268607616425
156	-58.967182	-58.967182	-101.61994	-49.914616	0.76659817	5.0893397	-52.614662	-49.914677	0.0	31552981	5453.078633069992
157	-70.03442	-70.03442	-60.08586	-49.915237	0.7633248	5.60923	-52.56304	-49.91522	0.0	31753982	5488.2624497413635
158	-70.38716	-70.38716	-97.19567	-49.91426	0.8020111	4.614978	-52.10474	-49.914288	0.0	31954984	5523.544782400131
159	-57.659786	-57.659786	-107.89004	-49.91384	0.82182455	3.7241352	-52.083992	-49.91388	0.0	32155981	5560.280154466629
160	-63.030712	-63.030712	-100.00654	-49.914997	0.76664394	5.3191175	-52.225693	-49.915005	0.0	32356981	5595.388722419739
161	-57.816597	-57.816597	-106.82459	-49.915546	0.75954026	9.360143	-52.548676	-49.91558	0.0	32557983	5632.792509555817
162	-60.24063	-60.24063	-58.887802	-49.916023	0.74218756	4.241765	-52.163517	-49.91607	0.0	32758982	5667.082568407059
163	-60.771496	-60.771496	-72.41753	-49.916016	0.7712594	6.060084	-52.63569	-49.915955	0.0	32959982	5701.998553514481
164	-67.97063	-67.97063	-58.095825	-49.912876	0.82066685	9.464162	-52.245922	-49.912918	0.0	33160981	5736.868030309677
165	-64.024185	-64.024185	-73.92095	-49.91304	0.7962949	7.6378574	-53.69199	-49.913086	0.0	33361982	5772.238948106766
166	-57.118607	-57.118607	-57.945885	-49.91312	0.78692853	1.8512988	-53.176517	-49.91312	0.0	33562982	5807.547740936279
167	-64.66211	-64.66211	-86.15119	-49.91376	0.7700235	5.8935843	-52.369198	-49.913815	0.0	33763981	5842.553290605545
168	-51.775158	-51.775158	-72.823845	-49.91216	0.79500264	4.3628993	-52.05596	-49.9121	0.0	33964981	5878.021977901459
169	-65.54986	-65.54986	-50.291386	-49.911972	0.7860118	6.2267895	-53.177784	-49.911976	0.0	34165985	5912.56897687912
170	-58.18056	-58.18056	-63.266647	-49.91264	0.7957036	3.5905802	-52.26652	-49.91264	0.0	34366981	5947.259803533554
171	-66.5304	-66.5304	-62.810196	-49.91158	0.7967774	6.857754	-53.44408	-49.911545	0.0	34567981	5981.9505314826965
172	-53.429337	-53.429337	-63.363407	-49.91116	0.806788	3.6793	-51.86031	-49.911232	0.0	34768981	6015.8180956840515
173	-51.429146	-51.429146	-55.353344	-49.911568	0.7690113	7.031813	-52.875984	-49.911537	0.0	34969981	6050.263221502304
174	-66.72082	-66.72082	-40.182766	-49.910336	0.8253918	7.371228	-53.416622	-49.910328	0.0	35170981	6086.165970563889
175	-56.224796	-56.224796	-50.58611	-49.911304	0.77051765	7.632022	-54.52631	-49.91131	0.0	35371982	6122.9768443107605
176	-62.41033	-62.41033	-48.765514	-49.909397	0.80809796	3.1342885	-52.57699	-49.909344	0.0	35572981	6157.792832374573
177	-72.63032	-72.63032	-42.955807	-49.908314	0.79817396	2.3115463	-53.332684	-49.908394	0.0	35773983	6193.76297545433
178	-64.22089	-64.22089	-47.70791	-49.91013	0.7873981	4.7551827	-52.60268	-49.91013	0.0	35974986	6228.233909845352
179	-57.098522	-57.098522	-68.189896	-49.907864	0.81061685	8.676627	-53.610832	-49.90786	0.0	36175981	6264.396756887436
180	-65.257225	-65.257225	-41.378815	-49.91065	0.7773051	3.3253999	-53.13419	-49.910675	0.0	36376981	6299.009156227112
181	-60.699696	-60.699696	-47.257114	-49.90526	0.8067319	5.6969604	-52.50092	-49.90523	0.0	36577985	6334.812762498856
182	-63.660477	-63.660477	-43.221764	-49.907997	0.79669714	3.465557	-51.999435	-49.907997	0.0	36778981	6370.620525836945
183	-51.78775	-51.78775	-18.965374	-49.906315	0.818516	3.408389	-52.98933	-49.9063	0.0	36979981	6404.836070299149
184	-63.15684	-63.15684	-62.88886	-49.909367	0.77103114	9.532674	-53.52323	-49.909393	0.0	37180981	6441.9961042404175
185	-52.380756	-52.380756	-64.04339	-49.90696	0.78428066	2.4418433	-54.058937	-49.90693	0.0	37381981	6477.307777166367
186	-61.526608	-61.526608	-54.933365	-49.908318	0.77210253	2.893622	-52.921684	-49.90835	0.0	37582983	6512.3090171813965
187	-59.722565	-59.722565	-46.53942	-49.90789	0.80461496	3.0001266	-52.958717	-49.90779	0.0	37783981	6547.233480453491
188	-65.65047	-65.65047	-17.016241	-49.910248	0.7836363	2.927192	-52.312943	-49.91034	0.0	37984982	6582.121082544327
189	-64.455086	-64.455086	-42.278843	-49.9074	0.8095891	4.143541	-52.800488	-49.90737	0.0	38185983	6618.0823583602905
190	-64.78579	-64.78579	-36.05435	-49.90813	0.80753297	3.9015105	-53.115948	-49.90815	0.0	38386981	6652.541075468063
191	-51.30647	-51.30647	-43.895874	-49.90919	0.79852444	2.6535304	-52.794186	-49.909172	0.0	38587981	6688.754630327225
192	-54.653305	-54.653305	-48.315136	-49.91106	0.7639551	3.047286	-52.66082	-49.91107	0.0	38788981	6723.457205057144
193	-58.577843	-58.577843	-36.454655	-49.911186	0.79339623	4.716893	-53.688007	-49.91121	0.0	38989984	6760.600047826767
194	-65.73764	-65.73764	-55.62292	-49.91	0.78283244	5.849814	-53.325253	-49.910053	0.0	39190983	6798.056125402451
195	-70.353226	-70.353226	-60.52333	-49.910507	0.7636118	2.598559	-54.07441	-49.91043	0.0	39391984	6832.232253551483
196	-69.79467	-69.79467	-31.8578	-49.910316	0.8020392	3.8367853	-52.087147	-49.910324	0.0	39592981	6867.183836936951
197	-64.03284	-64.03284	-47.40464	-49.909966	0.7940157	2.5852752	-52.94932	-49.909996	0.0	39793981	6903.649525403976
198	-57.84255	-57.84255	-45.083244	-49.911335	0.7916903	3.28758	-52.486412	-49.9113	0.0	39994986	6938.087217092514
199	-57.207897	-57.207897	-49.352108	-49.910007	0.7759763	1.203591	-53.187294	-49.909958	0.0	40195982	6973.869820356369
200	-58.54274	-58.54274	-59.377804	-49.908092	0.81726384	2.431484	-52.774796	-49.908077	0.0	40396981	7011.562898397446
201	-56.941994	-56.941994	-48.695557	-49.911602	0.77489924	2.8669357	-51.929897	-49.911587	0.0	40597982	7046.919718503952
202	-63.41498	-63.41498	-29.06421	-49.911118	0.78335255	2.7400997	-52.0941	-49.91111	0.0	40798981	7082.712326049805
203	-65.29924	-65.29924	-45.59165	-49.910812	0.7882244	2.1060376	-52.666584	-49.910778	0.0	40999985	7118.006923675537
204	-72.13838	-72.13838	-29.46294	-49.910877	0.79728365	2.1952252	-53.077393	-49.910877	0.0	41200982	7154.985738515854
205	-52.145054	-52.145054	-33.569088	-49.91022	0.788297	3.4004745	-53.320766	-49.910255	0.0	41401982	7190.421532392502
206	-61.596012	-61.596012	-55.851097	-49.91092	0.7627588	2.7313561	-52.96347	-49.910892	0.0	41602983	7225.772754430771
207	-66.53116	-66.53116	-61.570423	-49.910862	0.78058416	1.860705	-53.33558	-49.910877	0.0	41803981	7262.035317897797
208	-61.545162	-61.545162	-22.333834	-49.90888	0.77774966	3.3098645	-52.772514	-49.908825	0.0	42004984	7296.771459817886
209	-56.507584	-56.507584	-58.539745	-49.91225	0.76336056	4.7253423	-53.263798	-49.91222	0.0	42205981	7333.828667879105
210	-48.859337	-48.859337	-39.143337	-49.91164	0.75567174	5.047881	-53.01843	-49.91168	0.0	42406981	7371.211369514465
211	-69.15457	-69.15457	-60.878246	-49.91086	0.7733677	2.1918635	-52.770744	-49.91083	0.0	42607981	7407.992260217667
212	-58.296875	-58.296875	-41.49936	-49.909454	0.80026853	1.5535209	-52.53954	-49.909443	0.0	42808981	7441.969364643097
213	-54.62374	-54.62374	-32.149353	-49.91141	0.7688565	3.679377	-54.462963	-49.91142	0.0	43009982	7478.896828889847
214	-65.54753	-65.54753	-31.690784	-49.911144	0.74734926	2.087853	-51.892887	-49.91113	0.0	43210981	7519.111502170563
215	-59.48511	-59.48511	-33.2456	-49.910934	0.7704004	2.7950325	-52.65632	-49.91096	0.0	43411981	7554.884505987167
216	-63.348564	-63.348564	-37.830894	-49.909798	0.7953834	2.3161657	-52.511036	-49.909794	0.0	43612981	7589.720254421234
217	-66.75079	-66.75079	-39.877934	-49.91029	0.77461857	2.8897617	-52.7451	-49.910286	0.0	43813981	7626.866316080093
218	-63.932823	-63.932823	-21.320097	-49.90949	0.78137326	6.112738	-53.412926	-49.90945	0.0	44014981	7662.022844552994
219	-53.91289	-53.91289	-35.543514	-49.90975	0.7979949	1.4393642	-53.92705	-49.90976	0.0	44215982	7697.623995542526
220	-65.12448	-65.12448	-46.01993	-49.91042	0.76765203	2.4380326	-53.107452	-49.91037	0.0	44416981	7732.358507633209
221	-64.91206	-64.91206	-58.71117	-49.90936	0.784262	3.112488	-54.36603	-49.90935	0.0	44617982	7768.196397066116
222	-59.49453	-59.49453	-40.904053	-49.907764	0.79891044	2.07898	-53.54139	-49.907803	0.0	44818983	7802.686825990677
223	-62.19143	-62.19143	-52.488464	-49.909622	0.7795106	1.6226203	-52.726456	-49.90955	0.0	45019983	7837.014607191086
224	-67.29502	-67.29502	-69.96046	-49.909813	0.7686275	3.444779	-54.121284	-49.909798	0.0	45220982	7871.590289354324
225	-60.757915	-60.757915	-49.06519	-49.90787	0.7719682	2.0313282	-53.62998	-49.907803	0.0	45421986	7907.85676574707
226	-70.84575	-70.84575	-45.482788	-49.907986	0.7624783	3.6946974	-53.971527	-49.908016	0.0	45622981	7942.0024926662445
227	-54.60104	-54.60104	9.4000025	-49.90851	0.77200335	1.6513897	-52.976883	-49.90852	0.0	45823981	7978.815618276596
228	-68.52734	-68.52734	9.002717	-49.907047	0.80021334	2.1971402	-53.445145	-49.907017	0.0	46024991	8016.014929771423
229	-53.90928	-53.90928	9.290175	-49.909946	0.74017876	1.3508084	-54.46368	-49.90991	0.0	46225981	8049.181945800781
230	-56.62805	-56.62805	9.410964	-49.908493	0.76500064	2.0997958	-53.508068	-49.908478	0.0	46426981	8085.073393106461
231	-47.07518	-47.07518	9.448541	-49.908474	0.75798106	4.090234	-53.105194	-49.90845	0.0	46627981	8119.136477947235
232	-55.9357	-55.9357	9.420133	-49.909546	0.7817207	1.8510634	-52.859863	-49.90953	0.0	46828982	8153.312988996506
233	-53.9356	-53.9356	9.121764	-49.90843	0.78020024	3.055385	-53.63251	-49.908417	0.0	47029981	8189.665334701538
234	-60.183243	-60.183243	9.338118	-49.90975	0.76680386	2.3217022	-53.01229	-49.909813	0.0	47230981	8223.586734294891
235	-53.909286	-53.909286	9.389221	-49.90894	0.80108434	3.3143609	-53.19727	-49.908836	0.0	47431983	8258.80252122879
236	-62.120926	-62.120926	9.502701	-49.907654	0.7765807	1.4608278	-53.01472	-49.907642	0.0	47632981	8293.937523126602
237	-51.86712	-51.86712	9.401681	-49.910225	0.75895745	5.106758	-54.21023	-49.910213	0.0	47833981	8328.194680213928
238	-55.171143	-55.171143	9.240496	-49.90924	0.7703148	2.0803077	-55.61083	-49.90921	0.0	48034982	8361.528803825378
239	-42.17137	-42.17137	9.408598	-49.91107	0.7648735	3.4862835	-53.10245	-49.911057	0.0	48235982	8395.707473039627
240	-47.434	-47.434	9.256499	-49.90846	0.7708208	7.4427786	-52.768433	-49.908432	0.0	48436981	8430.753770828247
241	-50.63561	-50.63561	9.201173	-49.908157	0.77721375	1.9372082	-52.40064	-49.90814	0.0	48637981	8467.263559103012
242	-65.07402	-65.07402	9.451774	-49.90901	0.76098925	1.7937402	-53.43558	-49.909042	0.0	48838982	8500.975704431534
243	-62.377514	-62.377514	9.399161	-49.907543	0.8030612	1.747421	-52.812687	-49.90753	0.0	49039982	8534.841866731644
244	-60.79817	-60.79817	9.2949295	-49.906372	0.79656893	3.3539588	-53.01062	-49.906384	0.0	49240981	8569.739727973938
245	-50.21019	-50.21019	9.302491	-49.90775	0.77204823	2.7578387	-53.379276	-49.907722	0.0	49441983	8605.067900896072
246	-56.789196	-56.789196	8.080297	-49.906605	0.76481664	2.575438	-53.728207	-49.906544	0.0	49642986	8639.469292163849
247	-51.29265	-51.29265	7.6370406	-49.905827	0.8134535	2.9059463	-53.68761	-49.905823	0.0	49843983	8673.638167858124
248	-48.60976	-48.60976	7.3800435	-49.90607	0.7661113	2.43588	-52.432888	-49.90603	0.0	50044981	8710.70178771019
249	-51.86584	-51.86584	7.7427974	-49.907257	0.76936185	5.5970764	-53.66945	-49.907272	0.0	50245982	8745.474963665009
250	-49.584835	-49.584835	7.6416655	-49.909016	0.74315804	1.5548403	-53.530224	-49.90901	0.0	50446981	8779.79564499855
251	-42.289135	-42.289135	7.3635426	-49.907543	0.7653103	2.9546876	-53.29145	-49.907528	0.0	50647981	8814.770123004913
252	-52.79963	-52.79963	7.742995	-49.905975	0.7806098	1.8335993	-52.480995	-49.90593	0.0	50848981	8851.333536624908
253	-50.725792	-50.725792	7.564806	-49.908207	0.75553703	5.3634453	-53.104645	-49.90818	0.0	51049982	8884.965663909912
254	-54.258472	-54.258472	7.6932282	-49.90762	0.7810865	2.2285886	-53.00928	-49.90766	0.0	51250981	8919.024292707443
255	-54.55572	-54.55572	7.5586324	-49.90952	0.75596595	1.7223613	-53.35373	-49.909508	0.0	51451981	8954.330842971802
256	-51.112617	-51.112617	7.913978	-49.90659	0.7829901	3.090622	-53.170948	-49.90654	0.0	51652981	8987.826024055481
257	-48.660065	-48.660065	7.4348683	-49.908566	0.76624453	2.3151467	-55.076317	-49.90855	0.0	51853981	9022.522452354431
258	-61.935787	-61.935787	7.725862	-49.909782	0.7740502	5.803886	-53.10553	-49.909733	0.0	52054981	9057.046816587448
259	-41.69329	-41.69329	7.7036605	-49.908554	0.7776225	2.305288	-52.508503	-49.90859	0.0	52255981	9091.484144210815
260	-46.10395	-46.10395	7.8887496	-49.909378	0.74180454	1.5624005	-53.48393	-49.90931	0.0	52456981	9125.477050065994
261	-48.2996	-48.2996	7.604803	-49.908455	0.7854962	4.8716774	-53.193863	-49.90844	0.0	52657981	9160.2608730793
262	-57.464775	-57.464775	7.505203	-49.91061	0.7378036	3.616224	-52.762947	-49.910645	0.0	52858984	9195.507470607758
263	-50.33959	-50.33959	8.8875265	-49.90982	0.76975477	4.908271	-52.792168	-49.909737	0.0	53059981	9229.049767255783
264	-61.81039	-61.81039	7.874423	-49.90651	0.78561455	4.077888	-55.09734	-49.90653	0.0	53260981	9264.612862586975
265	-48.990665	-48.990665	7.5723248	-49.908863	0.7670814	9.862886	-53.454693	-49.90884	0.0	53461981	9298.963101863861
266	-49.259678	-49.259678	7.593115	-49.9101	0.7613237	3.2725372	-52.831158	-49.910095	0.0	53662982	9333.297993183136
267	-48.598057	-48.598057	7.642622	-49.910355	0.74899566	5.2122607	-53.16165	-49.910282	0.0	53863981	9367.071837425232
268	-50.464554	-50.464554	7.736444	-49.910526	0.7790418	4.200777	-53.034424	-49.910572	0.0	54064981	9401.059297084808
269	-52.82852	-52.82852	7.5052342	-49.908894	0.7821894	3.570358	-53.020947	-49.908855	0.0	54265981	9435.630658864975
270	-46.76759	-46.76759	7.798581	-49.907913	0.7892689	6.0927224	-53.391323	-49.907864	0.0	54466981	9469.544975757599
271	-46.799507	-46.799507	7.527484	-49.909306	0.770799	4.2515464	-53.287247	-49.909332	0.0	54667982	9504.318708181381
272	-55.261898	-55.261898	7.347771	-49.90966	0.7363482	1.5217611	-52.779392	-49.90962	0.0	54868981	9539.713891029358
273	-53.05906	-53.05906	7.8129673	-49.90829	0.77662045	3.4366915	-52.59869	-49.908337	0.0	55069981	9573.320046663284
274	-48.370747	-48.370747	7.7485914	-49.908203	0.7920559	2.3184843	-52.60136	-49.908142	0.0	55270984	9608.68112039566
275	-47.37497	-47.37497	8.051242	-49.909138	0.75108397	2.5103488	-53.6226	-49.909153	0.0	55471981	9643.307130336761
276	-55.075462	-55.075462	7.4480267	-49.909782	0.7501851	0.7097102	-54.00393	-49.90977	0.0	55672982	9677.63635468483
277	-48.220654	-48.220654	7.50123	-49.90837	0.77779144	7.0148764	-52.555607	-49.908348	0.0	55873981	9711.154448509216
278	-51.10283	-51.10283	7.4391007	-49.909943	0.7727745	2.887361	-53.082882	-49.90991	0.0	56074981	9745.56270813942
279	-53.594288	-53.594288	7.8126464	-49.90864	0.77588856	1.6489644	-52.749214	-49.908638	0.0	56275981	9779.474197626114
280	-52.609753	-52.609753	7.780034	-49.910484	0.7730065	3.1750112	-53.189552	-49.91051	0.0	56476981	9812.575545072556
281	-52.292656	-52.292656	7.9461346	-49.911335	0.74955565	3.4609478	-52.622627	-49.911278	0.0	56677983	9847.164192676544
282	-52.667084	-52.667084	7.6477294	-49.906	0.79567593	1.935925	-55.127586	-49.905956	0.0	56878981	9881.241000890732
283	-55.880325	-55.880325	7.40666	-49.90904	0.78164315	2.1822588	-52.904724	-49.90904	0.0	57079981	9916.47078704834
284	-56.309147	-56.309147	7.312462	-49.909843	0.7629835	4.7284975	-53.005928	-49.909817	0.0	57280982	9949.957299947739
285	-48.759323	-48.759323	7.8167553	-49.90873	0.78255546	1.8382648	-52.385506	-49.9087	0.0	57481981	9984.731746196747
286	-49.436047	-49.436047	7.822641	-49.910267	0.771241	4.790184	-52.369423	-49.910248	0.0	57682981	10018.85623049736
287	-50.23216	-50.23216	7.720007	-49.909637	0.7986404	6.6491237	-54.249195	-49.909634	0.0	57883981	10052.989137887955
288	-47.448418	-47.448418	7.6111007	-49.909935	0.78275114	3.6404018	-53.20858	-49.9099	0.0	58084982	10088.012382507324
289	-61.88794	-61.88794	7.754575	-49.910187	0.76815283	2.637939	-52.911472	-49.910187	0.0	58285981	10121.9184923172
290	-48.578125	-48.578125	7.887144	-49.911453	0.77282727	2.3865902	-53.28074	-49.91143	0.0	58486981	10156.132241725922
291	-52.481762	-52.481762	7.8902454	-49.90944	0.77808696	4.870809	-53.148857	-49.909367	0.0	58687981	10190.595000267029
292	-48.5133	-48.5133	7.5034785	-49.911396	0.7497656	1.2589731	-54.82449	-49.91141	0.0	58888981	10226.516441583633
293	-46.985126	-46.985126	8.13072	-49.908672	0.7689951	9.472501	-53.54056	-49.908627	0.0	59089981	10260.805592298508
294	-46.275257	-46.275257	7.020165	-49.912292	0.75556946	1.795751	-53.199528	-49.912292	0.0	59290981	10297.02632522583
295	-51.563065	-51.563065	-87.09336	-49.91133	0.7393287	2.8744001	-53.272766	-49.911293	0.0	59491981	10331.26178073883
296	-47.61656	-47.61656	-72.97138	-49.91188	0.77784085	4.7727184	-53.381367	-49.91188	0.0	59692982	10365.99770283699
297	-54.5609	-54.5609	-72.63915	-49.908215	0.7796452	1.3401058	-54.439236	-49.90822	0.0	59893985	10402.169507741928
298	-55.430717	-55.430717	-97.05898	-49.909992	0.7717053	4.456348	-53.465412	-49.909954	0.0	60094983	10436.77004313469
299	-48.799076	-48.799076	8.35353	-49.90991	0.76958436	3.1525393	-53.28184	-49.909946	0.0	60295982	10470.837560415268
