Epoch	EpRet	EpRealRet	TestEpRet	AverageQ1	StdQ1	MaxQ1	MinQ1	Q2	TestSuccess	TotalEnvInteracts	TotalTime
0	-1120.3978	-1120.3978	-908.20874	-44.08651	9.281356	13.111809	-179.57803	-44.092567	0.0	197001	104.85658884048462
1	-1071.9921	-1071.9921	-1077.7384	-39.955605	13.922235	27.532146	-72.44554	-39.970062	0.0	398001	214.43386507034302
2	-838.7103	-838.7103	-866.4887	-40.96858	14.313995	27.795944	-76.0148	-40.972763	0.0	599001	325.18041491508484
3	-1131.8594	-1131.8594	-1250.4993	-41.851467	13.785414	24.243061	-87.27535	-41.851124	0.0	800001	434.0912411212921
4	-1006.66315	-1006.66315	-1129.7426	-41.752506	13.928433	31.46079	-72.227585	-41.751076	0.0	1000990	543.7381222248077
5	-1017.3569	-1017.3569	-1047.6951	-41.69271	14.13895	33.84969	-74.68569	-41.69659	0.0	1202001	654.0788230895996
6	-1188.0396	-1188.0396	-988.53296	-42.36523	13.575521	28.09948	-81.52484	-42.365883	0.0	1403001	764.644544839859
7	-1156.8174	-1156.8174	-1064.5188	-43.071396	12.932787	28.112896	-80.45644	-43.073143	0.0	1604001	874.5299446582794
8	-1135.7864	-1135.7864	-1020.23804	-43.61413	12.412511	28.895697	-77.189	-43.61719	0.0	1805001	983.9110169410706
9	-1069.8773	-1069.8773	-951.1856	-43.954628	12.123432	37.903244	-71.96731	-43.95673	0.0	2006001	1088.244884967804
10	-1029.228	-1029.228	-843.31775	-44.223686	11.882581	28.448395	-74.28931	-44.228714	0.0	2207001	1164.5223693847656
11	-1015.2381	-1015.2381	-600.2466	-44.695534	11.387389	33.557674	-80.45776	-44.696053	0.0	2408001	1241.959715604782
12	-996.0804	-996.0804	-1017.86017	-45.031464	10.884108	32.838108	-80.2525	-45.031796	0.0	2608990	1322.5448279380798
13	-1160.5328	-1160.5328	-1231.6084	-45.254635	10.597614	33.98265	-85.213776	-45.254215	0.0	2809989	1400.5100553035736
14	-1144.4518	-1144.4518	-1114.786	-45.495583	10.226937	29.257084	-87.48648	-45.49777	0.0	3011001	1481.2311353683472
15	-1083.5244	-1083.5244	-1015.2965	-45.67816	10.032401	32.12053	-74.94562	-45.677746	0.0	3212001	1566.1587536334991
16	-1115.8551	-1115.8551	-1102.8955	-45.900555	9.791912	42.876087	-74.6124	-45.900814	0.0	3412985	1647.1007788181305
17	-1090.5015	-1090.5015	-1092.8785	-46.089176	9.51472	31.895702	-74.192474	-46.09044	0.0	3613995	1723.8272545337677
18	-1056.2974	-1056.2974	-1278.119	-46.305737	9.227025	37.797817	-76.72886	-46.306683	0.0	3815001	1803.6254048347473
19	-1026.1483	-1026.1483	-676.55804	-46.508434	8.921507	31.910086	-69.82736	-46.509666	0.0	4015986	1881.3354523181915
20	-969.68353	-969.68353	-471.25967	-46.655766	8.74491	33.528454	-70.27111	-46.657417	0.0	4216998	1962.5258820056915
21	-779.5398	-779.5398	-634.5665	-46.76069	8.613803	50.055164	-72.47904	-46.760067	0.0	4418001	2039.4214503765106
22	-771.0405	-771.0405	0.0	-46.86738	8.469634	35.773552	-69.04844	-46.868427	0.0	4619001	2114.0951659679413
23	-821.8795	-821.8795	-1129.2284	-46.985508	8.372105	35.708176	-68.489105	-46.985348	0.0	4820001	2192.2558143138885
24	-1037.8308	-1037.8308	-1151.9332	-47.078384	8.168646	35.426266	-70.526764	-47.07894	0.0	5020990	2270.9065611362457
25	-1141.1407	-1141.1407	-894.701	-47.206013	7.9394155	55.434105	-67.07551	-47.206814	0.0	5221981	2348.3020374774933
26	-963.24414	-963.24414	-1059.3855	-47.339367	7.692881	46.211678	-68.524994	-47.33903	0.0	5422981	2428.883965730667
27	-886.89655	-886.89655	-957.4543	-47.452972	7.4753885	31.546457	-74.41204	-47.45302	0.0	5623998	2508.848037958145
28	-897.7098	-897.7098	-702.8662	-47.545162	7.3154216	36.691086	-80.25185	-47.54493	0.0	5825001	2590.8655908107758
29	-976.32477	-976.32477	-775.6957	-47.662685	7.13413	34.114136	-70.22096	-47.662914	0.0	6025992	2670.204655647278
30	-871.0546	-871.0546	-121.44083	-47.76271	6.932552	35.375706	-74.341705	-47.76285	0.0	6226982	2750.87166595459
31	-698.6244	-698.6244	-306.1158	-47.86701	6.7572603	34.44126	-67.20816	-47.86754	0.0	6427993	2828.4697494506836
32	-877.32135	-877.32135	-155.58754	-47.947334	6.537079	75.52637	-67.76071	-47.947845	0.0	6629001	2906.3514606952667
33	-746.12476	-746.12476	-568.3355	-48.08318	6.241588	24.41715	-78.00441	-48.082214	0.0	6830001	2985.4288568496704
34	-954.9387	-954.9387	-738.2613	-48.166023	6.0773478	26.590216	-69.0693	-48.165016	0.0	7031001	3063.145035982132
35	-828.0374	-828.0374	-801.3155	-48.24685	5.8267636	24.43224	-69.919876	-48.24702	0.0	7231989	3141.87188911438
36	-1019.7841	-1019.7841	-790.556	-48.306686	5.6903124	41.88457	-66.08051	-48.306454	0.0	7432982	3222.1529161930084
37	-922.71375	-922.71375	-571.44147	-48.374554	5.552071	28.579355	-63.77041	-48.37495	0.0	7633982	3300.8291385173798
38	-896.2168	-896.2168	-662.23267	-48.43862	5.3988924	34.741077	-64.52231	-48.437885	0.0	7834985	3379.532671689987
39	-1083.9409	-1083.9409	-856.6488	-48.528976	5.17423	23.26871	-83.46449	-48.528965	0.0	8036001	3457.9475564956665
40	-999.7357	-999.7357	-1034.4008	-48.62757	4.9316535	28.253897	-62.509487	-48.626694	0.0	8236992	3537.2096469402313
41	-887.61945	-887.61945	-859.8756	-48.673977	4.788716	31.62721	-70.627495	-48.672874	0.0	8437994	3611.2954394817352
42	-957.0743	-957.0743	-820.2131	-48.74221	4.593978	24.529016	-66.500336	-48.74144	0.0	8639001	3684.5989787578583
43	-1013.11884	-1013.11884	-703.31976	-48.78907	4.4819093	33.013515	-64.11961	-48.788914	0.0	8840001	3759.2023582458496
44	-851.399	-851.399	-855.25586	-48.868034	4.216023	53.487984	-68.49966	-48.867046	0.0	9041001	3834.1313076019287
45	-816.8631	-816.8631	-312.38593	-48.908794	4.157305	23.347942	-63.694042	-48.90844	0.0	9242001	3907.1316680908203
46	-1035.0361	-1035.0361	-265.44028	-48.94048	4.0670705	25.167618	-66.307175	-48.940006	0.0	9442996	3980.8196351528168
47	-902.1844	-902.1844	-31.709051	-49.00337	3.8773422	34.235912	-63.99367	-49.002663	0.0	9644001	4073.000789642334
48	-760.02075	-760.02075	-355.64185	-49.046127	3.703095	28.383614	-65.0311	-49.046066	0.0	9844995	4158.999838590622
49	-833.6498	-833.6498	-47.965134	-49.113785	3.4615583	36.233093	-64.34869	-49.11344	0.0	10045982	4243.9991106987
50	-817.8056	-817.8056	-1013.00006	-49.168533	3.2801564	19.049643	-61.81011	-49.167732	0.0	10246990	4320.684334278107
51	-1017.75635	-1017.75635	-1144.3833	-49.201363	3.1828907	23.752903	-65.17059	-49.20137	0.0	10448001	4397.237617731094
52	-848.216	-848.216	-885.8484	-49.22457	3.1127572	17.289272	-62.10977	-49.22386	0.0	10648987	4473.461534023285
53	-965.1223	-965.1223	-970.3243	-49.25077	3.0211508	24.981083	-61.38187	-49.25026	0.0	10850001	4549.332396268845
54	-854.5481	-854.5481	-812.1818	-49.265972	2.9643764	44.047382	-63.76192	-49.26602	0.0	11050989	4625.570750951767
55	-898.4949	-898.4949	-855.8736	-49.303986	2.8397796	13.379244	-59.66584	-49.303215	0.0	11252001	4702.273539066315
56	-916.3406	-916.3406	-818.231	-49.317337	2.7944045	17.096973	-63.583645	-49.31692	0.0	11452982	4778.4432463645935
57	-804.56195	-804.56195	-578.54877	-49.340797	2.709249	19.95581	-63.41959	-49.340435	0.0	11653987	4853.170633792877
58	-827.14703	-827.14703	-559.69	-49.35501	2.6667798	12.619667	-75.806435	-49.35447	0.0	11854989	4929.246562242508
59	-856.00446	-856.00446	-912.3426	-49.38369	2.5809183	12.179969	-72.9288	-49.383392	0.0	12056001	5004.856570243835
60	-941.8449	-941.8449	-452.01593	-49.399193	2.5156286	18.327238	-60.2708	-49.398685	0.0	12257001	5081.40544462204
61	-911.5822	-911.5822	-709.5662	-49.409813	2.4831734	32.79351	-61.554504	-49.40945	0.0	12458001	5155.712353944778
62	-933.424	-933.424	-677.1794	-49.41887	2.438651	17.482292	-72.62087	-49.418552	0.0	12659001	5229.17520570755
63	-830.8943	-830.8943	-472.7783	-49.439796	2.3359747	13.228805	-59.281586	-49.439465	0.0	12860001	5302.081671237946
64	-841.56635	-841.56635	-682.3883	-49.452526	2.3022175	12.187053	-60.38424	-49.451515	0.0	13061001	5375.277039527893
65	-797.024	-797.024	-591.7227	-49.471626	2.230736	9.626228	-60.00539	-49.47159	0.0	13261987	5448.33434677124
66	-919.7339	-919.7339	-874.8363	-49.486412	2.1697533	15.941641	-59.77128	-49.485947	0.0	13463001	5521.662707567215
67	-867.6506	-867.6506	-873.293	-49.492752	2.1459303	22.894728	-58.580875	-49.49236	0.0	13664001	5595.158567905426
68	-839.7698	-839.7698	-919.2869	-49.5113	2.0442493	20.716007	-58.434704	-49.51054	0.0	13865001	5667.780835866928
69	-898.4749	-898.4749	-436.46896	-49.524788	1.9981431	16.528833	-61.459465	-49.52445	0.0	14065990	5739.677302360535
70	-866.91565	-866.91565	-824.2403	-49.5448	1.9243479	16.33716	-58.844795	-49.544247	0.0	14267001	5812.200273036957
71	-830.2132	-830.2132	-523.333	-49.55697	1.8777692	22.797531	-59.57069	-49.556515	0.0	14467985	5884.185812711716
72	-662.224	-662.224	-747.0847	-49.56041	1.8541237	17.041765	-59.15338	-49.560276	0.0	14669001	5956.314496994019
73	-775.53705	-775.53705	-892.7971	-49.566128	1.8453398	18.886852	-57.419956	-49.565773	0.0	14870001	6028.536110401154
74	-598.6482	-598.6482	-867.55273	-49.578426	1.7867464	20.520601	-61.516163	-49.577965	0.0	15070981	6100.233185052872
75	-696.6473	-696.6473	-836.47534	-49.590034	1.7418536	22.583694	-59.819233	-49.589466	0.0	15271992	6171.934593677521
76	-640.30585	-640.30585	0.0	-49.601036	1.7189978	21.478909	-58.046597	-49.6009	0.0	15472984	6242.817874908447
77	-653.3184	-653.3184	-787.34845	-49.601963	1.6898971	16.075607	-57.973915	-49.601753	0.0	15674001	6314.449072122574
78	-695.1065	-695.1065	-839.42224	-49.61233	1.6651417	19.329367	-60.50824	-49.611877	0.0	15874981	6385.768609523773
79	-835.1969	-835.1969	0.0	-49.616264	1.6261058	5.0334215	-61.382614	-49.615852	0.0	16075985	6457.6564111709595
80	-729.73224	-729.73224	-370.92093	-49.629635	1.6071271	10.442272	-58.776077	-49.62942	0.0	16277001	6529.11403799057
81	-698.7952	-698.7952	-708.564	-49.638607	1.5659745	18.085052	-56.719936	-49.638165	0.0	16477981	6600.910748004913
82	-487.88364	-487.88364	-577.14	-49.639263	1.5491585	5.716085	-57.535294	-49.638966	0.0	16678982	6671.547333240509
83	-643.6664	-643.6664	-682.2015	-49.64925	1.5326616	11.437116	-56.814327	-49.64904	0.0	16879981	6742.912941932678
84	-574.2776	-574.2776	-426.77246	-49.647743	1.5569993	2.9688609	-57.69969	-49.64723	0.0	17080981	6814.160021066666
85	-476.33264	-476.33264	-124.14319	-49.656654	1.5218409	7.756188	-56.488377	-49.656235	0.0	17281991	6885.515005350113
86	-412.83563	-412.83563	0.0	-49.664555	1.4815496	1.5780604	-57.48106	-49.664356	0.0	17482981	6956.208925247192
87	-474.27786	-474.27786	-97.72766	-49.67071	1.45852	14.756293	-58.9164	-49.67047	0.0	17683981	7027.238320589066
88	-472.21735	-472.21735	-305.1539	-49.671738	1.4599476	3.3644679	-56.817444	-49.67144	0.0	17884981	7098.21199131012
89	-530.58	-530.58	-140.08746	-49.679535	1.4375756	8.00831	-57.798775	-49.679394	0.0	18085987	7170.054649591446
90	-590.0831	-590.0831	-163.75133	-49.684395	1.4220622	12.846343	-57.2305	-49.684063	0.0	18286989	7241.73473572731
91	-551.2389	-551.2389	-158.24345	-49.687656	1.3872489	8.016381	-55.526825	-49.68737	0.0	18488001	7312.916282176971
92	-500.9146	-500.9146	-22.692492	-49.69249	1.3943409	15.606185	-55.177025	-49.69222	0.0	18688985	7384.894860744476
93	-465.32382	-465.32382	-235.16542	-49.697193	1.358845	-11.7794285	-55.572323	-49.69699	0.0	18889982	7457.188935756683
94	-444.00378	-444.00378	-132.19997	-49.702232	1.3451308	-9.873103	-54.35023	-49.701794	0.0	19090982	7528.68993973732
95	-560.03674	-560.03674	-216.69629	-49.708347	1.3296212	-9.356704	-54.37772	-49.70814	0.0	19291987	7600.3250551223755
96	-460.12323	-460.12323	-162.58449	-49.71176	1.3101704	-7.820097	-55.535965	-49.711548	0.0	19492983	7671.494091033936
97	-478.14282	-478.14282	-341.52133	-49.718464	1.3054928	-1.1875727	-54.59642	-49.718075	0.0	19693992	7742.418060541153
98	-614.4998	-614.4998	-145.62056	-49.71338	1.3385398	25.780855	-55.36519	-49.713253	0.0	19895001	7814.025258779526
99	-609.7085	-609.7085	-436.22598	-49.723366	1.2942646	12.143502	-54.41819	-49.72307	0.0	20095984	7885.628341913223
100	-538.74225	-538.74225	-685.17	-49.72888	1.2751099	16.090551	-53.81556	-49.728645	0.0	20297001	7957.637327194214
101	-761.5217	-761.5217	-730.94446	-49.727943	1.2520278	-8.507829	-53.966347	-49.727837	0.0	20498001	8030.221212863922
102	-850.0051	-850.0051	-555.9947	-49.73661	1.2373719	-2.398644	-53.879684	-49.736214	0.0	20698986	8104.102442979813
103	-792.28827	-792.28827	-360.60648	-49.73997	1.2212423	-2.6365132	-54.305504	-49.7397	0.0	20899996	8175.944381713867
104	-799.9523	-799.9523	-212.24371	-49.743176	1.2073237	-1.6555666	-54.966515	-49.742973	0.0	21100986	8248.12022972107
105	-854.58966	-854.58966	-397.37845	-49.744797	1.193771	-1.5778983	-57.258987	-49.74477	0.0	21302001	8319.968271255493
106	-741.70764	-741.70764	-907.6244	-49.7478	1.1905752	-5.99365	-54.552944	-49.747528	0.0	21503001	8392.063536405563
107	-795.80005	-795.80005	-731.3857	-49.74718	1.1753938	-9.299309	-54.666885	-49.74718	0.0	21703995	8463.641429901123
108	-773.6897	-773.6897	-601.3069	-49.75372	1.1604953	-2.6233082	-54.795124	-49.753365	0.0	21904986	8536.019585132599
109	-682.96924	-682.96924	-179.72871	-49.759247	1.1416837	1.8441913	-60.03414	-49.75935	0.0	22105998	8607.604510307312
110	-643.7549	-643.7549	-424.06064	-49.756237	1.1453438	-11.445677	-56.90247	-49.75606	0.0	22307001	8679.8109228611
111	-637.0605	-637.0605	-571.70355	-49.758896	1.1233807	-11.9480295	-54.018795	-49.75851	0.0	22507992	8751.265506982803
112	-555.29956	-555.29956	-257.04593	-49.76002	1.1263783	-6.055127	-53.51437	-49.75984	0.0	22709001	8822.62706875801
113	-598.0069	-598.0069	-389.15735	-49.764412	1.1061797	-6.09106	-53.755924	-49.764256	0.0	22909989	8894.086485147476
114	-662.33154	-662.33154	-208.74306	-49.764378	1.1022012	-13.807606	-52.837013	-49.76416	0.0	23111001	8965.332597732544
115	-601.8703	-601.8703	-158.0674	-49.770653	1.0713457	-14.6455765	-53.213474	-49.770573	0.0	23312001	9037.181000232697
116	-672.11224	-672.11224	-153.78743	-49.76759	1.0892276	-17.359024	-53.096043	-49.767475	0.0	23512983	9109.06041932106
117	-698.1538	-698.1538	-194.05167	-49.770836	1.0885926	-9.728243	-54.170128	-49.77066	0.0	23714001	9181.204522132874
118	-727.35016	-727.35016	-778.0234	-49.77217	1.0644915	-11.879164	-53.601357	-49.772144	0.0	23914998	9254.92193722725
119	-694.36206	-694.36206	-148.44148	-49.77534	1.0551769	-3.3292031	-53.91989	-49.775185	0.0	24115998	9326.774876117706
120	-665.9104	-665.9104	-384.99426	-49.780865	1.0402104	-9.415987	-54.931347	-49.78067	0.0	24316984	9398.273750305176
121	-688.0257	-688.0257	-508.77176	-49.776104	1.0452929	-12.978385	-53.659218	-49.77615	0.0	24517996	9469.533856868744
122	-851.2735	-851.2735	-273.86676	-49.785812	1.0173533	-12.772557	-55.074055	-49.785587	0.0	24718987	9541.415078401566
123	-801.46936	-801.46936	-506.38187	-49.78293	1.0242721	-11.791389	-54.318035	-49.782867	0.0	24919996	9612.953873634338
124	-790.88385	-790.88385	-289.75525	-49.781628	1.0192419	-13.674641	-53.635128	-49.781303	0.0	25120999	9684.39791727066
125	-801.75854	-801.75854	-374.0155	-49.786823	1.0047439	-16.3046	-53.483673	-49.786743	0.0	25322001	9755.783586263657
126	-558.60376	-558.60376	-193.63956	-49.786407	1.0031738	-15.667389	-54.249348	-49.786396	0.0	25522982	9826.62462759018
127	-705.12006	-705.12006	-410.54294	-49.78892	0.9913072	-19.548286	-53.488873	-49.788555	0.0	25723985	9897.3550055027
128	-777.91724	-777.91724	-473.48917	-49.786102	0.9940358	-19.924416	-53.714066	-49.786335	0.0	25924993	9968.351957082748
129	-780.19336	-780.19336	-447.5135	-49.791183	0.98375666	-23.316568	-53.618988	-49.790962	0.1	26125984	10039.86394071579
130	-804.17444	-804.17444	-363.05792	-49.792706	0.9771755	-24.49773	-53.195774	-49.79261	0.0	26326990	10111.096726179123
131	-717.46906	-717.46906	-526.88745	-49.795963	0.9581672	-28.184772	-52.65439	-49.795948	0.0	26528001	10182.762109279633
132	-756.2531	-756.2531	-272.4301	-49.792526	0.9663729	-25.164724	-53.721058	-49.792267	0.0	26728997	10254.087587833405
133	-686.78766	-686.78766	-205.3845	-49.794914	0.9561359	-27.03865	-54.149464	-49.79497	0.0	26929986	10325.912290334702
134	-622.3967	-622.3967	-449.6471	-49.796276	0.9474934	-28.583447	-52.753864	-49.79616	0.0	27130985	10397.296492815018
135	-667.4952	-667.4952	-193.42406	-49.796124	0.94370204	-26.617943	-53.258976	-49.79606	0.0	27331983	10468.586841344833
136	-666.6474	-666.6474	-501.00995	-49.79865	0.93993366	-28.15554	-53.41299	-49.798412	0.0	27533001	10540.550042152405
137	-700.3254	-700.3254	-398.96347	-49.795322	0.9382446	-28.575117	-53.260338	-49.79542	0.0	27734001	10612.114428520203
138	-766.40436	-766.40436	-440.97287	-49.79954	0.9282051	-26.527119	-52.918118	-49.79924	0.0	27934995	10683.956965446472
139	-721.7381	-721.7381	-405.27118	-49.79618	0.94290257	-28.49546	-53.089485	-49.796196	0.0	28135986	10755.520050287247
140	-723.8004	-723.8004	-559.64197	-49.799408	0.9189997	-24.733725	-54.161674	-49.799194	0.0	28336985	10826.612468957901
141	-693.2386	-693.2386	-549.24615	-49.802677	0.9164863	-26.449099	-53.514782	-49.802677	0.0	28537990	10899.83693766594
142	-656.9709	-656.9709	-251.84943	-49.797947	0.92983913	-26.326984	-52.5289	-49.797684	0.0	28738985	10973.359925031662
143	-642.0575	-642.0575	-512.9226	-49.801674	0.91812694	-26.037138	-53.577877	-49.80171	0.0	28939988	11045.724173307419
144	-683.3416	-683.3416	-452.00684	-49.800434	0.91638166	-29.154472	-52.86776	-49.800518	0.0	29140991	11117.556011915207
145	-561.2803	-561.2803	-197.98895	-49.803356	0.91369736	-23.71768	-52.31306	-49.803158	0.0	29341985	11188.540944337845
146	-493.54083	-493.54083	-253.44728	-49.803017	0.90426344	-28.454905	-53.95901	-49.80293	0.0	29543001	11259.680233478546
147	-705.6417	-705.6417	-504.8663	-49.8051	0.90620536	-26.390907	-52.894566	-49.80494	0.0	29743995	11330.913006544113
148	-678.6393	-678.6393	-765.558	-49.807007	0.89710915	-29.252869	-53.13196	-49.80693	0.0	29944986	11402.334476709366
149	-792.89984	-792.89984	-728.0052	-49.802055	0.90149033	-24.257856	-52.59285	-49.802067	0.0	30145983	11473.580666780472
150	-484.0785	-484.0785	0.0	-49.807472	0.8881833	-20.858376	-52.734634	-49.80715	0.0	30346981	11544.379560470581
151	-397.34152	-397.34152	0.0	-49.80473	0.8987223	-29.671804	-52.65529	-49.80472	0.0	30547981	11614.79521203041
152	-265.24634	-265.24634	0.0	-49.805473	0.9007871	-24.881165	-52.87084	-49.805233	0.0	30748992	11686.510280370712
153	-237.05525	-237.05525	-86.73352	-49.808994	0.89517	-23.006363	-53.55694	-49.808895	0.0	30950001	11756.673868656158
154	-425.6641	-425.6641	-205.16708	-49.80828	0.89083266	-26.09847	-53.087223	-49.808247	0.0	31151001	11828.244111299515
155	-700.38354	-700.38354	-167.90392	-49.8101	0.885813	-25.623524	-52.46963	-49.80989	0.0	31351988	11899.127781152725
156	-613.5955	-613.5955	-471.09338	-49.808086	0.88315004	-20.659966	-52.891598	-49.808018	0.0	31553001	11971.474732637405
157	-645.225	-645.225	-325.6244	-49.81041	0.87903386	-27.89653	-53.17322	-49.81032	0.1	31753992	12042.777390956879
158	-477.15485	-477.15485	-173.5451	-49.808395	0.8746094	-22.897345	-52.596596	-49.808304	0.0	31954982	12114.028309822083
159	-541.2257	-541.2257	-599.69507	-49.80945	0.87666607	-26.851791	-52.679653	-49.80929	0.0	32155987	12185.131915330887
160	-567.7916	-567.7916	-17.136684	-49.810246	0.869225	-30.47428	-53.06663	-49.810127	0.0	32356983	12256.726028680801
161	-482.20425	-482.20425	-130.03348	-49.80936	0.87187415	-26.88893	-54.39625	-49.809307	0.0	32557983	12328.07159781456
162	-424.117	-424.117	-46.818104	-49.8098	0.86743474	-30.655615	-53.575645	-49.809666	0.0	32759001	12398.813029050827
163	-566.8567	-566.8567	-16.981907	-49.811676	0.8668212	-26.69556	-52.7495	-49.811718	0.0	32959985	12469.746749162674
164	-484.34488	-484.34488	-28.573267	-49.81052	0.86390287	-29.449331	-55.229122	-49.810314	0.0	33160999	12540.680477380753
165	-312.00412	-312.00412	-11.89172	-49.81056	0.86501974	-28.173744	-52.83708	-49.810417	0.0	33362001	12611.623551368713
166	-550.34155	-550.34155	-159.35907	-49.809334	0.86186016	-26.610199	-52.473114	-49.809242	0.0	33562988	12682.423428058624
167	-477.67847	-477.67847	-118.783646	-49.811874	0.8573379	-31.377542	-53.09848	-49.81167	0.0	33763986	12753.470247745514
168	-436.73413	-436.73413	-48.218655	-49.810585	0.8581758	-28.477621	-52.30657	-49.810608	0.0	33964982	12824.521337270737
169	-400.8341	-400.8341	-3.3198824	-49.81071	0.85376513	-29.17083	-53.222073	-49.810593	0.0	34165987	12895.455519199371
170	-392.0119	-392.0119	-27.517189	-49.807377	0.86826295	-30.587923	-52.695885	-49.807224	0.0	34366986	12965.791407108307
171	-456.03967	-456.03967	-47.680996	-49.81006	0.85365117	-27.37465	-52.7405	-49.81006	0.0	34567981	13037.042605400085
172	-346.69547	-346.69547	-84.74661	-49.811577	0.8488463	-28.182522	-52.720966	-49.811512	0.0	34768984	13108.270040512085
173	-415.9962	-415.9962	-11.887478	-49.810604	0.8509552	-32.43584	-52.567432	-49.810432	0.0	34969986	13179.196843147278
174	-450.63773	-450.63773	-114.82829	-49.8122	0.8498633	-28.345243	-53.067837	-49.812096	0.0	35170990	13250.24385046959
175	-430.46597	-430.46597	-56.15	-49.80779	0.8616017	-29.327877	-52.554287	-49.807747	0.0	35371983	13321.29606962204
176	-369.56433	-369.56433	-16.830599	-49.806103	0.86368746	-31.542595	-52.892776	-49.805832	0.0	35572984	13391.832315683365
177	-360.66516	-360.66516	-49.729153	-49.806095	0.8579898	-30.164984	-52.709602	-49.80616	0.0	35773986	13462.265073299408
178	-420.90945	-420.90945	-13.212017	-49.807693	0.86292756	-28.31931	-52.63574	-49.807636	0.0	35975000	13533.847818851471
179	-483.71097	-483.71097	-38.687492	-49.804928	0.8632478	-26.87969	-53.04426	-49.804913	0.0	36175983	13605.205260276794
180	-386.61462	-386.61462	-109.98109	-49.803185	0.86449987	-28.616756	-52.77402	-49.802982	0.0	36376987	13676.806463241577
181	-461.6064	-461.6064	-17.442137	-49.80385	0.8663415	-29.544878	-52.810696	-49.803734	0.0	36577991	13748.002499580383
182	-539.93604	-539.93604	-11.690627	-49.804264	0.8603812	-31.125847	-52.854866	-49.80415	0.0	36778992	13819.54728269577
183	-304.29373	-304.29373	-2.7059526	-49.80376	0.86079025	-29.967112	-52.80005	-49.803642	0.0	36979992	13889.784166812897
184	-398.5159	-398.5159	-28.7401	-49.797314	0.87688756	-31.781755	-53.255703	-49.797207	0.0	37181001	13960.272282838821
185	-421.424	-421.424	-9.520102	-49.79986	0.87244385	-27.482944	-53.286015	-49.799793	0.0	37381981	14030.976742744446
186	-373.45868	-373.45868	-46.135555	-49.799526	0.8750186	-28.118887	-52.834717	-49.799385	0.0	37582984	14101.702986001968
187	-382.63983	-382.63983	-55.11998	-49.799618	0.8768674	-20.898485	-53.48986	-49.79951	0.1	37783991	14171.832059383392
188	-408.4284	-408.4284	-44.08044	-49.798218	0.8737976	-27.413202	-53.24155	-49.798286	0.0	37984988	14242.732969045639
189	-415.55612	-415.55612	-3.403598	-49.797405	0.87576896	-30.171722	-54.725098	-49.797176	0.0	38185985	14313.317161560059
190	-476.43958	-476.43958	-85.83846	-49.79479	0.8774118	-28.16964	-53.1265	-49.79482	0.0	38386984	14384.401057958603
191	-494.68777	-494.68777	-200.58438	-49.794476	0.88773	-26.466827	-54.406963	-49.7944	0.0	38587983	14455.404962778091
192	-502.5494	-502.5494	-21.713196	-49.79415	0.87759817	-29.390133	-55.41666	-49.794033	0.0	38788987	14526.85087633133
193	-326.08548	-326.08548	-106.19245	-49.791256	0.88466084	-26.450792	-52.686928	-49.79103	0.2	38989983	14597.823904275894
194	-424.42908	-424.42908	2.179352	-49.78979	0.8880728	-20.101753	-53.875782	-49.78973	0.0	39190981	14669.464926719666
195	-355.8536	-355.8536	-256.39838	-49.78602	0.8964039	-25.033722	-53.283115	-49.785934	0.0	39391986	14741.041893959045
196	-481.6141	-481.6141	-216.76678	-49.78808	0.8972719	-19.281324	-55.00041	-49.787956	0.2	39592986	14812.141416311264
197	-534.29236	-534.29236	-113.89501	-49.78716	0.89487916	-18.834454	-53.562878	-49.786953	0.4	39793986	14882.905243396759
198	-430.30637	-430.30637	-189.07124	-49.786755	0.89185774	-22.977455	-56.040962	-49.786663	0.2	39994983	14953.605652570724
199	-457.0445	-457.0445	-326.15872	-49.782482	0.9087251	-14.960622	-53.616924	-49.782333	0.2	40195989	15025.774037361145
200	-338.7016	-338.7016	-71.449165	-49.778732	0.91670567	-23.30353	-54.26026	-49.778767	0.1	40396981	15096.340774297714
201	-445.8971	-445.8971	-272.34518	-49.780655	0.9129349	-21.620907	-53.8955	-49.78045	0.0	40597993	15167.226048469543
202	-511.48294	-511.48294	-163.1852	-49.77779	0.9277438	-0.3884678	-53.8015	-49.77763	0.0	40799001	15238.523777008057
203	-346.21512	-346.21512	-51.004856	-49.776253	0.92686063	-13.3679905	-53.629368	-49.776306	0.2	40999982	15309.735175848007
204	-349.7785	-349.7785	-74.709366	-49.77456	0.93486667	0.5845773	-53.792046	-49.77445	0.1	41200989	15380.60918545723
205	-407.5647	-407.5647	-189.44777	-49.77261	0.95320743	3.8454554	-53.666748	-49.77244	0.4	41401988	15451.88292336464
206	-412.17297	-412.17297	-117.89189	-49.772423	0.959887	1.1939826	-53.689747	-49.772125	0.3	41602987	15523.528125286102
207	-443.83505	-443.83505	-40.172356	-49.769028	0.95369756	-12.715871	-54.54772	-49.76913	0.3	41803983	15611.33755159378
208	-416.37167	-416.37167	-68.67239	-49.772545	0.9537611	4.837738	-53.28223	-49.77225	0.0	42004982	15691.314804553986
209	-508.18152	-508.18152	-108.535576	-49.768837	0.9675824	-3.228026	-53.392773	-49.768806	0.0	42205982	15773.390651226044
210	-359.86374	-359.86374	-74.61144	-49.76674	0.97130495	0.56357956	-53.21853	-49.7666	0.3	42406992	15863.937626600266
211	-417.6353	-417.6353	-96.24526	-49.76612	0.97846895	1.2524052	-55.027306	-49.766037	0.2	42607983	15943.847331762314
212	-404.0664	-404.0664	-201.34894	-49.763336	0.99481136	15.528383	-53.83415	-49.763355	0.7	42808982	16025.952493906021
213	-481.15173	-481.15173	-6.2722073	-49.764736	0.9939229	2.0346596	-54.007977	-49.764557	0.3	43010001	16104.877846479416
214	-421.1987	-421.1987	-16.45846	-49.758595	1.0095917	0.28981066	-54.2983	-49.758587	0.2	43210988	16181.08024096489
215	-341.60645	-341.60645	-314.44635	-49.763863	1.0000092	-3.456699	-54.18761	-49.76332	0.0	43411989	16257.627915859222
216	-389.3244	-389.3244	-463.6671	-49.764576	0.991867	2.0391853	-53.418423	-49.764362	0.2	43612982	16336.420061349869
217	-402.33554	-402.33554	-3.6039886	-49.75837	1.0189352	11.050539	-54.092293	-49.75853	0.3	43813986	16413.53746199608
218	-378.56796	-378.56796	-16.047747	-49.75755	1.032044	3.869381	-53.821228	-49.757324	0.2	44015001	16491.930020570755
219	-485.68176	-485.68176	-8.299936	-49.75496	1.059907	19.173405	-53.82759	-49.754684	0.2	44215986	16572.587463855743
220	-323.21283	-323.21283	-176.25009	-49.75021	1.0920132	19.85048	-53.988743	-49.7501	0.1	44416983	16650.97888970375
221	-395.57578	-395.57578	-104.313995	-49.753216	1.0724808	9.937635	-54.725433	-49.753235	0.1	44617986	16728.17288184166
222	-386.24652	-386.24652	-34.297924	-49.75106	1.0851564	8.986455	-54.191925	-49.75083	0.2	44818986	16805.14111018181
223	-386.0933	-386.0933	-47.39305	-49.744705	1.1050384	10.936483	-55.16373	-49.7446	0.0	45019984	16882.2080245018
224	-478.9802	-478.9802	-310.46838	-49.7412	1.1412958	4.3078585	-54.539757	-49.741085	0.5	45220988	16958.120668649673
225	-436.77487	-436.77487	-119.324486	-49.744865	1.1434612	16.801023	-54.704155	-49.744755	0.2	45421989	17034.633351564407
226	-490.1583	-490.1583	-116.019	-49.74271	1.1249317	21.407518	-55.900284	-49.742386	0.5	45622997	17114.303718566895
227	-366.97546	-366.97546	-27.99748	-49.73936	1.1365376	5.602091	-54.5684	-49.739197	0.2	45824001	17190.812820911407
228	-495.5673	-495.5673	-7.2936463	-49.735897	1.1695781	5.7603726	-55.446777	-49.73571	0.5	46024981	17266.190843105316
229	-400.55334	-400.55334	-6.651182	-49.741238	1.1642622	21.02732	-55.124664	-49.74105	0.2	46225981	17343.23745560646
230	-486.8416	-486.8416	-70.0853	-49.73431	1.1887907	13.020964	-55.18376	-49.733818	0.2	46426983	17435.081043481827
231	-423.6918	-423.6918	-2.0581858	-49.73259	1.1951175	19.05349	-56.049545	-49.732727	0.3	46627983	17518.033804178238
232	-409.11804	-409.11804	-225.14037	-49.733765	1.1958096	19.024397	-56.365246	-49.733467	0.1	46828984	17599.74859905243
233	-351.59845	-351.59845	-141.0449	-49.726147	1.2387898	11.25553	-55.924267	-49.7262	0.4	47029985	17683.883795261383
234	-382.87927	-382.87927	-72.511345	-49.727093	1.2437379	24.216434	-55.403427	-49.72673	0.3	47230987	17764.114275455475
235	-399.73837	-399.73837	-442.67343	-49.724228	1.2278433	22.147387	-56.114822	-49.72407	0.1	47431986	17846.013114213943
236	-274.05023	-274.05023	-37.84309	-49.72028	1.2765471	21.87947	-55.828697	-49.720108	0.2	47632995	17926.18660902977
237	-447.66437	-447.66437	-144.76393	-49.71683	1.2922227	12.295316	-55.750996	-49.716454	0.3	47834001	18003.791249275208
238	-367.33206	-367.33206	-0.2446546	-49.71555	1.2950524	19.20271	-55.597782	-49.715538	0.4	48035001	18084.333330392838
239	-343.20093	-343.20093	2.393876	-49.717255	1.3006335	21.727463	-57.617218	-49.717075	0.0	48235983	18165.472060918808
240	-403.44452	-403.44452	5.6080194	-49.712597	1.2887795	18.472652	-55.71529	-49.712376	0.3	48437001	18243.294538259506
241	-379.4813	-379.4813	7.6460953	-49.71036	1.3547934	17.52979	-56.415	-49.710308	0.1	48637982	18322.448288440704
242	-372.88654	-372.88654	-220.68462	-49.709213	1.3526382	20.700243	-56.525738	-49.709194	0.0	48838992	18399.691243171692
243	-403.9555	-403.9555	-126.9531	-49.710094	1.3345959	18.275913	-55.83541	-49.70966	0.4	49039989	18477.25002026558
244	-404.2938	-404.2938	-78.65533	-49.707375	1.3661174	38.340424	-58.491318	-49.70728	0.2	49240988	18553.882301568985
245	-330.2062	-330.2062	-201.10333	-49.70586	1.3672704	41.255173	-57.707016	-49.7058	0.2	49441981	18641.714024305344
246	-362.94406	-362.94406	-8.137032	-49.698376	1.4267746	30.358648	-55.97469	-49.6979	0.0	49643001	18723.0933573246
247	-373.21112	-373.21112	-218.08725	-49.70675	1.3817462	19.807924	-55.81055	-49.706738	0.0	49843983	18800.790781259537
248	-350.86157	-350.86157	8.267239	-49.695988	1.4089147	18.499052	-57.28366	-49.695644	0.3	50044985	18875.142517089844
249	-275.74637	-275.74637	4.2796493	-49.691704	1.448444	31.481813	-56.410904	-49.691387	0.4	50245986	18953.41851091385
250	-281.59137	-281.59137	-150.83585	-49.69892	1.4179806	25.053625	-56.99276	-49.698956	0.2	50446988	19031.231759548187
251	-451.535	-451.535	-340.03537	-49.69837	1.4282868	21.277765	-57.29226	-49.697968	0.1	50647983	19106.130069971085
252	-335.47018	-335.47018	-65.528496	-49.691708	1.4719064	32.60603	-55.60584	-49.691593	0.1	50848986	19185.393299102783
253	-245.7564	-245.7564	-259.36932	-49.70339	1.3636632	20.6642	-58.09086	-49.703484	0.1	51049988	19266.373888015747
254	-301.42126	-301.42126	-35.782757	-49.688606	1.4905816	31.791334	-57.607838	-49.68794	0.1	51250986	19345.683055639267
255	-321.48364	-321.48364	-212.82988	-49.685287	1.4863815	20.636608	-56.85993	-49.685356	0.2	51451992	19422.358891248703
256	-367.4417	-367.4417	9.135955	-49.67556	1.5169529	27.039366	-58.92682	-49.675476	0.2	51652982	19497.36599469185
257	-375.4817	-375.4817	-202.73256	-49.679337	1.526019	17.00447	-56.286102	-49.67891	0.2	51853982	19572.772587299347
258	-353.52026	-353.52026	1.6368088	-49.678665	1.5037096	33.18457	-57.092648	-49.67844	0.4	52054983	19649.771844625473
259	-371.80807	-371.80807	-46.51324	-49.676823	1.493929	23.43709	-57.969383	-49.676884	0.0	52255982	19725.795740365982
260	-380.4576	-380.4576	-155.39415	-49.67255	1.5471354	20.319258	-57.194534	-49.672436	0.1	52456985	19803.612290143967
261	-331.04727	-331.04727	-77.529854	-49.671413	1.5780389	27.760048	-58.321377	-49.670944	0.3	52657983	19878.98298048973
262	-447.0459	-447.0459	-179.23354	-49.678974	1.4862492	23.355894	-57.159584	-49.678886	0.1	52858983	19955.469384670258
263	-340.20145	-340.20145	0.31691018	-49.68119	1.4848917	32.37494	-57.759712	-49.68095	0.2	53059983	20032.220076322556
264	-380.79507	-380.79507	1.6093936	-49.671455	1.5003321	28.00349	-56.43565	-49.671417	0.4	53260993	20108.82976269722
265	-304.45764	-304.45764	5.5411363	-49.67854	1.4453558	17.909637	-56.657734	-49.67808	0.1	53461983	20184.21054339409
266	-375.87003	-375.87003	0.23307995	-49.67252	1.521297	22.57147	-59.179523	-49.67229	0.3	53662986	20265.414118766785
267	-315.72903	-315.72903	-1.3930097	-49.66857	1.553556	16.116703	-57.398895	-49.668526	0.3	53863982	20341.845063209534
268	-342.38635	-342.38635	-2.7852159	-49.675526	1.5090244	23.16498	-62.694298	-49.675423	0.2	54064982	20416.539437294006
269	-351.0491	-351.0491	2.9174528	-49.661476	1.592767	32.88592	-62.69415	-49.661236	0.5	54265985	20496.66051840782
270	-367.79288	-367.79288	-30.781075	-49.659267	1.592694	24.3026	-61.08764	-49.65891	0.3	54466985	20577.912177324295
271	-321.51978	-321.51978	-5.0761228	-49.653896	1.5908124	38.0506	-58.616932	-49.653645	0.3	54667983	20657.007048368454
272	-335.21637	-335.21637	3.67293	-49.662365	1.5431745	29.531544	-65.42257	-49.66224	0.5	54868983	20735.260392189026
273	-341.7831	-341.7831	-25.144817	-49.654186	1.617001	23.36224	-61.30284	-49.653942	0.3	55069998	20813.998369932175
274	-312.49612	-312.49612	-1.1076608	-49.657932	1.603701	25.035267	-59.879745	-49.657776	0.1	55270982	20892.2831158638
275	-348.04532	-348.04532	6.3362446	-49.64254	1.6768064	34.551506	-64.14479	-49.64225	0.0	55471986	20972.569356679916
276	-296.6874	-296.6874	-40.276024	-49.647446	1.6624688	35.37586	-58.725742	-49.647118	0.2	55672984	21056.544593572617
277	-327.22128	-327.22128	-105.81739	-49.64176	1.6831124	38.99323	-62.85608	-49.641582	0.4	55873984	21133.499769449234
278	-255.3583	-255.3583	-79.20104	-49.640205	1.7004863	34.0961	-68.40324	-49.640205	0.3	56074997	21211.752287626266
279	-262.64954	-262.64954	-43.791477	-49.634766	1.7136247	21.409754	-60.609253	-49.63443	0.2	56276001	21290.650333881378
280	-389.67694	-389.67694	8.2683115	-49.632435	1.7608099	39.171684	-64.77806	-49.632217	0.4	56476982	21368.74413728714
281	-326.4747	-326.4747	-212.23335	-49.634193	1.7407074	15.737753	-60.878033	-49.633896	0.1	56677996	21447.150831222534
282	-236.00432	-236.00432	-1.4839667	-49.628647	1.7752488	31.948689	-69.52808	-49.628628	0.1	56879001	21525.148799419403
283	-414.87552	-414.87552	-6.1477494	-49.6279	1.755476	33.297504	-60.673546	-49.627716	0.3	57079981	21599.462584733963
284	-322.67148	-322.67148	-115.11643	-49.62466	1.7901206	38.77115	-62.035263	-49.624393	0.4	57280982	21673.272029399872
285	-292.6021	-292.6021	-10.610722	-49.612503	1.8421592	31.571314	-64.29587	-49.612568	0.3	57481989	21747.304543733597
286	-296.33392	-296.33392	-126.78674	-49.621017	1.7973036	25.157104	-62.517605	-49.62056	0.3	57682983	21824.773239135742
287	-297.90366	-297.90366	7.0089984	-49.62368	1.7929493	24.97053	-62.52457	-49.623646	0.4	57883984	21898.27955532074
288	-393.89853	-393.89853	8.561645	-49.619766	1.8185627	42.62863	-63.282654	-49.619576	0.3	58085000	21972.116310358047
289	-322.50378	-322.50378	6.35086	-49.612427	1.8473583	34.78197	-61.227192	-49.61202	0.3	58285986	22045.96933722496
290	-315.9748	-315.9748	-24.486395	-49.616955	1.8097436	30.692694	-71.35075	-49.616764	0.2	58486984	22121.494220018387
291	-331.666	-331.666	-9.444818	-49.605804	1.8941066	33.66348	-67.539	-49.60586	0.3	58688001	22195.19254040718
292	-356.28506	-356.28506	7.7302217	-49.607376	1.8962915	38.839	-64.15271	-49.606937	0.4	58888983	22268.690009355545
293	-328.3634	-328.3634	-9.775544	-49.59811	1.8905783	40.22437	-69.819244	-49.598206	0.3	59089983	22345.144616365433
294	-311.67587	-311.67587	-53.79669	-49.606277	1.8854293	35.051033	-67.41229	-49.606144	0.1	59290997	22422.063690662384
295	-320.03796	-320.03796	-9.102661	-49.60411	1.9074366	32.483177	-61.538635	-49.60385	0.3	59491984	22498.635754585266
296	-345.0767	-345.0767	-23.038029	-49.6069	1.9096018	55.38926	-72.436295	-49.60664	0.3	59692984	22572.782900333405
297	-351.30136	-351.30136	-39.26934	-49.606163	1.9080775	30.316216	-65.568665	-49.60615	0.0	59893983	22647.038296461105
298	-282.486	-282.486	7.5039144	-49.59887	1.9278758	31.344309	-69.27359	-49.59868	0.4	60094982	22721.295750141144
299	-276.74493	-276.74493	-0.2978937	-49.60001	1.9728504	28.012886	-68.23219	-49.599865	0.1	60295988	22795.279927015305
300	-333.8481	-333.8481	-66.076935	-49.59399	1.946748	20.145937	-69.81654	-49.59391	0.5	60496983	22869.055792808533
301	-340.5734	-340.5734	-30.589964	-49.585403	1.9926257	26.576452	-73.91017	-49.585087	0.1	60697983	22943.036244630814
302	-350.9027	-350.9027	5.7239995	-49.591953	1.9719955	35.03259	-72.44631	-49.591846	0.4	60898992	23017.57901787758
303	-322.08337	-322.08337	8.082107	-49.591354	1.9401176	43.668823	-68.33065	-49.591354	0.3	61099990	23091.103571891785
304	-308.9047	-308.9047	-59.650867	-49.59817	1.9137398	45.256767	-67.7375	-49.598114	0.3	61300985	23168.822420835495
305	-259.612	-259.612	-11.660381	-49.57953	2.0095742	38.723557	-67.95278	-49.579086	0.1	61501983	23247.933405399323
306	-340.77704	-340.77704	-4.0403934	-49.582775	1.9779387	21.09597	-65.51467	-49.582718	0.0	61702992	23326.005839586258
307	-304.74487	-304.74487	-40.745678	-49.57343	2.0287147	25.59396	-68.5222	-49.573338	0.1	61903990	23401.358471393585
308	-234.94061	-234.94061	2.9785454	-49.581043	2.002313	26.890907	-65.94993	-49.580864	0.4	62104981	23479.282093524933
309	-280.10242	-280.10242	-57.88054	-49.56636	2.0582	23.92568	-67.394356	-49.56628	0.3	62305981	23560.85934329033
310	-230.07135	-230.07135	-157.96492	-49.562202	2.0874224	29.87589	-64.97691	-49.561928	0.2	62506987	23636.210327148438
311	-337.04626	-337.04626	-41.741318	-49.571556	2.0320294	31.259459	-77.02593	-49.57145	0.1	62707986	23722.43853545189
312	-349.98798	-349.98798	-58.997032	-49.572002	2.0470822	27.864597	-65.32057	-49.571774	0.3	62908989	23803.174201965332
313	-339.00223	-339.00223	-21.367708	-49.567924	2.052364	27.242474	-65.35065	-49.567944	0.0	63109983	23882.750391721725
314	-292.46875	-292.46875	-9.0461645	-49.56934	2.0815926	35.360023	-65.7934	-49.569195	0.5	63310986	23961.370222091675
315	-291.80493	-291.80493	-59.984203	-49.561073	2.1040218	29.628946	-69.712975	-49.560852	0.6	63511983	24038.290498495102
316	-399.17856	-399.17856	7.1980696	-49.560226	2.1016166	31.838926	-71.95546	-49.56016	0.1	63713001	24115.43851351738
317	-293.5478	-293.5478	-58.940968	-49.56774	2.087729	27.975273	-76.90898	-49.56751	0.2	63913997	24192.978132724762
318	-362.69855	-362.69855	-10.345503	-49.56896	2.048616	41.790783	-66.55707	-49.568867	0.1	64114982	24269.138259410858
319	-333.98325	-333.98325	-2.1741524	-49.567608	2.023181	20.1194	-74.01574	-49.56734	0.2	64315984	24343.573060035706
320	-331.31268	-331.31268	5.728725	-49.553417	2.1615052	27.4558	-70.18051	-49.55315	0.3	64516983	24422.351457357407
321	-353.51196	-353.51196	-53.7411	-49.558517	2.1067472	34.472683	-70.56759	-49.558643	0.2	64718001	24503.50941157341
322	-317.6306	-317.6306	-13.232563	-49.5602	2.0910773	39.129364	-72.89069	-49.55994	0.2	64918987	24577.039317131042
323	-384.7633	-384.7633	11.296713	-49.555607	2.1176307	35.020657	-67.28045	-49.55547	0.4	65119990	24651.0852394104
324	-277.99088	-277.99088	5.7549458	-49.553013	2.1470757	34.765247	-69.21596	-49.553	0.3	65320986	24725.043201446533
325	-402.17178	-402.17178	1.6460658	-49.553963	2.134856	29.822842	-77.10196	-49.554096	0.1	65521981	24799.743924856186
326	-283.35733	-283.35733	7.974796	-49.55816	2.0741186	26.47841	-73.844925	-49.558002	0.2	65722999	24873.202731370926
327	-249.57213	-249.57213	-54.516724	-49.54978	2.122682	32.30755	-70.52109	-49.54967	0.0	65923984	24945.8999710083
328	-331.7112	-331.7112	8.638792	-49.54625	2.146399	33.50049	-71.9186	-49.54605	0.4	66124986	25019.287465810776
329	-324.58655	-324.58655	-0.44873124	-49.554726	2.160102	29.630322	-69.903175	-49.554638	0.3	66326001	25093.365013360977
330	-339.13004	-339.13004	7.7073674	-49.560177	2.056944	42.799084	-79.55422	-49.560104	0.2	66527001	25166.613988876343
331	-252.88959	-252.88959	4.950764	-49.554375	2.105095	33.698326	-80.414635	-49.554176	0.1	66727982	25239.48143172264
332	-266.75217	-266.75217	7.129964	-49.53968	2.1923733	49.3348	-69.359634	-49.5396	0.3	66928981	25314.2815990448
333	-405.9894	-405.9894	-96.45042	-49.538937	2.2329519	35.968628	-78.86298	-49.538853	0.1	67130001	25388.92928624153
334	-220.25732	-220.25732	-44.48897	-49.538017	2.1877089	24.395082	-69.747086	-49.537853	0.1	67330982	25461.254536390305
335	-349.18222	-349.18222	6.8245654	-49.53304	2.2621343	34.74346	-73.20925	-49.532757	0.1	67531997	25534.94914841652
336	-232.99614	-232.99614	4.4488645	-49.526455	2.2224178	26.972713	-70.884155	-49.52642	0.5	67732982	25607.006723165512
337	-449.96957	-449.96957	5.5643134	-49.519703	2.2711616	36.026733	-73.93721	-49.519382	0.3	67934001	25679.68067932129
338	-235.72002	-235.72002	-13.478667	-49.52472	2.276221	50.714886	-77.67831	-49.525032	0.3	68134982	25751.211594820023
339	-265.70584	-265.70584	-74.33774	-49.52157	2.2800348	41.308895	-68.80321	-49.521294	0.2	68335987	25822.711476802826
340	-426.67914	-426.67914	-7.306396	-49.51863	2.3063045	27.808575	-71.04656	-49.518665	0.2	68537001	25893.968183994293
341	-304.3145	-304.3145	-56.506115	-49.521347	2.3137214	35.659	-69.53182	-49.521282	0.2	68737984	25965.553556203842
342	-347.9735	-347.9735	6.8825016	-49.52192	2.28616	28.909065	-72.65663	-49.521965	0.2	68938983	26036.803436517715
343	-313.07205	-313.07205	-39.757256	-49.521763	2.30358	32.277367	-74.92055	-49.521667	0.4	69139981	26108.459639310837
344	-346.77032	-346.77032	10.964817	-49.515865	2.283912	37.434032	-70.54959	-49.51577	0.2	69340986	26180.0346326828
345	-445.48712	-445.48712	-50.519413	-49.519753	2.2731128	37.47503	-74.12327	-49.51962	0.3	69541982	26251.656677246094
346	-324.44562	-324.44562	7.5813417	-49.5247	2.2643514	24.312984	-73.64834	-49.524384	0.2	69742985	26323.71118593216
347	-312.1227	-312.1227	9.414681	-49.510693	2.3313642	37.61284	-67.095184	-49.510452	0.3	69943982	26395.599622249603
348	-490.54404	-490.54404	5.9172487	-49.50906	2.3371503	30.425924	-68.24061	-49.509235	0.4	70144982	26467.217015028
349	-276.1331	-276.1331	-44.092102	-49.510082	2.3237636	29.344948	-68.879234	-49.510128	0.6	70345982	26539.22888636589
350	-323.83652	-323.83652	5.2192063	-49.52101	2.2752182	28.402119	-72.680336	-49.52082	0.4	70547001	26612.343935251236
351	-303.65598	-303.65598	7.92536	-49.515163	2.3268223	30.53365	-69.19607	-49.515423	0.4	70747982	26684.097629785538
352	-355.91647	-355.91647	0.15216067	-49.51126	2.3395	32.331554	-70.01347	-49.51127	0.3	70948982	26755.805329799652
353	-318.874	-318.874	-0.04345983	-49.513603	2.312813	36.112595	-75.88204	-49.513157	0.3	71149988	26827.267451524734
354	-320.06027	-320.06027	10.235061	-49.501892	2.3337302	20.996687	-79.63958	-49.501965	0.2	71350982	26898.522372961044
355	-405.7249	-405.7249	8.212096	-49.504932	2.359085	44.543247	-74.70745	-49.505028	0.4	71551988	26970.191210508347
356	-434.1344	-434.1344	8.457833	-49.516422	2.280282	54.223755	-73.7197	-49.51614	0.4	71752982	27042.064444065094
357	-328.9414	-328.9414	-50.705948	-49.497276	2.4100294	28.494797	-67.57431	-49.49754	0.2	71953982	27113.83054614067
358	-334.48563	-334.48563	-109.431	-49.501316	2.3567343	32.671204	-73.5475	-49.50119	0.3	72154983	27185.942487955093
359	-228.86752	-228.86752	5.7223597	-49.49452	2.3736188	36.40703	-75.0905	-49.49416	0.6	72355982	27257.633299589157
360	-315.24554	-315.24554	7.8201594	-49.49932	2.3246691	47.949444	-73.20366	-49.49919	0.3	72556998	27329.148852586746
361	-289.36926	-289.36926	6.0092053	-49.485798	2.4166794	31.562849	-88.577705	-49.48578	0.6	72757984	27400.28820180893
362	-220.5884	-220.5884	-45.33533	-49.49088	2.4022105	26.155869	-68.60647	-49.490673	0.2	72958983	27471.538657665253
363	-207.52423	-207.52423	8.686545	-49.47768	2.4550507	31.811174	-77.97044	-49.477375	0.4	73159986	27542.746114969254
364	-370.05646	-370.05646	2.7431235	-49.477306	2.4755132	31.074924	-73.386444	-49.47738	0.4	73360986	27613.24350309372
365	-415.6253	-415.6253	-60.572132	-49.488422	2.4026587	34.53863	-70.69367	-49.488594	0.5	73561983	27684.38961005211
366	-306.82092	-306.82092	-103.54855	-49.47188	2.509455	43.578896	-71.61594	-49.47155	0.0	73762984	27755.055948972702
367	-343.1239	-343.1239	-103.41438	-49.481236	2.4076433	31.756315	-72.16883	-49.481148	0.2	73963982	27825.805661201477
368	-459.54358	-459.54358	-12.80653	-49.47119	2.4721706	29.04824	-78.26164	-49.471214	0.4	74164985	27896.718425273895
369	-325.7201	-325.7201	10.463509	-49.472813	2.4736576	32.031654	-84.384865	-49.47263	0.4	74365989	27967.688152313232
370	-300.57043	-300.57043	9.037318	-49.47253	2.4550383	41.903637	-72.40162	-49.472267	0.3	74566982	28038.882369041443
371	-331.86874	-331.86874	8.668363	-49.464977	2.499545	33.923573	-70.61554	-49.46501	0.2	74767989	28110.430026769638
372	-368.19363	-368.19363	-1.307534	-49.460033	2.5225058	27.099333	-85.14822	-49.459972	0.2	74968982	28182.053086042404
373	-275.27774	-275.27774	5.7950587	-49.471355	2.472604	29.907328	-70.31531	-49.4715	0.4	75169982	28253.416286945343
374	-317.41626	-317.41626	-37.773678	-49.457203	2.485297	27.816093	-71.171455	-49.457203	0.3	75370982	28326.50089764595
375	-356.84784	-356.84784	-121.907524	-49.4549	2.522812	34.329857	-88.3253	-49.45441	0.1	75572001	28399.57413506508
376	-339.44235	-339.44235	6.9750137	-49.441105	2.5904553	31.145687	-76.043785	-49.441345	0.3	75772984	28470.469438791275
377	-456.2227	-456.2227	-18.40463	-49.452187	2.5439591	26.67629	-82.85001	-49.451923	0.4	75974001	28542.0038087368
378	-340.41388	-340.41388	-149.96458	-49.45629	2.5229454	24.22813	-68.45894	-49.45603	0.3	76174984	28613.400972127914
379	-391.1689	-391.1689	7.6436005	-49.455437	2.5109997	34.45308	-81.73257	-49.455517	0.3	76375986	28684.543586969376
380	-429.19476	-429.19476	9.048535	-49.436516	2.6288996	37.17288	-74.26176	-49.436558	0.4	76577001	28755.982542276382
381	-355.1687	-355.1687	10.489906	-49.443817	2.5361693	26.77214	-69.36262	-49.443172	0.4	76777982	28827.31530880928
382	-332.96426	-332.96426	7.5595355	-49.44329	2.592295	38.771503	-72.97931	-49.443455	0.4	76978982	28898.508284330368
383	-286.32886	-286.32886	4.266058	-49.444546	2.5623822	34.953396	-72.48803	-49.444614	0.2	77179985	28969.737277269363
384	-505.02188	-505.02188	-15.692917	-49.440613	2.5957794	26.952793	-79.57152	-49.440266	0.5	77381001	29041.476897478104
385	-408.4434	-408.4434	7.985127	-49.445885	2.5474248	25.222555	-80.74407	-49.44596	0.4	77581996	29112.447068452835
386	-325.48004	-325.48004	8.70946	-49.429276	2.6097128	34.27123	-72.63642	-49.429012	0.6	77782984	29183.362186908722
387	-414.23663	-414.23663	8.364453	-49.434013	2.5997295	31.038368	-82.51668	-49.43409	0.3	77983988	29254.57917022705
388	-321.309	-321.309	-60.676243	-49.43455	2.5990956	28.66817	-73.276825	-49.434772	0.3	78184982	29325.7509393692
389	-257.8765	-257.8765	7.686137	-49.420105	2.6580546	36.25826	-74.77671	-49.419743	0.3	78385992	29396.68440055847
390	-282.14395	-282.14395	8.218183	-49.429577	2.6227775	33.219967	-78.47837	-49.429302	0.4	78586982	29467.43860888481
391	-323.85733	-323.85733	-14.88438	-49.42844	2.630401	43.640587	-73.66414	-49.428425	0.3	78787981	29538.926456451416
392	-393.23758	-393.23758	7.0481415	-49.43283	2.607823	37.679604	-74.75647	-49.43268	0.7	78988997	29610.260043144226
393	-267.98657	-267.98657	-28.684668	-49.421253	2.6590662	35.64285	-75.67072	-49.421375	0.4	79189991	29682.02672958374
394	-252.21193	-252.21193	8.297643	-49.42243	2.6439598	46.701927	-71.60681	-49.42231	0.2	79390987	29752.963663578033
395	-320.62857	-320.62857	7.6698804	-49.412975	2.6512442	28.685486	-71.7848	-49.41308	0.3	79591995	29824.426270484924
396	-351.7842	-351.7842	9.329482	-49.412487	2.6929755	29.718931	-69.78826	-49.412205	0.2	79792988	29896.110897779465
397	-320.1398	-320.1398	7.1016846	-49.41703	2.667751	23.206387	-71.665855	-49.417126	0.6	79993983	29967.39482474327
398	-400.68607	-400.68607	2.1787817	-49.414368	2.7158394	52.023712	-77.82533	-49.41408	0.1	80194982	30039.246467113495
399	-355.5967	-355.5967	8.068296	-49.41425	2.6810365	57.362488	-72.828766	-49.4144	0.3	80395984	30110.736748933792
400	-362.48245	-362.48245	7.7362003	-49.408527	2.7019746	55.55895	-79.0006	-49.408493	0.0	80596985	30182.30261039734
401	-302.41003	-302.41003	9.553277	-49.409084	2.6839597	31.623999	-87.60152	-49.40856	0.5	80797983	30253.848109722137
402	-316.45212	-316.45212	3.1453025	-49.399834	2.7601528	29.919735	-80.2812	-49.40023	0.1	80998982	30325.030671596527
403	-222.80302	-222.80302	-29.445473	-49.413147	2.6730456	23.269985	-73.215706	-49.412968	0.5	81199985	30395.57107901573
404	-294.54965	-294.54965	8.773359	-49.412228	2.6549659	29.361542	-69.050186	-49.41196	0.5	81400988	30466.245309591293
405	-324.8575	-324.8575	9.042005	-49.408333	2.7377675	24.542856	-78.63716	-49.408615	0.6	81601988	30537.2514629364
406	-286.89563	-286.89563	8.721293	-49.412743	2.6730154	28.344213	-76.445435	-49.412666	0.4	81802984	30608.51684141159
407	-295.26813	-295.26813	7.924027	-49.40082	2.7011075	57.743412	-82.76902	-49.40052	0.5	82003986	30679.553831338882
408	-257.36813	-257.36813	8.547915	-49.403038	2.7218118	36.2521	-73.17926	-49.402847	0.4	82204997	30750.614584207535
409	-319.1991	-319.1991	6.444896	-49.394833	2.760662	25.73801	-72.87819	-49.394855	0.4	82405987	30822.71571969986
410	-387.9754	-387.9754	7.505419	-49.391506	2.7744014	25.564466	-73.15235	-49.39143	0.2	82606985	30893.990063905716
411	-328.7428	-328.7428	-10.0450735	-49.398865	2.7471054	37.78537	-74.95353	-49.398746	0.2	82807997	30965.311948299408
412	-293.78113	-293.78113	7.8543396	-49.388943	2.794986	27.986912	-75.40852	-49.389	0.6	83009001	31037.697049856186
413	-353.3497	-353.3497	-25.963348	-49.403145	2.7342677	33.895683	-75.94463	-49.403183	0.3	83209988	31110.284009695053
414	-329.16238	-329.16238	9.547405	-49.40227	2.6937265	31.159035	-74.60118	-49.402287	0.4	83410997	31182.080639600754
415	-299.79434	-299.79434	10.206851	-49.394302	2.7234643	32.00124	-79.35203	-49.39415	0.4	83611989	31253.253154039383
416	-362.00986	-362.00986	-0.056943092	-49.38453	2.784676	28.314663	-75.18127	-49.38449	0.3	83813001	31324.898447990417
417	-257.4098	-257.4098	8.759883	-49.38576	2.7738276	32.465916	-77.45013	-49.385555	0.3	84013987	31395.979436397552
418	-298.63083	-298.63083	7.9183564	-49.37423	2.7985783	31.574738	-73.32176	-49.374214	0.2	84214985	31466.956034898758
419	-362.53934	-362.53934	8.204291	-49.38431	2.7616582	30.178562	-79.90287	-49.384243	0.0	84415991	31538.244171142578
420	-236.19684	-236.19684	5.703483	-49.381447	2.7755787	29.268307	-81.36016	-49.381004	0.4	84616984	31609.61957383156
421	-370.72437	-370.72437	-12.514023	-49.387764	2.7368195	28.10971	-83.36363	-49.387936	0.5	84817981	31681.09309887886
422	-268.92972	-268.92972	10.78268	-49.379078	2.8258467	21.932875	-71.42114	-49.379364	0.5	85018981	31752.241830825806
423	-349.17316	-349.17316	-17.792103	-49.370056	2.8511498	29.83426	-72.03435	-49.36963	0.6	85219992	31823.486886501312
424	-325.38257	-325.38257	-36.73245	-49.373314	2.8353844	32.80553	-73.51913	-49.372753	0.2	85420988	31894.994359493256
425	-262.2906	-262.2906	4.678081	-49.372856	2.8399026	26.6311	-78.59544	-49.37322	0.3	85621984	31966.30877494812
426	-358.25284	-358.25284	4.582214	-49.35517	2.8852692	24.988594	-72.5309	-49.354607	0.5	85823000	32038.89959049225
427	-359.55353	-359.55353	-26.19994	-49.35442	2.8806076	42.673885	-76.503586	-49.35452	0.3	86023989	32110.371333122253
428	-332.7852	-332.7852	-30.803123	-49.352276	2.915187	26.69785	-72.86591	-49.35221	0.3	86224985	32181.395863056183
429	-341.43094	-341.43094	2.4189818	-49.358673	2.8655894	31.332052	-77.06724	-49.358715	0.2	86425983	32253.163969039917
430	-235.20018	-235.20018	8.877372	-49.36128	2.8658657	53.619785	-75.25664	-49.36115	0.4	86626983	32324.637751579285
431	-354.20804	-354.20804	10.355582	-49.36269	2.8481169	30.240118	-73.307304	-49.362373	0.2	86827985	32396.25755262375
432	-305.86023	-305.86023	9.799165	-49.36079	2.8321273	44.4478	-73.98137	-49.36057	0.4	87028993	32468.291302919388
433	-359.96326	-359.96326	0.6837507	-49.35749	2.8526425	28.670355	-74.42578	-49.357254	0.3	87229985	32540.956592798233
434	-262.54642	-262.54642	10.876715	-49.354668	2.8869035	40.63486	-78.83359	-49.354748	0.5	87430983	32612.91179561615
435	-259.7932	-259.7932	-29.194122	-49.362095	2.8503687	59.919415	-89.04979	-49.361942	0.3	87631981	32685.025678634644
436	-244.21912	-244.21912	-24.552116	-49.34722	2.8896403	29.502481	-76.66946	-49.3469	0.2	87832986	32756.415734052658
437	-322.89075	-322.89075	1.6680045	-49.34313	2.9185898	28.338007	-73.46856	-49.34328	0.4	88033988	32828.97525548935
438	-316.34274	-316.34274	-38.23597	-49.338062	2.9283183	31.141483	-80.584	-49.337337	0.2	88234983	32908.34597539902
439	-296.6034	-296.6034	-24.270586	-49.340553	2.8971996	30.862818	-70.8776	-49.34075	0.4	88435983	32986.691104888916
440	-286.1442	-286.1442	-36.97281	-49.352135	2.8631675	35.769356	-73.84486	-49.352043	0.5	88636983	33062.241022109985
441	-336.21814	-336.21814	7.47372	-49.346615	2.8902423	36.02738	-78.3902	-49.34675	0.4	88837981	33137.52985215187
442	-396.26907	-396.26907	-0.13838588	-49.33747	2.9077377	36.39271	-73.23609	-49.33692	0.0	89038982	33212.5544860363
443	-423.16214	-423.16214	6.3501887	-49.341537	2.8848867	40.66377	-82.06467	-49.34165	0.5	89239983	33287.49306178093
444	-268.56903	-268.56903	5.789517	-49.32953	2.9608352	51.990166	-72.39012	-49.32886	0.3	89440994	33362.963581323624
445	-323.31903	-323.31903	7.6731563	-49.340107	2.9334562	47.555595	-76.626816	-49.340126	0.3	89641987	33439.91813445091
446	-357.09402	-357.09402	-71.92776	-49.346127	2.9067743	36.471306	-85.51245	-49.345837	0.3	89842983	33520.16925549507
447	-259.46112	-259.46112	7.9296403	-49.3343	2.9400914	34.60139	-69.39208	-49.334328	0.2	90043984	33598.24805498123
448	-454.90665	-454.90665	9.557313	-49.33282	2.9519308	37.340363	-78.37399	-49.332535	0.3	90244984	33679.87154173851
449	-323.30527	-323.30527	8.806863	-49.334732	2.9560084	31.745628	-82.49343	-49.334934	0.3	90445988	33760.00377058983
450	-302.03925	-302.03925	9.613093	-49.33717	2.974059	26.905209	-74.38688	-49.33691	0.5	90646991	33843.412826776505
451	-231.83553	-231.83553	10.6009245	-49.34235	2.954897	29.663576	-78.15678	-49.342747	0.6	90847981	33922.08527779579
452	-356.4168	-356.4168	8.7534895	-49.326385	2.9481158	32.749004	-70.87077	-49.32587	0.6	91048983	33999.83688187599
453	-296.57706	-296.57706	9.680228	-49.31474	3.0461042	35.58893	-77.38489	-49.31454	0.5	91249983	34076.60318040848
454	-268.80496	-268.80496	8.652412	-49.32506	2.9542522	46.811893	-76.247314	-49.3254	0.4	91450981	34155.803337574005
455	-312.76187	-312.76187	-74.87115	-49.322205	2.9998014	27.380981	-87.150795	-49.321903	0.1	91651982	34231.33988928795
456	-431.74927	-431.74927	4.71142	-49.31369	3.0067992	41.94684	-78.53159	-49.313526	0.7	91853001	34308.17168045044
457	-320.29294	-320.29294	8.69324	-49.316467	2.9801052	27.156006	-82.72602	-49.316803	0.3	92053983	34387.06805920601
458	-324.21912	-324.21912	6.035031	-49.319515	2.9816754	27.339516	-79.26937	-49.31925	0.1	92254999	34466.45805668831
459	-323.75388	-323.75388	9.58825	-49.30235	3.0663722	35.250023	-73.83268	-49.301754	0.0	92455986	34545.64711165428
460	-289.21524	-289.21524	8.303923	-49.311375	2.9933813	32.471626	-77.06871	-49.31146	0.6	92656984	34625.192096710205
461	-352.88925	-352.88925	-27.93891	-49.30758	3.0160456	42.1316	-76.70661	-49.307724	0.3	92857982	34704.58693647385
462	-232.16768	-232.16768	11.191955	-49.311268	3.0272787	32.045067	-73.9286	-49.31149	0.4	93058983	34786.84178853035
463	-327.52362	-327.52362	-25.52505	-49.293087	3.0850384	39.345043	-73.9496	-49.292675	0.3	93259981	34865.380434036255
