Epoch	EpRet	EpRealRet	TestEpRet	AverageQ1	StdQ1	MaxQ1	MinQ1	Q2	TestSuccess	TotalEnvInteracts	TotalTime
0	-105.02004	-105.02004	0.0	-47.545856	7.6790147	-0.10353255	-70.31124	-47.5623	0.0	196981	86.83162474632263
1	-112.07094	-112.07094	-9.151597	-49.916122	0.6717717	-35.7648	-70.32464	-49.916298	0.0	397982	173.68322229385376
2	-105.33537	-105.33537	-9.176285	-49.958374	0.39312282	-37.33219	-57.010075	-49.958557	0.0	598981	261.18358540534973
3	-108.54412	-108.54412	0.0	-49.964848	0.38684982	-38.402122	-57.942623	-49.96507	0.0	799981	348.735276222229
4	-105.9352	-105.9352	-6.8639216	-49.97023	0.37551203	-39.418694	-63.855213	-49.970463	0.0	1000981	435.9369843006134
5	-108.43105	-108.43105	-5.0201707	-49.972744	0.33750346	-39.50989	-80.10077	-49.973034	0.0	1201981	521.9710144996643
6	-104.76138	-104.76138	0.0	-49.974056	0.27435768	-41.313232	-54.92496	-49.97431	0.0	1402981	608.7894198894501
7	-106.43974	-106.43974	-32.87444	-49.98661	0.21310414	-42.722343	-59.23742	-49.986706	0.0	1603981	696.1416039466858
8	-107.39237	-107.39237	-7.8923726	-49.9895	0.19900113	-44.72411	-56.108097	-49.98956	0.0	1804981	782.62526512146
9	-112.95327	-112.95327	-5.16552	-49.98571	0.22887789	-42.69099	-60.86801	-49.98569	0.0	2005982	870.2936973571777
10	-106.11796	-106.11796	0.0	-49.986935	0.2068923	-43.519104	-55.646927	-49.987083	0.0	2206982	956.1277258396149
11	-108.48355	-108.48355	-28.756811	-49.987736	0.19868901	-46.3547	-53.78606	-49.987793	0.0	2407981	1043.2461643218994
12	-107.18208	-107.18208	0.0	-49.986145	0.1997823	-43.782825	-56.077957	-49.986225	0.0	2608981	1130.1798598766327
13	-106.82028	-106.82028	-18.828354	-49.984737	0.21641786	-42.044548	-53.90939	-49.984787	0.0	2809981	1217.9325892925262
14	-107.97045	-107.97045	-1.7347951	-49.983013	0.2153015	-41.424484	-53.584766	-49.98294	0.0	3010981	1305.1319620609283
15	-106.946594	-106.946594	0.0	-49.986626	0.20713326	-43.908154	-56.265526	-49.98674	0.0	3211981	1392.4008495807648
16	-111.167656	-111.167656	-12.719553	-49.9871	0.21305151	-41.92268	-60.699238	-49.98717	0.0	3412981	1480.1522026062012
17	-110.554794	-110.554794	0.0	-49.99176	0.19583048	-44.806396	-57.45493	-49.991837	0.0	3613982	1568.2867767810822
18	-106.383125	-106.383125	0.0	-49.993587	0.15484707	-44.25953	-54.92158	-49.993553	0.0	3814981	1655.1213066577911
19	-107.14046	-107.14046	0.0	-49.993362	0.16245145	-42.94399	-54.76657	-49.99344	0.0	4015981	1741.7051668167114
20	-106.30287	-106.30287	-12.883524	-49.992294	0.16272825	-40.37852	-53.135437	-49.99236	0.0	4216981	1827.9751653671265
21	-111.80821	-111.80821	-2.4906118	-49.99293	0.16467491	-43.80573	-56.019043	-49.99279	0.0	4417984	1915.1242530345917
22	-107.17914	-107.17914	0.0	-49.996025	0.14453816	-43.30771	-56.64612	-49.996033	0.0	4618981	2002.7593922615051
23	-105.77115	-105.77115	-5.92551	-49.995827	0.14578246	-46.447105	-51.799786	-49.995846	0.0	4819981	2090.377363920212
24	-111.92028	-111.92028	-19.999374	-49.996433	0.15398167	-45.187965	-61.634098	-49.996483	0.0	5020982	2177.7295944690704
25	-113.58615	-113.58615	-14.962021	-49.996365	0.12713225	-45.192703	-52.405468	-49.996304	0.0	5221981	2265.4464342594147
26	-107.616905	-107.616905	-0.3473232	-49.993446	0.17717196	-44.26599	-53.284782	-49.99338	0.0	5422982	2352.214968442917
27	-107.627785	-107.627785	-5.733463	-49.99338	0.16803282	-44.230087	-53.388138	-49.993526	0.0	5623981	2439.115965604782
28	-107.363174	-107.363174	-1.3392543	-49.99378	0.17001116	-44.87643	-58.1101	-49.99365	0.0	5824981	2525.451060771942
29	-109.61339	-109.61339	-16.328157	-49.994305	0.17208052	-44.642475	-53.537994	-49.994274	0.0	6025982	2612.06973695755
30	-112.3838	-112.3838	-32.127098	-49.99442	0.1712371	-44.745106	-58.490494	-49.994453	0.0	6226981	2699.6035091876984
31	-109.35947	-109.35947	-8.361801	-49.994743	0.17785609	-44.627686	-59.873386	-49.994705	0.0	6427982	2787.0053458213806
32	-114.90785	-114.90785	-14.913937	-49.994934	0.1611259	-44.788193	-52.728416	-49.994995	0.0	6628981	2874.056468486786
33	-113.07833	-113.07833	-21.247372	-49.99563	0.16031133	-44.82041	-52.791355	-49.9956	0.0	6829984	2960.708625793457
34	-109.50939	-109.50939	0.0	-49.99616	0.15433985	-44.391808	-52.382114	-49.996143	0.0	7030981	3048.041817188263
35	-104.92634	-104.92634	-15.828379	-49.996128	0.15911461	-44.38159	-52.145557	-49.99615	0.0	7231981	3134.260632276535
36	-110.64036	-110.64036	0.0	-49.995113	0.16245718	-44.49123	-54.456596	-49.99512	0.0	7432982	3220.593811750412
37	-101.01747	-101.01747	-1.1372596	-49.994858	0.16786806	-44.26264	-51.761395	-49.994865	0.0	7633981	3308.678158760071
38	-105.087814	-105.087814	0.0	-49.994698	0.17975602	-44.26071	-60.008648	-49.99478	0.0	7834981	3395.479818344116
39	-103.43801	-103.43801	0.0	-49.99492	0.16633992	-44.168705	-52.79804	-49.99487	0.0	8035981	3483.4308004379272
40	-102.43677	-102.43677	-1.0000888	-49.994724	0.1676046	-43.945446	-52.067616	-49.99481	0.0	8236982	3569.5492300987244
41	-103.67891	-103.67891	-1.6828026	-49.994434	0.17230192	-43.692657	-51.20425	-49.99437	0.0	8437982	3656.832989692688
42	-104.91503	-104.91503	0.0	-49.994663	0.17213191	-43.73948	-51.816986	-49.994755	0.0	8638981	3744.8846485614777
43	-102.254265	-102.254265	0.0	-49.99503	0.16691267	-43.65824	-54.11923	-49.994957	0.0	8839982	3831.8188438415527
44	-103.19058	-103.19058	0.0	-49.995033	0.16710795	-43.74619	-51.077637	-49.995045	0.0	9040981	3919.55419421196
45	-103.54262	-103.54262	-0.29440406	-49.99519	0.15795566	-43.637215	-52.071922	-49.99516	0.0	9241981	4007.4882566928864
46	-106.66617	-106.66617	-7.4977922	-49.995487	0.1555452	-43.922367	-51.6217	-49.995506	0.0	9442981	4093.1393823623657
47	-108.81123	-108.81123	-21.59926	-49.99561	0.15074088	-44.03694	-51.570896	-49.995617	0.0	9643982	4180.159192562103
48	-119.04169	-119.04169	0.0	-49.995457	0.16265151	-44.026245	-55.26143	-49.99544	0.0	9844981	4268.141884565353
49	-104.87785	-104.87785	-5.8734636	-49.995823	0.14784746	-44.43753	-52.056583	-49.995853	0.0	10045981	4356.144242525101
50	-110.33235	-110.33235	-2.704553	-49.995922	0.1522997	-44.250305	-56.972084	-49.995934	0.0	10246982	4444.344722986221
51	-108.98378	-108.98378	0.0	-49.995995	0.1477076	-44.314938	-54.102047	-49.996	0.0	10447984	4529.962278842926
52	-105.2214	-105.2214	-4.7467194	-49.99647	0.14093292	-44.25841	-52.502766	-49.996456	0.0	10648981	4617.915393829346
53	-106.92795	-106.92795	0.0	-49.996056	0.15063088	-44.276573	-53.38472	-49.996086	0.0	10849982	4705.265758514404
54	-102.1723	-102.1723	-5.705652	-49.99618	0.14955626	-44.21006	-62.869366	-49.996166	0.0	11050981	4793.099964618683
55	-104.54537	-104.54537	-6.989092	-49.996223	0.13837333	-44.41556	-51.74762	-49.996227	0.0	11251981	4881.000801324844
56	-108.74887	-108.74887	-8.2409525	-49.996094	0.14201465	-44.382187	-54.540596	-49.996105	0.0	11452981	4967.186282634735
57	-109.37186	-109.37186	-29.232075	-49.996315	0.14784975	-44.607956	-63.190998	-49.99631	0.0	11653981	5055.171178102493
58	-112.54113	-112.54113	-21.13741	-49.996525	0.13579199	-44.770176	-53.100964	-49.99653	0.0	11854983	5143.13925743103
59	-117.7499	-117.7499	-16.01077	-49.99655	0.13466634	-44.707535	-52.177967	-49.99651	0.0	12055981	5230.689612627029
60	-113.587654	-113.587654	-8.538649	-49.996506	0.13509925	-44.69813	-52.36845	-49.99652	0.0	12256981	5317.859429597855
61	-114.903175	-114.903175	-16.243513	-49.996845	0.13655056	-44.65745	-55.475163	-49.9968	0.0	12457982	5404.792116641998
62	-112.33037	-112.33037	-10.856704	-49.996796	0.1397325	-44.62017	-54.14572	-49.99678	0.0	12658981	5491.959267377853
63	-103.05661	-103.05661	0.0	-49.996983	0.1296738	-44.748142	-52.326973	-49.997017	0.0	12859981	5579.627746582031
64	-104.433304	-104.433304	0.0	-49.99722	0.12870821	-44.649643	-52.857704	-49.99722	0.0	13060981	5667.629209518433
65	-103.20674	-103.20674	0.0	-49.997463	0.12018372	-45.09267	-52.45145	-49.997456	0.0	13261981	5755.280321836472
66	-101.06183	-101.06183	-4.578423	-49.99738	0.12648195	-45.01337	-54.248985	-49.99732	0.0	13462981	5841.300174951553
67	-104.70976	-104.70976	0.0	-49.997272	0.119034074	-45.05922	-52.71899	-49.997375	0.0	13663981	5927.382368087769
68	-108.33357	-108.33357	0.0	-49.997334	0.12521881	-45.0934	-52.088013	-49.99723	0.0	13864981	6014.300798177719
69	-103.38393	-103.38393	-1.0801566	-49.996605	0.1269499	-45.034367	-53.20118	-49.996655	0.0	14065981	6100.951511859894
70	-105.04718	-105.04718	0.0	-49.996746	0.124612086	-45.17878	-53.7232	-49.996723	0.0	14266981	6188.736619949341
71	-102.68363	-102.68363	-19.009497	-49.99666	0.12510005	-45.143414	-51.36055	-49.996685	0.0	14467981	6276.556049585342
72	-104.99832	-104.99832	-6.4831853	-49.996567	0.12820478	-45.023655	-51.908897	-49.996544	0.0	14668981	6364.439630508423
73	-104.04973	-104.04973	-15.035892	-49.996647	0.12691335	-44.945847	-52.92481	-49.996655	0.0	14869982	6451.490699529648
74	-111.24057	-111.24057	-2.4189124	-49.996452	0.13147226	-45.109547	-54.819427	-49.996414	0.0	15070982	6539.10866355896
75	-106.82546	-106.82546	-1.0060029	-49.996635	0.12455925	-45.252213	-51.896233	-49.99667	0.0	15271981	6626.4759204387665
76	-106.33834	-106.33834	-11.002982	-49.99619	0.13246907	-45.22396	-52.054718	-49.996235	0.0	15472981	6713.844046115875
77	-114.3304	-114.3304	-13.54285	-49.996593	0.12824474	-45.211823	-51.50617	-49.99654	0.0	15673981	6801.1632924079895
78	-109.17882	-109.17882	-12.881833	-49.996506	0.13179809	-45.089394	-52.1558	-49.99653	0.0	15874983	6888.26461648941
79	-110.16766	-110.16766	-15.855129	-49.995792	0.13934073	-44.69255	-51.512043	-49.99573	0.0	16075981	6975.914425134659
80	-110.303635	-110.303635	-5.2088428	-49.995518	0.14717892	-44.384514	-53.007812	-49.995518	0.0	16276981	7063.398798465729
81	-110.14109	-110.14109	-9.3260565	-49.99558	0.15171695	-44.28472	-52.222507	-49.99555	0.0	16477981	7150.500021934509
82	-103.52369	-103.52369	-2.5193021	-49.99538	0.15474024	-44.213783	-53.42888	-49.995384	0.0	16678981	7237.58516907692
83	-108.4157	-108.4157	-2.7120733	-49.995564	0.1499264	-44.14608	-51.75145	-49.99553	0.0	16879981	7325.469451665878
84	-104.56407	-104.56407	-7.790335	-49.995632	0.14901069	-43.907703	-51.188385	-49.995632	0.0	17080981	7413.589329004288
85	-107.226395	-107.226395	-5.538763	-49.995552	0.15098937	-44.239292	-51.698463	-49.99552	0.0	17281981	7501.2551419734955
86	-111.82024	-111.82024	0.0	-49.995052	0.16462094	-41.743465	-51.396904	-49.995026	0.0	17482982	7588.489867210388
87	-101.11863	-101.11863	-2.1947615	-49.993828	0.18944472	-39.681732	-51.28551	-49.993843	0.0	17683981	7676.142055511475
88	-113.01502	-113.01502	-4.433384	-49.99315	0.20101301	-38.64113	-54.72864	-49.993137	0.0	17884981	7763.592447757721
89	-109.82998	-109.82998	-7.6402664	-49.993618	0.20893243	-38.561424	-55.220848	-49.99366	0.0	18085982	7851.345054626465
90	-108.546364	-108.546364	-1.021164	-49.99314	0.20429195	-39.317482	-51.252098	-49.993095	0.0	18286981	7938.912039518356
91	-104.8338	-104.8338	-1.7643859	-49.993393	0.20391123	-38.540226	-52.326187	-49.99335	0.0	18487984	8026.730370998383
92	-107.650734	-107.650734	-0.4564347	-49.993927	0.19325136	-38.622368	-52.946304	-49.99401	0.0	18688981	8114.298254966736
93	-106.25855	-106.25855	-14.69118	-49.99364	0.19552302	-39.688526	-51.605614	-49.993607	0.0	18889981	8201.900398015976
94	-107.91873	-107.91873	-9.294128	-49.994938	0.17384836	-38.73627	-52.550846	-49.994923	0.0	19090981	8290.134885549545
95	-110.229355	-110.229355	-10.051057	-49.994484	0.17785706	-40.08123	-51.185375	-49.994526	0.0	19291981	8378.119487524033
96	-105.54739	-105.54739	-3.3296065	-49.993996	0.18550088	-40.680157	-55.764076	-49.994026	0.0	19492981	8461.570940494537
97	-105.638985	-105.638985	-20.196629	-49.993935	0.18759315	-39.10845	-51.38128	-49.993996	0.0	19693982	8548.222718715668
98	-110.319855	-110.319855	-18.050858	-49.994884	0.16996385	-39.96656	-52.641235	-49.994755	0.0	19894984	8635.305944681168
99	-118.0834	-118.0834	-20.202528	-49.99502	0.16821405	-40.775036	-52.304	-49.99509	0.0	20095982	8723.241242408752
100	-113.02759	-113.02759	-12.217112	-49.99458	0.1728666	-41.23292	-53.952827	-49.99458	0.0	20296984	8811.259410858154
101	-116.73053	-116.73053	-22.917614	-49.994568	0.17646496	-41.07859	-52.02264	-49.99456	0.0	20497983	8898.743661165237
102	-108.90399	-108.90399	-16.170622	-49.995106	0.15966825	-41.521263	-51.12815	-49.995117	0.0	20698982	8985.894666433334
103	-112.71128	-112.71128	-9.738126	-49.995167	0.16355905	-40.528683	-51.723797	-49.995174	0.0	20899984	9073.21401834488
104	-109.42574	-109.42574	-13.754243	-49.99546	0.15549442	-40.991184	-51.291187	-49.995476	0.0	21100982	9160.780341625214
105	-113.52466	-113.52466	-2.400686	-49.995758	0.15141635	-40.881756	-52.442677	-49.995766	0.0	21301981	9248.464496135712
106	-104.084854	-104.084854	-11.134767	-49.995567	0.15398777	-40.1595	-51.354233	-49.995537	0.0	21502984	9334.715183019638
107	-106.82617	-106.82617	0.0	-49.9958	0.14608113	-42.085304	-51.282948	-49.995796	0.0	21703981	9422.549686193466
108	-107.700714	-107.700714	-0.3886092	-49.99555	0.15196899	-41.330532	-51.14563	-49.995564	0.0	21904982	9509.300683736801
109	-105.23374	-105.23374	-11.388572	-49.995876	0.14745985	-42.152153	-51.675552	-49.99588	0.0	22105981	9597.102333307266
110	-102.56938	-102.56938	0.0	-49.99543	0.1563496	-41.106606	-51.19546	-49.995434	0.0	22306982	9685.304449558258
111	-108.0283	-108.0283	-10.360245	-49.99571	0.1557539	-40.87822	-52.59107	-49.995724	0.0	22507981	9772.588019132614
112	-105.89744	-105.89744	-3.925544	-49.995594	0.15381317	-40.79506	-51.225845	-49.995537	0.0	22708981	9860.523346424103
113	-105.46088	-105.46088	-6.3564243	-49.995884	0.14890218	-40.784126	-51.388496	-49.995926	0.0	22909981	9948.491619348526
114	-103.62294	-103.62294	-0.9790793	-49.99579	0.14979264	-40.12097	-51.289776	-49.995773	0.0	23110981	10037.058702468872
115	-106.54566	-106.54566	-10.057171	-49.995922	0.1496972	-40.882828	-51.20194	-49.99595	0.0	23311981	10124.860736846924
116	-102.46013	-102.46013	0.0	-49.995846	0.1540019	-40.295742	-51.178604	-49.995827	0.0	23512981	10212.628603219986
117	-102.1153	-102.1153	-0.9952913	-49.995716	0.15960321	-40.49669	-50.994507	-49.99573	0.0	23713982	10299.329784870148
118	-108.6399	-108.6399	-5.2265034	-49.996075	0.14802518	-40.682827	-50.991478	-49.996086	0.0	23914982	10386.330585956573
119	-105.049446	-105.049446	-16.109093	-49.99633	0.14009619	-41.482197	-51.477398	-49.996315	0.0	24115982	10473.017771720886
120	-106.78034	-106.78034	-3.9497633	-49.99631	0.14125894	-41.22977	-51.074417	-49.99633	0.0	24316982	10559.983406305313
121	-105.52466	-105.52466	-15.9798765	-49.996395	0.1348093	-41.803116	-50.972115	-49.996403	0.0	24517981	10647.784696817398
122	-107.23529	-107.23529	-0.9498462	-49.995903	0.16575915	-28.484758	-65.08815	-49.99588	0.0	24718981	10735.51951956749
123	-105.31962	-105.31962	-6.0814986	-49.99616	0.15029234	-42.444935	-55.930267	-49.99618	0.0	24919981	10823.086905241013
124	-105.34141	-105.34141	-6.752503	-49.996254	0.15678066	-38.301	-60.866474	-49.99623	0.0	25120981	10910.671710968018
125	-103.64132	-103.64132	0.0	-49.996513	0.14064129	-41.689316	-54.16984	-49.99654	0.0	25321982	10999.255959033966
126	-100.76005	-100.76005	0.0	-49.996525	0.14229633	-42.60136	-59.87871	-49.996567	0.0	25522981	11086.974005699158
127	-103.86249	-103.86249	-5.6511054	-49.996456	0.13941345	-42.86316	-54.73643	-49.996487	0.0	25723982	11174.34239435196
128	-103.740585	-103.740585	-6.92161	-49.99649	0.13827422	-42.092003	-53.430447	-49.99653	0.0	25924981	11261.692807674408
129	-103.4908	-103.4908	-0.82069147	-49.996357	0.1466771	-41.864754	-54.351948	-49.996346	0.0	26125981	11349.711308717728
130	-101.71011	-101.71011	-2.3065324	-49.996574	0.14250273	-41.991158	-54.59529	-49.99658	0.0	26326981	11437.412712574005
131	-102.43282	-102.43282	-2.8034823	-49.996136	0.14693649	-41.53691	-55.794537	-49.99616	0.0	26527981	11524.930549621582
132	-101.31607	-101.31607	-2.2107265	-49.996323	0.14442617	-41.873142	-60.30425	-49.99628	0.0	26728981	11612.61482667923
133	-102.97115	-102.97115	-2.502233	-49.996674	0.12851527	-43.822216	-53.3035	-49.99674	0.0	26929981	11700.800311088562
134	-100.91724	-100.91724	0.0	-49.99659	0.132885	-43.228695	-58.092525	-49.9966	0.0	27130981	11787.850598335266
135	-101.75681	-101.75681	0.0	-49.99647	0.13648325	-42.841484	-52.87309	-49.9965	0.0	27331981	11876.185298204422
136	-104.22283	-104.22283	0.0	-49.996834	0.12889646	-42.144684	-52.562374	-49.996838	0.0	27532981	11964.01993060112
137	-101.64736	-101.64736	0.0	-49.996853	0.12937851	-42.74673	-53.196766	-49.99684	0.0	27733981	12051.38782119751
138	-101.06567	-101.06567	0.0	-49.996628	0.13131464	-44.088562	-53.129883	-49.996693	0.0	27934981	12138.856023311615
139	-103.28138	-103.28138	0.0	-49.997272	0.11447593	-44.159004	-52.496193	-49.99724	0.0	28135982	12226.507332324982
140	-101.74986	-101.74986	-14.275439	-49.99693	0.122822724	-44.01975	-54.527836	-49.99694	0.0	28336981	12315.042102098465
141	-102.69733	-102.69733	-1.0421139	-49.997143	0.11762788	-44.229305	-52.94414	-49.997173	0.0	28537981	12402.293495178223
142	-103.01252	-103.01252	-4.762367	-49.997192	0.11555609	-44.34622	-51.371414	-49.997208	0.0	28738981	12487.628139972687
143	-105.880516	-105.880516	-15.192498	-49.996925	0.12022618	-43.91928	-52.0464	-49.996906	0.0	28939981	12575.295984983444
144	-105.6831	-105.6831	0.0	-49.997215	0.11702383	-44.236267	-52.31952	-49.997234	0.0	29140981	12661.830744504929
145	-104.46806	-104.46806	-1.5487072	-49.99729	0.113545105	-43.928097	-51.805347	-49.99731	0.0	29341981	12750.131499528885
146	-104.664665	-104.664665	0.0	-49.99733	0.11337081	-44.272045	-51.69243	-49.99732	0.0	29542981	12836.04925084114
147	-102.566536	-102.566536	0.0	-49.997204	0.113311015	-44.12606	-52.027515	-49.9972	0.0	29743981	12923.467989444733
148	-103.638466	-103.638466	0.0	-49.99719	0.11558418	-43.45161	-51.432594	-49.99718	0.0	29944981	13011.65202331543
149	-100.80534	-100.80534	0.0	-49.997147	0.11623325	-43.606415	-51.057037	-49.997143	0.0	30145981	13099.85375881195
150	-104.70746	-104.70746	-1.6776639	-49.99734	0.11272443	-43.707275	-51.66397	-49.99732	0.0	30346981	13187.604331731796
151	-102.815094	-102.815094	0.0	-49.996845	0.12071477	-44.070248	-50.827023	-49.996864	0.0	30547981	13275.072341442108
152	-102.9677	-102.9677	0.0	-49.99705	0.11841156	-43.71072	-52.204166	-49.997036	0.0	30748981	13362.990289449692
153	-102.356514	-102.356514	0.0	-49.997074	0.11544984	-43.29779	-50.69228	-49.99704	0.0	30949981	13450.24220919609
154	-102.23083	-102.23083	-0.89784014	-49.99667	0.12368735	-43.200077	-51.404694	-49.99669	0.0	31150981	13536.62669301033
155	-102.63479	-102.63479	-10.6410475	-49.99697	0.11784705	-44.1353	-51.26323	-49.99698	0.0	31351981	13622.945683002472
156	-102.90281	-102.90281	0.0	-49.996937	0.118918456	-44.114113	-52.92704	-49.996975	0.0	31552982	13710.595306158066
157	-103.23881	-103.23881	-1.234264	-49.99693	0.118345946	-43.367867	-51.733574	-49.99694	0.0	31753981	13797.929986953735
158	-101.5417	-101.5417	0.0	-49.99711	0.11404856	-43.56678	-51.111595	-49.99708	0.0	31954981	13884.031886100769
159	-100.93252	-100.93252	0.0	-49.996956	0.121091105	-42.909542	-51.171402	-49.996975	0.0	32155981	13971.699338674545
160	-103.366974	-103.366974	0.0	-49.99716	0.1144183	-43.094864	-51.047256	-49.997173	0.0	32356981	14059.067827939987
161	-102.47029	-102.47029	0.0	-49.99722	0.11359968	-43.105297	-50.70094	-49.997208	0.0	32557981	14146.468458652496
162	-102.53879	-102.53879	0.0	-49.99673	0.13102333	-40.434624	-52.003445	-49.996727	0.0	32758981	14233.352889537811
163	-103.70617	-103.70617	-6.0653667	-49.99719	0.11294159	-41.29783	-50.95291	-49.997192	0.0	32959983	14319.954871416092
164	-103.764275	-103.764275	0.0	-49.99707	0.115265444	-42.548492	-50.677433	-49.997078	0.0	33160981	14406.938862323761
165	-102.70686	-102.70686	0.0	-49.997147	0.113277376	-43.371834	-50.90281	-49.997173	0.0	33361981	14494.773524999619
166	-106.164734	-106.164734	-0.9678684	-49.99718	0.11315879	-43.380898	-50.98011	-49.997204	0.0	33562982	14581.841923475266
167	-100.927704	-100.927704	0.0	-49.997173	0.11512825	-42.889168	-50.622307	-49.997166	0.0	33763981	14668.54276227951
168	-102.27986	-102.27986	0.0	-49.997295	0.110802114	-43.40042	-50.77246	-49.997307	0.0	33964981	14755.16072678566
169	-104.772285	-104.772285	0.0	-49.99707	0.11287194	-43.712387	-50.77205	-49.99708	0.0	34165982	14842.74536895752
170	-100.54182	-100.54182	0.0	-49.99733	0.10942339	-44.026836	-50.68542	-49.99731	0.0	34366981	14930.13047003746
171	-101.62906	-101.62906	0.0	-49.997276	0.11248686	-43.07271	-50.857944	-49.997284	0.0	34567981	15018.431298732758
172	-102.77756	-102.77756	0.0	-49.996967	0.12593539	-40.72794	-50.89352	-49.996983	0.0	34768981	15106.349126577377
173	-101.12001	-101.12001	-0.90865326	-49.99637	0.13907194	-39.33477	-51.075745	-49.99637	0.0	34969981	15193.850587129593
174	-106.381805	-106.381805	0.0	-49.996593	0.13284788	-39.715084	-51.303734	-49.99658	0.0	35170981	15281.668471574783
175	-100.0	-100.0	-0.9129886	-49.99662	0.1333368	-41.27771	-50.835484	-49.99664	0.0	35371981	15367.169634103775
176	-103.08385	-103.08385	-0.31249633	-49.99684	0.12826078	-39.945213	-50.832058	-49.996838	0.0	35572981	15454.937745332718
177	-100.966484	-100.966484	0.0	-49.996822	0.12701172	-40.41244	-50.64818	-49.996857	0.0	35773981	15540.555483579636
178	-101.58129	-101.58129	0.0	-49.996933	0.12505734	-40.694405	-50.680843	-49.9969	0.0	35974981	15626.340203762054
179	-102.24685	-102.24685	0.0	-49.996582	0.13364126	-39.244125	-50.7043	-49.996582	0.0	36175981	15712.758322954178
180	-103.2234	-103.2234	0.0	-49.996483	0.13389954	-40.161713	-51.717113	-49.99646	0.0	36376981	15800.209866523743
181	-103.87497	-103.87497	0.0	-49.997097	0.12085341	-41.08491	-50.77229	-49.997135	0.0	36577981	15888.677931547165
182	-102.6749	-102.6749	0.0	-49.997093	0.11853926	-42.960396	-50.56286	-49.99706	0.0	36778981	15976.229167461395
183	-100.95365	-100.95365	-5.0847974	-49.996784	0.12537606	-42.09142	-50.716305	-49.996758	0.0	36979981	16063.263313055038
184	-102.01433	-102.01433	0.0	-49.99734	0.11344696	-41.469704	-50.544796	-49.997334	0.0	37180981	16151.182044506073
185	-102.176025	-102.176025	-0.49341547	-49.997036	0.12804082	-38.917564	-50.560524	-49.997047	0.0	37381981	16239.182874917984
186	-102.21016	-102.21016	0.0	-49.99708	0.13393728	-39.171486	-50.770294	-49.997074	0.0	37582981	16327.033738613129
187	-102.99079	-102.99079	-0.32765982	-49.996983	0.13473985	-39.396263	-50.720894	-49.99698	0.0	37783981	16414.968682289124
188	-106.20905	-106.20905	-9.873845	-49.997063	0.12959768	-39.792778	-50.98348	-49.99706	0.0	37984981	16502.569910287857
189	-100.78853	-100.78853	-5.522481	-49.996967	0.13079798	-38.37698	-50.632195	-49.996983	0.0	38185981	16590.137305021286
190	-101.90154	-101.90154	0.0	-49.996525	0.1442787	-38.806477	-50.64847	-49.996506	0.0	38386981	16677.921926259995
191	-105.638435	-105.638435	-2.4352605	-49.996113	0.15861236	-36.299683	-50.633774	-49.996124	0.0	38587981	16763.340502500534
192	-104.72343	-104.72343	-7.5121226	-49.99544	0.1908186	-32.18582	-52.576324	-49.995434	0.0	38788987	16849.791222572327
193	-106.23418	-106.23418	0.0	-49.996708	0.14418285	-33.703815	-53.977154	-49.9967	0.0	38989983	16937.193221330643
194	-104.11555	-104.11555	-4.067291	-49.996788	0.13524862	-40.876743	-51.38665	-49.99681	0.0	39190981	17025.19470334053
195	-103.270645	-103.270645	-0.81696284	-49.996292	0.14794472	-37.340443	-51.178135	-49.996277	0.0	39391981	17112.77836537361
196	-104.627754	-104.627754	0.0	-49.99663	0.14556277	-38.83849	-51.11547	-49.996616	0.0	39592981	17200.74693441391
197	-102.14745	-102.14745	0.0	-49.996807	0.14381076	-37.86252	-50.774498	-49.99687	0.0	39793982	17288.647558689117
198	-101.248886	-101.248886	0.0	-49.997112	0.13848165	-36.03706	-50.774254	-49.997124	0.0	39994981	17376.18216919899
199	-103.05695	-103.05695	0.0	-49.997227	0.13107476	-37.69734	-51.25145	-49.9972	0.0	40195981	17463.7501373291
200	-102.62524	-102.62524	-3.1182015	-49.997158	0.1362918	-36.195847	-50.658108	-49.997143	0.0	40396981	17551.185643196106
201	-105.05417	-105.05417	-2.1507745	-49.996227	0.1555282	-36.11449	-51.6037	-49.99623	0.0	40597981	17638.869313001633
202	-101.27047	-101.27047	0.0	-49.977703	0.43182996	0.70683044	-57.85191	-49.977676	0.0	40798981	17726.654076337814
203	-102.36981	-102.36981	0.0	-49.88776	0.9907993	5.9207373	-56.620667	-49.887707	0.0	40999981	17814.588638305664
204	-107.8783	-107.8783	-2.4239988	-49.908806	0.9065185	6.9578824	-56.728603	-49.90874	0.0	41200981	17901.50719165802
205	-107.81894	-107.81894	-6.9190965	-49.993675	0.27948186	-21.09937	-54.531532	-49.99364	0.0	41401982	17989.191954612732
206	-102.9758	-102.9758	0.0	-49.98669	0.47285333	-3.7582936	-58.69361	-49.98677	0.0	41602982	18076.559770822525
207	-102.529884	-102.529884	-10.738991	-49.983006	0.49751818	-0.31578517	-54.872395	-49.98307	0.0	41803982	18164.09388279915
208	-109.21128	-109.21128	-20.023436	-49.98828	0.4076769	-8.416195	-55.718594	-49.988316	0.0	42004981	18252.095965862274
209	-111.879364	-111.879364	-11.733993	-49.99205	0.297351	-21.876328	-55.615208	-49.992058	0.0	42205982	18338.56325674057
210	-112.15242	-112.15242	0.0	-49.99214	0.31025448	-22.355566	-53.386765	-49.992153	0.0	42406981	18424.698194026947
211	-100.73489	-100.73489	0.0	-49.994884	0.21656011	-24.22601	-56.976765	-49.994907	0.0	42607981	18511.466325759888
212	-101.673515	-101.673515	0.0	-49.996178	0.1491889	-39.143562	-55.030273	-49.996185	0.0	42808981	18599.100880384445
213	-102.93858	-102.93858	-14.691079	-49.996212	0.1521099	-37.003666	-54.203335	-49.99624	0.0	43009981	18686.73552584648
214	-101.34395	-101.34395	-0.54163265	-49.995087	0.21283713	-24.534016	-52.46165	-49.99509	0.0	43210981	18774.536696910858
215	-105.17207	-105.17207	0.0	-49.991413	0.35652256	-12.342747	-52.666294	-49.99141	0.0	43411981	18861.854803800583
216	-102.594925	-102.594925	0.0	-49.987217	0.47035277	-9.890012	-52.601055	-49.987255	0.0	43612981	18950.038964271545
217	-101.700485	-101.700485	0.0	-49.98334	0.54287237	-6.3607955	-51.514137	-49.983337	0.0	43813981	19037.323621034622
218	-101.65273	-101.65273	0.0	-49.984173	0.5070767	-6.2883186	-52.04732	-49.984135	0.0	44014981	19123.758553028107
219	-100.854866	-100.854866	-4.211113	-49.994007	0.22836104	-27.326315	-51.547043	-49.993984	0.0	44215981	19209.526728391647
220	-100.301445	-100.301445	-0.8356025	-49.99425	0.22664563	-29.7246	-51.889153	-49.994255	0.0	44416981	19297.34455037117
221	-102.60691	-102.60691	0.0	-49.993565	0.25142583	-28.104664	-51.792515	-49.993534	0.0	44617981	19384.879140853882
222	-106.34913	-106.34913	0.0	-49.993717	0.25976783	-28.122593	-57.526592	-49.9937	0.0	44818981	19470.996957063675
223	-100.70662	-100.70662	-2.9912844	-49.9934	0.27721825	-26.014229	-51.832375	-49.99342	0.0	45019981	19557.83157300949
224	-101.98724	-101.98724	0.0	-49.988453	0.44526944	-3.5605757	-53.50139	-49.98832	0.0	45220981	19645.26621031761
225	-100.93619	-100.93619	0.0	-49.986763	0.56033933	2.5024662	-52.546993	-49.9868	0.0	45421981	19733.283998966217
226	-101.62074	-101.62074	0.0	-49.984177	0.6078426	3.3735118	-52.555393	-49.984234	0.0	45622981	19820.018317222595
227	-102.45181	-102.45181	-3.5348818	-49.986305	0.5654494	4.079384	-51.634823	-49.986332	0.0	45823982	19907.88726210594
228	-104.48733	-104.48733	-0.5992554	-49.991776	0.36178678	-1.7916062	-52.175045	-49.99186	0.0	46024981	19995.121601819992
229	-105.44705	-105.44705	0.0	-49.995476	0.1592748	-37.079395	-54.02863	-49.995514	0.0	46225981	20081.23885202408
230	-106.75618	-106.75618	-11.95332	-49.996037	0.14396773	-35.91276	-54.80127	-49.996067	0.0	46426981	20168.806679964066
231	-105.482376	-105.482376	-6.435332	-49.995083	0.17406149	-32.76862	-51.116722	-49.995087	0.0	46627981	20256.308108329773
232	-102.310196	-102.310196	-0.55784684	-49.994797	0.1921569	-31.659641	-52.103073	-49.994823	0.0	46828981	20343.492735147476
233	-102.579124	-102.579124	0.0	-49.993504	0.22436965	-28.84211	-51.66091	-49.99355	0.0	47029981	20427.711072683334
234	-103.75777	-103.75777	0.0	-49.99073	0.2852684	-25.437103	-56.030903	-49.990726	0.0	47230983	20514.7118871212
235	-102.56766	-102.56766	0.0	-49.98878	0.47547904	3.0646276	-52.4604	-49.98867	0.0	47431981	20602.1465985775
236	-104.10188	-104.10188	0.0	-49.99247	0.28530434	2.0563269	-52.078598	-49.992466	0.0	47632981	20689.731504678726
237	-100.82045	-100.82045	0.0	-49.99543	0.14850068	-37.608162	-52.186314	-49.99543	0.0	47833981	20777.1829829216
238	-103.8719	-103.8719	0.0	-49.996544	0.15262559	-25.776316	-52.331535	-49.996532	0.0	48034981	20864.70056247711
239	-102.12259	-102.12259	0.0	-49.994644	0.2762673	-9.851421	-52.134907	-49.99464	0.0	48235981	20950.685090065002
240	-101.67649	-101.67649	0.0	-49.993065	0.43003088	-2.4445682	-51.707245	-49.992996	0.0	48436981	21038.43692779541
241	-103.38088	-103.38088	0.0	-49.994667	0.28728426	-6.7551346	-57.745083	-49.994682	0.0	48637981	21125.004321813583
242	-101.62864	-101.62864	0.0	-49.995564	0.1436893	-37.46397	-50.992584	-49.99556	0.0	48838981	21212.805550336838
243	-104.757355	-104.757355	0.0	-49.993008	0.16488814	-35.266785	-53.580036	-49.993027	0.0	49039982	21298.323445558548
244	-102.81013	-102.81013	0.0	-49.994698	0.13819246	-37.475082	-52.20471	-49.994728	0.0	49240981	21386.308778762817
245	-103.01958	-103.01958	0.0	-49.99629	0.124485426	-40.44202	-51.853397	-49.99627	0.0	49441981	21473.642919778824
246	-103.14306	-103.14306	0.0	-49.99541	0.14003138	-37.637085	-52.59905	-49.99539	0.0	49642982	21560.711135864258
247	-100.655075	-100.655075	0.0	-49.99399	0.15109447	-36.28384	-51.71812	-49.993996	0.0	49843981	21648.378593444824
248	-106.191025	-106.191025	0.0	-49.996197	0.13446893	-39.70993	-51.853264	-49.996166	0.0	50044982	21736.61389708519
249	-102.82318	-102.82318	0.0	-49.99666	0.16043484	-40.649	-105.089035	-49.996735	0.0	50245981	21823.96477508545
250	-102.41888	-102.41888	0.0	-49.99676	0.12117175	-40.865765	-50.74524	-49.996723	0.0	50446983	21911.499933481216
251	-102.06024	-102.06024	0.0	-49.996517	0.13169497	-39.322975	-53.26191	-49.99652	0.0	50647981	21997.3178961277
252	-101.82957	-101.82957	0.0	-49.996063	0.13453318	-38.62079	-52.59346	-49.995995	0.0	50848981	22085.00188446045
253	-100.74934	-100.74934	0.0	-49.996307	0.12949045	-39.028313	-51.51161	-49.996323	0.0	51049981	22172.72046327591
254	-101.44033	-101.44033	0.0	-49.996544	0.12927556	-41.02618	-51.813374	-49.996513	0.0	51250982	22259.70508503914
255	-103.673645	-103.673645	0.0	-49.99669	0.1246994	-41.39101	-51.462772	-49.99666	0.0	51451981	22346.255994081497
256	-102.309105	-102.309105	0.0	-49.996235	0.13132963	-38.7706	-51.3489	-49.99622	0.0	51652981	22433.990198373795
257	-101.44624	-101.44624	0.0	-49.99447	0.15405229	-36.5111	-51.095398	-49.994446	0.0	51853981	22520.79217147827
258	-104.22213	-104.22213	0.0	-49.994568	0.15594675	-35.469	-51.484043	-49.99454	0.0	52054981	22607.14290046692
259	-101.520706	-101.520706	0.0	-49.996574	0.12643969	-41.44187	-50.92032	-49.99654	0.0	52255981	22692.777652978897
260	-102.0784	-102.0784	-1.9195523	-49.996117	0.14011227	-40.6127	-51.72152	-49.996075	0.0	52456981	22780.12895178795
261	-102.08847	-102.08847	0.0	-49.99657	0.12493215	-41.99225	-51.489788	-49.996597	0.0	52657981	22867.63010907173
262	-103.54455	-103.54455	0.0	-49.997116	0.117292665	-40.805775	-51.080257	-49.9971	0.0	52858981	22954.748077392578
263	-104.5157	-104.5157	0.0	-49.997307	0.109906666	-41.511845	-51.14905	-49.997345	0.0	53059981	23042.299672842026
264	-101.23149	-101.23149	0.0	-49.996822	0.119720966	-41.4311	-51.34498	-49.996822	0.0	53260981	23129.58393216133
265	-100.8665	-100.8665	0.0	-49.99681	0.123529844	-40.111744	-51.856567	-49.99682	0.0	53461981	23217.002646923065
266	-102.54167	-102.54167	0.0	-49.996307	0.13400699	-41.55281	-52.47645	-49.99632	0.0	53662981	23304.886742830276
267	-101.16141	-101.16141	0.0	-49.99631	0.12908341	-40.106174	-53.443226	-49.99637	0.0	53863981	23392.437746286392
268	-100.33689	-100.33689	0.0	-49.99571	0.1442539	-37.649826	-54.12095	-49.995632	0.0	54064981	23479.672442913055
269	-101.18399	-101.18399	0.0	-49.994747	0.15122172	-36.477947	-50.969322	-49.99476	0.0	54265981	23567.340454101562
270	-103.88252	-103.88252	0.0	-49.994446	0.16680005	-29.746662	-62.636375	-49.994404	0.0	54466981	23654.575474977493
271	-100.076485	-100.076485	0.0	-49.99651	0.12990479	-40.516888	-51.62618	-49.996468	0.0	54667981	23742.56037592888
272	-102.08867	-102.08867	0.0	-49.997013	0.11916383	-40.21075	-53.06621	-49.99701	0.0	54868981	23829.727827072144
273	-105.97071	-105.97071	0.0	-49.99654	0.13130866	-41.015984	-53.11328	-49.996525	0.0	55069981	23916.295516252518
274	-101.49415	-101.49415	0.0	-49.99648	0.13205312	-41.263893	-53.780754	-49.996483	0.0	55270981	24003.59694504738
275	-101.95639	-101.95639	0.0	-49.9962	0.13715015	-41.159565	-52.451656	-49.99617	0.0	55471981	24090.598352909088
276	-104.149414	-104.149414	0.0	-49.99673	0.12428517	-40.788338	-51.88281	-49.996723	0.0	55672981	24177.533132314682
277	-100.0	-100.0	0.0	-49.996758	0.1267791	-40.59679	-51.257454	-49.996742	0.0	55873981	24265.70165681839
278	-105.41457	-105.41457	0.0	-49.996292	0.13158494	-40.406464	-51.15327	-49.996258	0.0	56074981	24353.352156877518
279	-103.74414	-103.74414	0.0	-49.996788	0.1183202	-38.74857	-51.850304	-49.996773	0.0	56275981	24440.570031642914
280	-104.32555	-104.32555	0.0	-49.99688	0.11394809	-38.96434	-51.481895	-49.99687	0.0	56476981	24527.421583652496
281	-101.73723	-101.73723	0.0	-49.99674	0.11972879	-41.38796	-51.794304	-49.99674	0.0	56677981	24614.406191825867
282	-100.57224	-100.57224	0.0	-49.996765	0.11499716	-40.616238	-51.288193	-49.996773	0.0	56878981	24702.74068069458
283	-101.19616	-101.19616	0.0	-49.99616	0.13328165	-36.583206	-51.07431	-49.996143	0.0	57079981	24790.29240345955
284	-101.16504	-101.16504	0.0	-49.99467	0.1578805	-31.448462	-50.9997	-49.994686	0.0	57280981	24877.22725725174
285	-101.3677	-101.3677	0.0	-49.99602	0.13678406	-34.349598	-51.150715	-49.996025	0.0	57481981	24964.994408369064
286	-100.534515	-100.534515	0.0	-49.996696	0.12176141	-36.602386	-50.786922	-49.996647	0.0	57682981	25052.26244854927
287	-103.24756	-103.24756	0.0	-49.99615	0.13036974	-34.61597	-51.307312	-49.99616	0.0	57883981	25139.397004127502
288	-102.47324	-102.47324	0.0	-49.99593	0.14127323	-35.75239	-51.639484	-49.99593	0.0	58084981	25226.132177114487
289	-102.60358	-102.60358	0.0	-49.995876	0.13853836	-35.88909	-50.897675	-49.995876	0.0	58285981	25313.93359375
290	-101.229256	-101.229256	0.0	-49.995216	0.15815142	-31.870033	-50.781754	-49.99522	0.0	58486981	25401.251596689224
291	-104.18764	-104.18764	0.0	-49.995613	0.15605664	-32.242607	-50.781322	-49.99558	0.0	58687981	25489.1029651165
292	-101.42598	-101.42598	0.0	-49.995377	0.16567539	-30.52467	-52.00456	-49.995358	0.0	58888981	25575.503530979156
293	-107.184074	-107.184074	0.0	-49.99667	0.12348497	-39.23713	-59.66766	-49.996628	0.0	59089981	25663.205424308777
294	-100.49058	-100.49058	0.0	-49.997097	0.11277524	-39.282436	-51.039036	-49.99709	0.0	59290981	25750.40678334236
295	-103.1784	-103.1784	0.0	-49.997166	0.10797278	-38.636658	-51.019756	-49.997177	0.0	59491981	25837.92398238182
296	-106.277374	-106.277374	0.0	-49.996304	0.13721961	-23.275229	-65.8198	-49.99633	0.0	59692981	25924.875488758087
297	-103.043396	-103.043396	0.0	-49.995766	0.13813633	-40.185528	-51.953213	-49.995792	0.0	59893981	26011.81005382538
298	-105.43538	-105.43538	0.0	-49.995728	0.14365281	-36.876587	-53.229214	-49.99571	0.0	60094981	26099.812113285065
299	-102.536354	-102.536354	0.0	-49.99594	0.14114615	-38.031876	-51.443115	-49.99591	0.0	60295981	26187.596197128296
300	-101.4575	-101.4575	0.0	-49.995987	0.14090382	-39.817474	-51.701664	-49.995983	0.0	60496981	26275.280744552612
301	-102.49197	-102.49197	0.0	-49.99587	0.13433702	-39.773342	-51.535683	-49.99591	0.0	60697983	26362.149181604385
302	-101.831505	-101.831505	0.0	-49.996204	0.13380659	-39.274696	-51.751892	-49.996204	0.0	60898981	26449.73406457901
303	-101.663284	-101.663284	0.0	-49.995823	0.13865934	-39.158245	-51.187542	-49.995846	0.0	61099981	26537.634610891342
304	-100.85871	-100.85871	0.0	-49.99597	0.124617964	-40.709255	-51.399445	-49.995995	0.0	61300981	26625.503227233887
305	-100.44217	-100.44217	0.0	-49.996433	0.115570605	-41.83641	-51.420135	-49.99644	0.0	61501981	26712.737258672714
306	-100.91135	-100.91135	0.0	-49.995705	0.12684815	-41.076714	-51.795376	-49.995758	0.0	61702981	26799.52245903015
307	-104.83704	-104.83704	0.0	-49.995827	0.12206366	-41.543194	-52.06646	-49.995888	0.0	61903981	26886.87365078926
308	-101.88945	-101.88945	0.0	-49.995872	0.1234872	-41.26862	-51.852745	-49.995907	0.0	62104981	26974.40766096115
309	-101.80256	-101.80256	0.0	-49.996128	0.11851023	-40.510548	-52.011005	-49.99615	0.0	62305981	27060.842521429062
310	-101.61083	-101.61083	0.0	-49.995564	0.12829559	-40.08756	-51.87825	-49.995613	0.0	62506982	27148.010377168655
311	-101.20945	-101.20945	0.0	-49.99434	0.17562075	-30.755829	-51.93909	-49.99434	0.0	62707981	27235.97860646248
312	-100.91201	-100.91201	0.0	-49.99418	0.17389484	-30.44832	-50.959824	-49.994198	0.0	62908981	27322.98037290573
313	-100.94824	-100.94824	0.0	-49.994236	0.18381481	-28.179356	-52.13208	-49.99424	0.0	63109981	27410.498371124268
314	-103.01267	-103.01267	0.0	-49.99605	0.13734512	-34.356346	-52.564472	-49.996044	0.0	63310981	27498.132349729538
315	-101.33865	-101.33865	0.0	-49.996838	0.113578506	-38.86388	-51.722603	-49.996857	0.0	63511981	27584.666914224625
316	-100.0	-100.0	0.0	-49.996918	0.10767384	-38.743958	-52.676903	-49.99689	0.0	63712981	27671.751678466797
317	-102.1656	-102.1656	0.0	-49.996735	0.11233023	-40.22905	-52.48013	-49.99673	0.0	63913981	27758.72023320198
318	-104.92758	-104.92758	0.0	-49.996998	0.11176694	-39.62253	-50.986797	-49.996994	0.0	64114981	27846.58770942688
319	-100.98455	-100.98455	0.0	-49.996784	0.11479223	-40.32057	-51.52728	-49.99677	0.0	64315981	27934.338987112045
320	-100.83253	-100.83253	0.0	-49.996136	0.13221958	-40.117386	-53.415714	-49.996105	0.0	64516981	28021.00735783577
321	-101.84488	-101.84488	0.0	-49.99522	0.22783186	-10.092993	-116.04598	-49.99539	0.0	64717982	28108.508736133575
322	-100.574066	-100.574066	0.0	-49.997284	0.11009215	-38.103344	-62.131237	-49.99732	0.0	64918981	28196.143416166306
323	-103.2716	-103.2716	0.0	-49.997467	0.12867114	-5.5926385	-66.732124	-49.997524	0.0	65119981	28282.794031620026
324	-100.7915	-100.7915	0.0	-49.996895	0.1159403	-40.4721	-54.82457	-49.996853	0.0	65320981	28370.3959877491
325	-101.693245	-101.693245	0.0	-49.99708	0.122347526	-41.231014	-54.074585	-49.9971	0.0	65521981	28457.796671152115
326	-103.33712	-103.33712	0.0	-49.99676	0.12267051	-40.440273	-55.462326	-49.996796	0.0	65722981	28545.41527056694
327	-101.01818	-101.01818	0.0	-49.997616	0.09839911	-40.293846	-51.91292	-49.997612	0.0	65923981	28629.633322238922
328	-108.33867	-108.33867	0.0	-49.99725	0.11513712	-40.10577	-60.088882	-49.997158	0.0	66124981	28716.750527858734
329	-103.31385	-103.31385	0.0	-49.997215	0.107194744	-41.43348	-51.039272	-49.997177	0.0	66325981	28804.352538585663
330	-101.03296	-101.03296	0.0	-49.997246	0.10681568	-41.046272	-51.007442	-49.997223	0.0	66526981	28891.853350877762
331	-100.70703	-100.70703	0.0	-49.9973	0.10619254	-41.413715	-51.189663	-49.997303	0.0	66727981	28979.08850121498
332	-102.61421	-102.61421	0.0	-49.99706	0.10917559	-40.595848	-50.511456	-49.997047	0.0	66928981	29066.87332391739
333	-105.35647	-105.35647	0.0	-49.99702	0.11120976	-41.01607	-50.78338	-49.997032	0.0	67129981	29154.690626382828
334	-100.947266	-100.947266	0.0	-49.997574	0.10023181	-41.533253	-51.180504	-49.997555	0.0	67330981	29239.608575582504
335	-100.80447	-100.80447	0.0	-49.997208	0.10990756	-41.074635	-50.907425	-49.9972	0.0	67531982	29326.97637605667
336	-102.797226	-102.797226	0.0	-49.997208	0.114526786	-40.749992	-50.642166	-49.997215	0.0	67732981	29414.294978141785
337	-103.549164	-103.549164	0.0	-49.99737	0.10997529	-41.155766	-50.70245	-49.997345	0.0	67933981	29501.095774888992
338	-100.67021	-100.67021	0.0	-49.997395	0.10449339	-41.821564	-50.626442	-49.9974	0.0	68134981	29588.730881214142
339	-103.23985	-103.23985	0.0	-49.997643	0.09892884	-40.80423	-50.748344	-49.997616	0.0	68335981	29676.215172052383
340	-100.0	-100.0	0.0	-49.99722	0.11199399	-41.79258	-51.095863	-49.99721	0.0	68536981	29763.933499097824
341	-101.198654	-101.198654	0.0	-49.99735	0.107773535	-41.571033	-50.751774	-49.99736	0.0	68737981	29851.434108257294
342	-104.4102	-104.4102	0.0	-49.997425	0.10856014	-40.703205	-50.79412	-49.997383	0.0	68938981	29938.152921676636
343	-103.06392	-103.06392	0.0	-49.99696	0.12064307	-39.582195	-51.97342	-49.99694	0.0	69139981	30025.370288848877
344	-103.28461	-103.28461	0.0	-49.997356	0.10832936	-41.408337	-50.554085	-49.9973	0.0	69340981	30112.8388402462
345	-101.11915	-101.11915	0.0	-49.997234	0.10591407	-41.219475	-50.851143	-49.997246	0.0	69541981	30200.32338833809
346	-106.04024	-106.04024	0.0	-49.997322	0.10257457	-41.891735	-51.30892	-49.99731	0.0	69742981	30287.72472858429
347	-103.74488	-103.74488	0.0	-49.997368	0.10566131	-40.16581	-50.98237	-49.997375	0.0	69943983	30374.07550048828
348	-101.55724	-101.55724	0.0	-49.997063	0.110950194	-41.711185	-50.621647	-49.997032	0.0	70144981	30461.243117809296
349	-101.91074	-101.91074	0.0	-49.996998	0.11349229	-40.97166	-50.706738	-49.996983	0.0	70345981	30548.828378677368
350	-101.33304	-101.33304	0.0	-49.997	0.1102824	-41.163334	-51.018307	-49.99697	0.0	70546981	30636.31324696541
351	-100.28917	-100.28917	0.0	-49.99694	0.11464731	-41.86265	-52.24534	-49.99695	0.0	70747981	30723.763894319534
352	-100.71369	-100.71369	0.0	-49.996872	0.10896323	-40.503353	-51.649788	-49.9968	0.0	70948981	30811.59882903099
353	-101.45331	-101.45331	0.0	-49.997204	0.10905993	-41.36389	-50.56677	-49.99718	0.0	71149981	30897.800300598145
354	-102.24062	-102.24062	0.0	-49.996307	0.13512988	-36.63278	-53.210556	-49.99634	0.0	71350981	30985.56776213646
355	-104.23977	-104.23977	0.0	-49.996605	0.12687725	-36.391117	-52.604073	-49.9966	0.0	71551981	31073.735686302185
356	-102.49427	-102.49427	0.0	-49.996166	0.13453667	-36.582954	-51.565216	-49.996128	0.0	71752981	31161.9036192894
357	-102.74355	-102.74355	0.0	-49.995884	0.15237814	-30.119864	-53.835976	-49.99595	0.0	71953981	31248.92191338539
358	-102.09662	-102.09662	0.0	-49.994556	0.17391725	-25.390057	-52.470394	-49.99463	0.0	72154981	31337.157728910446
359	-106.17613	-106.17613	0.0	-49.99551	0.15735997	-25.359667	-51.504307	-49.995567	0.0	72355981	31423.025317668915
360	-104.268166	-104.268166	0.0	-49.99568	0.1712165	-28.330242	-51.417294	-49.99565	0.0	72556981	31510.392523288727
361	-102.23595	-102.23595	0.0	-49.995575	0.1550408	-28.032928	-50.923885	-49.995552	0.0	72757981	31597.227204084396
362	-100.29047	-100.29047	0.0	-49.995106	0.18462734	-24.898535	-51.24784	-49.995094	0.0	72958981	31682.91229534149
363	-100.295975	-100.295975	0.0	-49.995193	0.18802108	-24.739082	-50.778618	-49.99519	0.0	73159981	31770.763540506363
364	-100.308914	-100.308914	0.0	-49.995	0.18972969	-24.764969	-51.055626	-49.99498	0.0	73360981	31857.497571468353
365	-101.790955	-101.790955	0.0	-49.994408	0.2005151	-24.544777	-52.277218	-49.994408	0.0	73561981	31944.949410915375
366	-103.13285	-103.13285	0.0	-49.995247	0.18526675	-26.822748	-51.75003	-49.995308	0.0	73762981	32032.86753129959
367	-104.79419	-104.79419	0.0	-49.996727	0.122201785	-34.477554	-51.075954	-49.99668	0.0	73963981	32120.78505396843
368	-103.31509	-103.31509	0.0	-49.997	0.11552777	-40.438805	-50.375168	-49.997013	0.0	74164981	32207.853009462357
369	-100.11129	-100.11129	0.0	-49.997276	0.106690556	-37.545235	-50.62863	-49.997234	0.0	74365982	32295.120985746384
370	-104.92387	-104.92387	0.0	-49.996925	0.1188962	-35.6448	-50.824924	-49.996876	0.0	74566981	32382.63890480995
371	-101.39255	-101.39255	0.0	-49.997135	0.12700695	-32.377575	-51.140907	-49.997124	0.0	74767982	32470.723536252975
372	-102.19844	-102.19844	0.0	-49.99489	0.18163003	-27.487812	-51.65141	-49.994946	0.0	74968981	32555.308205604553
373	-102.336426	-102.336426	0.0	-49.99378	0.21855424	-29.321814	-51.50733	-49.993786	0.0	75169983	32643.126143455505
374	-103.18129	-103.18129	0.0	-49.995167	0.18171819	-30.364294	-52.28231	-49.99518	0.0	75370981	32730.594146966934
375	-100.6309	-100.6309	0.0	-49.996933	0.11205026	-40.53471	-50.63443	-49.996933	0.0	75571981	32818.36237812042
376	-105.466835	-105.466835	0.0	-49.997246	0.1057745	-41.291214	-51.246117	-49.99726	0.0	75772981	32906.13066792488
377	-105.652695	-105.652695	0.0	-49.997303	0.106824964	-41.05786	-50.65852	-49.99725	0.0	75973981	32993.881449222565
378	-104.6217	-104.6217	0.0	-49.99701	0.11865585	-40.233894	-50.61345	-49.996998	0.0	76174981	33080.4998319149
379	-101.20512	-101.20512	0.0	-49.99736	0.10856536	-40.247246	-50.60673	-49.997326	0.0	76375981	33168.01746606827
380	-101.625496	-101.625496	0.0	-49.99747	0.10132637	-40.807995	-50.43643	-49.997456	0.0	76576981	33256.00195264816
381	-100.45525	-100.45525	0.0	-49.99722	0.11278794	-41.30918	-50.45652	-49.99721	0.0	76777981	33342.32033658028
382	-102.877655	-102.877655	0.0	-49.997482	0.101593025	-40.504482	-50.902527	-49.99751	0.0	76978981	33430.254528045654
383	-102.960846	-102.960846	0.0	-49.99717	0.10325836	-40.755703	-50.953926	-49.99713	0.0	77179981	33517.722583055496
384	-102.68854	-102.68854	0.0	-49.99702	0.1008855	-41.731655	-50.943584	-49.997	0.0	77380981	33604.423946380615
385	-103.093025	-103.093025	0.0	-49.997	0.10554741	-39.577686	-50.697998	-49.99702	0.0	77581981	33689.32522845268
386	-102.19273	-102.19273	0.0	-49.996387	0.12570842	-32.95749	-50.6377	-49.99633	0.0	77782981	33777.40984725952
387	-102.28216	-102.28216	-5.137808	-49.996403	0.13400914	-31.629822	-51.083878	-49.9964	0.0	77983982	33865.6778087616
388	-102.9737	-102.9737	0.0	-49.996304	0.13839912	-30.809767	-50.887238	-49.996277	0.0	78184981	33953.529326200485
389	-101.419304	-101.419304	0.0	-49.995853	0.16020091	-30.8383	-50.5135	-49.995846	0.0	78385981	34039.41409277916
390	-101.09209	-101.09209	0.0	-49.996655	0.13059658	-34.664967	-50.600616	-49.996643	0.0	78586981	34127.03218984604
391	-101.96977	-101.96977	0.0	-49.99692	0.108524404	-40.46692	-50.431416	-49.996914	0.0	78787981	34214.71640896797
392	-100.82809	-100.82809	0.0	-49.996548	0.122141555	-36.50366	-50.516197	-49.996555	0.0	78988981	34302.3847823143
393	-101.5518	-101.5518	0.0	-49.996315	0.1368079	-33.741405	-50.494324	-49.99629	0.0	79189982	34389.41888642311
394	-100.1204	-100.1204	0.0	-49.99538	0.15747295	-29.259914	-50.63441	-49.995346	0.0	79390981	34477.28695344925
395	-100.72699	-100.72699	0.0	-49.996372	0.12299012	-33.934464	-51.23629	-49.99636	0.0	79591981	34564.105575084686
396	-101.462776	-101.462776	0.0	-49.99716	0.10559482	-41.143085	-50.89713	-49.997173	0.0	79792981	34651.222851753235
397	-104.47373	-104.47373	0.0	-49.996582	0.11080356	-39.785133	-50.709316	-49.99662	0.0	79993981	34739.05753827095
398	-101.573944	-101.573944	0.0	-49.99669	0.11730517	-36.321033	-50.753193	-49.99668	0.0	80194981	34827.175619125366
399	-102.76711	-102.76711	0.0	-49.996708	0.11927257	-30.930298	-50.57078	-49.99671	0.0	80395981	34914.427080869675
400	-105.16209	-105.16209	0.0	-49.996506	0.13003847	-31.292452	-51.76613	-49.996525	0.0	80596990	35002.345213890076
401	-101.91604	-101.91604	0.0	-49.996784	0.1324947	-29.5077	-50.52615	-49.99677	0.0	80797981	35089.579536914825
402	-102.068436	-102.068436	0.0	-49.99564	0.15507953	-26.61548	-50.545105	-49.995647	0.0	80998981	35177.46473264694
403	-101.969696	-101.969696	0.0	-49.99722	0.0984354	-33.39148	-50.395626	-49.997215	0.0	81199981	35265.11585736275
404	-107.119064	-107.119064	0.0	-49.99697	0.11741933	-36.21745	-50.506336	-49.99697	0.0	81400981	35352.7667453289
405	-100.950645	-100.950645	0.0	-49.996277	0.12685922	-31.15258	-50.542316	-49.996273	0.0	81601981	35440.318355321884
406	-103.368576	-103.368576	0.0	-49.996525	0.1327448	-31.381298	-50.34811	-49.996525	0.0	81802984	35526.653010606766
407	-104.58775	-104.58775	0.0	-49.99636	0.11819932	-31.473482	-50.418312	-49.99635	0.0	82003981	35613.204181194305
408	-102.65985	-102.65985	0.0	-49.99622	0.14888614	-29.570805	-68.35769	-49.996254	0.0	82204981	35701.28932476044
409	-102.04415	-102.04415	0.0	-49.996788	0.12606098	-33.895786	-50.604305	-49.996758	0.0	82405981	35788.78992128372
410	-101.473206	-101.473206	0.0	-49.99661	0.13331619	-33.84625	-51.49673	-49.996593	0.0	82606981	35876.125029325485
411	-103.71088	-103.71088	0.0	-49.996128	0.13073584	-32.19526	-50.82611	-49.99614	0.0	82807981	35963.259687423706
412	-103.51412	-103.51412	0.0	-49.99681	0.11544319	-34.084824	-50.717964	-49.99681	0.0	83008981	36050.077325582504
413	-102.515274	-102.515274	0.0	-49.996597	0.119531356	-34.979977	-50.597725	-49.996586	0.0	83209981	36138.09522509575
414	-101.766174	-101.766174	0.0	-49.996628	0.12070449	-33.730778	-51.390762	-49.996605	0.0	83410981	36225.479850530624
415	-101.88239	-101.88239	0.0	-49.996468	0.14506309	-31.66669	-51.18345	-49.996452	0.0	83611981	36313.28116393089
416	-102.28881	-102.28881	0.0	-49.995926	0.1494521	-30.731493	-50.841446	-49.995907	0.0	83812981	36401.09993934631
417	-104.4909	-104.4909	0.0	-49.99614	0.13491285	-32.389854	-51.510612	-49.996155	0.0	84013981	36489.13413000107
418	-101.10119	-101.10119	0.0	-49.997047	0.10243078	-40.05334	-51.446526	-49.997066	0.0	84214981	36576.6022567749
419	-102.321495	-102.321495	0.0	-49.99686	0.10831469	-40.22091	-52.373062	-49.9969	0.0	84415981	36663.28637886047
420	-105.59634	-105.59634	0.0	-49.996864	0.108317845	-39.471043	-51.65014	-49.996902	0.0	84616981	36750.85481548309
421	-106.55902	-106.55902	0.0	-49.99705	0.099736355	-40.840805	-51.327072	-49.99705	0.0	84817981	36837.42238020897
422	-102.067	-102.067	0.0	-49.997177	0.10683513	-39.089684	-51.561016	-49.997192	0.0	85018981	36925.15780711174
423	-103.79603	-103.79603	0.0	-49.996964	0.10809142	-39.45475	-52.176407	-49.99697	0.0	85219981	37012.841618061066
424	-102.08356	-102.08356	0.0	-49.997192	0.0958577	-40.936024	-50.46555	-49.99718	0.0	85420981	37100.52628302574
425	-101.46111	-101.46111	0.0	-49.996452	0.12833965	-31.818195	-50.512836	-49.996452	0.0	85621981	37188.06100034714
426	-103.69049	-103.69049	0.0	-49.99589	0.15422271	-28.538424	-50.681854	-49.995884	0.0	85822981	37274.795949697495
427	-101.74747	-101.74747	0.0	-49.99656	0.13238266	-29.530844	-50.533234	-49.99655	0.0	86023981	37362.79727387428
428	-103.98006	-103.98006	-3.443104	-49.99685	0.13032982	-31.544554	-50.98767	-49.996838	0.0	86224981	37450.6985411644
429	-104.89096	-104.89096	0.0	-49.99646	0.13600414	-31.718384	-51.22242	-49.996483	0.0	86425981	37538.883039951324
430	-102.39944	-102.39944	0.0	-49.996048	0.14961721	-30.468195	-50.693123	-49.996006	0.0	86626981	37625.66739845276
431	-101.079414	-101.079414	0.0	-49.99629	0.14876391	-30.583412	-50.52353	-49.996292	0.0	86827981	37713.618872880936
432	-100.68338	-100.68338	0.0	-49.99667	0.123610795	-30.916656	-50.351048	-49.996677	0.0	87028981	37800.58666181564
433	-100.4104	-100.4104	0.0	-49.996902	0.12042059	-32.06517	-50.712437	-49.99691	0.0	87229982	37888.48814415932
434	-106.3163	-106.3163	0.0	-49.99741	0.100194275	-39.07574	-51.991848	-49.997383	0.0	87430981	37976.206668138504
435	-101.999466	-101.999466	0.0	-49.99735	0.09408186	-40.434826	-50.89403	-49.997356	0.0	87631982	38063.17453503609
436	-103.61768	-103.61768	0.0	-49.997387	0.08712086	-39.835167	-50.7292	-49.997375	0.0	87832982	38151.358790159225
437	-100.48684	-100.48684	0.0	-49.997387	0.08813726	-40.572327	-50.71494	-49.997417	0.0	88033981	38238.87678217888
438	-103.41922	-103.41922	0.0	-49.99745	0.085180104	-40.776787	-51.323475	-49.99745	0.0	88234981	38326.528071165085
439	-103.91441	-103.91441	0.0	-49.997383	0.08819358	-40.402184	-50.698536	-49.997387	0.0	88435981	38414.14647579193
440	-105.39667	-105.39667	0.0	-49.9971	0.09542689	-39.015057	-51.0454	-49.997078	0.0	88636981	38502.04734134674
441	-104.196526	-104.196526	0.0	-49.997375	0.0871188	-41.238644	-50.70188	-49.99743	0.0	88837981	38589.54864239693
442	-100.40228	-100.40228	0.0	-49.9975	0.088994645	-40.06879	-50.66714	-49.99747	0.0	89038981	38676.616604566574
443	-101.39965	-101.39965	0.0	-49.997456	0.08726426	-39.506897	-50.69824	-49.997456	0.0	89239981	38763.91791701317
444	-104.504715	-104.504715	0.0	-49.99698	0.092638336	-39.929657	-51.222992	-49.996986	0.0	89440981	38851.65261673927
445	-102.1301	-102.1301	0.0	-49.997486	0.08628379	-39.907204	-50.70773	-49.997482	0.0	89641981	38938.57070064545
446	-102.80159	-102.80159	0.0	-49.997437	0.08879593	-42.090797	-60.1284	-49.997433	0.0	89842981	39023.68875789642
447	-100.84162	-100.84162	0.0	-49.997555	0.08897621	-41.084755	-50.559982	-49.997562	0.0	90043981	39110.50664138794
448	-100.71164	-100.71164	0.0	-49.997253	0.101114556	-39.152992	-50.49852	-49.997257	0.0	90244981	39197.55776643753
449	-101.53024	-101.53024	0.0	-49.99747	0.0936452	-38.889423	-50.42012	-49.99747	0.0	90445982	39282.492579221725
450	-103.106995	-103.106995	0.0	-49.997463	0.09374692	-40.406006	-50.553635	-49.997467	0.0	90646981	39370.06032204628
451	-100.0	-100.0	0.0	-49.997486	0.09457547	-39.111645	-50.75182	-49.99745	0.0	90847981	39457.67835736275
452	-101.968636	-101.968636	0.0	-49.997322	0.09858473	-39.814743	-50.455402	-49.997337	0.0	91048981	39545.53010582924
453	-100.87213	-100.87213	0.0	-49.99721	0.107878886	-34.82055	-50.433804	-49.997208	0.0	91249981	39633.58093428612
454	-100.834984	-100.834984	0.0	-49.997055	0.11433078	-36.73193	-50.3907	-49.997078	0.0	91450981	39720.965628385544
455	-100.4219	-100.4219	0.0	-49.997356	0.096829504	-37.825184	-50.346073	-49.997356	0.0	91651981	39808.283519268036
456	-102.17971	-102.17971	0.0	-49.99741	0.095311105	-40.26806	-50.421677	-49.99739	0.0	91852981	39895.18530583382
457	-102.267265	-102.267265	0.0	-49.99761	0.09229029	-39.340252	-51.184372	-49.9976	0.0	92053983	39982.70282626152
458	-102.52151	-102.52151	0.0	-49.99714	0.107683234	-36.956482	-51.769093	-49.99713	0.0	92254981	40070.73803520203
459	-100.836136	-100.836136	0.0	-49.99723	0.09949397	-38.74079	-50.41437	-49.997253	0.0	92455981	40158.3389172554
460	-100.85746	-100.85746	0.0	-49.99723	0.105039015	-36.083515	-50.929718	-49.99719	0.0	92656981	40244.45678830147
461	-100.38609	-100.38609	0.0	-49.997307	0.10652031	-36.966812	-50.75244	-49.9973	0.0	92857981	40332.024804353714
462	-103.312126	-103.312126	0.0	-49.997166	0.10445686	-36.380646	-50.360962	-49.997154	0.0	93058981	40419.70978808403
463	-103.38789	-103.38789	0.0	-49.99744	0.09271264	-39.752064	-50.46571	-49.99744	0.0	93259981	40506.727365255356
464	-102.63271	-102.63271	0.0	-49.997223	0.10427627	-35.8978	-50.588436	-49.997257	0.0	93460981	40594.178940057755
465	-103.55504	-103.55504	0.0	-49.997032	0.12592623	-33.933422	-50.69369	-49.997	0.0	93661981	40681.996685266495
466	-102.85877	-102.85877	0.0	-49.996716	0.12927747	-32.855263	-50.468468	-49.996696	0.0	93862981	40767.48151874542
467	-104.193535	-104.193535	0.0	-49.997646	0.10229508	-35.765182	-50.463463	-49.99766	0.0	94063981	40854.84959292412
468	-106.53094	-106.53094	0.0	-49.99704	0.109447755	-34.536087	-50.676205	-49.99701	0.0	94264981	40942.66762852669
469	-100.2078	-100.2078	0.0	-49.996918	0.11784479	-32.724815	-50.928867	-49.996914	0.0	94465981	41029.90184855461
470	-101.87119	-101.87119	0.0	-49.997124	0.11033849	-33.513237	-50.96936	-49.997128	0.0	94666981	41116.70334815979
471	-104.24979	-104.24979	0.0	-49.99707	0.11160829	-34.8503	-50.65825	-49.99706	0.0	94867981	41203.15443229675
472	-101.10682	-101.10682	0.0	-49.997395	0.09256641	-39.43511	-50.5258	-49.99741	0.0	95068981	41291.27277469635
473	-100.91287	-100.91287	0.0	-49.99717	0.10161397	-37.608055	-50.65477	-49.997196	0.0	95269981	41379.22373819351
474	-102.790344	-102.790344	0.0	-49.997375	0.099697	-35.70856	-50.804756	-49.99737	0.0	95470981	41466.45841169357
475	-101.72764	-101.72764	0.0	-49.99694	0.11494053	-32.42445	-50.77302	-49.996937	0.0	95671981	41553.89342665672
476	-102.438995	-102.438995	0.0	-49.997406	0.105776995	-34.8796	-50.537357	-49.99744	0.0	95872981	41641.244426488876
477	-101.19151	-101.19151	0.0	-49.99734	0.10363865	-35.553997	-50.547768	-49.997322	0.0	96073981	41727.84581398964
478	-100.344734	-100.344734	0.0	-49.997467	0.09851469	-33.289158	-50.524975	-49.997498	0.0	96274981	41814.8802652359
479	-104.58741	-104.58741	0.0	-49.996975	0.097410835	-35.06396	-50.671307	-49.996975	0.0	96475981	41901.64822220802
480	-105.27278	-105.27278	0.0	-49.996475	0.11769996	-32.252533	-50.91428	-49.996468	0.0	96676981	41989.10023522377
481	-101.614845	-101.614845	0.0	-49.997177	0.10550344	-32.599133	-50.540546	-49.997204	0.0	96877981	42076.234360933304
482	-103.57492	-103.57492	0.0	-49.997562	0.08076164	-39.753487	-50.484608	-49.99758	0.0	97078981	42163.802130937576
483	-101.97919	-101.97919	0.0	-49.997208	0.092103176	-37.948273	-50.664658	-49.99724	0.0	97279981	42251.37026977539
484	-105.590355	-105.590355	0.0	-49.99754	0.078694366	-38.975597	-50.821053	-49.99755	0.0	97480982	42339.08819150925
485	-100.67961	-100.67961	0.0	-49.997555	0.08672468	-36.993347	-50.593174	-49.997547	0.0	97681981	42427.106827020645
486	-103.40901	-103.40901	0.0	-49.99749	0.086715244	-39.58481	-50.67057	-49.997498	0.0	97882981	42514.974150419235
487	-100.22694	-100.22694	0.0	-49.997112	0.10045	-35.903496	-50.79775	-49.99716	0.0	98083981	42603.17541384697
488	-102.83067	-102.83067	0.0	-49.996246	0.12334812	-34.08231	-50.8138	-49.996277	0.0	98284981	42690.326689481735
489	-100.80037	-100.80037	0.0	-49.99644	0.11374586	-33.99898	-50.77831	-49.996487	0.0	98485981	42778.19465947151
490	-103.43158	-103.43158	0.0	-49.997234	0.0942417	-34.918182	-50.80853	-49.997265	0.0	98686981	42865.26300430298
491	-103.467384	-103.467384	0.0	-49.996998	0.09283887	-36.188477	-51.028984	-49.997013	0.0	98887981	42952.3473470211
492	-101.3857	-101.3857	0.0	-49.997276	0.07593501	-38.65649	-50.67842	-49.99734	0.0	99088981	43039.215554475784
493	-100.8064	-100.8064	0.0	-49.99706	0.07921266	-39.821796	-50.846973	-49.997074	0.0	99289981	43126.03318929672
494	-100.97474	-100.97474	0.0	-49.997066	0.07539314	-42.658417	-50.842556	-49.997105	0.0	99490981	43213.351226091385
495	-101.55099	-101.55099	0.0	-49.997128	0.07430823	-40.53617	-50.693783	-49.997143	0.0	99691981	43300.035815000534
496	-100.34955	-100.34955	0.0	-49.997383	0.073793255	-42.066826	-50.750927	-49.997414	0.0	99892981	43387.6874961853
497	-102.79978	-102.79978	0.0	-49.997486	0.0690977	-41.61389	-50.769115	-49.997494	0.0	100093981	43475.25508880615
498	-103.55846	-103.55846	0.0	-49.997158	0.09076553	-36.018494	-50.709167	-49.997158	0.0	100294981	43562.8397128582
499	-105.71568	-105.71568	0.0	-49.99646	0.08863481	-36.056526	-52.091663	-49.996567	0.0	100495981	43650.67470526695
