Epoch	EpRet	EpRealRet	TestEpRet	AverageQ1	StdQ1	MaxQ1	MinQ1	Q2	TestSuccess	TotalEnvInteracts	TotalTime
0	-12.696339	-12.696339	0.0	-44.171814	10.154612	0.011337008	-55.052883	-44.115086	0.0	196981	29.993432760238647
1	-13.686986	-13.686986	0.0	-49.99988	0.056767877	-49.310486	-50.466637	-49.999916	0.0	397981	59.89077711105347
2	-14.872788	-14.872788	0.0	-49.999584	0.05449687	-48.73758	-50.40937	-49.999557	0.0	598981	90.68172836303711
3	-11.527039	-11.527039	0.0	-49.99953	0.06050841	-49.710835	-50.398567	-49.99958	0.0	799981	123.62128782272339
4	-10.879849	-10.879849	0.0	-49.882935	0.63358086	-41.1529	-52.95274	-49.88328	1.0	1000981	157.00550270080566
5	-15.765624	-15.765624	6.1821437	-47.903324	4.4524555	-8.336519	-56.887318	-47.903187	1.0	1201981	191.1641821861267
6	-18.35135	-18.35135	12.457078	-46.818752	6.0687995	-3.0021622	-67.70018	-46.819733	1.0	1402983	226.2645344734192
7	-23.969177	-23.969177	8.81618	-47.024258	6.628567	3.828741	-72.21514	-47.025513	1.0	1603984	261.8866901397705
8	-24.19867	-24.19867	7.5201964	-45.85987	8.249884	10.330077	-60.01481	-45.86203	1.0	1804982	298.0009796619415
9	-26.73768	-26.73768	4.984628	-45.096584	8.577697	8.912002	-67.65864	-45.095585	1.0	2005983	334.5374813079834
10	-27.539854	-27.539854	4.7006273	-43.067127	9.784967	10.820205	-63.102955	-43.067837	1.0	2206984	371.9397814273834
11	-23.365423	-23.365423	21.724518	-37.45443	10.518414	9.585407	-66.65726	-37.454063	1.0	2407981	409.5938181877136
12	-27.32067	-27.32067	29.100044	-38.34549	10.580235	11.489695	-65.67306	-38.344078	1.0	2608981	448.76078057289124
13	-29.010195	-29.010195	25.918621	-39.19624	10.654332	19.28281	-66.65103	-39.19529	1.0	2809983	488.37658858299255
14	-27.58642	-27.58642	16.176725	-39.305687	10.824773	17.975588	-69.039154	-39.30422	1.0	3010982	527.0787699222565
15	-32.758904	-32.758904	14.619494	-38.95543	11.100561	17.147158	-70.4008	-38.954464	1.0	3211981	566.1362147331238
16	-29.48426	-29.48426	11.84744	-37.174503	11.511817	17.377882	-68.499344	-37.174267	1.0	3412981	606.294440984726
17	-26.739748	-26.739748	38.513577	-36.13868	11.63106	19.946503	-61.050938	-36.139458	1.0	3613994	646.6632702350616
18	-31.701286	-31.701286	44.98971	-36.198536	11.641212	18.800425	-64.90229	-36.198036	1.0	3814982	687.0222713947296
19	-31.452578	-31.452578	40.043278	-35.744686	11.631997	19.259655	-80.81583	-35.745224	1.0	4015981	729.3490409851074
20	-30.483397	-30.483397	45.21503	-34.971813	11.807548	20.239262	-67.03463	-34.97498	1.0	4216983	769.7829489707947
21	-32.43321	-32.43321	53.17897	-33.834095	11.995774	17.778252	-64.5188	-33.838142	1.0	4417984	812.0985748767853
22	-29.706842	-29.706842	48.589905	-33.30062	12.045132	19.541517	-77.49412	-33.303703	1.0	4618986	853.7011177539825
23	-33.37245	-33.37245	53.779972	-33.089977	12.155718	18.319836	-69.40421	-33.089836	1.0	4819984	895.2835004329681
24	-31.979887	-31.979887	61.13877	-32.844273	12.167489	23.423811	-62.71968	-32.845196	1.0	5020981	936.4540040493011
25	-32.640106	-32.640106	57.14288	-32.23928	12.271751	20.469845	-62.44863	-32.24116	1.0	5221985	978.7234196662903
26	-30.583164	-30.583164	62.273136	-31.522755	12.330624	21.444162	-64.43653	-31.524843	1.0	5422989	1022.0966494083405
27	-31.69249	-31.69249	69.6343	-30.87713	12.354489	20.47449	-64.092255	-30.878323	1.0	5623997	1065.7835702896118
28	-33.170956	-33.170956	66.565285	-30.951803	12.253052	18.598694	-63.28796	-30.952572	1.0	5824981	1110.7719752788544
29	-30.598696	-30.598696	70.39287	-30.741098	12.33342	23.698755	-64.83625	-30.740107	1.0	6025982	1155.3658516407013
30	-33.208607	-33.208607	77.9013	-30.268295	12.280306	19.267542	-64.391136	-30.270191	1.0	6226984	1198.7261090278625
31	-33.6274	-33.6274	74.82519	-29.769104	12.316405	18.99769	-61.5122	-29.77146	1.0	6427981	1242.414451599121
32	-26.691301	-26.691301	78.60699	-29.604364	12.350984	18.842812	-70.587204	-29.60678	1.0	6628981	1284.516891002655
33	-31.913567	-31.913567	86.1053	-29.654354	12.423954	20.198936	-65.966286	-29.658525	1.0	6829983	1327.886304140091
34	-31.419304	-31.419304	82.80132	-29.764105	12.427205	22.017292	-64.333755	-29.76826	1.0	7030986	1370.5636682510376
35	-32.91334	-32.91334	86.81499	-29.987337	12.466303	19.836582	-63.218853	-29.990053	1.0	7231985	1413.828912973404
36	-32.227432	-32.227432	94.56634	-29.740572	12.533397	20.910973	-64.83494	-29.74435	1.0	7432983	1456.2010827064514
37	-36.326714	-36.326714	91.081535	-30.052422	12.520636	19.26688	-63.9035	-30.056108	1.0	7633981	1500.1134014129639
38	-34.13835	-34.13835	94.72631	-30.128649	12.629249	22.168657	-62.913837	-30.131227	1.0	7834982	1542.0589413642883
39	-28.738297	-28.738297	102.68196	-29.896002	12.6284485	20.839123	-63.765697	-29.89777	1.0	8035981	1584.107795715332
40	-30.567331	-30.567331	99.41967	-29.89615	12.621813	21.339312	-64.091545	-29.897518	1.0	8236983	1627.7617454528809
41	-35.052723	-35.052723	102.92886	-29.82733	12.64902	23.764616	-66.08678	-29.82831	1.0	8437985	1670.8455216884613
42	-32.131485	-32.131485	110.5572	-29.728209	12.656117	23.82873	-63.659763	-29.729572	1.0	8638982	1714.0614709854126
43	-34.624577	-34.624577	107.44324	-29.580057	12.66855	21.036003	-63.77053	-29.580988	1.0	8839982	1756.2775909900665
44	-34.781918	-34.781918	110.96693	-29.52787	12.623442	17.874563	-62.742954	-29.531225	1.0	9040981	1801.4675524234772
45	-30.616693	-30.616693	119.21738	-29.456148	12.635965	20.076174	-63.115997	-29.458378	1.0	9241981	1846.1554675102234
46	-32.43534	-32.43534	115.28165	-29.365726	12.618818	21.289034	-62.536373	-29.368393	1.0	9442986	1890.3897514343262
47	-36.61725	-36.61725	119.277466	-29.463865	12.631356	19.907442	-62.311947	-29.466366	1.0	9643981	1932.785628080368
48	-33.631325	-33.631325	126.54228	-29.552156	12.630424	31.584335	-60.802578	-29.554363	1.0	9844986	1975.1778736114502
49	-30.930199	-30.930199	123.34209	-29.367998	12.6881895	22.863914	-62.184494	-29.371237	1.0	10045981	2018.3461546897888
50	-34.292587	-34.292587	126.981834	-29.16209	12.672656	21.077356	-61.73286	-29.165226	1.0	10246982	2062.4496579170227
51	-34.61441	-34.61441	134.8354	-29.298752	12.609477	20.154129	-61.786663	-29.302141	1.0	10447987	2106.9196903705597
52	-34.047638	-34.047638	131.3661	-29.111744	12.630585	21.530191	-60.07556	-29.114912	1.0	10648991	2149.4321291446686
