Epoch	EpRet	EpRealRet	TestEpRet	AverageQ1	StdQ1	MaxQ1	MinQ1	Q2	TestSuccess	TotalEnvInteracts	TotalTime
0	-144.57217	-144.57217	-54.21156	-43.034122	12.4336815	12.946963	-113.19569	-43.041454	0.0	196981	86.22746586799622
1	-150.48302	-150.48302	-102.1417	-49.32568	4.322458	0.4349089	-76.61348	-49.32585	0.0	397981	178.02764463424683
2	-142.16705	-142.16705	-56.13471	-49.512577	4.069154	1.5894034	-70.95132	-49.51261	0.0	598983	274.26076221466064
3	-145.70683	-145.70683	-69.01789	-49.6083	3.1881363	2.142318	-81.32939	-49.608185	0.0	799983	374.15402460098267
4	-140.8141	-140.8141	-54.286575	-49.70448	2.7482893	1.5119474	-55.275597	-49.704464	0.0	1000985	475.4272494316101
5	-148.44576	-148.44576	-34.92072	-49.79417	2.0078332	-0.99764967	-63.773735	-49.793945	0.0	1201981	570.553368806839
6	-169.03448	-169.03448	-42.54545	-49.816193	1.8217739	-4.418006	-64.13134	-49.81621	0.0	1402983	668.0966603755951
7	-159.69048	-159.69048	-104.93179	-49.79369	2.0777614	1.3470622	-58.769634	-49.79384	0.0	1603981	765.9560294151306
8	-145.37962	-145.37962	-83.66672	-49.7756	1.8321662	-0.8085927	-59.43657	-49.77549	0.0	1804982	868.034325838089
9	-169.36385	-169.36385	-98.78928	-49.762547	1.6995384	-3.8614106	-66.34382	-49.762486	0.0	2005985	965.1762320995331
10	-177.46527	-177.46527	-77.457275	-49.756584	1.7776216	-1.9597634	-57.940903	-49.7567	0.0	2206982	1070.4799528121948
11	-157.7367	-157.7367	-58.287865	-49.752403	1.821563	0.47404432	-56.446686	-49.752346	0.0	2407982	1170.647954940796
12	-158.57738	-158.57738	-31.686132	-49.759605	1.4637384	-1.5808265	-57.464672	-49.759857	0.0	2608982	1270.6918132305145
13	-148.87914	-148.87914	-36.547108	-49.76213	1.3151144	-19.379282	-55.991253	-49.76253	0.0	2809983	1379.1805918216705
14	-168.71277	-168.71277	-64.529396	-49.740414	1.3812215	-18.739761	-61.460506	-49.7407	0.0	3010982	1481.471668958664
15	-150.62369	-150.62369	-61.999393	-49.73051	1.3862827	-18.426834	-53.53141	-49.73064	0.0	3211981	1581.6459991931915
16	-160.2579	-160.2579	-30.86104	-49.740284	1.3553672	-20.686216	-54.777397	-49.74035	0.0	3412982	1688.8880279064178
17	-158.01317	-158.01317	-91.06332	-49.741802	1.3227547	-21.43767	-58.114613	-49.74215	0.0	3613982	1788.144457578659
18	-153.0257	-153.0257	-86.17292	-49.738438	1.3266602	-23.08595	-60.87488	-49.738667	0.0	3814982	1891.2351458072662
19	-172.11502	-172.11502	-63.6323	-49.720493	1.3715613	-20.21412	-63.354446	-49.721046	0.0	4015982	1994.2898681163788
20	-162.07632	-162.07632	-40.198795	-49.714493	1.3726833	-21.329037	-55.48816	-49.714664	0.0	4216981	2102.246659755707
21	-150.12567	-150.12567	-68.070885	-49.700684	1.3867695	-24.757318	-57.815018	-49.70096	0.0	4417986	2205.78222823143
22	-172.86758	-172.86758	-86.34265	-49.692623	1.407912	-25.095318	-56.618847	-49.693066	0.0	4618982	2305.6692016124725
23	-158.97061	-158.97061	-64.41372	-49.69024	1.4068573	-24.512728	-58.15185	-49.690502	0.0	4819981	2406.834626674652
24	-163.04518	-163.04518	-58.872585	-49.68713	1.4090387	-24.112804	-57.739944	-49.6876	0.0	5020981	2506.605975151062
25	-155.4794	-155.4794	-53.10284	-49.683395	1.408067	-27.810839	-56.3552	-49.683563	0.0	5221982	2604.7249360084534
26	-156.45953	-156.45953	-66.08655	-49.677666	1.4090921	-26.389555	-56.94892	-49.67791	0.0	5422982	2703.0276985168457
27	-185.84631	-185.84631	-93.85647	-49.67265	1.4301975	-25.97109	-56.567276	-49.672924	0.0	5623983	2801.685065984726
28	-152.0383	-152.0383	-66.9144	-49.66722	1.4387916	-26.871656	-55.081333	-49.667324	0.0	5824982	2899.7930986881256
29	-163.90723	-163.90723	-99.76643	-49.6689	1.4359208	-28.042519	-55.107044	-49.669262	0.0	6025982	2998.5390224456787
30	-173.65088	-173.65088	-77.737564	-49.67269	1.4289856	-26.770979	-57.378777	-49.672752	0.0	6226983	3097.6400163173676
31	-158.2058	-158.2058	-82.541565	-49.66896	1.437632	-27.624687	-57.025845	-49.669086	0.0	6427983	3196.091006040573
32	-175.13107	-175.13107	-107.47273	-49.65712	1.4620317	-26.920212	-57.60789	-49.657322	0.0	6628982	3295.201685190201
33	-169.83717	-169.83717	-56.388268	-49.650738	1.4675883	-28.520372	-57.11943	-49.65097	0.0	6829983	3394.299604654312
34	-160.84265	-160.84265	-45.465294	-49.640697	1.5019592	-27.928898	-52.79661	-49.640793	0.0	7030983	3492.539671421051
35	-157.30031	-157.30031	-82.59919	-49.641495	1.5011617	-29.660917	-59.37423	-49.641624	0.0	7231981	3590.3231279850006
36	-166.72668	-166.72668	-92.58967	-49.644035	1.4939426	-28.249798	-52.998516	-49.644367	0.0	7432984	3688.2308802604675
37	-168.79613	-168.79613	-80.6158	-49.63906	1.4954437	-29.461533	-54.490067	-49.639328	0.0	7633982	3786.4910218715668
38	-161.26315	-161.26315	-70.8497	-49.640537	1.4846256	-28.467304	-52.27494	-49.64064	0.0	7834985	3884.5918209552765
39	-174.05733	-174.05733	-49.16515	-49.63345	1.4983554	-27.835596	-52.039978	-49.63333	0.0	8035984	3982.491726398468
40	-155.24644	-155.24644	-26.530212	-49.632553	1.4972478	-31.104362	-53.87249	-49.632744	0.0	8236981	4080.7023084163666
41	-160.55913	-160.55913	-67.64634	-49.635433	1.4825244	-32.541176	-52.066944	-49.63548	0.0	8437984	4178.7147097587585
42	-183.95885	-183.95885	-82.8626	-49.62604	1.5067658	-33.96681	-58.897324	-49.62594	0.0	8638984	4277.463041782379
43	-165.23349	-165.23349	-53.176247	-49.61719	1.5224451	-31.993322	-52.94338	-49.61713	0.0	8839982	4376.063002347946
44	-164.78545	-164.78545	-63.363087	-49.61516	1.5286267	-33.459972	-52.47693	-49.61513	0.0	9040983	4473.947310686111
45	-163.53535	-163.53535	-46.674747	-49.61958	1.5159751	-34.256374	-53.742355	-49.619606	0.0	9241983	4572.071599721909
46	-158.50674	-158.50674	-109.591896	-49.613186	1.5274205	-33.71975	-53.072388	-49.61304	0.0	9442982	4669.945332288742
47	-140.32526	-140.32526	-68.92634	-49.610615	1.5288833	-35.051422	-52.10541	-49.610634	0.0	9643981	4767.445487737656
48	-169.93953	-169.93953	-83.410706	-49.60975	1.531947	-33.93921	-52.8819	-49.609684	0.0	9844981	4865.3811728954315
49	-156.26358	-156.26358	-64.23745	-49.606384	1.5463927	-34.182934	-52.86731	-49.606277	0.0	10045987	4963.481608390808
50	-157.90195	-157.90195	-54.435753	-49.59832	1.564111	-32.620518	-53.368774	-49.59845	0.0	10246984	5061.735423564911
51	-148.97908	-148.97908	-51.53934	-49.5924	1.5780808	-34.06529	-52.597996	-49.592182	0.0	10447982	5159.743177890778
52	-160.1716	-160.1716	-56.394066	-49.586113	1.5900142	-33.80958	-54.83736	-49.586174	0.0	10648982	5257.762269258499
53	-148.55373	-148.55373	-56.208252	-49.579773	1.5988034	-33.594757	-52.642075	-49.57969	0.0	10849981	5355.449095487595
54	-168.3778	-168.3778	-82.67211	-49.57221	1.6184915	-34.80514	-53.730175	-49.571953	0.0	11050983	5452.959363460541
55	-166.9049	-166.9049	-44.032436	-49.57415	1.6095599	-36.06379	-52.445347	-49.573997	0.0	11251982	5550.981518745422
56	-170.92682	-170.92682	-97.32515	-49.574215	1.6131436	-36.85209	-52.870087	-49.574215	0.0	11452981	5648.789046525955
57	-162.35101	-162.35101	-86.27437	-49.563393	1.6338924	-35.627575	-52.665276	-49.563187	0.0	11653984	5747.517464399338
58	-171.0452	-171.0452	-60.56219	-49.56504	1.6305077	-35.955173	-54.563496	-49.565002	0.0	11854983	5845.655717134476
59	-154.26537	-154.26537	-48.314735	-49.565304	1.6342309	-36.30965	-53.256893	-49.56547	0.0	12055982	5943.371041297913
60	-148.69371	-148.69371	-38.36235	-49.56585	1.6322708	-35.664173	-54.762154	-49.565754	0.0	12256982	6041.356820344925
61	-147.04979	-147.04979	-93.89043	-49.52332	1.7636067	-29.394665	-55.422012	-49.523182	0.1	12457984	6139.040760755539
62	-160.46724	-160.46724	-104.1086	-49.48138	1.9313123	-18.174374	-54.826256	-49.481537	0.1	12658988	6236.273299455643
63	-148.97888	-148.97888	-67.83114	-49.43915	2.1449351	-9.303062	-55.121677	-49.43915	0.0	12859982	6333.5660490989685
64	-150.04465	-150.04465	-86.80102	-49.40364	2.2971718	-3.4640036	-56.482464	-49.40356	0.0	13060983	6431.760096788406
65	-191.36461	-191.36461	-47.02031	-49.407925	2.351219	0.4471298	-55.244076	-49.407837	0.0	13261984	6529.210085630417
66	-174.38972	-174.38972	-25.150642	-49.433735	2.3074849	2.1564908	-55.87772	-49.433502	0.2	13462982	6628.093317985535
67	-159.58234	-159.58234	-85.1577	-49.458164	2.223777	5.7536683	-56.34308	-49.4581	0.1	13663982	6725.666722774506
68	-171.50096	-171.50096	-74.895645	-49.464195	2.2246046	8.225244	-54.884842	-49.464252	0.0	13864982	6823.125850439072
69	-166.39214	-166.39214	-50.51916	-49.477497	2.1471317	6.6718736	-53.488533	-49.477024	0.0	14065982	6921.564975261688
70	-175.62122	-175.62122	-56.14856	-49.4816	2.1318023	9.689419	-56.004246	-49.481445	0.0	14266984	7019.596083641052
71	-162.6188	-162.6188	-40.33623	-49.466602	2.1705933	9.1114855	-57.461815	-49.466736	0.0	14467986	7117.30069732666
72	-142.0471	-142.0471	-50.744606	-49.46909	2.1221616	8.63898	-52.59843	-49.468727	0.0	14668981	7214.42004776001
73	-159.37659	-159.37659	-37.353634	-49.467518	2.1220376	16.722595	-54.178825	-49.46775	0.1	14869983	7311.6799058914185
74	-166.55482	-166.55482	-81.346	-49.458168	2.181821	15.623746	-53.412037	-49.45825	0.1	15070985	7409.503109455109
75	-168.53667	-168.53667	-68.73701	-49.462162	2.1831698	11.892509	-54.318844	-49.46191	0.1	15271983	7506.77254652977
76	-156.78357	-156.78357	-17.646618	-49.45834	2.1952662	10.1504755	-53.344055	-49.458324	0.1	15472983	7604.373671770096
77	-156.41167	-156.41167	-75.440155	-49.45459	2.2182364	15.405843	-54.67839	-49.454712	0.0	15673984	7701.84206199646
78	-180.68332	-180.68332	-32.25874	-49.458263	2.2450688	18.781471	-54.726624	-49.458546	0.0	15874981	7799.405403137207
79	-163.87108	-163.87108	-50.83828	-49.44331	2.294034	14.8608885	-54.203022	-49.443573	0.0	16075985	7898.165851831436
80	-211.88028	-211.88028	-17.784546	-49.44001	2.2629237	11.533312	-55.447094	-49.44016	0.0	16276983	7995.4622893333435
81	-165.92818	-165.92818	-120.45884	-49.443523	2.2774243	8.98634	-56.24446	-49.44403	0.1	16477982	8093.058485507965
82	-170.18706	-170.18706	-30.959953	-49.433018	2.3491077	10.122718	-55.950077	-49.433304	0.0	16678984	8190.053902864456
83	-156.49637	-156.49637	-26.443336	-49.416443	2.4168532	17.142323	-58.048084	-49.416824	0.1	16879984	8287.114827871323
84	-153.55182	-153.55182	-25.541676	-49.41185	2.4772947	12.48223	-54.910458	-49.41256	0.0	17080981	8384.39847779274
85	-141.80888	-141.80888	-58.30111	-49.410007	2.4542103	16.973684	-56.357853	-49.410362	0.0	17281984	8481.917805671692
86	-146.80046	-146.80046	-10.487679	-49.408287	2.5004227	14.287376	-54.391518	-49.40871	0.1	17482984	8578.982149362564
87	-165.07127	-165.07127	-44.651978	-49.3807	2.5933251	6.954853	-53.855824	-49.38064	0.1	17683987	8675.57110786438
88	-168.3483	-168.3483	-25.202318	-49.358006	2.6260793	11.323879	-54.569313	-49.35814	0.1	17884989	8772.627663373947
89	-174.56534	-174.56534	-45.2879	-49.347347	2.6702576	8.614767	-54.924286	-49.346996	0.0	18085986	8870.185742139816
90	-160.79828	-160.79828	-54.808834	-49.34817	2.7065794	6.812575	-56.14807	-49.347904	0.1	18286981	8967.674479484558
91	-148.90317	-148.90317	-27.425556	-49.3405	2.7418005	11.354338	-54.127525	-49.340244	0.2	18487985	9064.71403670311
92	-176.11197	-176.11197	-52.690292	-49.341316	2.7455888	13.2754345	-56.129055	-49.340683	0.3	18688984	9162.12789607048
93	-179.24646	-179.24646	-29.42591	-49.33256	2.7620745	12.211566	-55.72766	-49.332096	0.0	18889983	9259.21168589592
94	-171.04922	-171.04922	-47.88325	-49.321037	2.8098688	12.96945	-55.61503	-49.320644	0.2	19090983	9357.028830051422
95	-159.00992	-159.00992	-58.976353	-49.316902	2.8308072	9.823851	-56.56207	-49.31618	0.2	19291986	9454.39220237732
96	-190.80707	-190.80707	-18.89611	-49.321712	2.8062186	8.643485	-56.493484	-49.32122	0.0	19492983	9552.36437177658
97	-155.80707	-155.80707	-45.586647	-49.29666	2.875374	11.053377	-55.340637	-49.29584	0.2	19693981	9649.526165008545
98	-150.58327	-150.58327	-29.18664	-49.315666	2.7781105	10.204529	-55.509506	-49.314762	0.0	19894983	9747.34577870369
99	-172.52379	-172.52379	-22.146265	-49.315094	2.7658331	10.923102	-56.796967	-49.314358	0.1	20095983	9844.865531921387
100	-147.64804	-147.64804	-23.691496	-49.293743	2.8921845	12.3702345	-55.85654	-49.293266	0.0	20296982	9941.805624961853
101	-157.04773	-157.04773	-7.894913	-49.29526	2.9135623	10.890791	-56.43794	-49.29497	0.0	20497991	10038.380734920502
102	-130.44585	-130.44585	-4.208705	-49.278503	2.9703636	8.8534	-56.436275	-49.277603	0.1	20698981	10134.975496530533
103	-132.37456	-132.37456	-23.204674	-49.269867	3.0102394	13.835907	-56.42561	-49.269417	0.2	20899983	10230.95088171959
104	-168.47209	-168.47209	-19.793425	-49.247097	3.071578	15.230758	-56.070923	-49.246643	0.0	21100983	10328.183317422867
105	-140.22556	-140.22556	0.17618455	-49.258327	3.0597153	13.0577545	-56.291397	-49.25776	0.1	21301984	10424.859944343567
106	-182.29155	-182.29155	-20.735518	-49.262722	3.0645132	17.728962	-56.48663	-49.2623	0.1	21502988	10521.855145692825
107	-177.33183	-177.33183	-23.746801	-49.283726	2.983318	13.71534	-55.3939	-49.283478	0.2	21703987	10618.92776632309
108	-140.33109	-140.33109	3.6346679	-49.27671	3.0057633	11.617688	-58.464115	-49.276184	0.1	21904981	10715.661527395248
109	-160.18515	-160.18515	-35.607666	-49.274887	3.0399916	11.525969	-57.519413	-49.27458	0.1	22105983	10812.512158155441
110	-148.14906	-148.14906	-15.564029	-49.27449	3.0308955	11.228289	-57.285984	-49.27398	0.1	22306983	10909.391246557236
111	-156.86662	-156.86662	-5.1333604	-49.26336	3.0742288	13.009675	-56.188572	-49.263065	0.1	22507983	11006.399500608444
112	-170.06215	-170.06215	-10.455151	-49.26143	3.0747745	15.780714	-55.750782	-49.260918	0.0	22708984	11103.927899599075
113	-143.08533	-143.08533	-5.8501344	-49.268078	3.0090477	12.93311	-56.926193	-49.267628	0.0	22909982	11200.860951423645
114	-165.82559	-165.82559	-16.347878	-49.26171	3.0406594	11.242806	-61.975723	-49.26118	0.1	23110981	11298.304114103317
115	-175.75775	-175.75775	-14.881228	-49.265404	3.023624	13.997564	-56.128876	-49.264954	0.2	23311982	11395.296788215637
116	-153.86081	-153.86081	-40.767612	-49.259754	3.0046241	11.713107	-56.40967	-49.258957	0.2	23512986	11492.567796468735
117	-157.47243	-157.47243	-4.069278	-49.27278	2.9821143	10.438785	-56.98461	-49.272156	0.1	23713984	11589.68983745575
118	-154.2393	-154.2393	-17.768147	-49.27429	2.957193	11.767847	-57.207947	-49.27409	0.1	23914981	11686.690477371216
119	-168.49338	-168.49338	-2.3865569	-49.284904	2.9412935	12.039989	-56.355152	-49.284454	0.0	24115982	11783.815445661545
120	-170.08585	-170.08585	-28.656647	-49.26849	3.0419605	12.347767	-58.22214	-49.268303	0.1	24316984	11881.133347272873
121	-159.3031	-159.3031	-22.938644	-49.273663	3.0046673	10.22685	-56.78261	-49.27321	0.1	24517983	11978.263207435608
122	-159.12807	-159.12807	-69.66395	-49.273273	2.9606638	9.893405	-58.01118	-49.27281	0.1	24718983	12075.670200824738
123	-151.46754	-151.46754	-46.58707	-49.27142	2.9579787	16.318394	-72.01188	-49.270935	0.3	24919983	12172.865888118744
124	-166.99748	-166.99748	-39.67256	-49.263676	2.9913743	14.570975	-60.30827	-49.263275	0.1	25120985	12269.682139396667
125	-188.28088	-188.28088	-21.100937	-49.225216	3.1189053	12.939099	-59.729	-49.22437	0.1	25321985	12366.943974256516
126	-167.95494	-167.95494	-22.247606	-49.206413	3.1533082	10.605107	-64.93463	-49.20571	0.0	25522983	12465.16399359703
127	-171.10757	-171.10757	-50.09614	-49.181904	3.2330482	10.404389	-58.760532	-49.181236	0.1	25723987	12562.243306398392
128	-172.11246	-172.11246	-19.052822	-49.162117	3.2998717	12.372915	-58.070137	-49.161263	0.2	25924981	12659.82461476326
129	-149.63153	-149.63153	-3.2988815	-49.15033	3.3242905	12.327823	-57.116646	-49.14974	0.1	26125982	12756.549378871918
130	-156.51091	-156.51091	-2.8497515	-49.137787	3.4202764	12.902367	-58.112236	-49.13702	0.1	26326981	12853.859471321106
131	-160.69289	-160.69289	-42.051964	-49.159824	3.389492	11.671762	-56.61818	-49.15894	0.1	26527981	12951.038403987885
132	-148.75876	-148.75876	-6.7642565	-49.172523	3.3422527	11.721115	-58.688595	-49.171925	0.1	26728981	13047.966440200806
133	-166.49733	-166.49733	-44.64713	-49.16386	3.4064317	13.620858	-59.6013	-49.163082	0.3	26929983	13144.79721903801
134	-165.41273	-165.41273	-4.614925	-49.157845	3.4153438	11.665059	-61.282604	-49.15697	0.2	27130986	13242.296949863434
135	-160.60017	-160.60017	-7.2528887	-49.162586	3.3896973	15.945157	-57.982735	-49.161858	0.0	27331984	13339.414941549301
136	-143.41948	-143.41948	-28.196661	-49.163307	3.4195702	11.071295	-58.178764	-49.162395	0.1	27532985	13435.72366142273
137	-172.5576	-172.5576	-38.412674	-49.147854	3.478607	13.113544	-62.98874	-49.147076	0.1	27733981	13532.257568120956
138	-184.13531	-184.13531	-4.303528	-49.156254	3.4532633	10.044365	-70.64133	-49.155277	0.2	27934982	13628.480117559433
139	-174.54744	-174.54744	5.587007	-49.16171	3.4423332	12.297095	-58.5224	-49.160927	0.1	28135984	13725.371188879013
140	-159.8051	-159.8051	-17.417757	-49.158493	3.4642048	13.177541	-57.355297	-49.157368	0.3	28336987	13822.425028800964
141	-164.9567	-164.9567	-33.39628	-49.168877	3.4322145	12.330112	-59.630398	-49.16825	0.2	28537982	13919.636877059937
142	-147.04262	-147.04262	-17.763903	-49.171482	3.4086475	15.690781	-60.9194	-49.170753	0.5	28738982	14016.669486999512
143	-163.3152	-163.3152	-0.24038345	-49.16252	3.4428968	10.635805	-62.47608	-49.161842	0.1	28939982	14112.818337917328
144	-182.60751	-182.60751	-30.235126	-49.16016	3.4603074	11.285122	-62.047733	-49.159447	0.4	29140989	14210.071288585663
145	-156.2823	-156.2823	-23.35356	-49.156258	3.4590366	10.148775	-59.844757	-49.15591	0.1	29341987	14306.651149749756
146	-176.40044	-176.40044	-5.679048	-49.16332	3.4311926	10.759892	-62.479305	-49.162403	0.4	29542983	14403.56720662117
147	-175.8943	-175.8943	-0.08800939	-49.154984	3.4933994	12.938622	-58.504482	-49.154537	0.1	29743988	14500.054429292679
148	-159.26973	-159.26973	-13.111639	-49.16643	3.4576015	19.53876	-59.236526	-49.16592	0.2	29944981	14596.585128545761
149	-153.82823	-153.82823	-4.063293	-49.161835	3.4876971	13.658513	-65.68584	-49.161415	0.3	30145981	14693.43320274353
150	-167.643	-167.643	-67.089584	-49.162476	3.4730773	16.757795	-58.175404	-49.162003	0.2	30346981	14790.071445941925
151	-143.08313	-143.08313	-2.6459637	-49.163776	3.4922884	12.8336	-63.302418	-49.163364	0.4	30547982	14886.94369482994
152	-150.72047	-150.72047	2.9059615	-49.15413	3.480789	12.722899	-57.579575	-49.153477	0.3	30748982	14983.216631889343
153	-162.09436	-162.09436	-1.7334714	-49.16373	3.4800916	12.332025	-59.546688	-49.163574	0.0	30949982	15079.999816179276
154	-145.87607	-145.87607	-18.140816	-49.159992	3.4961157	18.091082	-59.872658	-49.15941	0.4	31150986	15177.84758925438
155	-188.85143	-188.85143	-37.966045	-49.1487	3.549144	17.84577	-61.167763	-49.14817	0.1	31351986	15274.814194917679
156	-158.11856	-158.11856	-15.372403	-49.152058	3.5160363	13.326422	-58.904007	-49.151814	0.2	31552988	15372.290169239044
157	-156.88669	-156.88669	6.029041	-49.146446	3.5447257	18.5744	-61.353664	-49.146137	0.2	31753983	15469.248778820038
158	-139.96964	-139.96964	-32.415787	-49.14527	3.5542495	14.558891	-60.29483	-49.144608	0.3	31954984	15566.284576892853
159	-157.78291	-157.78291	-29.600243	-49.147385	3.5299554	14.514239	-60.029648	-49.14735	0.2	32155982	15662.986038208008
160	-155.88283	-155.88283	-7.901001	-49.14295	3.5229702	10.200719	-62.39084	-49.142723	0.1	32356981	15760.118195772171
161	-157.32018	-157.32018	-51.112648	-49.14032	3.5158143	11.11769	-62.53136	-49.139725	0.3	32557985	15857.310197353363
162	-154.4414	-154.4414	-25.723646	-49.138905	3.5212452	13.179349	-60.38459	-49.138622	0.3	32758981	15953.91127872467
163	-154.67068	-154.67068	3.6933053	-49.12548	3.5525405	14.33426	-58.39185	-49.125187	0.3	32959983	16051.466065883636
164	-184.07735	-184.07735	3.554246	-49.11439	3.5923257	13.6414795	-63.907948	-49.113354	0.3	33160982	16148.377235174179
165	-167.6066	-167.6066	-21.538347	-49.11564	3.5985246	12.508272	-60.078705	-49.115334	0.0	33361987	16245.162133216858
166	-153.8704	-153.8704	-20.745644	-49.106266	3.648349	12.312105	-58.60244	-49.105873	0.1	33562981	16342.046511411667
167	-141.77058	-141.77058	-0.41549495	-49.08955	3.6688824	10.619342	-64.60718	-49.089176	0.3	33763985	16438.727257966995
168	-173.74504	-173.74504	0.88159406	-49.088673	3.6947079	18.356085	-68.04776	-49.08838	0.2	33964981	16535.126939296722
169	-161.46149	-161.46149	-78.7454	-49.083908	3.680549	12.116616	-59.56698	-49.083206	0.1	34165983	16631.844242095947
170	-168.89467	-168.89467	-0.106938764	-49.07742	3.681318	14.806667	-60.6659	-49.077103	0.3	34366984	16728.350287675858
171	-149.37059	-149.37059	-43.732315	-49.075478	3.6933043	12.088455	-59.016556	-49.075016	0.2	34567983	16825.81810283661
172	-162.77243	-162.77243	2.6576965	-49.05566	3.7649372	11.964148	-61.034927	-49.05497	0.2	34768985	16923.5627348423
173	-151.33104	-151.33104	2.335618	-49.06378	3.7478104	14.570921	-58.951244	-49.063046	0.5	34969983	17019.9229824543
174	-155.53595	-155.53595	-28.313152	-49.062145	3.726645	17.198492	-58.895035	-49.061676	0.0	35170989	17116.22367811203
175	-149.01306	-149.01306	-4.8771625	-49.05843	3.7349088	12.591502	-65.11891	-49.058147	0.2	35371981	17213.004398345947
176	-161.59842	-161.59842	-12.489083	-49.041134	3.8020134	12.42399	-62.74523	-49.040253	0.1	35572981	17309.489612817764
177	-160.10887	-160.10887	-46.408455	-49.04169	3.7960277	11.667505	-60.08155	-49.0413	0.0	35773983	17406.46967625618
178	-148.9478	-148.9478	-6.803274	-49.038746	3.819362	12.298139	-64.66921	-49.037746	0.2	35974982	17503.716062784195
179	-183.50172	-183.50172	-24.062471	-49.042614	3.7791278	15.245236	-61.445145	-49.041653	0.4	36175981	17600.46554684639
180	-137.09923	-137.09923	-18.705841	-49.039932	3.8051593	12.177195	-60.549496	-49.03922	0.1	36376982	17697.033709049225
181	-184.9889	-184.9889	-1.653811	-49.039967	3.7980707	14.593756	-63.570766	-49.039112	0.1	36577984	17793.29523086548
182	-166.34242	-166.34242	1.2044334	-49.027065	3.817778	13.653717	-57.699276	-49.02639	0.2	36778983	17890.186746120453
183	-158.98845	-158.98845	-29.421043	-49.01316	3.8943884	16.92581	-62.176918	-49.01255	0.1	36979984	17986.580844402313
184	-159.92303	-159.92303	-56.545055	-49.026783	3.829897	11.432456	-58.797703	-49.026196	0.0	37180983	18083.27300977707
185	-162.31413	-162.31413	-73.708405	-49.02506	3.813401	17.573544	-67.785706	-49.024467	0.0	37381985	18179.711653232574
186	-187.79779	-187.79779	-5.627873	-49.02472	3.8486044	10.787016	-60.98628	-49.024128	0.1	37582984	18276.15721821785
187	-186.7725	-186.7725	1.144855	-49.020214	3.831901	22.046633	-61.521847	-49.020187	0.4	37783981	18371.87868332863
188	-159.4416	-159.4416	-11.745124	-49.03135	3.811931	11.886213	-66.477165	-49.03022	0.0	37984982	18468.01525950432
189	-166.98398	-166.98398	-15.642584	-49.022495	3.8606954	11.540261	-60.90757	-49.021664	0.2	38185985	18564.361140966415
190	-152.82169	-152.82169	-79.5357	-49.01448	3.8969398	15.014743	-79.057175	-49.013836	0.2	38386981	18660.634042739868
191	-163.37851	-163.37851	7.7689686	-49.026592	3.846241	23.131485	-60.64723	-49.02612	0.4	38587984	18758.026025295258
192	-163.529	-163.529	-32.110447	-49.024406	3.837703	16.765783	-63.875748	-49.023552	0.1	38788982	18854.757257461548
193	-144.27455	-144.27455	-2.2662313	-49.005867	3.8790562	12.088593	-60.013702	-49.005733	0.4	38989983	18951.514285326004
194	-135.88658	-135.88658	3.784066	-49.0023	3.9165764	11.459344	-61.64388	-49.001667	0.1	39190982	19047.97550368309
195	-181.80826	-181.80826	-33.92281	-49.014	3.8735626	12.565614	-63.441757	-49.0134	0.4	39391982	19144.32833623886
196	-171.51532	-171.51532	-65.54784	-49.008835	3.8793743	17.40703	-59.85233	-49.008144	0.3	39592984	19241.032143354416
197	-170.91418	-170.91418	-17.377363	-49.011005	3.8950331	11.594745	-63.794685	-49.010563	0.3	39793984	19338.210400104523
198	-157.77235	-157.77235	7.253825	-49.011772	3.8773153	11.487329	-60.94434	-49.01124	0.6	39994983	19434.97529053688
199	-150.95087	-150.95087	-22.553057	-49.007378	3.922695	12.404081	-60.84252	-49.007053	0.2	40195985	19531.817620038986
200	-170.79295	-170.79295	1.2852658	-49.017517	3.8562267	10.441857	-58.45003	-49.01687	0.3	40396983	19629.24564909935
201	-142.59398	-142.59398	0.45449165	-49.01122	3.9144466	15.284777	-64.00726	-49.010902	0.2	40597983	19726.137135505676
202	-143.5683	-143.5683	5.036304	-49.016884	3.863839	9.93494	-58.608826	-49.016376	0.4	40798982	19822.998519420624
203	-162.07202	-162.07202	3.8856847	-49.018982	3.918827	11.7744055	-69.33798	-49.018505	0.4	40999984	19919.553593158722
204	-172.2226	-172.2226	-36.27929	-49.012867	3.9294963	10.583928	-60.036137	-49.01227	0.3	41200985	20016.139087677002
205	-164.08061	-164.08061	-2.0097544	-49.02212	3.853076	16.617077	-59.428886	-49.022	0.3	41401985	20113.170015096664
206	-150.4689	-150.4689	-2.1195164	-49.02041	3.855475	9.98192	-59.591137	-49.01995	0.4	41602981	20209.359258651733
207	-159.83083	-159.83083	-0.1845326	-49.011707	3.8882632	14.680439	-63.22564	-49.0113	0.3	41803982	20306.066264152527
208	-156.2198	-156.2198	-6.502289	-49.013935	3.8767717	18.24921	-60.784336	-49.01334	0.1	42004981	20404.450489997864
209	-140.03232	-140.03232	-2.2852972	-49.01659	3.8625562	10.751462	-62.086376	-49.016167	0.2	42205985	20501.462387561798
210	-143.95964	-143.95964	3.4953954	-49.01605	3.8684962	12.504468	-59.59786	-49.015045	0.3	42406988	20598.80325961113
211	-157.77684	-157.77684	4.9335647	-49.012707	3.8846831	12.938748	-61.539833	-49.01249	0.2	42607985	20695.118579149246
212	-145.38141	-145.38141	-1.8635517	-49.03194	3.808121	11.5878105	-59.29753	-49.03094	0.0	42808981	20791.729944705963
213	-169.53075	-169.53075	0.7805591	-49.00771	3.8923345	12.996973	-63.77151	-49.00722	0.4	43009991	20888.89545750618
214	-175.03175	-175.03175	-32.503254	-49.00653	3.894773	13.487668	-59.396534	-49.005436	0.2	43210986	20985.48589491844
215	-161.91093	-161.91093	-3.3296778	-49.014393	3.8769953	16.711481	-62.464012	-49.01351	0.2	43411981	21082.55590724945
216	-150.32587	-150.32587	-7.4288173	-49.01665	3.8590863	16.044476	-59.490715	-49.016273	0.1	43612982	21179.33169913292
217	-147.12494	-147.12494	-6.93466	-49.010143	3.8829975	13.765109	-61.515305	-49.009026	0.3	43813984	21276.196914434433
218	-183.2044	-183.2044	-5.8633304	-49.00617	3.8833592	12.708942	-64.46446	-49.005386	0.3	44014986	21373.27914404869
219	-166.41454	-166.41454	-9.841305	-49.012417	3.889615	16.58583	-58.640686	-49.011703	0.2	44215985	21470.441200971603
220	-176.98886	-176.98886	-2.932091	-49.00397	3.8993535	16.14117	-59.19798	-49.0033	0.3	44416986	21566.927654266357
221	-154.46666	-154.46666	-7.2663374	-49.01244	3.8520038	10.911086	-60.713326	-49.011795	0.1	44617983	21662.737186193466
222	-155.77892	-155.77892	-8.173348	-48.99584	3.923835	14.510812	-60.73559	-48.99498	0.2	44818982	21759.447329759598
223	-156.18967	-156.18967	7.139099	-48.99775	3.9115303	11.577429	-63.86044	-48.997486	0.2	45019982	21855.823988437653
224	-156.94757	-156.94757	-6.7272944	-48.994453	3.8843253	15.413073	-59.95171	-48.994297	0.1	45220981	21952.00150346756
225	-154.85632	-154.85632	1.6388222	-49.00204	3.8815482	13.464602	-60.4219	-49.0015	0.4	45421984	22048.294114351273
226	-145.01283	-145.01283	-0.5412877	-48.987434	3.9238083	13.687371	-62.22451	-48.98697	0.2	45622991	22144.76549553871
227	-154.25668	-154.25668	-0.7062979	-48.988667	3.9372418	12.841275	-60.825623	-48.988094	0.3	45823984	22240.79593849182
228	-135.63571	-135.63571	7.4711986	-48.96675	4.0050025	13.335594	-60.88093	-48.96636	0.1	46024982	22337.991171598434
229	-175.87833	-175.87833	3.5216165	-48.985023	3.9416797	11.766711	-61.37578	-48.98447	0.3	46225983	22434.175663232803
230	-152.08934	-152.08934	-3.870912	-48.971912	3.9783404	8.811033	-63.089203	-48.971397	0.2	46426983	22530.29746556282
231	-162.50491	-162.50491	2.0207214	-48.974907	3.9725573	18.27075	-58.286377	-48.974342	0.3	46627983	22626.496642112732
232	-163.12193	-163.12193	2.2011523	-48.961452	4.0344176	11.558621	-60.93795	-48.96082	0.4	46828984	22722.902814865112
233	-175.5037	-175.5037	-11.052188	-48.969982	3.9789298	16.063475	-61.06509	-48.96911	0.3	47029983	22818.982551813126
234	-155.69337	-155.69337	-0.89570004	-48.97082	3.9781704	11.122082	-62.434483	-48.97052	0.3	47230981	22915.763110160828
235	-144.10468	-144.10468	-0.028064646	-48.962822	4.013485	16.084913	-60.297977	-48.962254	0.3	47431981	23013.174592733383
236	-145.19614	-145.19614	9.078877	-48.96046	4.0287657	11.375782	-61.36804	-48.959305	0.4	47632982	23110.05428814888
237	-129.69524	-129.69524	-1.3874444	-48.95922	3.9896271	13.72998	-64.06421	-48.958664	0.2	47833986	23206.739057064056
238	-160.88873	-160.88873	3.9442284	-48.95447	3.9948423	11.855889	-63.789757	-48.953094	0.5	48034983	23303.015416383743
239	-152.74858	-152.74858	6.5846157	-48.94473	4.020003	9.491227	-70.978004	-48.943905	0.4	48235981	23399.624408006668
240	-176.49423	-176.49423	1.3842443	-48.951847	3.9991984	21.645386	-65.55024	-48.951077	0.3	48436982	23496.389914751053
241	-129.18752	-129.18752	7.8283796	-48.953407	3.9847965	12.809485	-63.956814	-48.952457	0.3	48637981	23593.26700782776
242	-170.16513	-170.16513	-4.659722	-48.94104	4.0249376	11.117436	-62.972042	-48.940228	0.3	48838985	23689.818962812424
243	-175.01765	-175.01765	-4.262915	-48.949352	4.0109434	14.003238	-62.896347	-48.948673	0.2	49039982	23786.53196001053
244	-169.1741	-169.1741	1.3003181	-48.94488	4.0286436	14.018276	-61.4724	-48.94426	0.5	49240982	23883.29515314102
245	-126.6995	-126.6995	5.703095	-48.934032	4.040184	14.702909	-65.23256	-48.933567	0.3	49441982	23979.78342103958
246	-168.31697	-168.31697	1.5605105	-48.940933	4.0634413	12.15034	-64.00185	-48.940407	0.1	49642982	24076.07183098793
247	-159.06555	-159.06555	7.1133285	-48.929893	4.0499983	13.757976	-62.010185	-48.92896	0.4	49843991	24172.795897245407
248	-147.86287	-147.86287	-0.01746394	-48.9316	4.086615	12.414469	-60.956635	-48.930664	0.5	50044981	24269.096258878708
249	-151.19254	-151.19254	8.255892	-48.93182	4.0349727	12.136193	-65.246	-48.930992	0.5	50245987	24365.758040189743
250	-148.62192	-148.62192	-10.675546	-48.934666	4.0264726	12.795436	-62.70897	-48.933804	0.2	50446984	24462.6368560791
251	-156.57005	-156.57005	-2.9872086	-48.92133	4.080288	12.964319	-61.59017	-48.920517	0.2	50647981	24558.7107257843
252	-147.63896	-147.63896	1.288186	-48.92792	4.0980473	13.095498	-59.88442	-48.926918	0.1	50848985	24655.927356243134
253	-148.71254	-148.71254	-11.958014	-48.930855	4.053313	14.006538	-59.272453	-48.93079	0.5	51049982	24752.509964466095
254	-123.98623	-123.98623	-2.8078797	-48.925285	4.0285797	17.47551	-61.046146	-48.924686	0.3	51250989	24849.2061920166
255	-145.68452	-145.68452	3.0491133	-48.901283	4.1271977	14.08959	-78.32204	-48.90036	0.3	51451983	24945.96157503128
256	-143.30334	-143.30334	-3.541874	-48.90791	4.0781107	12.371212	-67.96343	-48.90699	0.1	51652987	25043.439061403275
257	-158.90889	-158.90889	-17.71765	-48.891808	4.15861	14.193687	-64.628395	-48.891335	0.2	51853983	25140.40861749649
258	-168.94658	-168.94658	-5.5813317	-48.901333	4.1372685	12.106356	-60.781654	-48.900707	0.2	52054983	25237.31752705574
259	-136.56157	-136.56157	9.333253	-48.904137	4.121088	12.436787	-64.37942	-48.903973	0.3	52255984	25333.485890626907
260	-169.54784	-169.54784	8.3673725	-48.90279	4.1505513	13.256279	-64.19515	-48.902462	0.4	52456984	25430.29158473015
261	-163.28833	-163.28833	-9.890475	-48.885944	4.1822104	22.338062	-62.033348	-48.88556	0.4	52657985	25526.694507837296
262	-142.34647	-142.34647	1.8492546	-48.892944	4.132725	15.796412	-61.596127	-48.892387	0.3	52858986	25622.861854076385
263	-146.18242	-146.18242	2.6970656	-48.890125	4.1710653	12.24226	-65.08088	-48.889545	0.6	53059983	25718.768014907837
264	-175.94865	-175.94865	-4.495288	-48.88467	4.183183	16.920721	-62.72856	-48.88456	0.4	53260982	25815.26943564415
265	-174.8589	-174.8589	10.7023325	-48.88392	4.1968546	13.438446	-60.94621	-48.883804	0.1	53461983	25911.93459558487
266	-163.0339	-163.0339	0.93764436	-48.87869	4.218623	17.063437	-68.78898	-48.87845	0.4	53662985	26008.95288515091
267	-156.56618	-156.56618	7.661186	-48.874466	4.2084565	12.261625	-62.456306	-48.873722	0.2	53863982	26105.346814632416
268	-146.62666	-146.62666	-18.452278	-48.864418	4.2452035	10.741794	-62.67782	-48.864372	0.2	54064984	26201.647301912308
269	-157.56474	-157.56474	5.0570283	-48.871456	4.185747	15.691326	-63.219048	-48.87093	0.2	54265984	26297.971329927444
270	-159.49084	-159.49084	9.475965	-48.86252	4.2194133	12.714775	-61.221733	-48.862534	0.5	54466986	26395.026392936707
271	-144.49246	-144.49246	-3.2795508	-48.85863	4.244804	12.886493	-60.237736	-48.858513	0.3	54667983	26492.154935359955
272	-135.44283	-135.44283	5.44078	-48.865715	4.22995	11.624085	-62.798225	-48.865463	0.3	54868983	26588.688866376877
273	-127.60975	-127.60975	-19.034851	-48.862286	4.2006307	14.010906	-61.649895	-48.86186	0.4	55069986	26685.40364408493
274	-128.32736	-128.32736	1.5622437	-48.85219	4.250789	13.030199	-66.86843	-48.852123	0.2	55270982	26782.397072792053
275	-126.14079	-126.14079	7.0022717	-48.83035	4.306902	15.642914	-62.92603	-48.830105	0.0	55471982	26879.664053440094
276	-150.05508	-150.05508	7.1339784	-48.833	4.2743177	18.296597	-62.13088	-48.832924	0.1	55672981	26975.884110689163
277	-141.39159	-141.39159	5.6413274	-48.823875	4.320523	14.482324	-62.32505	-48.82345	0.1	55873984	27072.251403093338
278	-152.94373	-152.94373	5.00151	-48.833717	4.3357105	12.495929	-61.69253	-48.83355	0.4	56074983	27169.12220954895
279	-134.03587	-134.03587	3.938273	-48.84072	4.293485	12.587001	-62.145996	-48.840282	0.3	56275983	27266.058391571045
280	-155.94899	-155.94899	-10.2357235	-48.84868	4.2476583	13.826633	-64.672264	-48.848423	0.3	56476985	27363.302857875824
281	-139.47417	-139.47417	-19.663692	-48.84147	4.286089	11.126622	-61.50308	-48.84088	0.1	56677983	27459.80860233307
282	-152.27092	-152.27092	6.8736324	-48.844524	4.30034	13.51987	-61.081837	-48.844383	0.5	56878987	27556.280460357666
283	-136.06671	-136.06671	-16.808474	-48.830326	4.30424	13.104516	-64.479706	-48.830406	0.1	57079986	27653.780195236206
284	-138.22203	-138.22203	-1.7375038	-48.83335	4.302371	13.787342	-65.663414	-48.83305	0.5	57280982	27750.711436271667
285	-140.47684	-140.47684	-45.80149	-48.82536	4.3554773	14.647159	-63.936245	-48.82472	0.2	57481983	27847.83221554756
286	-123.10986	-123.10986	6.239342	-48.8138	4.4104815	17.840107	-61.427402	-48.8133	0.3	57682982	27944.34405851364
287	-138.9432	-138.9432	-11.818869	-48.801804	4.408094	13.643663	-61.609158	-48.802197	0.3	57883983	28040.789876937866
288	-145.79205	-145.79205	4.841663	-48.81096	4.3767357	19.492102	-65.897194	-48.810753	0.2	58084984	28136.806507110596
289	-157.82895	-157.82895	-30.855064	-48.809032	4.413911	16.372051	-64.6473	-48.809708	0.4	58285986	28233.766308546066
290	-151.11841	-151.11841	-9.244765	-48.821903	4.3725414	14.414314	-61.935028	-48.821484	0.2	58486983	28330.135726690292
291	-147.35077	-147.35077	6.989789	-48.799675	4.444767	12.710522	-61.042103	-48.80008	0.6	58687981	28426.792371034622
292	-162.2574	-162.2574	-5.516037	-48.804173	4.420618	12.874137	-63.410213	-48.80437	0.1	58888981	28523.359580278397
293	-140.07434	-140.07434	-17.202393	-48.81644	4.387136	15.096056	-64.39325	-48.816414	0.5	59089983	28619.3611536026
294	-153.3983	-153.3983	0.9369726	-48.822933	4.3574834	15.237703	-61.051	-48.82306	0.5	59290983	28716.34202980995
295	-170.94113	-170.94113	7.723132	-48.811413	4.377377	12.055292	-62.572937	-48.811646	0.5	59491989	28812.979672431946
296	-145.95294	-145.95294	2.047586	-48.799915	4.4314547	12.708197	-64.115616	-48.799934	0.1	59692983	28909.37076663971
297	-138.76982	-138.76982	-50.9729	-48.811924	4.4211864	12.110684	-62.885662	-48.81159	0.3	59893983	29005.960397958755
298	-167.19511	-167.19511	9.525872	-48.808865	4.4259934	13.543366	-61.843334	-48.80901	0.4	60094984	29102.166513204575
299	-161.87337	-161.87337	-13.83429	-48.802402	4.439202	11.908997	-64.38797	-48.80247	0.3	60295981	29198.856474876404
300	-136.90192	-136.90192	-8.237479	-48.8151	4.421949	22.319984	-64.22498	-48.814938	0.4	60496983	29295.17138838768
301	-133.67091	-133.67091	-1.6713517	-48.796867	4.469508	13.170811	-62.202522	-48.796875	0.3	60697983	29392.57057929039
302	-160.94044	-160.94044	-39.43679	-48.799545	4.4702616	18.555786	-62.78589	-48.800003	0.4	60898982	29489.281618118286
303	-157.92596	-157.92596	-2.137575	-48.816864	4.403612	16.772558	-65.07804	-48.817383	0.3	61099984	29586.83863759041
304	-145.70789	-145.70789	0.8332746	-48.830177	4.401152	12.051501	-63.89159	-48.82998	0.4	61300983	29683.459384441376
305	-154.13318	-154.13318	3.3331537	-48.825077	4.4053464	13.129682	-62.03435	-48.824966	0.3	61501983	29780.17404770851
306	-149.81677	-149.81677	-3.142736	-48.808987	4.4071765	14.349486	-64.29755	-48.809177	0.3	61702982	29876.948291540146
307	-153.60326	-153.60326	1.2306094	-48.812225	4.439639	20.991	-62.342846	-48.812107	0.3	61903987	29973.92389535904
308	-148.15767	-148.15767	0.53035474	-48.805283	4.4628057	19.211908	-61.91775	-48.805088	0.3	62104982	30071.41792345047
309	-141.12086	-141.12086	6.5950704	-48.78937	4.470148	22.606892	-60.551216	-48.789368	0.5	62305984	30168.539261817932
310	-141.04466	-141.04466	-19.030302	-48.808304	4.45229	21.686565	-65.6979	-48.808804	0.2	62506981	30264.850643873215
311	-143.48715	-143.48715	3.8981469	-48.792053	4.452366	13.139101	-64.1138	-48.79237	0.4	62707982	30362.063830137253
312	-177.7389	-177.7389	8.593205	-48.79287	4.460983	15.671374	-70.95262	-48.793167	0.4	62908982	30459.452413082123
313	-133.47522	-133.47522	9.5241785	-48.790688	4.498427	18.473877	-65.525536	-48.790863	0.2	63109984	30556.49782371521
314	-149.85994	-149.85994	1.9056048	-48.77316	4.533806	20.807133	-66.27742	-48.773403	0.2	63310981	30653.25803256035
315	-169.3965	-169.3965	-22.84692	-48.798473	4.4522176	16.814877	-62.606834	-48.798885	0.4	63511984	30749.63986301422
316	-146.36897	-146.36897	-3.0600893	-48.798298	4.4814053	15.269816	-63.851223	-48.798893	0.2	63712982	30846.7696723938
317	-131.12157	-131.12157	-21.158314	-48.791775	4.481364	12.372685	-63.31063	-48.792015	0.6	63913981	30943.43877720833
318	-135.12294	-135.12294	-0.67659944	-48.77989	4.515393	15.337764	-65.19009	-48.78016	0.5	64114991	31040.3676302433
319	-143.84116	-143.84116	-4.7255034	-48.766525	4.538068	12.853397	-67.92603	-48.766754	0.3	64315983	31137.03975701332
320	-135.54623	-135.54623	10.129162	-48.78557	4.4633765	13.9682865	-61.409634	-48.78613	0.3	64516983	31233.953467607498
321	-143.13782	-143.13782	-8.297761	-48.777733	4.5048757	12.033801	-63.960754	-48.778008	0.4	64717982	31331.19692015648
322	-164.68295	-164.68295	-35.566822	-48.762054	4.573401	14.496777	-62.31526	-48.762356	0.6	64918981	31427.98446202278
323	-145.26077	-145.26077	0.11723542	-48.765762	4.5505857	13.80984	-61.564663	-48.766212	0.1	65119981	31525.5090508461
324	-144.55853	-144.55853	7.3940063	-48.783615	4.494706	12.789952	-66.133835	-48.78419	0.3	65320988	31622.071550369263
325	-128.95181	-128.95181	-6.262041	-48.755863	4.562935	15.169133	-62.157566	-48.755627	0.2	65521982	31719.203543424606
326	-141.52032	-141.52032	10.736409	-48.747498	4.5838	12.000814	-62.404163	-48.74825	0.5	65722982	31816.20495915413
327	-144.87254	-144.87254	7.4394774	-48.740913	4.6043606	11.924519	-65.05169	-48.740685	0.5	65923983	31913.404915332794
328	-141.56773	-141.56773	5.7141876	-48.750256	4.5967	16.944519	-61.64464	-48.751072	0.6	66124982	32010.190990924835
329	-135.8508	-135.8508	12.797195	-48.741196	4.651662	14.529596	-61.85765	-48.741585	0.1	66325981	32106.590190649033
330	-146.05858	-146.05858	3.671739	-48.733856	4.6303525	11.380004	-64.1111	-48.733715	0.2	66526986	32203.381724834442
331	-150.33908	-150.33908	-14.965073	-48.7621	4.571659	15.27256	-65.41834	-48.76296	0.3	66727982	32300.20748233795
332	-157.09918	-157.09918	6.9043536	-48.73814	4.6220536	14.82	-68.917366	-48.738384	0.8	66928981	32396.557139635086
333	-127.85082	-127.85082	-14.362488	-48.742004	4.606482	18.496492	-68.2825	-48.74288	0.4	67129982	32492.623789072037
334	-142.68631	-142.68631	6.5440617	-48.7428	4.6045966	10.838162	-74.8367	-48.74289	0.4	67330982	32588.83622789383
335	-165.98494	-165.98494	6.33028	-48.739334	4.6006947	14.473686	-68.01635	-48.73954	0.1	67531984	32685.05781531334
336	-154.14265	-154.14265	11.651076	-48.72833	4.6167593	14.657585	-61.984303	-48.72952	0.6	67732981	32781.18382668495
337	-139.1818	-139.1818	3.4180727	-48.738834	4.5652003	12.109105	-63.17007	-48.738564	0.8	67933986	32876.84338974953
338	-145.4042	-145.4042	5.6584926	-48.72294	4.6396885	12.632227	-68.1555	-48.723362	0.4	68134984	32973.067750930786
339	-150.388	-150.388	-7.4248447	-48.71959	4.6169324	15.433198	-64.86599	-48.720566	0.2	68335983	33068.87375330925
340	-125.38187	-125.38187	1.3807492	-48.712067	4.66014	14.168634	-62.6818	-48.71224	0.6	68536985	33164.82980799675
341	-148.96277	-148.96277	5.4673886	-48.696106	4.7118564	14.883831	-71.4944	-48.69739	0.2	68737982	33261.09763479233
342	-136.45195	-136.45195	6.3484526	-48.70649	4.6749244	15.226663	-68.74648	-48.706806	0.6	68938985	33356.9243285656
343	-137.73065	-137.73065	4.1189647	-48.69068	4.71375	12.184147	-67.06902	-48.691406	0.6	69139984	33452.642412900925
344	-148.49591	-148.49591	-9.866607	-48.696495	4.668925	17.164125	-62.240307	-48.69742	0.4	69340981	33548.576303720474
345	-146.68689	-146.68689	6.8477983	-48.69595	4.692301	15.006702	-64.03005	-48.697075	0.5	69541986	33644.522869586945
346	-159.92735	-159.92735	7.14273	-48.68146	4.716688	13.668576	-65.1012	-48.682133	0.5	69742983	33741.39681649208
347	-153.15361	-153.15361	-5.5361524	-48.687542	4.700957	15.485199	-64.949715	-48.688225	0.3	69943991	33837.76404476166
348	-142.97697	-142.97697	6.6961594	-48.684475	4.7011867	11.549824	-65.377945	-48.685425	0.4	70144983	33933.9630086422
349	-146.01047	-146.01047	4.104958	-48.671978	4.7067356	16.946568	-64.4811	-48.672306	0.4	70345983	34031.42047429085
350	-128.81363	-128.81363	8.155181	-48.677353	4.7141743	15.71382	-66.15732	-48.67837	0.6	70546982	34128.17345356941
351	-154.98575	-154.98575	7.3663254	-48.6667	4.785558	14.109493	-62.870506	-48.667446	0.5	70747983	34224.39195179939
352	-151.77634	-151.77634	9.462141	-48.665565	4.783126	14.921662	-66.8775	-48.666157	0.4	70948982	34320.475652217865
353	-162.58975	-162.58975	-6.169867	-48.678947	4.7448025	13.375842	-64.06548	-48.679283	0.2	71149984	34416.87232661247
354	-118.103096	-118.103096	4.4057617	-48.673496	4.717303	12.470148	-61.93264	-48.674248	0.6	71350984	34512.56822037697
355	-163.34517	-163.34517	4.164087	-48.6857	4.6868253	12.959874	-63.93728	-48.686466	0.4	71551982	34609.17048454285
356	-158.49551	-158.49551	1.0669721	-48.655865	4.79249	16.336208	-62.89909	-48.65659	0.3	71752982	34705.455725193024
357	-148.63008	-148.63008	7.2847095	-48.675682	4.723946	15.925641	-61.575714	-48.676056	0.3	71953986	34801.63526701927
358	-127.56763	-127.56763	-16.665682	-48.651344	4.814808	12.307903	-65.268814	-48.652283	0.4	72154982	34898.63176321983
359	-132.22247	-132.22247	3.1168673	-48.647785	4.7975135	13.450251	-73.2786	-48.64878	0.3	72355981	34996.11221408844
360	-163.21587	-163.21587	7.5129476	-48.663227	4.76411	15.761594	-72.50382	-48.66378	0.4	72556982	35092.74802970886
361	-152.33067	-152.33067	7.3598814	-48.6641	4.7703876	17.331182	-61.93214	-48.66497	0.5	72757983	35189.49682688713
362	-138.36774	-138.36774	-0.19152528	-48.663643	4.7627397	14.545303	-62.393963	-48.66464	0.2	72958983	35286.49940633774
363	-148.51639	-148.51639	7.471756	-48.65755	4.7806835	18.37638	-67.57439	-48.658016	0.6	73159982	35383.97258782387
364	-159.7764	-159.7764	5.022186	-48.663727	4.77626	13.922016	-61.3702	-48.66488	0.1	73360982	35481.28256583214
365	-139.59126	-139.59126	-9.839358	-48.658012	4.8028164	15.392265	-66.09493	-48.65827	0.3	73561982	35578.20402145386
366	-149.33418	-149.33418	6.279505	-48.632587	4.8638635	13.919231	-68.34189	-48.63333	0.7	73762982	35674.96354031563
367	-144.84851	-144.84851	-6.109823	-48.636745	4.8639693	14.604594	-67.38466	-48.638157	0.4	73963983	35771.74223399162
368	-155.83687	-155.83687	-14.338129	-48.639187	4.8747196	17.197803	-64.8385	-48.639748	0.4	74164981	35868.84266138077
369	-135.85684	-135.85684	-12.187906	-48.63233	4.864683	16.815096	-65.83591	-48.633167	0.2	74365981	35965.802243709564
370	-147.97289	-147.97289	8.956197	-48.63982	4.871054	19.42691	-66.94423	-48.64084	0.4	74566983	36062.964913368225
371	-137.71458	-137.71458	7.5547132	-48.645626	4.83383	19.781	-62.3176	-48.64686	0.4	74767987	36159.96715641022
372	-147.03258	-147.03258	10.0586815	-48.64353	4.819609	18.154781	-64.893524	-48.64473	0.8	74968984	36256.30566048622
373	-152.21918	-152.21918	10.165954	-48.636757	4.8635545	19.258219	-63.158237	-48.63707	0.3	75169982	36353.35438275337
374	-130.46678	-130.46678	7.30217	-48.626945	4.88832	17.395473	-65.542694	-48.627773	0.5	75370982	36449.94021177292
375	-154.64171	-154.64171	2.5273664	-48.63842	4.854011	15.939675	-62.63264	-48.63953	0.5	75571984	36546.483790397644
376	-153.56302	-153.56302	7.861348	-48.622105	4.911452	12.192677	-66.32765	-48.622894	0.6	75772981	36642.82937312126
377	-151.68776	-151.68776	9.309239	-48.62921	4.8490305	16.770418	-71.36869	-48.62984	0.2	75973981	36740.15685796738
378	-158.71759	-158.71759	-2.8612409	-48.610718	4.9363585	14.941094	-62.48437	-48.61157	0.4	76174988	36837.860909700394
379	-135.57948	-135.57948	10.203666	-48.65005	4.8212733	16.611164	-68.52142	-48.650673	0.4	76375981	36935.00436711311
380	-131.20384	-131.20384	5.267219	-48.616398	4.8986735	21.131811	-63.888493	-48.617287	0.3	76576981	37031.83941721916
381	-146.47862	-146.47862	-17.520018	-48.623936	4.895416	15.7890835	-63.139713	-48.62471	0.4	76777986	37128.389946460724
382	-150.31732	-150.31732	-0.38601378	-48.62842	4.877074	14.032657	-63.25953	-48.628952	0.8	76978983	37224.95007562637
383	-142.83376	-142.83376	10.983224	-48.622253	4.8892937	14.633245	-62.424183	-48.62265	0.4	77179986	37321.622134923935
384	-162.4931	-162.4931	-17.067953	-48.620502	4.8816195	19.662577	-65.16369	-48.622326	0.6	77380981	37418.04786300659
385	-155.63835	-155.63835	0.66870767	-48.617783	4.884739	23.338383	-65.341156	-48.617973	0.4	77581982	37515.26359605789
386	-156.58557	-156.58557	4.5047755	-48.617023	4.897731	12.483921	-63.065598	-48.618	0.4	77782986	37611.86871242523
387	-146.78705	-146.78705	3.591754	-48.611343	4.917496	19.12073	-84.91959	-48.611984	0.3	77983982	37708.83112740517
388	-156.23296	-156.23296	-0.9684126	-48.618935	4.90001	12.978725	-65.10546	-48.619976	0.6	78184983	37805.22537255287
389	-150.34981	-150.34981	-11.236283	-48.617607	4.8957887	20.465948	-70.552444	-48.618214	0.4	78385983	37901.77531337738
390	-151.72345	-151.72345	6.4807086	-48.617077	4.875919	18.382055	-96.837654	-48.61849	0.4	78586982	37998.712980508804
391	-157.81544	-157.81544	-27.65259	-48.627785	4.8589306	15.680954	-81.08412	-48.628647	0.3	78787982	38095.55414390564
392	-137.8228	-137.8228	2.4854882	-48.623806	4.8768497	16.089394	-72.00235	-48.624847	0.3	78988981	38191.905557870865
393	-141.24915	-141.24915	3.1306932	-48.61709	4.893695	17.33786	-69.05736	-48.617687	0.2	79189982	38288.982004880905
394	-133.18076	-133.18076	-6.277896	-48.620518	4.870152	14.8047695	-67.42005	-48.621574	0.4	79390983	38386.300104379654
395	-185.45262	-185.45262	8.544799	-48.614227	4.8939576	16.881348	-66.271194	-48.615036	0.1	79591983	38483.52677941322
396	-128.19345	-128.19345	4.068214	-48.613064	4.898345	15.022497	-64.223885	-48.613903	0.1	79792983	38579.71502542496
397	-162.52719	-162.52719	6.9658155	-48.613605	4.9146385	15.207736	-68.636566	-48.615295	0.6	79993981	38676.07619857788
398	-138.91829	-138.91829	8.379386	-48.616936	4.8739996	16.286274	-68.651505	-48.617855	0.3	80194986	38771.36290574074
399	-155.02711	-155.02711	-28.409765	-48.607513	4.8994946	15.151976	-72.85907	-48.607784	0.4	80395981	38867.8100669384
400	-149.59145	-149.59145	9.61056	-48.60922	4.9016757	20.072989	-64.66881	-48.610348	0.5	80596983	38963.691267967224
401	-140.00691	-140.00691	-8.115399	-48.59728	4.9504166	21.215311	-68.63145	-48.598106	0.5	80797982	39060.099891901016
402	-143.54456	-143.54456	6.72717	-48.59327	4.918408	14.604935	-64.300156	-48.594063	0.4	80998982	39156.638753414154
403	-158.65376	-158.65376	-4.915827	-48.595497	4.943674	22.125439	-62.735966	-48.59662	0.2	81199983	39253.07184243202
404	-137.80075	-137.80075	7.430931	-48.589695	4.950923	17.129148	-66.8682	-48.59096	0.4	81400985	39352.41821599007
405	-156.69107	-156.69107	7.488123	-48.597054	4.9306746	19.332779	-84.87647	-48.597794	0.2	81601984	39450.874098062515
406	-113.87138	-113.87138	7.336554	-48.591473	4.912666	17.165945	-67.74535	-48.592716	0.1	81802984	39547.450920820236
407	-158.86743	-158.86743	10.561832	-48.594887	4.9060516	18.105164	-67.135056	-48.595425	0.5	82003983	39643.87953162193
408	-136.35448	-136.35448	-14.093614	-48.574657	4.958561	15.973742	-62.334866	-48.575737	0.5	82204983	39741.21684408188
409	-130.64308	-130.64308	-7.363068	-48.577675	4.954145	21.211592	-62.088806	-48.57867	0.5	82405982	39837.943925619125
410	-147.34712	-147.34712	1.0418425	-48.581676	4.9563317	15.372444	-64.79064	-48.582882	0.6	82606983	39934.94616866112
411	-138.22383	-138.22383	-21.23836	-48.5874	4.923029	24.789171	-66.57725	-48.588146	0.2	82807991	40030.853977918625
412	-174.99538	-174.99538	8.578818	-48.59046	4.8962126	18.904133	-67.687645	-48.59152	0.3	83008983	40126.956048965454
413	-137.34198	-137.34198	-18.089933	-48.553055	5.016298	13.88516	-67.435326	-48.55445	0.3	83209986	40223.186178684235
414	-143.11601	-143.11601	-2.181567	-48.56833	4.9987154	16.44405	-66.90299	-48.569756	0.6	83410981	40320.00858283043
415	-134.94052	-134.94052	-8.47166	-48.568844	4.9752855	13.702058	-67.10263	-48.56993	0.3	83611982	40417.21883392334
416	-135.66426	-135.66426	0.021487039	-48.583614	4.938847	20.516758	-66.05056	-48.584446	0.4	83812985	40513.69986248016
417	-147.25916	-147.25916	7.031786	-48.579815	4.917838	18.514524	-63.150284	-48.581493	0.3	84013983	40610.5779736042
418	-141.54245	-141.54245	1.6386627	-48.559223	4.990328	17.794134	-67.59618	-48.560173	0.4	84214982	40706.99062156677
419	-145.04414	-145.04414	-16.064352	-48.575314	4.932241	14.878269	-63.856937	-48.57638	0.4	84415983	40806.98532629013
420	-124.98985	-124.98985	-20.644001	-48.560528	4.963973	17.720243	-63.571186	-48.56148	0.4	84616981	40903.543281555176
421	-146.1085	-146.1085	-10.299294	-48.55334	4.9674587	20.978352	-91.3469	-48.5539	0.4	84817982	41000.01052689552
422	-136.67738	-136.67738	4.0638347	-48.548794	5.0057545	18.325531	-69.61576	-48.549747	0.4	85018981	41096.331770181656
423	-128.92131	-128.92131	8.517708	-48.54897	4.9827595	15.266651	-67.623924	-48.55057	0.4	85219982	41192.217364788055
424	-136.23378	-136.23378	10.524106	-48.549164	5.0110874	17.551382	-71.707565	-48.550194	0.4	85420984	41287.855414390564
425	-167.80048	-167.80048	9.418987	-48.545277	4.966137	18.991503	-65.81425	-48.546543	0.1	85621982	41384.59706187248
426	-123.728455	-123.728455	0.6447442	-48.519093	5.056701	16.682446	-67.00764	-48.52035	0.4	85822984	41480.32953310013
427	-111.84337	-111.84337	-17.732042	-48.525787	5.0324078	16.022808	-77.64319	-48.52758	0.6	86023982	41576.250957250595
428	-141.62788	-141.62788	10.179079	-48.538265	5.0244303	21.052061	-67.3052	-48.539738	0.3	86224982	41673.587342977524
429	-153.48625	-153.48625	6.083723	-48.528206	5.0179873	17.070189	-66.914925	-48.529808	0.2	86425983	41770.326357126236
430	-152.62064	-152.62064	10.54719	-48.522194	5.0225196	15.346497	-68.317764	-48.523235	0.6	86626984	41866.944076538086
431	-149.02495	-149.02495	-8.360501	-48.537106	5.014111	14.185705	-67.8499	-48.53841	0.2	86827981	41963.77189707756
432	-139.3372	-139.3372	0.40126285	-48.536682	4.998058	15.902017	-62.240955	-48.53844	0.2	87028985	42059.850461006165
433	-143.09444	-143.09444	10.5669	-48.528496	5.0467563	21.46836	-71.970474	-48.530155	0.5	87229981	42156.15161561966
434	-158.22327	-158.22327	7.608655	-48.508472	5.072017	16.944582	-65.73419	-48.51043	0.2	87430984	42252.21747779846
435	-134.61969	-134.61969	9.362688	-48.53451	5.0239935	15.019073	-64.946396	-48.534977	0.3	87631981	42347.72268986702
436	-144.82437	-144.82437	10.127923	-48.51423	5.060937	15.1863985	-66.003235	-48.51613	0.6	87832982	42443.36977458
437	-135.2249	-135.2249	12.133954	-48.52949	5.00283	18.521593	-66.99537	-48.530605	0.6	88033982	42539.02177238464
438	-150.06165	-150.06165	11.4301	-48.52032	5.026842	16.013851	-73.672516	-48.521122	0.5	88234983	42635.16166973114
439	-159.90875	-159.90875	8.214561	-48.503	5.071613	24.777517	-65.25235	-48.504883	0.5	88435982	42731.39730787277
440	-127.560585	-127.560585	10.609165	-48.525383	5.018119	15.836301	-67.45027	-48.526104	0.6	88636981	42827.278148174286
441	-145.63882	-145.63882	9.708143	-48.515385	5.01972	18.259953	-63.740734	-48.51667	0.8	88837983	42923.44989204407
442	-140.17896	-140.17896	10.206811	-48.503777	5.0876164	13.992102	-67.547646	-48.505337	0.3	89038986	43019.56627225876
443	-160.30177	-160.30177	3.385047	-48.517525	5.0434394	16.309452	-67.46125	-48.51825	0.3	89239982	43116.91047358513
444	-161.14432	-161.14432	8.604175	-48.50547	5.0890517	20.153906	-97.69345	-48.507545	0.7	89440988	43213.076441049576
445	-135.86243	-135.86243	8.558677	-48.518585	5.0256963	16.168983	-74.817055	-48.52014	0.3	89641984	43309.102531433105
446	-134.7257	-134.7257	7.2181935	-48.498573	5.0903425	18.23438	-69.277794	-48.49985	0.5	89842986	43405.26148581505
447	-128.88	-128.88	8.036526	-48.49904	5.1081758	17.067545	-64.48397	-48.500465	0.4	90043984	43500.56951332092
448	-133.70341	-133.70341	2.341346	-48.506382	5.0846243	15.407142	-68.69441	-48.507744	0.3	90244984	43595.8687479496
449	-143.76419	-143.76419	5.618113	-48.518375	5.0163555	14.572611	-66.93667	-48.519695	0.6	90445985	43691.41542196274
450	-137.18282	-137.18282	-14.344241	-48.495365	5.0724497	15.69753	-66.730736	-48.496803	0.6	90646982	43786.65708374977
451	-124.095535	-124.095535	9.360535	-48.49598	5.0968575	16.373056	-69.85732	-48.49783	0.5	90847982	43883.045031785965
452	-141.5049	-141.5049	-12.650324	-48.49929	5.0805964	17.099535	-65.329765	-48.500782	0.4	91048982	43978.60890173912
453	-121.87368	-121.87368	8.506596	-48.493393	5.106662	22.465689	-66.53975	-48.494713	0.5	91249983	44083.32316541672
454	-149.00714	-149.00714	9.783694	-48.501213	5.1044073	17.68835	-70.87849	-48.503334	0.3	91450982	44192.116112947464
455	-143.33441	-143.33441	10.548834	-48.49068	5.119396	23.03466	-66.66628	-48.49254	0.2	91651982	44290.58135008812
456	-129.5965	-129.5965	-1.1580526	-48.479137	5.1457896	20.930895	-68.40806	-48.480682	0.3	91852983	44390.05831480026
457	-143.89555	-143.89555	7.139526	-48.49491	5.1003127	16.417028	-67.08742	-48.496796	0.6	92053984	44490.229783535004
458	-142.76434	-142.76434	-7.7940645	-48.4791	5.1115828	17.217106	-64.25309	-48.480408	0.6	92254983	44591.12455511093
459	-145.44403	-145.44403	10.76782	-48.460217	5.146614	14.794344	-70.64965	-48.463314	0.5	92455981	44690.409470796585
460	-125.95933	-125.95933	-3.0400925	-48.460808	5.167168	18.040306	-71.63803	-48.46176	0.3	92656984	44788.64689230919
461	-132.87958	-132.87958	7.39897	-48.46894	5.126822	13.773243	-63.02859	-48.470997	0.5	92857982	44887.486079216
462	-136.77632	-136.77632	-32.483486	-48.462994	5.154883	19.712826	-67.71749	-48.465286	0.3	93058985	44985.61556434631
463	-117.42327	-117.42327	7.5092053	-48.453136	5.1667147	20.153395	-67.15824	-48.45468	0.4	93259988	45085.42025947571
464	-118.547775	-118.547775	8.441916	-48.464706	5.131914	14.73391	-70.734795	-48.46608	0.5	93460981	45186.77356004715
465	-145.21263	-145.21263	7.5386157	-48.457794	5.1560254	17.70192	-65.08079	-48.459587	0.5	93661981	45290.77062010765
466	-145.88708	-145.88708	-5.817946	-48.452587	5.1767426	25.832474	-70.36839	-48.454514	0.4	93862983	45390.6251347065
467	-147.00851	-147.00851	7.4651113	-48.435078	5.2276883	23.05961	-86.77468	-48.436733	0.5	94063983	45489.86298036575
468	-124.93014	-124.93014	-0.3038278	-48.44657	5.1686773	17.338692	-72.312386	-48.4477	0.6	94264983	45592.55870437622
469	-139.0058	-139.0058	4.6089215	-48.424797	5.2428927	14.813099	-69.52801	-48.426815	0.4	94465982	45694.876813173294
470	-135.45634	-135.45634	10.161416	-48.44674	5.1822805	18.509348	-72.55698	-48.448997	0.4	94666982	45798.98756837845
471	-139.49619	-139.49619	-1.1366853	-48.45101	5.1465054	25.40745	-69.07381	-48.451958	0.5	94867981	45899.57517170906
472	-145.74763	-145.74763	11.110295	-48.4401	5.1907387	14.873248	-67.10984	-48.441868	0.4	95068984	45997.232233285904
473	-126.40472	-126.40472	-4.6205535	-48.429497	5.2358127	19.07312	-78.10411	-48.430832	0.2	95269983	46098.09705710411
474	-119.29753	-119.29753	-9.697559	-48.430786	5.1836705	16.997238	-74.85489	-48.432247	0.1	95470983	46200.964582920074
475	-147.6337	-147.6337	9.548318	-48.431778	5.19379	18.738787	-65.2069	-48.433277	0.4	95671983	46304.79958605766
476	-125.840324	-125.840324	-12.502135	-48.427868	5.1855493	16.96171	-74.41204	-48.42996	0.2	95872982	46404.56205892563
477	-155.55289	-155.55289	-8.281335	-48.404343	5.2972584	19.244589	-76.049034	-48.406467	0.6	96073985	46508.18517947197
478	-146.65727	-146.65727	-14.965445	-48.436546	5.142911	14.978414	-69.92547	-48.438576	0.4	96274982	46608.344972372055
479	-150.0617	-150.0617	-5.482649	-48.417698	5.2124066	16.609951	-67.14227	-48.419186	0.3	96475983	46711.05601644516
480	-162.4364	-162.4364	9.5436735	-48.4028	5.236777	15.676071	-65.44143	-48.405117	0.5	96676983	46809.56549906731
481	-158.37006	-158.37006	-5.619164	-48.421566	5.2118907	19.474398	-67.674034	-48.42319	0.3	96877984	46910.75202488899
482	-138.8166	-138.8166	8.607546	-48.421207	5.20244	18.915747	-65.76113	-48.42237	0.4	97078981	47006.04621171951
483	-114.931244	-114.931244	0.39272708	-48.398438	5.2543855	17.01969	-70.46203	-48.400963	0.4	97279981	47105.62599134445
484	-162.83862	-162.83862	-2.9852524	-48.412144	5.251198	18.925013	-67.04583	-48.413223	0.2	97480984	47206.771830797195
485	-129.0694	-129.0694	-5.010326	-48.416824	5.256296	15.776054	-71.31759	-48.418453	0.0	97681982	47304.808040857315
486	-127.40684	-127.40684	11.897363	-48.428577	5.203023	14.51227	-77.78017	-48.430553	0.3	97882982	47404.20539355278
487	-140.32225	-140.32225	7.6006565	-48.42332	5.19121	16.104092	-67.7629	-48.425316	0.4	98083986	47503.875136613846
488	-155.60744	-155.60744	12.467048	-48.4179	5.2430177	17.941206	-68.58433	-48.41961	0.5	98284982	47602.63349747658
489	-145.084	-145.084	8.082985	-48.408203	5.258029	17.214523	-68.031	-48.410446	0.1	98485982	47702.734082221985
490	-141.84035	-141.84035	12.859632	-48.422153	5.221455	14.311602	-65.85036	-48.42317	0.4	98686985	47802.867047548294
491	-141.10944	-141.10944	9.601786	-48.40697	5.2590666	17.593708	-66.06963	-48.408092	0.5	98887983	47907.254125118256
492	-123.84609	-123.84609	10.59889	-48.403614	5.247559	16.953377	-71.12313	-48.405247	0.7	99088991	48009.52923679352
493	-135.17389	-135.17389	8.16662	-48.415634	5.2087398	15.521224	-67.681206	-48.416565	0.5	99289986	48116.38343715668
494	-129.16066	-129.16066	7.260222	-48.41357	5.243397	21.53001	-122.42122	-48.415718	0.5	99490983	48223.256809949875
495	-139.35179	-139.35179	-27.473505	-48.403606	5.284527	15.588375	-67.96472	-48.405815	0.4	99691984	48324.33789515495
496	-125.933014	-125.933014	12.1077385	-48.411602	5.241704	16.476286	-70.58289	-48.41359	0.4	99892983	48424.41396307945
497	-158.18822	-158.18822	-1.8482666	-48.402634	5.2818913	15.658451	-81.73977	-48.403664	0.5	100093982	48527.1680598259
498	-141.91881	-141.91881	6.9510713	-48.419872	5.2097406	19.266739	-78.08464	-48.422596	0.4	100294981	48630.195023059845
499	-117.875694	-117.875694	-8.274958	-48.38898	5.307852	20.335249	-66.696144	-48.390762	0.5	100495984	48731.812723875046
