Epoch	EpRet	EpRealRet	TestEpRet	AverageQ1	StdQ1	MaxQ1	MinQ1	Q2	TestSuccess	TotalEnvInteracts	TotalTime
0	-26.0	-26.0	0.0	-6.6588693	11.203192	15.388158	-366.09717	-6.6773424	0.0	196991	74.16363835334778
1	-16.0	-16.0	0.0	-4.3058324	8.983642	42.13666	-106.82002	-4.3065376	0.0	397991	148.2988302707672
2	-20.0	-20.0	0.0	-4.679783	8.930944	14.004381	-56.128876	-4.678866	0.0	598991	228.25207996368408
3	-20.0	-20.0	0.0	-4.9125385	9.123906	13.044051	-57.760387	-4.911286	0.0	799986	307.32574439048767
4	-26.0	-26.0	0.0	-5.4613028	9.505382	10.638909	-64.12828	-5.4616823	0.0	1000991	388.15928888320923
5	-20.0	-20.0	0.0	-5.990398	10.107137	13.821384	-74.98874	-5.989672	0.0	1201991	469.5995433330536
6	-22.0	-22.0	0.0	-6.0628242	9.576227	14.356898	-69.29005	-6.063082	0.0	1402982	550.0415298938751
7	-14.0	-14.0	0.0	-6.436289	9.458052	11.08912	-71.77339	-6.436299	0.0	1603991	627.6294934749603
8	-16.0	-16.0	0.0	-5.724153	8.774352	11.489215	-87.26478	-5.725155	0.0	1804991	709.4448249340057
9	-18.0	-18.0	0.0	-6.2602296	8.841886	9.927343	-102.574646	-6.263036	0.0	2005991	790.4463155269623
10	-18.0	-18.0	0.0	-5.9769363	8.962738	21.342335	-105.55119	-5.9762707	0.0	2206991	871.9608025550842
11	-20.0	-20.0	0.0	-6.4722877	9.120097	15.715918	-75.69156	-6.475065	0.0	2407991	954.8572432994843
12	-12.0	-12.0	0.0	-7.094187	9.150033	14.059163	-76.97689	-7.0974636	0.0	2608991	1042.550414800644
13	-28.0	-28.0	0.0	-7.9724936	9.111256	14.01272	-80.40467	-7.9749994	0.0	2809989	1124.4477977752686
14	-26.0	-26.0	0.0	-7.5142927	8.81099	10.434378	-76.50449	-7.515333	0.0	3010991	1205.199776172638
15	-14.0	-14.0	0.0	-8.387667	8.789768	17.154982	-77.183655	-8.386334	0.0	3211991	1287.5754261016846
16	-20.0	-20.0	0.0	-8.737476	8.874412	13.001802	-75.7035	-8.737135	0.0	3412982	1365.519515991211
17	-34.0	-34.0	0.0	-8.595223	8.904805	35.07453	-78.589615	-8.593656	0.0	3613981	1443.9583835601807
18	-26.0	-26.0	0.0	-7.6913314	9.027336	13.917148	-113.2921	-7.689474	0.0	3814991	1526.2174844741821
19	-20.0	-20.0	0.0	-7.6796637	8.858555	19.971312	-79.167076	-7.6793675	0.0	4015991	1602.2107198238373
20	-28.0	-28.0	0.0	-7.9278593	8.7521305	15.688097	-77.28902	-7.9279037	0.0	4216991	1684.8801097869873
21	-20.0	-20.0	0.0	-8.407208	9.084739	18.164976	-76.56747	-8.407129	0.0	4417991	1762.593291759491
22	-24.0	-24.0	0.0	-8.852444	9.133716	17.847624	-82.34372	-8.856146	0.0	4618989	1839.2839443683624
23	-24.0	-24.0	0.0	-9.961923	9.182726	16.407892	-73.83876	-9.964883	0.0	4819991	1916.6980543136597
24	-8.0	-8.0	0.0	-10.093289	9.423379	15.466193	-74.71185	-10.094905	0.0	5020991	1996.045536994934
25	-16.0	-16.0	0.0	-9.849207	9.513855	12.175657	-70.83112	-9.849767	0.0	5221991	2074.6456277370453
26	-16.0	-16.0	0.0	-11.033129	9.547764	13.311633	-73.351494	-11.034718	0.1	5422991	2153.4107143878937
27	-24.0	-24.0	0.0	-13.521028	9.700706	18.936787	-75.206795	-13.520835	0.0	5623981	2231.2817442417145
28	-16.0	-16.0	0.0	-16.753736	9.193773	14.972813	-72.00181	-16.75613	0.0	5824991	2309.274722099304
29	-16.0	-16.0	0.0	-16.83823	8.64671	12.345109	-68.19244	-16.840988	0.0	6025991	2388.321895837784
30	-34.0	-34.0	0.0	-15.631247	8.689469	13.4539995	-74.166214	-15.632139	0.0	6226991	2476.5030183792114
31	-24.0	-24.0	0.0	-15.154984	8.749062	24.389084	-68.54917	-15.155024	0.0	6427991	2555.2782464027405
32	-14.0	-14.0	0.0	-14.736316	8.966997	19.348932	-69.71745	-14.737548	0.0	6628991	2633.789378643036
33	-24.0	-24.0	0.0	-14.492055	9.006558	16.354347	-78.46966	-14.489059	0.0	6829991	2714.8593866825104
34	-26.0	-26.0	0.0	-14.366992	8.989358	10.208275	-77.81235	-14.363522	0.0	7030991	2791.593485355377
35	-30.0	-30.0	0.0	-14.316481	9.004531	13.628622	-75.97447	-14.316198	0.0	7231991	2868.1523077487946
36	-14.0	-14.0	0.0	-15.891189	9.244466	12.036331	-73.91775	-15.894578	0.0	7432991	2948.1993362903595
37	-22.0	-22.0	0.0	-17.009825	9.482302	9.558183	-76.99543	-17.01703	0.0	7633984	3030.4527752399445
38	-18.0	-18.0	0.0	-15.128836	9.555583	15.423037	-71.232185	-15.129264	0.0	7834985	3116.4957749843597
39	-8.0	-8.0	0.0	-13.752855	9.590002	13.739305	-71.5466	-13.75209	0.0	8035991	3206.6578934192657
40	-14.0	-14.0	0.0	-12.886651	9.461121	13.881422	-72.32301	-12.88724	0.1	8236991	3293.915580511093
41	-20.0	-20.0	0.0	-12.672666	9.212328	17.533806	-78.2152	-12.670817	0.0	8437991	3373.834464788437
42	-32.0	-32.0	0.0	-12.780454	9.024813	14.7654085	-69.9227	-12.779226	0.0	8638991	3457.3353576660156
43	-14.0	-14.0	0.0	-13.234004	8.837839	14.70295	-73.21368	-13.234194	0.0	8839991	3541.2774951457977
44	-20.0	-20.0	0.0	-14.642394	8.792541	16.587494	-77.62667	-14.642382	0.0	9040991	3622.367351770401
45	-28.0	-28.0	0.0	-17.91257	8.521676	14.171786	-77.29348	-17.911232	0.0	9241988	3709.416492462158
46	-18.0	-18.0	0.0	-20.402481	7.9937644	11.898704	-68.05187	-20.404005	0.0	9442991	3792.2291309833527
47	-18.0	-18.0	0.0	-22.079418	7.4746785	9.911817	-73.027664	-22.080227	0.0	9643991	3869.9917554855347
48	-16.0	-16.0	0.0	-21.56192	8.106722	19.94236	-75.44915	-21.56257	0.0	9844991	3947.0800240039825
49	-18.0	-18.0	0.0	-13.43731	8.728042	20.407793	-66.888435	-13.437754	0.0	10045991	4025.5996680259705
50	-16.0	-16.0	0.0	-10.150114	7.0524487	13.074341	-78.741905	-10.14672	0.0	10246991	4104.627733707428
51	-26.0	-26.0	0.0	-13.025994	7.027321	12.172901	-84.2486	-13.027104	0.0	10447991	4181.380379199982
52	-28.0	-28.0	0.0	-15.256603	6.7194877	15.282118	-71.2111	-15.257823	0.0	10648991	4258.106479644775
53	-12.0	-12.0	0.0	-14.384177	6.7072053	14.801096	-77.7464	-14.383303	0.0	10849990	4334.312537908554
54	-10.0	-10.0	0.0	-12.284864	6.8101416	8.670678	-77.26005	-12.284682	0.0	11050991	4411.232056617737
55	-32.0	-32.0	0.0	-12.034174	6.7401714	18.139923	-80.16706	-12.034945	0.0	11251991	4488.303692817688
56	-24.0	-24.0	0.0	-13.022666	6.632702	11.808752	-77.65987	-13.023219	0.0	11452988	4564.994296550751
57	-30.0	-30.0	0.0	-11.171417	7.154811	19.175207	-73.60742	-11.173009	0.0	11653991	4640.897656440735
58	-16.0	-16.0	0.0	-10.83323	6.83711	21.19419	-83.16463	-10.831327	0.0	11854991	4715.648544073105
59	-16.0	-16.0	0.0	-12.762271	6.6315827	13.433208	-83.28477	-12.762379	0.0	12055991	4788.923188209534
60	-8.0	-8.0	0.0	-14.599354	6.485755	11.547125	-71.281654	-14.599024	0.0	12256991	4862.457200288773
61	-12.0	-12.0	0.0	-13.842429	7.0729637	40.749393	-67.64245	-13.844332	0.0	12457991	4935.795018911362
62	-26.0	-26.0	0.0	-8.787385	6.8681316	11.783414	-69.51833	-8.781904	0.0	12658991	5008.992213964462
63	-22.0	-22.0	0.0	-9.910085	6.7594805	18.1834	-75.45769	-9.908917	0.0	12859991	5082.212346792221
64	-20.0	-20.0	0.0	-9.721326	6.673867	14.4738035	-74.03473	-9.720321	0.0	13060985	5154.638121128082
65	-28.0	-28.0	0.0	-9.856417	6.6763315	15.489959	-98.521774	-9.854417	0.0	13261991	5227.137817144394
66	-14.0	-14.0	0.0	-9.613155	6.746562	11.698651	-74.15837	-9.610166	0.0	13462991	5299.905716657639
67	-24.0	-24.0	0.0	-10.431467	6.669042	14.353549	-85.33748	-10.4288	0.0	13663991	5372.580124378204
68	-28.0	-28.0	0.0	-11.368792	6.631479	13.338522	-81.43563	-11.36887	0.0	13864991	5445.029856443405
69	-12.0	-12.0	0.0	-10.967209	6.7276483	19.890923	-87.41477	-10.9676	0.0	14065991	5517.792357206345
70	-18.0	-18.0	0.0	-9.528737	6.8112297	16.450537	-76.57283	-9.527459	0.0	14266991	5590.638147592545
71	-14.0	-14.0	0.0	-10.072399	6.8369026	10.924711	-78.928764	-10.071042	0.0	14467991	5663.839366197586
72	-20.0	-20.0	0.0	-12.741641	6.727769	11.976604	-90.19419	-12.741555	0.0	14668991	5737.549167633057
73	-20.0	-20.0	0.0	-12.819945	6.5114274	12.483142	-85.74686	-12.819698	0.0	14869989	5810.501085519791
74	-28.0	-28.0	0.0	-11.764256	6.5268755	12.776465	-84.78198	-11.76355	0.0	15070984	5884.022464990616
75	-28.0	-28.0	0.0	-11.195684	6.5743437	14.771383	-68.55478	-11.196745	0.0	15271991	5956.913536310196
76	-40.0	-40.0	0.0	-10.060156	6.652874	10.943818	-85.77991	-10.062181	0.0	15472991	6029.427139520645
77	-30.0	-30.0	0.0	-10.047258	6.6754684	12.923276	-73.01319	-10.048433	0.0	15673991	6101.85960316658
78	-18.0	-18.0	0.0	-10.216657	6.583224	11.601775	-69.84177	-10.217152	0.0	15874986	6173.458163738251
79	-16.0	-16.0	0.0	-12.032345	6.5255284	11.109608	-70.97279	-12.033039	0.0	16075983	6246.170686244965
80	-20.0	-20.0	0.0	-15.518021	6.175737	7.705319	-74.547806	-15.522227	0.0	16276991	6318.473476409912
81	-14.0	-14.0	0.0	-16.585987	6.1144605	11.969332	-70.33475	-16.589102	0.0	16477991	6390.858079195023
82	-28.0	-28.0	0.0	-13.797329	6.469166	29.040155	-67.4961	-13.799	0.0	16678984	6462.829057216644
83	-22.0	-22.0	0.0	-8.90573	6.7206135	17.604046	-76.576485	-8.905299	0.0	16879991	6534.91900062561
84	-6.0	-6.0	0.0	-13.719831	6.0043893	7.306902	-76.50875	-13.721095	0.0	17080991	6607.118367433548
85	-18.0	-18.0	0.0	-16.667875	5.654285	6.860423	-87.452774	-16.671696	0.0	17281991	6678.893412351608
86	-22.0	-22.0	0.0	-18.564417	5.426368	7.1153536	-74.3498	-18.567144	0.0	17482990	6750.776177883148
87	-12.0	-12.0	0.0	-19.556883	5.3841453	12.449575	-74.06703	-19.559072	0.0	17683991	6822.839551925659
88	-22.0	-22.0	0.0	-18.142403	6.341227	16.76455	-81.318436	-18.142763	0.0	17884984	6894.448354721069
89	-12.0	-12.0	0.0	-9.954685	6.3760066	12.244416	-87.85919	-9.951131	0.0	18085991	6966.491845607758
90	-12.0	-12.0	0.0	-10.611432	6.280742	7.669354	-81.516205	-10.611318	0.0	18286991	7039.255041599274
91	-10.0	-10.0	0.0	-8.929662	6.277983	9.200969	-76.43554	-8.9261265	0.0	18487991	7111.264661550522
92	-18.0	-18.0	0.0	-12.638973	6.105556	17.19608	-75.80975	-12.636881	0.0	18688991	7182.760297298431
93	-12.0	-12.0	0.0	-12.587697	6.9139447	17.555933	-80.6603	-12.583452	0.0	18889991	7254.583804607391
94	-28.0	-28.0	0.0	-12.201581	6.2086525	4.815991	-84.75902	-12.202197	0.0	19090991	7327.038057565689
95	-24.0	-24.0	0.0	-15.235906	5.631804	7.5944333	-83.31521	-15.23741	0.0	19291991	7398.845849514008
96	-12.0	-12.0	0.0	-14.782455	6.278438	29.712456	-80.98424	-14.783319	0.0	19492991	7471.128351449966
97	-16.0	-16.0	0.0	-8.57606	6.3485956	15.549697	-87.25852	-8.571607	0.0	19693991	7542.575984954834
98	-12.0	-12.0	0.0	-9.83842	6.2587657	10.888714	-91.68854	-9.840205	0.0	19894991	7614.872262477875
99	-28.0	-28.0	0.0	-9.918574	6.4486027	10.554624	-85.43201	-9.920031	0.0	20095982	7686.998168230057
100	-24.0	-24.0	0.0	-8.935936	6.555874	11.432853	-80.95669	-8.93841	0.0	20296981	7757.957848787308
101	-34.0	-34.0	0.0	-8.08348	6.66398	11.861289	-83.225815	-8.085399	0.0	20497990	7829.312863349915
102	-38.0	-38.0	0.0	-9.492546	6.584782	7.813716	-83.23569	-9.491936	0.0	20698991	7900.393283605576
103	-22.0	-22.0	0.0	-11.492439	6.409206	11.759427	-93.87443	-11.493397	0.0	20899988	7971.893154144287
104	-18.0	-18.0	0.0	-10.882942	6.8577504	15.697536	-82.700645	-10.879595	0.0	21100991	8044.650457620621
105	-22.0	-22.0	0.0	-10.555061	6.6627717	13.541227	-100.666954	-10.552378	0.0	21301991	8116.183975696564
106	-24.0	-24.0	0.0	-12.265607	6.2977753	12.599264	-84.177536	-12.26393	0.0	21502991	8187.331349134445
107	-20.0	-20.0	0.0	-15.259958	6.15315	10.489138	-83.92733	-15.261147	0.0	21703991	8258.175519227982
108	-16.0	-16.0	0.0	-16.663465	6.0171566	8.745326	-95.01968	-16.662727	0.0	21904991	8329.63417506218
109	-14.0	-14.0	0.0	-16.189016	6.1463547	11.276196	-86.18195	-16.187243	0.0	22105991	8400.656786441803
110	-14.0	-14.0	0.0	-17.28737	5.963137	10.586534	-98.78748	-17.285906	0.0	22306991	8470.662415504456
111	-14.0	-14.0	0.0	-19.2237	5.9136868	2.3625572	-85.41292	-19.223223	0.0	22507991	8541.11355137825
112	-18.0	-18.0	0.0	-18.94246	6.2764883	15.646154	-79.34776	-18.940216	0.0	22708988	8612.625372886658
113	-20.0	-20.0	0.0	-12.428103	6.8555818	4.2755365	-78.15467	-12.4258995	0.0	22909991	8682.92933011055
114	-14.0	-14.0	0.0	-12.685845	6.1448703	4.884016	-78.782234	-12.685054	0.0	23110991	8753.135930538177
115	-18.0	-18.0	0.0	-14.339642	5.9534297	5.172191	-94.9778	-14.337354	0.0	23311981	8823.632521629333
116	-12.0	-12.0	0.0	-16.057596	5.8273597	11.092284	-86.7891	-16.058632	0.0	23512991	8894.068358182907
117	-20.0	-20.0	0.0	-13.154369	6.761682	15.838751	-83.71384	-13.159453	0.0	23713991	8964.395765781403
118	-14.0	-14.0	0.0	-10.383635	6.103849	8.598194	-94.97823	-10.383103	0.0	23914991	9034.569212198257
119	-22.0	-22.0	0.0	-14.143964	5.970596	11.363744	-103.03446	-14.143189	0.0	24115991	9104.475702047348
120	-16.0	-16.0	0.0	-17.547426	5.510066	7.4676685	-101.23366	-17.548008	0.0	24316985	9174.984395503998
121	-16.0	-16.0	0.0	-17.921377	5.421694	9.005358	-102.32333	-17.92115	0.0	24517991	9245.58320260048
122	-20.0	-20.0	0.0	-18.05069	5.419205	12.423994	-82.236206	-18.05202	0.0	24718991	9315.514162778854
123	-18.0	-18.0	0.0	-9.451347	6.7345405	14.992544	-77.91405	-9.450591	0.0	24919983	9386.090760469437
124	-20.0	-20.0	0.0	-9.180955	6.03545	13.424703	-95.57999	-9.180967	0.0	25120991	9456.200214862823
125	-28.0	-28.0	0.0	-14.069361	5.652345	12.689564	-91.86739	-14.072036	0.0	25321991	9526.402445316315
126	-20.0	-20.0	0.0	-16.252518	5.410256	2.7202094	-101.35488	-16.253708	0.0	25522984	9596.011811733246
127	-32.0	-32.0	0.0	-11.760349	6.178486	4.600094	-85.84817	-11.7596855	0.0	25723991	9665.998433589935
128	-18.0	-18.0	0.0	-11.3221	5.9945726	7.335099	-92.46878	-11.320326	0.0	25924991	9735.831499576569
129	-26.0	-26.0	0.0	-14.341834	5.7306876	3.4123507	-95.57606	-14.339617	0.0	26125991	9805.87070441246
130	-26.0	-26.0	0.0	-16.006413	5.6166315	3.4493043	-92.27861	-16.005415	0.0	26326991	9875.869688510895
131	-22.0	-22.0	0.0	-15.939569	5.4624624	3.695692	-99.27861	-15.939305	0.0	26527991	9945.301183462143
132	-14.0	-14.0	0.0	-13.309303	6.1568856	7.6072674	-95.667656	-13.310725	0.0	26728991	10016.541699647903
133	-12.0	-12.0	0.0	-7.760095	6.49288	11.027126	-99.567696	-7.761543	0.0	26929991	10086.92923617363
134	-24.0	-24.0	0.0	-7.8448105	6.325234	12.879366	-106.72173	-7.8431706	0.0	27130991	10157.112033128738
135	-16.0	-16.0	0.0	-9.936887	6.0712376	8.579633	-109.40765	-9.937569	0.0	27331991	10227.47313785553
136	-12.0	-12.0	0.0	-12.946561	5.8793607	11.229083	-116.80156	-12.9438715	0.0	27532991	10297.450325965881
137	-18.0	-18.0	0.0	-17.001743	5.6005473	11.802824	-93.40624	-16.99957	0.0	27733981	10367.681187868118
138	-24.0	-24.0	0.0	-13.285826	7.669185	32.814476	-97.62032	-13.286633	0.0	27934984	10438.85923743248
139	-26.0	-26.0	0.0	-13.918439	5.850912	-0.028546572	-104.71524	-13.917841	0.0	28135983	10509.383304357529
140	-16.0	-16.0	0.0	-18.54157	5.2329106	-2.9919496	-88.580894	-18.541143	0.0	28336991	10579.159544944763
141	-12.0	-12.0	0.0	-20.141296	4.981187	8.396641	-98.2942	-20.139275	0.0	28537991	10649.218488931656
142	-16.0	-16.0	0.0	-14.621595	6.174608	10.106213	-96.01999	-14.621625	0.0	28738991	10718.952544689178
143	-20.0	-20.0	0.0	-12.9853325	5.806669	11.839872	-93.62545	-12.986917	0.0	28939991	10789.078360080719
144	-24.0	-24.0	0.0	-12.028734	5.9876256	9.313076	-101.222786	-12.029824	0.0	29140991	10858.840663194656
145	-20.0	-20.0	0.0	-14.648983	5.7437053	8.679396	-105.34993	-14.64718	0.0	29341991	10928.789453268051
146	-22.0	-22.0	0.0	-17.214405	5.3790774	8.5966425	-85.12989	-17.214352	0.0	29542991	10998.651467323303
147	-22.0	-22.0	0.0	-19.722101	5.1345177	3.1960883	-92.69266	-19.722864	0.0	29743991	11071.222358703613
148	-28.0	-28.0	0.0	-21.847294	4.801081	4.116148	-79.44829	-21.845873	0.0	29944991	11141.227818012238
149	-18.0	-18.0	0.0	-22.92026	4.551803	0.24937534	-115.36247	-22.92002	0.0	30145991	11211.625751256943
150	-26.0	-26.0	0.0	-23.76776	4.344667	-2.275924	-86.55175	-23.767239	0.0	30346991	11282.911878347397
151	-26.0	-26.0	0.0	-24.393059	4.1899805	4.1344385	-96.0897	-24.392637	0.0	30547988	11352.705869913101
152	-20.0	-20.0	0.0	-24.049713	4.3376865	7.8915358	-79.58176	-24.049526	0.0	30748991	11422.516531705856
153	-16.0	-16.0	0.0	-20.309729	4.9058814	2.3082068	-89.72785	-20.311243	0.0	30949991	11492.083672523499
154	-16.0	-16.0	0.0	-20.881424	4.629644	-6.9527597	-91.481544	-20.881735	0.0	31150991	11562.065809726715
155	-18.0	-18.0	0.0	-22.12979	4.5559626	-7.1606307	-95.48547	-22.129988	0.0	31351991	11631.718675136566
156	-14.0	-14.0	0.0	-22.88625	4.5308366	-7.5743628	-97.8722	-22.886633	0.0	31552991	11700.941996097565
157	-16.0	-16.0	0.0	-23.855286	4.4959626	-7.486989	-90.52197	-23.853735	0.0	31753991	11770.942066907883
158	-24.0	-24.0	0.0	-24.40594	4.5063467	-10.210535	-96.622536	-24.405912	0.0	31954991	11841.323327064514
159	-10.0	-10.0	0.0	-24.47944	4.4816694	-7.6897593	-148.33524	-24.479229	0.0	32155991	11911.177647829056
160	-14.0	-14.0	0.0	-23.996832	4.5312924	-8.701704	-90.996506	-23.996405	0.0	32356984	11980.375140666962
161	-18.0	-18.0	0.0	-22.397406	4.730782	-3.2081225	-85.15597	-22.397694	0.0	32557991	12049.687983512878
162	-14.0	-14.0	0.0	-20.174965	5.0659695	-1.1130304	-79.63032	-20.175283	0.0	32758991	12118.960205316544
163	-24.0	-24.0	0.0	-19.498766	5.395599	-0.6010773	-77.8238	-19.49917	0.0	32959989	12188.750041007996
164	-18.0	-18.0	0.0	-20.878107	5.5346866	-1.379983	-85.07418	-20.878325	0.0	33160991	12258.68426156044
165	-32.0	-32.0	0.0	-16.236406	8.296127	23.130842	-85.29773	-16.239513	0.0	33361991	12327.967532873154
166	-14.0	-14.0	0.0	-9.546953	6.309909	7.199149	-75.689835	-9.548415	0.0	33562985	12397.088312864304
167	-18.0	-18.0	0.0	-9.972708	6.240733	6.58902	-94.49973	-9.97346	0.0	33763991	12466.78413438797
168	-18.0	-18.0	0.0	-12.348194	5.792718	2.1451557	-89.4626	-12.346287	0.0	33964991	12536.415708065033
169	-14.0	-14.0	0.0	-15.246235	5.5428543	-0.77007556	-98.92834	-15.246572	0.0	34165991	12606.161818742752
170	-14.0	-14.0	0.0	-15.274054	5.7757306	9.184706	-98.333725	-15.277479	0.0	34366984	12675.887308835983
171	-14.0	-14.0	0.0	-14.3062105	5.7645793	1.6896882	-118.14057	-14.3075285	0.0	34567991	12745.990304231644
172	-22.0	-22.0	0.0	-15.337245	5.6751866	2.4458442	-85.14702	-15.336656	0.0	34768982	12816.134747743607
173	-18.0	-18.0	0.0	-16.597246	5.4509387	4.4716063	-99.25957	-16.597012	0.0	34969986	12886.457142353058
174	-16.0	-16.0	0.0	-13.391659	5.8929124	7.3073487	-101.76781	-13.393715	0.0	35170991	12956.175919771194
175	-26.0	-26.0	0.0	-13.559248	5.7421317	5.2303143	-111.098045	-13.55782	0.0	35371986	13026.568126678467
176	-20.0	-20.0	0.0	-14.417808	5.7938414	4.1694155	-103.12166	-14.418796	0.0	35572991	13097.245290994644
177	-20.0	-20.0	0.0	-13.81127	5.9689856	0.80900574	-89.41853	-13.810406	0.0	35773985	13167.28503537178
178	-12.0	-12.0	0.0	-14.568406	5.8302007	-0.22876167	-108.40129	-14.567307	0.0	35974991	13237.214616298676
179	-14.0	-14.0	0.0	-15.041752	5.6786623	-0.11740661	-90.412384	-15.039486	0.0	36175991	13307.638751983643
180	-14.0	-14.0	0.0	-15.737492	5.547429	0.49261808	-91.44912	-15.736485	0.0	36376991	13378.048483133316
181	-12.0	-12.0	0.0	-17.231949	5.4461775	-0.6506963	-94.40476	-17.230534	0.0	36577991	13448.326043844223
182	-28.0	-28.0	0.0	-18.904518	5.2432256	-1.0763357	-97.5181	-18.904964	0.0	36778991	13518.749128341675
183	-22.0	-22.0	0.0	-20.595726	5.0702996	-3.8545454	-92.17463	-20.594683	0.1	36979982	13588.317044496536
184	-24.0	-24.0	0.0	-21.651432	4.9213057	-3.6816645	-91.4552	-21.65218	0.0	37180987	13658.33330321312
185	-16.0	-16.0	0.0	-21.498852	4.888556	-6.345379	-100.51594	-21.498388	0.0	37381991	13729.597860574722
186	-24.0	-24.0	0.0	-20.797642	4.81212	-4.2427506	-97.113945	-20.797852	0.0	37582991	13800.527124643326
187	-14.0	-14.0	0.0	-21.072123	4.6635914	-4.3665996	-88.93713	-21.072174	0.0	37783991	13871.042011499405
188	-12.0	-12.0	0.0	-21.312153	4.595107	-1.7665066	-92.077835	-21.311666	0.0	37984991	13941.274174928665
189	-18.0	-18.0	0.0	-21.251484	4.74523	6.0161886	-105.45127	-21.250925	0.0	38185991	14013.045263767242
190	-22.0	-22.0	0.0	-14.865359	6.717146	13.192872	-124.35643	-14.869396	0.1	38386991	14083.954672813416
191	-24.0	-24.0	0.0	-8.135797	5.995405	8.592665	-90.1882	-8.140394	0.0	38587991	14154.103564023972
192	-36.0	-36.0	0.0	-8.660305	5.8791556	7.8964434	-93.21287	-8.662998	0.0	38788991	14223.641546964645
193	-24.0	-24.0	0.0	-10.191006	5.8053923	8.308786	-91.56939	-10.189265	0.0	38989989	14293.942496299744
194	-22.0	-22.0	0.0	-10.422352	5.787863	6.5343657	-90.108376	-10.422426	0.0	39190991	14364.582055330276
195	-22.0	-22.0	0.0	-10.328416	6.0429997	10.09738	-107.66565	-10.327665	0.0	39391991	14435.262491226196
196	-22.0	-22.0	0.0	-7.2577815	6.172459	9.88992	-97.57108	-7.258358	0.0	39592991	14505.682626008987
197	-10.0	-10.0	0.0	-7.138757	6.1795063	12.012037	-84.533	-7.136825	0.0	39793991	14575.839078426361
198	-8.0	-8.0	0.0	-6.830282	6.314048	13.184697	-111.999664	-6.8295817	0.0	39994991	14646.026479005814
199	-10.0	-10.0	0.0	-6.6259437	6.2784123	8.322159	-92.87361	-6.622666	0.0	40195991	14717.936116218567
200	-14.0	-14.0	0.0	-6.58011	6.2862372	8.883263	-131.1623	-6.5777063	0.0	40396991	14788.23457813263
201	-18.0	-18.0	0.0	-7.2457614	6.178679	7.59859	-95.93976	-7.240928	0.0	40597986	14859.260606527328
202	-16.0	-16.0	0.0	-7.7638826	6.1699924	7.734901	-115.851425	-7.7612305	0.0	40798991	14930.02596616745
203	-18.0	-18.0	0.0	-9.381864	6.0276895	9.309054	-101.013245	-9.381741	0.0	40999991	14999.623477697372
204	-8.0	-8.0	0.0	-11.81905	5.81041	8.174973	-105.461334	-11.818462	0.0	41200991	15069.344335079193
205	-28.0	-28.0	0.0	-7.230938	6.3976183	9.774445	-98.63368	-7.2354946	0.0	41401991	15139.56240606308
206	-22.0	-22.0	0.0	-8.992885	6.0770373	4.357402	-90.7258	-9.00057	0.0	41602982	15209.608996152878
207	-22.0	-22.0	0.0	-13.364481	5.624612	-0.80812454	-112.93861	-13.368505	0.0	41803991	15280.509371995926
208	-26.0	-26.0	0.0	-16.842207	5.1532216	-5.0707645	-113.05235	-16.841799	0.0	42004991	15350.82175064087
209	-18.0	-18.0	0.0	-18.603401	4.969929	-7.2864437	-111.53373	-18.603403	0.0	42205991	15421.11725783348
210	-24.0	-24.0	0.0	-19.269554	4.886306	-4.4953184	-104.90728	-19.268154	0.0	42406991	15491.444644212723
211	-26.0	-26.0	0.0	-20.166248	4.7876596	-2.1859589	-133.23701	-20.166954	0.0	42607991	15561.620918273926
212	-14.0	-14.0	0.0	-21.340271	4.729956	-4.9924264	-110.53646	-21.340286	0.0	42808991	15631.64113521576
213	-36.0	-36.0	0.0	-21.78929	4.7220387	-4.8800755	-91.79291	-21.787783	0.0	43009991	15701.126774072647
214	-32.0	-32.0	0.0	-21.992548	4.6611056	-4.469543	-97.536	-21.992476	0.0	43210991	15771.393298625946
215	-18.0	-18.0	0.0	-22.501795	4.6341105	1.264669	-103.91353	-22.501778	0.0	43411991	15842.670139312744
216	-16.0	-16.0	0.0	-23.207277	4.5989146	5.658218	-95.33078	-23.207117	0.0	43612991	15912.74693274498
217	-16.0	-16.0	0.0	-17.627506	6.9446993	16.036686	-82.00675	-17.630873	0.0	43813991	15981.834080696106
218	-14.0	-14.0	0.0	-9.6187935	5.714289	8.746571	-113.1172	-9.62546	0.0	44014988	16051.387673139572
219	-16.0	-16.0	0.0	-9.62774	5.7311797	10.983442	-104.30686	-9.633531	0.0	44215991	16120.914685726166
220	-28.0	-28.0	0.0	-10.821977	5.8599744	9.757351	-107.083305	-10.825405	0.0	44416991	16190.500538110733
221	-20.0	-20.0	0.0	-10.3877735	5.7660294	5.5584598	-124.79753	-10.395884	0.0	44617991	16260.234007358551
222	-28.0	-28.0	0.0	-13.736417	5.5260997	2.082528	-98.61424	-13.739343	0.0	44818984	16330.151595830917
223	-20.0	-20.0	0.0	-16.875065	5.1237893	-3.831368	-104.120575	-16.874182	0.0	45019991	16400.066187381744
224	-22.0	-22.0	0.0	-19.066652	4.8831263	-5.8299184	-92.98089	-19.066431	0.0	45220991	16469.73731994629
225	-20.0	-20.0	0.0	-20.421108	4.766587	-6.713393	-97.81625	-20.42154	0.0	45421991	16539.514187574387
226	-26.0	-26.0	0.0	-21.0066	4.886672	-7.458824	-102.39844	-21.007156	0.0	45622991	16609.360441207886
227	-10.0	-10.0	0.0	-19.0022	4.9748745	-4.754381	-86.53804	-19.00394	0.0	45823991	16679.252695560455
228	-24.0	-24.0	0.0	-19.223417	4.9294424	-4.2610016	-98.49229	-19.223469	0.0	46024991	16749.6309401989
229	-34.0	-34.0	0.0	-21.147482	4.71778	-4.834188	-93.45052	-21.147127	0.0	46225991	16819.874737739563
230	-18.0	-18.0	0.0	-21.89294	4.644445	-5.604135	-94.39166	-21.893108	0.0	46426991	16889.385513305664
231	-26.0	-26.0	0.0	-22.86673	4.567561	-7.7412176	-95.142815	-22.866047	0.0	46627991	16959.666256904602
232	-12.0	-12.0	0.0	-23.478233	4.5413117	-2.0073805	-98.1089	-23.480104	0.0	46828991	17029.68634223938
233	-6.0	-6.0	0.0	-20.297718	4.9315667	-0.8733151	-80.836945	-20.298141	0.0	47029991	17099.510192871094
234	-16.0	-16.0	0.0	-19.995724	4.712458	-2.133902	-86.740326	-19.995745	0.0	47230991	17169.84754705429
235	-16.0	-16.0	0.0	-21.558424	4.525492	-3.546712	-98.65959	-21.558273	0.0	47431991	17240.464154720306
236	-16.0	-16.0	0.0	-22.769209	4.452622	-2.8332646	-94.19731	-22.76934	0.0	47632991	17310.914738178253
237	-22.0	-22.0	0.0	-23.388102	4.370309	-5.713584	-86.78834	-23.387827	0.0	47833991	17380.833268404007
238	-24.0	-24.0	0.0	-23.86366	4.35685	-6.625971	-93.17578	-23.863518	0.0	48034991	17450.593343019485
239	-20.0	-20.0	0.0	-24.405481	4.305518	-10.696558	-88.977104	-24.405828	0.0	48235985	17520.7685713768
240	-8.0	-8.0	0.0	-24.886366	4.2248945	-8.727483	-93.129265	-24.886599	0.0	48436991	17591.012089252472
241	-10.0	-10.0	0.0	-25.07389	4.2124214	-11.808485	-78.35484	-25.074091	0.0	48637991	17661.71451973915
242	-14.0	-14.0	0.0	-25.205269	4.22476	-10.841274	-81.59799	-25.206186	0.0	48838988	17732.060341358185
243	-10.0	-10.0	0.0	-25.320316	4.224777	-10.295354	-74.8779	-25.320211	0.0	49039991	17802.474939584732
244	-8.0	-8.0	0.0	-25.5192	4.1407843	-9.85149	-84.934555	-25.519127	0.0	49240991	17873.80441379547
245	-12.0	-12.0	0.0	-25.34734	4.0996256	-8.590959	-99.98834	-25.347437	0.0	49441991	17944.171768426895
246	-16.0	-16.0	0.0	-25.407139	4.134937	-10.128344	-76.86821	-25.407127	0.0	49642991	18014.60545539856
247	-16.0	-16.0	0.0	-25.250246	4.187997	-6.0047383	-84.4685	-25.250631	0.0	49843991	18085.16858935356
248	-14.0	-14.0	0.0	-25.248392	4.216544	-2.3877454	-86.12141	-25.248344	0.0	50044991	18155.253779649734
249	-6.0	-6.0	0.0	-25.16063	4.171242	0.030287743	-78.60597	-25.160612	0.0	50245991	18226.064834833145
250	-6.0	-6.0	0.0	-24.941864	4.140499	-6.53464	-82.447655	-24.941877	0.0	50446991	18297.05699777603
251	-6.0	-6.0	0.0	-24.552036	4.18883	-4.25811	-92.73464	-24.552608	0.0	50647991	18368.847430944443
252	-12.0	-12.0	0.0	-23.973953	4.1965904	-7.5685887	-83.608025	-23.974586	0.0	50848991	18438.92733192444
253	-14.0	-14.0	0.0	-22.968014	4.24524	-4.561041	-79.437416	-22.968578	0.0	51049991	18509.04577231407
254	-26.0	-26.0	0.0	-22.76801	4.2500114	-6.1803274	-79.87621	-22.768192	0.0	51250991	18579.71985387802
255	-20.0	-20.0	0.0	-23.298933	4.1424503	-6.484277	-95.120605	-23.29912	0.0	51451991	18650.16307759285
256	-14.0	-14.0	0.0	-23.677011	4.126529	-3.5892634	-100.181755	-23.676584	0.0	51652990	18720.26108264923
257	-8.0	-8.0	0.0	-24.223074	4.1308317	-4.561751	-79.49489	-24.2239	0.0	51853991	18790.572996377945
258	-18.0	-18.0	0.0	-24.269451	4.056264	-1.7409613	-95.70304	-24.268805	0.0	52054991	18861.147231578827
259	-14.0	-14.0	0.0	-23.94944	4.139392	-11.385036	-100.55761	-23.950052	0.0	52255991	18931.64066004753
260	-16.0	-16.0	0.0	-23.426205	4.212708	-10.173706	-95.34193	-23.42678	0.0	52456991	19001.268403053284
261	-12.0	-12.0	0.0	-23.257254	4.334878	-10.670533	-94.10424	-23.256895	0.0	52657991	19072.176752090454
262	-10.0	-10.0	0.0	-23.362495	4.448779	-9.247952	-84.57302	-23.362913	0.0	52858989	19142.37615776062
263	-16.0	-16.0	0.0	-22.629244	4.707037	-2.908208	-86.57294	-22.629377	0.0	53059991	19212.9977517128
264	-24.0	-24.0	0.0	-21.278751	5.0410905	-4.032595	-93.870094	-21.27832	0.0	53260991	19283.52179479599
265	-20.0	-20.0	0.0	-22.199034	5.088837	-5.4432387	-97.74808	-22.199831	0.0	53461991	19354.199751615524
266	-16.0	-16.0	0.0	-22.313745	4.8292346	2.2575488	-97.91516	-22.313154	0.0	53662991	19425.197939157486
267	-18.0	-18.0	0.0	-16.256683	6.1154556	10.8538885	-113.463684	-16.260208	0.0	53863991	19496.393999814987
268	-18.0	-18.0	0.0	-8.768345	5.712068	8.723251	-99.393555	-8.777311	0.0	54064988	19566.90889787674
269	-6.0	-6.0	0.0	-8.899657	5.8693733	10.11585	-98.69826	-8.905267	0.0	54265991	19637.19140768051
270	-22.0	-22.0	0.0	-7.6637826	6.092805	10.693533	-99.776665	-7.6731663	0.0	54466983	19707.05774307251
271	-20.0	-20.0	0.0	-7.484026	6.141148	14.160809	-101.25452	-7.4867015	0.0	54667987	19777.483862161636
272	-14.0	-14.0	0.0	-8.242689	6.03557	10.3092575	-98.77285	-8.244531	0.0	54868991	19848.23563528061
273	-8.0	-8.0	0.0	-9.62203	5.9579325	13.136836	-113.68686	-9.621467	0.0	55069991	19918.59151864052
274	-24.0	-24.0	0.0	-11.680673	5.723931	11.726336	-92.61356	-11.679168	0.0	55270991	19988.871517658234
275	-22.0	-22.0	0.0	-13.455089	5.700123	9.370142	-109.36314	-13.453292	0.0	55471985	20058.630224466324
276	-16.0	-16.0	0.0	-15.366454	5.4754	9.16276	-90.361984	-15.364607	0.0	55672989	20128.37420320511
277	-20.0	-20.0	0.0	-16.745058	5.3261766	11.07864	-111.81103	-16.744793	0.0	55873991	20198.345043182373
278	-18.0	-18.0	0.0	-16.533512	5.414998	9.313213	-93.31867	-16.534552	0.0	56074990	20268.381698846817
279	-10.0	-10.0	0.0	-12.3767805	6.023429	12.396861	-95.284615	-12.381255	0.0	56275991	20339.79417824745
280	-18.0	-18.0	0.0	-9.737355	5.8044724	11.746997	-87.68502	-9.741559	0.0	56476991	20409.774977445602
281	-18.0	-18.0	0.0	-11.158732	5.730281	11.941036	-106.17412	-11.159268	0.0	56677991	20479.731380939484
282	-12.0	-12.0	0.0	-9.563931	6.0353074	10.22706	-107.377884	-9.567511	0.0	56878991	20549.443917512894
283	-14.0	-14.0	0.0	-9.849283	5.8013144	9.895685	-115.36583	-9.848009	0.0	57079991	20619.874095916748
284	-8.0	-8.0	0.0	-11.203166	5.7732897	11.62788	-119.227264	-11.202948	0.0	57280989	20690.008601665497
285	-14.0	-14.0	0.0	-9.123617	6.0158653	12.374829	-99.849174	-9.12614	0.0	57481991	20760.07768034935
286	-8.0	-8.0	0.0	-9.367375	5.8127313	14.425524	-138.31064	-9.368063	0.0	57682991	20830.2145755291
287	-12.0	-12.0	0.0	-9.285988	5.6976876	11.124545	-96.6844	-9.287121	0.0	57883991	20900.59283900261
288	-16.0	-16.0	0.0	-9.192303	5.8201814	10.91141	-105.167244	-9.192639	0.0	58084991	20970.9326980114
289	-8.0	-8.0	0.0	-9.489462	5.7823143	12.152872	-118.74098	-9.486137	0.0	58285991	21041.306039094925
290	-8.0	-8.0	0.0	-9.403975	5.886137	10.088544	-92.73721	-9.405238	0.0	58486991	21111.421283483505
291	-22.0	-22.0	0.0	-9.707822	5.952769	9.123265	-97.27797	-9.7070465	0.0	58687982	21181.611078977585
292	-12.0	-12.0	0.0	-9.649973	6.0849867	11.790232	-101.138664	-9.651066	0.0	58888991	21252.489870786667
293	-14.0	-14.0	0.0	-9.280915	6.105006	13.14043	-137.23889	-9.280871	0.0	59089991	21322.80432009697
294	-16.0	-16.0	0.0	-9.590318	6.073542	13.728221	-132.13918	-9.591542	0.0	59290991	21392.66666984558
295	-4.0	-4.0	0.0	-9.479142	6.1192193	14.380472	-101.04103	-9.479827	0.0	59491991	21462.43412399292
296	-22.0	-22.0	0.0	-10.512973	6.049894	12.7509775	-86.39708	-10.510361	0.0	59692985	21532.334649324417
297	-12.0	-12.0	0.0	-9.41445	6.1883154	11.067459	-98.167885	-9.416194	0.0	59893991	21602.806193351746
298	-8.0	-8.0	0.0	-9.546959	6.1998215	12.024227	-100.6503	-9.5489	0.0	60094991	21672.49276661873
299	-6.0	-6.0	0.0	-8.979274	6.218887	10.277838	-90.52102	-8.980308	0.0	60295991	21742.572300195694
300	-12.0	-12.0	0.0	-8.105076	6.06343	10.272804	-98.585	-8.106505	0.0	60496991	21812.27359867096
301	-10.0	-10.0	0.0	-8.219454	6.091071	8.780584	-104.31392	-8.218281	0.0	60697991	21882.211646795273
302	-16.0	-16.0	0.0	-8.695082	6.157728	13.188948	-103.34657	-8.693544	0.0	60898991	21952.472755670547
303	-8.0	-8.0	0.0	-8.953975	6.1329517	9.937511	-143.35017	-8.953477	0.0	61099991	22022.96878552437
304	-12.0	-12.0	0.0	-9.958233	6.240717	17.633278	-150.86761	-9.95613	0.0	61300991	22093.368470191956
305	-16.0	-16.0	0.0	-9.387459	6.306334	8.544646	-133.30063	-9.387944	0.0	61501991	22164.202041625977
306	-14.0	-14.0	0.0	-8.743759	6.0811057	8.524382	-117.26226	-8.742912	0.0	61702991	22234.504638671875
307	-18.0	-18.0	0.0	-9.473578	6.1009517	13.010599	-95.49071	-9.472691	0.0	61903991	22304.210349321365
308	-8.0	-8.0	0.0	-8.751855	6.1959047	10.31481	-85.62204	-8.751274	0.0	62104991	22374.186168670654
309	-16.0	-16.0	0.0	-8.48398	6.219512	10.949142	-114.154724	-8.481266	0.0	62305989	22444.2323012352
310	-12.0	-12.0	0.0	-9.635858	6.158187	9.165164	-105.376114	-9.634159	0.0	62506984	22514.168887853622
311	-14.0	-14.0	0.0	-10.800707	6.12235	10.179965	-92.54254	-10.800198	0.0	62707991	22583.623119592667
312	-10.0	-10.0	0.0	-9.949542	6.306455	13.273088	-120.33635	-9.951231	0.0	62908991	22653.162633657455
313	-12.0	-12.0	0.0	-8.793576	6.2593083	15.162405	-94.649506	-8.793012	0.0	63109991	22723.095446825027
314	-14.0	-14.0	0.0	-8.802403	6.173141	12.019109	-105.74311	-8.7999935	0.0	63310991	22792.97440958023
315	-14.0	-14.0	0.0	-10.394966	5.961332	10.545694	-88.60018	-10.39125	0.0	63511991	22863.6957552433
316	-14.0	-14.0	0.0	-11.004887	5.8793817	11.1753025	-111.90325	-11.00294	0.0	63712991	22934.223009347916
317	-24.0	-24.0	0.0	-10.948543	5.8211145	8.497048	-121.77813	-10.947472	0.0	63913991	23004.6620926857
318	-12.0	-12.0	0.0	-9.929385	6.0367084	10.804844	-103.88379	-9.930301	0.0	64114991	23075.94292616844
319	-6.0	-6.0	0.0	-10.270544	5.86177	10.839778	-98.38961	-10.26997	0.0	64315991	23145.880838394165
320	-6.0	-6.0	0.0	-12.13177	5.783716	9.5576515	-97.89941	-12.127669	0.0	64516991	23215.736483097076
321	-16.0	-16.0	0.0	-14.942844	5.631129	6.504797	-98.418976	-14.940051	0.0	64717991	23285.63450527191
322	-14.0	-14.0	0.0	-18.75017	5.2375855	1.4651089	-99.19134	-18.748137	0.0	64918991	23355.619388341904
323	-8.0	-8.0	0.0	-20.41878	4.981134	0.44638634	-92.275955	-20.418953	0.0	65119991	23425.612673521042
324	-18.0	-18.0	0.0	-21.59393	4.9583664	-0.2981019	-103.089096	-21.59365	0.0	65320991	23495.479341983795
325	-4.0	-4.0	0.0	-22.352484	4.918882	1.1814361	-88.931076	-22.352507	0.0	65521991	23565.781247377396
326	-18.0	-18.0	0.0	-22.646086	4.68948	1.7115688	-91.94443	-22.646297	0.0	65722991	23635.589505434036
327	-12.0	-12.0	0.0	-23.153566	4.6982365	15.710074	-87.70018	-23.153847	0.0	65923991	23705.743372440338
328	-12.0	-12.0	0.0	-21.913713	5.1503115	15.499607	-91.25835	-21.91453	0.0	66124991	23776.18396615982
329	-16.0	-16.0	0.0	-16.664259	5.198038	-0.05182743	-96.05122	-16.664358	0.0	66325991	23846.99608564377
330	-28.0	-28.0	0.0	-20.4333	4.8371286	-8.038164	-110.01911	-20.432625	0.0	66526991	23917.102823257446
331	-16.0	-16.0	0.0	-22.950867	4.5574555	-10.753015	-97.79285	-22.951525	0.0	66727991	23987.43770956993
332	-16.0	-16.0	0.0	-24.418003	4.3781724	-13.2805195	-88.79247	-24.419252	0.0	66928991	24057.196841955185
333	-14.0	-14.0	0.0	-24.94472	4.29562	-12.503241	-80.88436	-24.945461	0.0	67129991	24127.27688217163
334	-10.0	-10.0	0.0	-25.28818	4.2923636	-14.826883	-84.178345	-25.288746	0.0	67330991	24196.83163332939
335	-18.0	-18.0	0.0	-25.857817	4.322374	-15.190378	-87.26814	-25.858458	0.0	67531991	24268.10648369789
336	-8.0	-8.0	0.0	-25.966743	4.2551165	-15.717308	-77.218155	-25.967781	0.0	67732991	24338.88525533676
337	-16.0	-16.0	0.0	-25.778164	4.274547	-15.349177	-124.13464	-25.778173	0.0	67933986	24409.38979291916
338	-20.0	-20.0	0.0	-25.600624	4.2195106	-12.701202	-78.92812	-25.602026	0.0	68134991	24479.850343465805
339	-26.0	-26.0	0.0	-25.740988	4.210042	-13.236382	-83.57948	-25.741732	0.0	68335991	24551.36101603508
340	-26.0	-26.0	0.0	-25.914497	4.1737337	-12.55562	-75.15031	-25.914316	0.0	68536991	24621.66948413849
341	-22.0	-22.0	0.0	-26.287287	4.1013365	-15.56309	-80.8291	-26.288248	0.0	68737991	24692.559326171875
342	-22.0	-22.0	0.0	-26.418709	3.999227	-13.917882	-79.26869	-26.418999	0.0	68938991	24763.38130903244
343	-20.0	-20.0	0.0	-26.731195	3.9850895	-16.57376	-78.26336	-26.73141	0.0	69139991	24834.348496198654
344	-14.0	-14.0	0.0	-26.680141	3.9751058	-16.772827	-89.60585	-26.680471	0.0	69340991	24904.780366420746
345	-16.0	-16.0	0.0	-26.35844	3.8662856	-14.333471	-81.92684	-26.358892	0.0	69541990	24974.31826400757
346	-18.0	-18.0	0.0	-26.60254	3.8828409	-13.885521	-100.4441	-26.602863	0.0	69742984	25044.83065056801
347	-18.0	-18.0	0.0	-26.770714	3.84941	-14.715475	-85.730705	-26.771336	0.0	69943982	25115.068275928497
348	-24.0	-24.0	0.0	-26.972519	3.8273323	-15.560499	-79.80905	-26.972553	0.0	70144988	25185.170826911926
349	-22.0	-22.0	0.0	-27.169487	3.7912772	-16.828041	-82.02455	-27.170074	0.0	70345985	25255.747121334076
350	-8.0	-8.0	0.0	-27.501879	3.8064377	-17.488626	-82.28804	-27.50181	0.0	70546991	25326.456972837448
351	-14.0	-14.0	0.0	-27.971169	3.7711477	-18.187405	-84.535416	-27.971407	0.0	70747991	25396.17347383499
352	-18.0	-18.0	0.0	-27.705833	3.7765527	-14.993542	-82.14718	-27.706118	0.0	70948991	25465.839159488678
353	-20.0	-20.0	0.0	-27.62678	3.7813332	-17.27084	-73.077034	-27.626842	0.0	71149991	25535.68892931938
354	-16.0	-16.0	0.0	-27.689295	3.8821235	-14.347755	-83.58038	-27.689484	0.0	71350990	25608.370895147324
355	-8.0	-8.0	0.0	-27.357773	3.894027	-16.51926	-84.39436	-27.358086	0.0	71551991	25678.239991903305
356	-12.0	-12.0	0.0	-27.282421	3.9063296	-14.240574	-83.53088	-27.281837	0.0	71752991	25748.803779363632
357	-12.0	-12.0	0.0	-27.18439	3.8711371	-10.380939	-72.40509	-27.184828	0.0	71953991	25819.35409450531
358	-8.0	-8.0	0.0	-27.093544	3.831239	-13.334654	-110.11142	-27.09355	0.0	72154991	25889.096715688705
359	-8.0	-8.0	0.0	-27.054188	3.835794	-11.050203	-70.30707	-27.05478	0.0	72355991	25958.59268593788
360	-10.0	-10.0	0.0	-27.202723	3.8293679	-7.915916	-83.7483	-27.202864	0.0	72556986	26029.042461395264
361	-16.0	-16.0	0.0	-27.221657	3.8619905	-9.174412	-83.08416	-27.221628	0.0	72757991	26098.71844649315
362	-16.0	-16.0	0.0	-27.052034	3.8903067	-13.45718	-85.849915	-27.052345	0.0	72958988	26168.326219558716
363	-12.0	-12.0	0.0	-26.811092	3.9324493	-16.088593	-84.01744	-26.810875	0.0	73159991	26238.591163158417
364	-16.0	-16.0	0.0	-26.464943	3.991113	-11.593758	-73.41434	-26.465025	0.0	73360991	26309.098259210587
365	-22.0	-22.0	0.0	-26.239368	4.0155144	-14.948143	-85.09728	-26.23947	0.0	73561991	26379.346374750137
366	-16.0	-16.0	0.0	-26.139027	4.0381117	-12.6827	-85.457886	-26.139078	0.0	73762991	26449.27956700325
367	-14.0	-14.0	0.0	-26.394325	4.006478	-12.916676	-91.92267	-26.394117	0.0	73963991	26518.63817882538
368	-14.0	-14.0	0.0	-26.37167	4.021162	-11.990953	-81.50501	-26.371552	0.0	74164991	26588.523291110992
369	-12.0	-12.0	0.0	-26.596447	4.0488534	-11.165857	-81.48778	-26.596664	0.0	74365991	26658.96884894371
370	-10.0	-10.0	0.0	-26.944933	4.0633073	-14.637238	-105.730896	-26.94506	0.0	74566991	26729.452028274536
371	-10.0	-10.0	0.0	-27.04242	4.0291457	-14.769294	-79.16335	-27.042622	0.0	74767991	26799.045508146286
372	-18.0	-18.0	0.0	-27.296928	4.069102	-14.389313	-77.57532	-27.297195	0.0	74968991	26869.30259013176
373	-4.0	-4.0	0.0	-27.474678	4.07171	-14.515594	-80.43978	-27.475214	0.0	75169991	26938.757309913635
374	-6.0	-6.0	0.0	-27.433237	4.0950847	-15.234003	-76.15192	-27.433136	0.0	75370991	27008.81615138054
375	-12.0	-12.0	0.0	-27.505535	3.968829	-13.312838	-70.29368	-27.505491	0.0	75571991	27078.78196167946
376	-10.0	-10.0	0.0	-27.582659	3.9260278	-9.534828	-86.69203	-27.583302	0.1	75772991	27148.556309223175
377	-14.0	-14.0	0.0	-27.320538	3.9547157	-13.661314	-77.85186	-27.320675	0.0	75973991	27218.66775870323
378	-4.0	-4.0	0.0	-27.47099	3.9934413	-13.818716	-78.304825	-27.470816	0.0	76174991	27289.31884908676
379	-16.0	-16.0	0.0	-27.930338	3.933551	-11.396366	-71.52819	-27.930122	0.0	76375991	27359.532062530518
380	-18.0	-18.0	0.0	-28.301243	3.97188	-12.070002	-80.35758	-28.301268	0.0	76576991	27429.219242095947
381	-12.0	-12.0	0.0	-28.152945	3.9655776	-14.203852	-76.26139	-28.15307	0.0	76777991	27499.94057416916
382	-8.0	-8.0	0.0	-28.112028	4.068438	-12.730007	-73.67019	-28.112226	0.0	76978984	27569.623500585556
383	-12.0	-12.0	0.0	-28.046568	4.2300587	-12.080926	-82.69302	-28.04662	0.0	77179991	27639.79029774666
384	-10.0	-10.0	0.0	-28.283894	4.3311553	-11.251951	-77.035385	-28.284077	0.0	77380991	27709.039123296738
385	-8.0	-8.0	0.0	-28.640524	4.306839	-15.442263	-78.09275	-28.640776	0.0	77581991	27778.835381746292
386	-10.0	-10.0	0.0	-28.597107	4.2169113	-16.061176	-75.32745	-28.596603	0.0	77782991	27848.903005599976
387	-10.0	-10.0	0.0	-28.394947	4.19249	-14.748846	-73.89504	-28.395102	0.0	77983991	27919.186034440994
388	-16.0	-16.0	0.0	-27.8714	4.166789	-14.545014	-82.91445	-27.871485	0.0	78184988	27989.464005947113
389	-24.0	-24.0	0.0	-27.480968	4.1510487	-14.903141	-93.28236	-27.48034	0.0	78385981	28059.451006174088
390	-12.0	-12.0	0.0	-26.624632	4.2303753	-13.055803	-79.787285	-26.624598	0.1	78586991	28129.759264469147
391	-12.0	-12.0	0.0	-26.481506	4.2909117	-12.295082	-78.6642	-26.481203	0.0	78787991	28199.719314336777
392	-22.0	-22.0	0.0	-27.332895	4.299479	-12.494508	-79.515114	-27.333107	0.0	78988991	28269.98474574089
393	-16.0	-16.0	0.0	-28.06158	4.2113757	-14.569241	-74.77551	-28.061779	0.0	79189991	28340.04451107979
394	-20.0	-20.0	0.0	-28.613087	4.159525	-16.149187	-84.90937	-28.612179	0.0	79390991	28411.028601646423
395	-6.0	-6.0	0.0	-28.719673	4.1064467	-16.048857	-77.40842	-28.719664	0.0	79591991	28481.732553482056
396	-12.0	-12.0	0.0	-28.45173	4.0278897	-14.292423	-78.22037	-28.451439	0.0	79792991	28551.607637643814
397	-22.0	-22.0	0.0	-27.901943	4.031911	-13.705469	-89.5776	-27.902012	0.0	79993987	28621.555197000504
398	-8.0	-8.0	0.0	-27.656853	4.0550385	-9.614596	-78.49847	-27.656921	0.0	80194991	28691.095921993256
399	-6.0	-6.0	0.0	-27.36361	4.136011	-10.728933	-75.61789	-27.363087	0.0	80395991	28760.425766468048
400	-10.0	-10.0	0.0	-27.197565	4.0859547	-12.126722	-74.94795	-27.197247	0.0	80596991	28829.644408226013
401	-16.0	-16.0	0.0	-27.109907	4.0109496	-10.838256	-73.63382	-27.109915	0.0	80797991	28898.954706192017
402	-24.0	-24.0	0.0	-26.995201	4.058533	-12.481247	-73.24474	-26.994936	0.0	80998985	28969.068927526474
403	-12.0	-12.0	0.0	-26.951393	3.990222	-9.41468	-82.84889	-26.951887	0.0	81199991	29038.75407934189
404	-16.0	-16.0	0.0	-27.081842	3.9433353	-7.8323607	-77.53666	-27.08176	0.0	81400983	29108.257364988327
405	-22.0	-22.0	0.0	-26.867477	3.9884353	-9.744101	-82.28647	-26.866722	0.0	81601991	29177.613198041916
406	-16.0	-16.0	0.0	-26.346067	4.033298	-6.297074	-78.70962	-26.34617	0.0	81802988	29247.960614919662
407	-10.0	-10.0	0.0	-25.855728	4.1115522	-11.326667	-75.05136	-25.856173	0.0	82003991	29317.468426465988
408	-16.0	-16.0	0.0	-25.932335	4.150734	-10.126153	-82.448944	-25.932379	0.0	82204991	29387.108090639114
409	-8.0	-8.0	0.0	-26.026392	4.1004653	-10.531973	-91.412384	-26.026775	0.0	82405991	29456.081744670868
410	-6.0	-6.0	0.0	-26.131384	4.1502438	-9.528973	-102.30782	-26.13111	0.0	82606991	29524.750925064087
411	-26.0	-26.0	0.0	-26.537418	4.1127133	-6.64134	-87.013855	-26.537191	0.0	82807982	29593.012231826782
412	-10.0	-10.0	0.0	-26.657661	4.11544	-6.048531	-78.93234	-26.657454	0.0	83008991	29662.590395450592
413	-22.0	-22.0	0.0	-26.436039	4.1228085	-5.283934	-76.99156	-26.436312	0.0	83209991	29732.08006620407
414	-16.0	-16.0	0.0	-26.452953	4.091419	-3.255775	-72.49815	-26.452349	0.0	83410991	29801.615297317505
415	-8.0	-8.0	0.0	-26.638878	4.0247335	-4.5347705	-73.04018	-26.638714	0.0	83611991	29871.38509297371
416	-12.0	-12.0	0.0	-26.940157	3.987801	-10.340961	-75.46538	-26.940445	0.0	83812991	29939.960433721542
417	-12.0	-12.0	0.0	-27.077148	3.9261944	-12.506096	-90.57784	-27.077103	0.0	84013991	30008.692224025726
418	-6.0	-6.0	0.0	-26.939255	3.9620492	-12.622318	-82.13176	-26.939812	0.0	84214991	30077.719791650772
419	-8.0	-8.0	0.0	-26.474459	3.9637268	-11.95277	-79.91493	-26.473951	0.0	84415991	30146.694042921066
420	-14.0	-14.0	0.0	-26.100115	3.9260755	-10.888453	-80.24144	-26.100409	0.0	84616991	30216.116995096207
421	-10.0	-10.0	0.0	-25.514368	4.037759	-9.880895	-76.178024	-25.51427	0.0	84817991	30286.359159231186
422	-16.0	-16.0	0.0	-24.178362	4.22794	-9.559233	-75.2792	-24.17774	0.0	85018991	30355.918590068817
423	-16.0	-16.0	0.0	-24.162142	4.21365	-8.007948	-79.554565	-24.161924	0.0	85219991	30424.57997584343
424	-18.0	-18.0	0.0	-25.170385	4.138078	-7.011044	-100.67381	-25.17052	0.0	85420991	30493.150902748108
425	-6.0	-6.0	0.0	-25.776834	4.0191607	-6.4099913	-84.4067	-25.776781	0.0	85621991	30561.98464655876
426	-12.0	-12.0	0.0	-25.978458	3.973246	-0.3807907	-80.46115	-25.978153	0.0	85822991	30630.458364009857
427	-18.0	-18.0	0.0	-26.00135	3.966015	-1.0417814	-79.135796	-26.001215	0.0	86023991	30699.606696367264
428	-14.0	-14.0	0.0	-25.993793	3.9763496	2.3199143	-77.49996	-25.994732	0.0	86224991	30769.027116298676
429	-20.0	-20.0	0.0	-25.748177	3.955194	1.6549301	-75.07825	-25.747791	0.0	86425986	30838.26646256447
430	-14.0	-14.0	0.0	-25.631721	3.9316716	4.709705	-79.70712	-25.631771	0.0	86626981	30907.288726329803
431	-12.0	-12.0	0.0	-25.750154	3.872666	3.35393	-84.71361	-25.75012	0.0	86827991	30976.130264043808
432	-18.0	-18.0	0.0	-25.79532	3.8868482	-3.8304498	-80.84493	-25.79478	0.0	87028991	31045.209545373917
433	-14.0	-14.0	0.0	-25.790493	3.942823	-2.4296703	-75.79165	-25.790064	0.0	87229984	31114.420998334885
434	-16.0	-16.0	0.0	-25.750925	4.0038815	-0.8903947	-73.80823	-25.751003	0.0	87430991	31183.55678462982
435	-14.0	-14.0	0.0	-25.588923	3.9347057	6.738714	-90.558205	-25.588902	0.0	87631991	31252.813565969467
436	-12.0	-12.0	0.0	-25.771744	3.9333096	2.9010544	-113.799	-25.771812	0.0	87832991	31321.751591444016
437	-26.0	-26.0	0.0	-25.80854	3.9719784	4.9002748	-80.32021	-25.80863	0.0	88033991	31390.50308227539
438	-18.0	-18.0	0.0	-26.027363	3.953843	6.4135966	-75.977394	-26.027592	0.0	88234986	31459.785365104675
439	-10.0	-10.0	0.0	-26.672558	3.9375362	5.67111	-83.53691	-26.672367	0.0	88435991	31529.02057504654
440	-12.0	-12.0	0.0	-26.930622	3.9065006	6.1437654	-74.33154	-26.930567	0.0	88636990	31598.280210971832
441	-6.0	-6.0	0.0	-26.888552	3.9161022	4.1731577	-80.105286	-26.888033	0.0	88837991	31667.403940677643
442	-20.0	-20.0	0.0	-26.68087	3.9131453	1.8704472	-76.816124	-26.68113	0.0	89038991	31736.691026449203
443	-18.0	-18.0	0.0	-26.540985	3.9323955	5.942702	-77.30468	-26.540676	0.0	89239991	31805.66836500168
444	-4.0	-4.0	0.0	-26.565536	3.9027812	10.606928	-74.45007	-26.56614	0.0	89440991	31874.69793510437
445	-6.0	-6.0	0.0	-26.435005	3.8478837	11.429916	-75.50103	-26.434904	0.0	89641991	31943.388850688934
446	-12.0	-12.0	0.0	-26.394892	3.8386939	11.40395	-82.563705	-26.3942	0.0	89842991	32012.186616659164
447	-18.0	-18.0	0.0	-26.31333	3.8018556	7.9845033	-79.57543	-26.313923	0.0	90043991	32081.399343013763
448	-10.0	-10.0	0.0	-26.294361	3.8491635	7.4046807	-97.405	-26.295149	0.0	90244991	32150.716025352478
449	-8.0	-8.0	0.0	-26.285088	3.894204	4.1122108	-88.82915	-26.285105	0.0	90445991	32219.189597845078
450	-20.0	-20.0	0.0	-25.892725	3.8315427	0.45397663	-84.32374	-25.893332	0.0	90646991	32288.001388311386
451	-16.0	-16.0	0.0	-25.768814	3.8651927	-2.298853	-79.937935	-25.768461	0.0	90847991	32356.785464048386
452	-16.0	-16.0	0.0	-25.657955	3.8674405	7.7970247	-90.28861	-25.657757	0.0	91048991	32426.544789791107
453	-4.0	-4.0	0.0	-26.060402	3.9200792	3.882145	-95.36965	-26.060415	0.0	91249991	32495.492946624756
454	-12.0	-12.0	0.0	-25.89075	3.923621	-0.9745436	-83.18578	-25.891197	0.0	91450991	32564.914388656616
455	-14.0	-14.0	0.0	-25.899591	3.912906	3.2672138	-74.92056	-25.899515	0.0	91651991	32633.707117557526
456	-20.0	-20.0	0.0	-25.863028	3.9413564	12.640455	-87.08396	-25.862865	0.0	91852986	32702.20013809204
457	-14.0	-14.0	0.0	-25.935747	3.9245117	5.477178	-75.89264	-25.93572	0.0	92053991	32770.85753583908
458	-8.0	-8.0	0.0	-25.87621	3.8652377	5.2161717	-87.608025	-25.876705	0.0	92254991	32840.527601480484
459	-12.0	-12.0	0.0	-25.865826	3.9002686	4.7750263	-76.61975	-25.86607	0.0	92455987	32909.55766630173
460	-22.0	-22.0	0.0	-25.8061	3.9530332	6.4586396	-86.68146	-25.806576	0.0	92656991	32978.371770858765
461	-18.0	-18.0	0.0	-25.871891	4.0177865	4.8199015	-131.09749	-25.871902	0.0	92857991	33047.965300798416
462	-14.0	-14.0	0.0	-25.916613	3.9238548	3.50734	-85.41534	-25.916859	0.0	93058991	33117.08357143402
463	-6.0	-6.0	0.0	-25.875217	3.9513984	1.9103208	-83.95596	-25.875216	0.0	93259991	33185.679597616196
464	-20.0	-20.0	0.0	-26.100973	3.9332755	-6.867183	-73.78044	-26.101086	0.0	93460991	33254.86731362343
465	-10.0	-10.0	0.0	-26.071543	3.8963606	-0.54828787	-74.90734	-26.072126	0.0	93661991	33324.34272193909
466	-8.0	-8.0	0.0	-25.920189	3.9073682	-2.056849	-87.38073	-25.920105	0.0	93862991	33392.96856832504
467	-12.0	-12.0	0.0	-25.858067	3.8942854	-5.414607	-76.65753	-25.858213	0.0	94063991	33461.05430817604
468	-20.0	-20.0	0.0	-25.855816	3.9117663	-7.5204587	-80.64967	-25.855755	0.0	94264989	33529.92389369011
469	-12.0	-12.0	0.0	-25.496933	3.9498513	-6.467394	-84.432755	-25.496695	0.0	94465991	33598.729860544205
470	-8.0	-8.0	0.0	-25.187384	3.8919873	-5.2868724	-84.91015	-25.187906	0.0	94666991	33667.46061253548
471	-20.0	-20.0	0.0	-25.112585	4.038128	0.82699585	-101.47066	-25.112999	0.0	94867991	33736.086010694504
472	-8.0	-8.0	0.0	-20.402908	7.396328	11.079304	-86.0842	-20.406061	0.0	95068991	33804.774699926376
473	-32.0	-32.0	0.0	-13.480368	4.8314953	6.808663	-78.846306	-13.478822	0.0	95269991	33874.26424050331
474	-18.0	-18.0	0.0	-16.94004	4.618432	4.560201	-88.931366	-16.940845	0.0	95470991	33943.51622724533
475	-18.0	-18.0	0.0	-20.023157	4.2271686	-3.0496001	-86.76237	-20.023335	0.0	95671985	34011.82941055298
476	-16.0	-16.0	0.0	-21.891619	4.123893	-2.459012	-89.17394	-21.892635	0.0	95872989	34080.57935881615
477	-14.0	-14.0	0.0	-22.302156	4.1531615	-5.2296877	-91.81233	-22.302399	0.0	96073991	34149.45592260361
478	-14.0	-14.0	0.0	-22.778683	4.1546526	-8.36804	-81.802124	-22.779816	0.0	96274991	34217.8897857666
479	-14.0	-14.0	0.0	-23.174171	4.143312	-6.262239	-78.920265	-23.174044	0.0	96475991	34286.880858659744
480	-10.0	-10.0	0.0	-23.40625	4.026868	-9.919237	-121.46221	-23.40687	0.0	96676991	34355.86338734627
481	-10.0	-10.0	0.0	-23.741488	4.0485773	-6.3525076	-88.61908	-23.741203	0.0	96877983	34424.678552150726
482	-14.0	-14.0	0.0	-23.910257	4.010544	-7.5219474	-83.05468	-23.91104	0.0	97078984	34493.26812529564
483	-4.0	-4.0	0.0	-24.05616	3.936544	-4.909569	-85.261375	-24.05666	0.0	97279991	34561.70814990997
484	-6.0	-6.0	0.0	-24.127872	4.0115337	-8.114595	-90.85321	-24.128447	0.0	97480991	34631.46679186821
485	-10.0	-10.0	0.0	-24.023067	3.9020789	-6.6614337	-93.330666	-24.023235	0.0	97681991	34700.6128013134
486	-6.0	-6.0	0.0	-24.05413	3.9128501	-4.906705	-87.735275	-24.054585	0.0	97882987	34769.88214921951
487	-10.0	-10.0	0.0	-24.193068	3.9325855	-6.6216164	-83.254295	-24.193518	0.0	98083991	34839.163699150085
488	-14.0	-14.0	0.0	-24.334236	3.9076953	-0.81834555	-74.60553	-24.335115	0.0	98284991	34907.77763605118
489	-14.0	-14.0	0.0	-24.045128	4.0435667	3.9869523	-73.61123	-24.045082	0.0	98485991	34976.98306584358
490	-12.0	-12.0	0.0	-24.17828	4.1045947	5.2130933	-88.41399	-24.178778	0.0	98686986	35045.983489990234
491	-8.0	-8.0	0.0	-24.176765	3.957114	-1.5787196	-99.50638	-24.177343	0.0	98887991	35114.40796875954
492	-16.0	-16.0	0.0	-23.826092	3.9862685	-0.6111336	-80.96807	-23.826342	0.0	99088991	35182.616577625275
493	-6.0	-6.0	0.0	-23.562065	3.9291782	-0.30764723	-104.83266	-23.56271	0.0	99289991	35251.86683535576
494	-10.0	-10.0	0.0	-23.43406	3.9511385	-1.7639484	-114.69848	-23.434895	0.0	99490991	35320.757777929306
495	-10.0	-10.0	0.0	-22.97041	4.218675	10.071485	-80.46771	-22.969946	0.0	99691991	35389.80138254166
496	-6.0	-6.0	0.0	-21.969137	5.0853186	10.409958	-77.95597	-21.969355	0.0	99892991	35458.55869078636
497	-8.0	-8.0	0.0	-17.741064	5.4701457	6.6314173	-83.26274	-17.744352	0.0	100093991	35527.589896440506
498	-12.0	-12.0	0.0	-14.528518	5.898242	6.835722	-108.13151	-14.532472	0.0	100294991	35596.372735738754
499	-4.0	-4.0	0.0	-10.979505	5.8576536	10.612435	-92.36271	-10.984471	0.0	100495986	35665.354897499084
