Epoch	EpRet	EpRealRet	TestEpRet	AverageQ1	StdQ1	MaxQ1	MinQ1	Q2	TestSuccess	TotalEnvInteracts	TotalTime
0	-163.78636	-163.78636	-37.76912	-47.42584	7.225652	-0.09229564	-83.312096	-47.45103	0.0	196982	128.46817564964294
1	-154.69801	-154.69801	-38.75861	-49.671005	2.1098094	-25.294123	-57.606968	-49.671535	0.0	397983	250.48811769485474
2	-153.75859	-153.75859	-41.24378	-49.691853	1.8716013	-28.178337	-56.981094	-49.691597	0.0	598985	375.1232154369354
3	-155.5672	-155.5672	-46.97197	-49.6517	1.8256335	-27.806725	-55.296886	-49.65176	0.0	799983	498.43682980537415
4	-155.80107	-155.80107	-31.731861	-49.64154	1.8488274	-23.107733	-66.34718	-49.641636	0.0	1000987	621.9629867076874
5	-132.97261	-132.97261	-28.596485	-49.518444	2.323594	-5.198336	-58.11849	-49.51862	0.0	1201984	732.5016958713531
6	-152.74323	-152.74323	-55.002796	-49.59716	1.964556	-25.466515	-59.506824	-49.59727	0.0	1402981	834.3261454105377
7	-145.20065	-145.20065	-58.3194	-49.611904	1.8935604	-27.251467	-55.52428	-49.61194	0.0	1603982	934.8972373008728
8	-164.90936	-164.90936	-36.308537	-49.5887	1.9464246	-28.478058	-57.5834	-49.588894	0.0	1804983	1037.167536497116
9	-149.83365	-149.83365	-68.68432	-49.596127	1.9106252	-29.430435	-67.9305	-49.596416	0.0	2005982	1136.014630317688
10	-156.95576	-156.95576	-35.4762	-49.596916	1.8870242	-27.8882	-67.21356	-49.596798	0.0	2206981	1235.9455018043518
11	-153.96999	-153.96999	-17.312574	-49.599644	1.8357083	-26.531946	-57.71307	-49.599888	0.0	2407982	1337.613868713379
12	-154.67601	-154.67601	-73.89271	-49.590984	1.8837925	-24.53441	-58.2427	-49.59106	0.0	2608983	1437.6269183158875
13	-146.42992	-146.42992	-36.581364	-49.574898	1.9203612	-25.09052	-54.044262	-49.574917	0.0	2809982	1536.7804148197174
14	-164.92555	-164.92555	-32.915462	-49.57382	1.9165889	-25.164484	-59.543922	-49.573807	0.0	3010981	1636.9412262439728
15	-145.4681	-145.4681	-68.011284	-49.565056	1.9298502	-21.729212	-60.13908	-49.565147	0.0	3211982	1736.7443354129791
16	-162.64479	-162.64479	-59.53711	-49.57333	1.9176601	-21.745176	-55.063694	-49.57339	0.0	3412981	1836.5621364116669
17	-154.03078	-154.03078	-31.313763	-49.58161	1.908829	-22.490154	-54.040863	-49.581795	0.0	3613987	1936.7228577136993
18	-131.49988	-131.49988	-36.610558	-49.586067	1.8830295	-21.305443	-66.826256	-49.586296	0.0	3814982	2038.1352162361145
19	-152.66913	-152.66913	-25.33278	-49.576187	1.8551972	-22.384748	-54.202667	-49.57611	0.0	4015981	2137.0256402492523
20	-152.65163	-152.65163	-28.162365	-49.558624	1.8787401	-22.95229	-58.4025	-49.55882	0.0	4216982	2236.766621828079
21	-154.91547	-154.91547	-31.211296	-49.522186	2.0044358	-15.596478	-55.430775	-49.52231	0.0	4417982	2337.5282492637634
22	-150.33582	-150.33582	-50.18468	-49.504784	2.1115148	-3.5169833	-57.220768	-49.50504	0.0	4618984	2445.5964806079865
23	-162.78413	-162.78413	-47.86422	-49.48263	2.265952	0.60604346	-56.816803	-49.48272	0.0	4819982	2544.124103307724
24	-144.19359	-144.19359	-23.273815	-49.481236	2.2255225	-1.387594	-63.17644	-49.481182	0.0	5020982	2636.4133808612823
25	-133.43112	-133.43112	-5.8417816	-49.52415	1.9790471	-15.816448	-59.820137	-49.524033	0.0	5221982	2727.957822084427
26	-153.27635	-153.27635	-13.312414	-49.53557	1.9404427	-23.043783	-54.07697	-49.535435	0.0	5422981	2820.5138404369354
27	-148.69269	-148.69269	-14.141293	-49.5326	1.9224101	-24.416542	-54.984467	-49.53255	0.0	5623982	2910.71484041214
28	-133.21494	-133.21494	-44.40439	-49.534885	1.8983216	-25.422356	-58.912277	-49.534847	0.0	5824985	3001.4982838630676
29	-158.76117	-158.76117	-42.484726	-49.527843	1.9153143	-25.842062	-70.606125	-49.527813	0.0	6025984	3091.4998421669006
30	-139.9311	-139.9311	-25.881401	-49.53476	1.8904245	-25.900715	-53.413383	-49.535084	0.0	6226983	3181.6305577754974
31	-136.69516	-136.69516	-56.241894	-49.532696	1.8830233	-26.368483	-52.54331	-49.532337	0.0	6427983	3271.3247797489166
32	-145.61736	-145.61736	-29.12864	-49.517662	1.9037665	-26.042381	-55.583206	-49.517586	0.0	6628982	3361.276751756668
33	-148.71083	-148.71083	-42.244564	-49.511612	1.9151328	-25.85503	-53.16433	-49.51153	0.0	6829982	3451.560580253601
34	-150.85611	-150.85611	-45.08227	-49.5133	1.9079388	-25.24506	-54.300423	-49.51313	0.0	7030981	3540.709230184555
35	-137.59781	-137.59781	-30.69235	-49.51387	1.8927561	-25.415775	-54.976208	-49.51374	0.0	7231983	3630.0396966934204
36	-144.12248	-144.12248	-7.8326173	-49.50644	1.9025351	-25.178205	-53.916115	-49.506374	0.0	7432984	3719.8879935741425
37	-154.64629	-154.64629	-51.28618	-49.50151	1.9107062	-24.151031	-54.537395	-49.501263	0.0	7633982	3808.222332715988
38	-155.38953	-155.38953	-43.906948	-49.504173	1.9080921	-24.500158	-56.48296	-49.50419	0.0	7834982	3895.4659254550934
39	-144.01466	-144.01466	-25.483099	-49.502113	1.9021194	-25.13035	-53.905796	-49.501785	0.0	8035984	3983.3443369865417
40	-181.15013	-181.15013	-46.346607	-49.495735	1.9342684	-23.728302	-52.96819	-49.49597	0.0	8236983	4071.5458014011383
41	-133.70132	-133.70132	-53.666126	-49.505592	1.9045017	-23.401323	-54.26994	-49.505333	0.0	8437984	4159.699914216995
42	-173.3235	-173.3235	-30.337378	-49.50851	1.900289	-22.70588	-53.576157	-49.508446	0.0	8638984	4248.631999492645
43	-150.92616	-150.92616	-39.69719	-49.504246	1.8965607	-23.84832	-53.674023	-49.504284	0.0	8839982	4336.735577821732
44	-140.65599	-140.65599	-38.830997	-49.505238	1.8905382	-23.662603	-53.822254	-49.505257	0.0	9040984	4424.156338691711
45	-140.5838	-140.5838	-46.694324	-49.49753	1.916759	-23.079062	-52.599102	-49.497444	0.0	9241982	4512.76686167717
46	-143.47136	-143.47136	-30.411339	-49.49638	1.9273795	-21.88529	-54.198647	-49.496376	0.0	9442981	4601.123440742493
47	-141.33212	-141.33212	-24.581488	-49.494164	1.928538	-20.612204	-54.514183	-49.494076	0.0	9643983	4689.398049592972
48	-158.55832	-158.55832	-24.36098	-49.49482	1.9234003	-20.666117	-55.84855	-49.494648	0.0	9844984	4777.550947666168
49	-137.76846	-137.76846	-27.0784	-49.489555	1.9416727	-21.179804	-54.20492	-49.48956	0.0	10045983	4865.205639362335
50	-167.39943	-167.39943	-46.50192	-49.483826	1.9559624	-20.293148	-54.543537	-49.483826	0.0	10246986	4953.131252527237
51	-146.94612	-146.94612	-9.7379265	-49.482487	1.9614744	-19.925915	-58.784554	-49.482414	0.0	10447982	5040.694610357285
52	-146.91151	-146.91151	-34.04193	-49.48086	1.9478819	-19.445402	-55.194508	-49.480785	0.0	10648983	5127.968927145004
53	-137.30899	-137.30899	-39.455368	-49.481167	1.946517	-19.937254	-54.83188	-49.48116	0.0	10849981	5216.006717443466
54	-140.02374	-140.02374	-25.18799	-49.485783	1.9338387	-19.979885	-56.281044	-49.48569	0.0	11050982	5303.71090221405
55	-150.75641	-150.75641	-12.326079	-49.479305	1.939741	-20.158884	-58.32879	-49.479122	0.0	11251984	5390.911103248596
56	-156.75908	-156.75908	-44.57728	-49.487522	1.9247885	-17.720255	-58.46912	-49.48743	0.0	11452981	5478.154106378555
57	-148.5502	-148.5502	-38.15004	-49.4835	1.9321808	-17.345589	-53.2783	-49.483463	0.0	11653981	5564.915402173996
58	-171.98946	-171.98946	-51.507267	-49.48651	1.9349827	-17.861502	-56.93743	-49.486267	0.0	11854983	5651.8510711193085
59	-156.85141	-156.85141	-46.02087	-49.487793	1.9175438	-19.01864	-55.623325	-49.487797	0.0	12055982	5739.02663564682
60	-155.85992	-155.85992	-37.344162	-49.485134	1.9241437	-17.791557	-55.89115	-49.485252	0.0	12256985	5825.822477579117
61	-161.9692	-161.9692	-27.539528	-49.4845	1.9171479	-19.381283	-53.313263	-49.48437	0.0	12457982	5912.28871846199
62	-143.29681	-143.29681	-19.195623	-49.47932	1.9233989	-22.08463	-52.755764	-49.479263	0.0	12658982	5998.892694950104
63	-155.10315	-155.10315	-39.652252	-49.47169	1.9344571	-19.87382	-54.398155	-49.47166	0.0	12859985	6086.4834995269775
64	-152.86406	-152.86406	-17.880096	-49.47071	1.934745	-20.160189	-53.26498	-49.470657	0.0	13060982	6174.009742498398
65	-161.58986	-161.58986	-36.123917	-49.464577	1.9521831	-18.96492	-53.52799	-49.464535	0.0	13261985	6261.340977430344
66	-168.17995	-168.17995	-115.06807	-49.46134	1.9618474	-19.196356	-54.610634	-49.46131	0.0	13462983	6348.711598157883
67	-150.25824	-150.25824	-17.078978	-49.465027	1.942825	-19.361744	-52.659912	-49.464985	0.1	13663981	6437.074223995209
68	-145.84967	-145.84967	-41.176712	-49.472027	1.9302789	-20.2789	-52.705715	-49.47201	0.0	13864981	6523.945712089539
69	-155.886	-155.886	-28.501158	-49.463074	1.9391307	-19.385769	-52.314316	-49.46295	0.0	14065981	6611.06774020195
70	-149.88657	-149.88657	-66.12006	-49.46249	1.9401289	-22.172203	-52.403427	-49.462547	0.0	14266981	6697.560688734055
71	-147.94464	-147.94464	-90.20051	-49.4634	1.9269743	-25.671999	-52.499317	-49.463264	0.0	14467985	6784.378985643387
72	-172.1662	-172.1662	-48.35034	-49.46472	1.9201136	-26.791834	-54.52876	-49.46475	0.0	14668985	6871.593727588654
73	-161.4835	-161.4835	-23.181185	-49.45852	1.9351566	-24.11953	-52.934383	-49.458405	0.0	14869983	6958.060245513916
74	-169.1352	-169.1352	-29.505836	-49.457497	1.9347466	-28.09626	-55.060047	-49.45743	0.1	15070987	7044.237322807312
75	-151.69662	-151.69662	-39.73616	-49.45155	1.9425395	-33.00575	-53.84034	-49.451572	0.0	15271982	7130.935307264328
76	-161.21652	-161.21652	-54.98408	-49.454433	1.9387398	-32.743225	-62.77513	-49.454453	0.0	15472982	7218.2077260017395
77	-150.84792	-150.84792	-55.188988	-49.451775	1.9449354	-33.08301	-53.05158	-49.451675	0.0	15673983	7304.852226018906
78	-156.94447	-156.94447	-54.28467	-49.448082	1.947701	-32.613453	-53.86951	-49.44807	0.0	15874981	7391.486406326294
79	-143.90071	-143.90071	-43.23429	-49.44366	1.9624809	-32.635998	-56.654255	-49.44369	0.0	16075984	7477.772974729538
80	-167.37323	-167.37323	-31.76877	-49.447826	1.9556179	-32.509796	-55.108917	-49.447807	0.0	16276982	7563.860212087631
81	-162.62251	-162.62251	-41.75972	-49.449844	1.9510391	-32.06845	-52.893623	-49.449768	0.0	16477983	7649.455763339996
82	-142.74893	-142.74893	-51.85902	-49.45115	1.9513017	-33.046036	-53.979706	-49.451122	0.0	16678982	7735.524693727493
83	-137.98589	-137.98589	-52.96426	-49.45106	1.9544073	-33.494545	-52.59663	-49.4511	0.0	16879984	7821.8710334300995
84	-154.40146	-154.40146	-65.41764	-49.45324	1.9429376	-34.237648	-55.36105	-49.4531	0.0	17080983	7907.861676931381
85	-165.20139	-165.20139	-61.2191	-49.451855	1.948896	-33.811966	-52.26039	-49.451614	0.0	17281986	7993.502559185028
86	-150.28424	-150.28424	-54.380627	-49.449837	1.9508752	-34.798454	-56.54201	-49.450005	0.0	17482983	8079.352866411209
87	-151.67747	-151.67747	-38.070267	-49.45238	1.9441297	-33.560707	-59.269855	-49.452198	0.0	17683982	8164.700210809708
88	-142.16524	-142.16524	-26.917686	-49.45189	1.9452314	-33.65686	-52.670002	-49.45188	0.0	17884982	8251.158787727356
89	-156.69012	-156.69012	-44.162384	-49.457695	1.9350921	-33.75883	-52.698193	-49.457794	0.0	18085986	8336.557840585709
90	-138.84592	-138.84592	-85.889595	-49.44929	1.9527651	-16.87065	-53.12288	-49.44925	0.0	18286984	8421.496933221817
91	-161.16739	-161.16739	-48.827145	-49.443935	1.988298	-5.023307	-52.642376	-49.443874	0.0	18487981	8507.01887845993
92	-154.32793	-154.32793	-83.79701	-49.44648	1.9873245	-2.1596615	-52.064983	-49.4465	0.0	18688982	8592.624017953873
93	-166.59712	-166.59712	-64.16534	-49.447758	1.98388	-0.5677526	-54.91632	-49.447662	0.0	18889984	8678.626039266586
94	-152.67279	-152.67279	-31.709942	-49.4423	2.0144763	2.0195546	-52.692677	-49.44239	0.1	19090982	8764.429156780243
95	-160.7614	-160.7614	-36.050224	-49.44041	2.0228884	0.738159	-55.033287	-49.440426	0.0	19291986	8850.180081129074
96	-147.5199	-147.5199	-39.219955	-49.44476	1.9972376	0.9928094	-56.403427	-49.4449	0.0	19492981	8936.262739181519
97	-157.50209	-157.50209	-41.568176	-49.446526	1.992859	1.5134082	-54.076187	-49.44641	0.0	19693984	9021.854798555374
98	-147.30667	-147.30667	-63.76565	-49.43433	2.0111904	0.7258934	-56.10596	-49.434338	0.1	19894981	9107.587827682495
99	-177.58365	-177.58365	-39.038498	-49.444	1.9917475	1.418865	-51.818142	-49.44421	0.0	20095986	9194.063158750534
100	-155.31625	-155.31625	-57.955223	-49.443367	1.9855272	1.1930646	-52.89823	-49.44331	0.0	20296981	9279.61399269104
101	-177.51173	-177.51173	-46.994034	-49.441956	1.9946166	1.1240296	-52.13225	-49.441906	0.0	20497983	9364.412193536758
102	-169.3282	-169.3282	-11.859066	-49.445107	1.9805856	2.708067	-52.619778	-49.44501	0.0	20698983	9449.852391004562
103	-158.83752	-158.83752	-112.01197	-49.440475	2.0011177	2.2995832	-55.233395	-49.440495	0.0	20899986	9535.57290649414
104	-169.03528	-169.03528	-66.388306	-49.443836	1.9809018	1.3681906	-52.412853	-49.443985	0.0	21100983	9620.866428375244
105	-155.62007	-155.62007	-63.832176	-49.440952	1.9924226	1.5309491	-58.789986	-49.440956	0.0	21301982	9706.064900875092
106	-164.21455	-164.21455	-8.950227	-49.440903	1.9902855	2.1035228	-54.581364	-49.44086	0.0	21502982	9791.724582910538
107	-160.55348	-160.55348	-33.85693	-49.442364	1.9789034	1.4567363	-53.231804	-49.442318	0.0	21703982	9876.96509051323
108	-149.15024	-149.15024	-18.539928	-49.439175	1.9767737	1.2280781	-55.21686	-49.439213	0.0	21904989	9961.80538725853
109	-152.18817	-152.18817	-6.1830873	-49.437656	1.9928002	1.3307993	-56.507713	-49.437607	0.0	22105982	10047.633502960205
110	-151.37279	-151.37279	-32.020096	-49.439705	1.9863147	1.3745021	-52.61121	-49.439743	0.0	22306982	10132.839514255524
111	-162.14682	-162.14682	-55.24519	-49.44766	1.9651638	1.6796421	-53.330116	-49.44773	0.0	22507983	10218.214515447617
112	-143.63188	-143.63188	-21.809477	-49.44553	1.9771924	3.4063158	-55.138058	-49.44544	0.0	22708983	10303.07281780243
113	-135.68318	-135.68318	-32.929188	-49.431423	2.026923	3.233978	-54.57797	-49.431545	0.0	22909983	10387.912120580673
114	-166.08969	-166.08969	-11.578017	-49.42914	2.0600448	3.9316893	-53.301212	-49.42906	0.0	23110983	10473.06226849556
115	-169.51596	-169.51596	-32.72537	-49.42302	2.0659776	4.687579	-53.385326	-49.42306	0.0	23311991	10557.84467458725
116	-141.10094	-141.10094	-49.75454	-49.423416	2.0775204	5.5643888	-53.34093	-49.423393	0.1	23512981	10643.153038978577
117	-147.16931	-147.16931	-48.615818	-49.426247	2.0806005	6.088102	-52.888493	-49.426254	0.0	23713982	10728.829888105392
118	-153.07047	-153.07047	-59.62772	-49.4316	2.0640714	3.8864195	-52.575455	-49.43161	0.0	23914984	10814.324809074402
119	-137.98329	-137.98329	-43.88009	-49.430275	2.0647197	6.5563436	-52.600327	-49.43033	0.0	24115982	10899.580377817154
120	-152.65878	-152.65878	-58.54878	-49.42656	2.0579617	6.635405	-52.05792	-49.426582	0.0	24316982	10984.704357862473
121	-162.94514	-162.94514	-83.98266	-49.42417	2.0791724	5.0770884	-53.60799	-49.424255	0.0	24517982	11069.642634868622
122	-167.78156	-167.78156	-7.661249	-49.423416	2.062671	2.7064867	-52.12134	-49.423306	0.1	24718985	11154.27022767067
123	-172.10742	-172.10742	-20.024748	-49.418575	2.0924172	3.9752536	-52.211067	-49.41868	0.0	24919986	11239.31004023552
124	-154.64409	-154.64409	-61.541588	-49.414978	2.121796	5.9840736	-52.7171	-49.414932	0.1	25120983	11324.629652023315
125	-155.88759	-155.88759	-4.3963737	-49.411324	2.129406	3.8916051	-52.301506	-49.411366	0.0	25321983	11409.95409822464
126	-174.92792	-174.92792	-14.597351	-49.41318	2.138471	4.264446	-52.260868	-49.413197	0.0	25522984	11495.643105983734
127	-171.15472	-171.15472	-31.291143	-49.418613	2.0899572	3.6009407	-52.80299	-49.418617	0.0	25723985	11581.161683797836
128	-147.30841	-147.30841	-84.80634	-49.411877	2.129447	4.422298	-52.028984	-49.411854	0.0	25924984	11666.687607049942
129	-151.44347	-151.44347	-78.26804	-49.412697	2.1077745	4.994928	-52.727898	-49.41276	0.0	26125988	11752.502563238144
130	-158.71252	-158.71252	-65.4241	-49.40515	2.1216047	4.159004	-57.76414	-49.405262	0.0	26326981	11837.95110630989
131	-160.83873	-160.83873	-14.715104	-49.410675	2.1013408	3.632896	-52.747864	-49.41071	0.0	26527983	11924.365867614746
132	-135.89201	-135.89201	-57.682632	-49.400295	2.1211107	4.225856	-52.732193	-49.400272	0.0	26728985	12010.549314975739
133	-164.55392	-164.55392	-83.59062	-49.399723	2.1284223	10.781778	-52.580006	-49.399826	0.0	26929987	12096.026048183441
134	-155.64217	-155.64217	-22.968287	-49.394733	2.1560705	3.103077	-52.37459	-49.394573	0.1	27130984	12181.951842546463
135	-153.49734	-153.49734	-22.973463	-49.385735	2.1571074	3.6126425	-52.66411	-49.3858	0.1	27331981	12267.173478126526
136	-159.13904	-159.13904	-6.9788194	-49.379753	2.1832306	2.944119	-52.384174	-49.379807	0.0	27532985	12352.589828491211
137	-173.09717	-173.09717	-41.46959	-49.38211	2.1928353	2.5833201	-53.32776	-49.382164	0.0	27733984	12438.051995515823
138	-169.13911	-169.13911	-42.18111	-49.378235	2.2152796	3.251001	-53.872124	-49.378155	0.0	27934982	12523.327230930328
139	-151.07399	-151.07399	-77.81289	-49.373886	2.2170267	3.6544876	-53.498806	-49.374027	0.0	28135988	12608.892441987991
140	-194.0454	-194.0454	-7.8533864	-49.356243	2.2726662	4.2112284	-54.314144	-49.356308	0.1	28336983	12694.92764377594
141	-159.52069	-159.52069	-69.824265	-49.343906	2.343246	6.275556	-55.17122	-49.34385	0.0	28537984	12780.89479637146
142	-174.81265	-174.81265	-21.545591	-49.35201	2.3536477	4.5868006	-53.19341	-49.352238	0.2	28738983	12866.490946531296
143	-188.96548	-188.96548	-45.8472	-49.34935	2.3610494	4.3024316	-54.32729	-49.349384	0.0	28939981	12951.575520515442
144	-188.08252	-188.08252	-18.577248	-49.345272	2.4001846	5.8871565	-52.968754	-49.34534	0.2	29140982	13036.612338066101
145	-176.66267	-176.66267	-9.177298	-49.338657	2.4453235	11.38013	-54.353256	-49.33867	0.0	29341982	13121.821305513382
146	-159.66331	-159.66331	-35.158344	-49.338284	2.460828	8.436531	-54.917145	-49.33856	0.3	29542983	13207.167146921158
147	-161.69452	-161.69452	-15.466569	-49.335358	2.4824262	11.896651	-53.401417	-49.335262	0.3	29743981	13292.132157325745
148	-156.37177	-156.37177	-26.85025	-49.329597	2.501483	8.400913	-53.848763	-49.329586	0.0	29944981	13377.295840978622
149	-201.10028	-201.10028	-79.33056	-49.327274	2.5161092	10.3148775	-53.53746	-49.327145	0.1	30145983	13462.816100597382
150	-154.2396	-154.2396	-49.663807	-49.30726	2.5976913	6.351387	-55.386765	-49.307358	0.0	30346981	13548.211197376251
151	-154.70099	-154.70099	-23.050184	-49.29437	2.656708	10.647501	-53.718937	-49.294247	0.1	30547988	13635.620044469833
152	-163.9846	-163.9846	-42.611973	-49.300095	2.6409826	10.833489	-53.60011	-49.300316	0.0	30748986	13721.74933385849
153	-169.41649	-169.41649	-22.468819	-49.304695	2.6192	18.51013	-54.073757	-49.304405	0.1	30949988	13807.031037330627
154	-178.12158	-178.12158	-34.04999	-49.300697	2.6406066	9.420856	-53.45676	-49.300865	0.2	31150985	13892.638492107391
155	-160.21655	-160.21655	-25.252583	-49.294388	2.653248	12.548162	-53.367496	-49.29427	0.1	31351982	13978.170799732208
156	-160.94511	-160.94511	-10.001606	-49.300114	2.6691563	8.93184	-53.406788	-49.29991	0.0	31552984	14063.197120428085
157	-133.45856	-133.45856	-15.062676	-49.301933	2.6629443	12.120213	-53.35577	-49.302074	0.3	31753981	14149.212432146072
158	-171.56279	-171.56279	-25.751581	-49.286884	2.6958976	21.984047	-53.94122	-49.286907	0.0	31954984	14234.621526241302
159	-175.7009	-175.7009	-18.9664	-49.287685	2.7153306	10.46142	-53.304195	-49.287777	0.0	32155984	14321.124323368073
160	-182.42496	-182.42496	-17.18922	-49.28748	2.698921	12.625351	-53.808155	-49.28746	0.2	32356988	14406.722761631012
161	-154.20607	-154.20607	1.0180858	-49.288498	2.667362	18.660868	-53.473904	-49.288437	0.1	32557986	14492.042991161346
162	-161.41965	-161.41965	-30.609175	-49.295284	2.6572773	16.266441	-54.01407	-49.29523	0.1	32758981	14578.03936123848
163	-159.5457	-159.5457	-5.9145827	-49.286915	2.7070189	16.534475	-55.043488	-49.286724	0.2	32959981	14662.974476575851
164	-160.72858	-160.72858	-82.340096	-49.284897	2.714813	11.73493	-53.757324	-49.284737	0.3	33160984	14748.248821258545
165	-138.4392	-138.4392	-43.58836	-49.26761	2.7405086	16.401611	-54.251495	-49.26753	0.0	33361982	14834.173755168915
166	-172.99246	-172.99246	-72.60851	-49.275337	2.7353396	13.154755	-53.66485	-49.27555	0.1	33562982	14919.696989059448
167	-181.86636	-181.86636	-142.36354	-49.27059	2.7166634	16.454527	-54.012844	-49.27022	0.2	33763982	15005.387500047684
168	-177.04364	-177.04364	-67.57693	-49.25857	2.7743423	20.994621	-54.268425	-49.25847	0.0	33964984	15090.952540159225
169	-150.41182	-150.41182	-84.59746	-49.25597	2.818784	18.733168	-53.936344	-49.25575	0.1	34165982	15177.036001443863
170	-176.32358	-176.32358	-45.85202	-49.260777	2.8354807	13.685389	-53.86564	-49.26046	0.2	34366986	15263.312017679214
171	-184.49818	-184.49818	-5.850896	-49.249313	2.8536348	17.182304	-54.53679	-49.24938	0.1	34567982	15349.523772239685
172	-170.29445	-170.29445	-21.7636	-49.24951	2.8839219	21.323164	-54.647884	-49.24918	0.2	34768982	15435.003039360046
173	-142.62788	-142.62788	2.7821555	-49.24777	2.885993	12.126765	-54.205967	-49.247414	0.2	34969984	15520.811052560806
174	-162.95105	-162.95105	-36.789745	-49.244965	2.9004967	16.400202	-53.602028	-49.24485	0.1	35170983	15606.1838285923
175	-166.73038	-166.73038	-22.35312	-49.234562	2.9483964	14.877344	-53.86385	-49.234486	0.2	35371984	15691.160741329193
176	-184.96947	-184.96947	-42.00486	-49.23575	2.9361308	12.53884	-53.6968	-49.235184	0.1	35572984	15776.619739055634
177	-184.87137	-184.87137	-36.434135	-49.23659	2.9558284	11.128037	-53.91023	-49.236305	0.2	35773987	15861.995080471039
178	-183.5205	-183.5205	-29.515356	-49.22842	2.9728727	26.198732	-53.729626	-49.22822	0.3	35974984	15947.282456874847
179	-177.06956	-177.06956	-58.40093	-49.22793	2.984339	20.391542	-55.48162	-49.2278	0.1	36175982	16032.794130802155
180	-161.70485	-161.70485	-92.80255	-49.228336	2.9709523	16.116184	-54.311558	-49.227833	0.1	36376982	16118.509779930115
181	-170.80402	-170.80402	-105.04138	-49.23773	2.947272	16.602228	-54.443367	-49.237507	0.2	36577982	16204.450697422028
182	-170.60513	-170.60513	-19.705675	-49.225304	2.9752915	23.214901	-54.49841	-49.224964	0.1	36778990	16290.380221128464
183	-187.14503	-187.14503	-41.89518	-49.23327	2.9650064	19.953548	-54.548603	-49.23294	0.0	36979987	16376.415965795517
184	-153.08911	-153.08911	-13.339273	-49.235096	2.921879	17.376455	-54.498898	-49.23477	0.2	37180986	16461.927541017532
185	-167.02586	-167.02586	0.21452802	-49.24559	2.8786023	16.260029	-54.662228	-49.245186	0.0	37381987	16547.713757753372
186	-164.27383	-164.27383	-54.3901	-49.24529	2.8858764	19.444925	-54.90622	-49.24516	0.3	37582985	16632.69368481636
187	-182.38716	-182.38716	-47.522446	-49.249176	2.8365612	18.447474	-54.88906	-49.248837	0.2	37783983	16718.088901758194
188	-154.78192	-154.78192	-56.15015	-49.24847	2.8862357	14.954197	-54.15773	-49.248016	0.0	37984986	16803.345365524292
189	-144.03712	-144.03712	-11.980472	-49.24677	2.8670418	37.84672	-55.12702	-49.246647	0.0	38185984	16888.610793590546
190	-158.20464	-158.20464	-25.482258	-49.245815	2.8809755	16.413958	-54.623066	-49.24563	0.2	38386982	16973.98435664177
191	-183.3219	-183.3219	-13.861048	-49.23298	2.9207187	14.588414	-56.885963	-49.232727	0.1	38587982	17059.259583473206
192	-179.73715	-179.73715	-29.031984	-49.247417	2.9151254	14.914525	-55.35065	-49.246998	0.0	38788981	17144.7745885849
193	-187.15968	-187.15968	4.2927732	-49.251247	2.8567927	21.270533	-55.45791	-49.25105	0.2	38989984	17231.05283498764
194	-164.45332	-164.45332	-21.289705	-49.24801	2.869839	14.013571	-55.61284	-49.248028	0.0	39190982	17316.83735895157
195	-160.54564	-160.54564	-29.28647	-49.24661	2.885443	30.77488	-54.774635	-49.24645	0.1	39391981	17402.210928440094
196	-167.16275	-167.16275	-8.39501	-49.253757	2.8488073	17.318417	-60.455963	-49.253563	0.1	39592982	17487.295905828476
197	-156.10332	-156.10332	-1.442091	-49.239952	2.90164	51.046127	-55.241425	-49.239513	0.1	39793984	17572.40832066536
198	-157.54185	-157.54185	-90.329384	-49.24567	2.8790126	14.810029	-55.585228	-49.245598	0.2	39994981	17657.379525899887
199	-165.59584	-165.59584	-12.617722	-49.24964	2.868305	20.562265	-55.168926	-49.24978	0.1	40195981	17742.89707350731
200	-186.38025	-186.38025	4.9773936	-49.250877	2.8848422	20.464518	-59.43462	-49.250797	0.3	40396981	17828.488166570663
201	-167.97337	-167.97337	-0.6730136	-49.233612	2.956571	14.925102	-55.907047	-49.233543	0.0	40597982	17913.527835845947
202	-142.13567	-142.13567	-21.97213	-49.23866	2.9359362	15.508687	-55.450558	-49.23847	0.1	40798984	17998.745762586594
203	-168.78531	-168.78531	-13.891479	-49.228485	2.9353595	18.432318	-56.385742	-49.228474	0.3	40999981	18084.314269065857
204	-146.86166	-146.86166	-5.113979	-49.231636	2.939792	14.198124	-55.064102	-49.23148	0.2	41200991	18168.855672121048
205	-171.61327	-171.61327	1.1851453	-49.23507	2.9203978	14.122448	-55.722588	-49.234802	0.2	41401983	18253.937138795853
206	-153.39433	-153.39433	-55.232605	-49.228104	2.939876	16.135134	-54.823624	-49.22804	0.2	41602984	18339.097856283188
207	-159.65424	-159.65424	-55.527378	-49.232327	2.9365747	13.792447	-54.894917	-49.232155	0.2	41803981	18423.511664152145
208	-172.61334	-172.61334	-35.914528	-49.22379	2.9435139	14.475475	-55.489826	-49.223793	0.4	42004982	18508.463064670563
209	-157.93498	-157.93498	-15.227289	-49.222427	2.9632273	16.76476	-56.52608	-49.22208	0.1	42205982	18593.743492126465
210	-158.34084	-158.34084	-7.02437	-49.23095	2.9200654	20.589937	-56.10404	-49.23102	0.3	42406983	18678.349624156952
211	-162.40851	-162.40851	-79.31464	-49.216686	2.9436202	29.77743	-54.814316	-49.216522	0.0	42607983	18763.409212350845
212	-181.565	-181.565	-2.3773232	-49.217167	2.931899	14.832281	-55.337734	-49.216995	0.0	42808984	18848.9471282959
213	-177.83888	-177.83888	-4.7328277	-49.215805	2.9344318	20.503069	-56.35113	-49.21578	0.0	43009982	18933.889472723007
214	-182.65926	-182.65926	-19.89464	-49.22462	2.9155748	16.962557	-54.37067	-49.22448	0.1	43210981	19018.699377059937
215	-157.70308	-157.70308	-51.787205	-49.216457	2.9613478	15.128639	-54.323307	-49.21612	0.1	43411983	19104.331715106964
216	-142.79222	-142.79222	3.5069337	-49.218452	2.92381	17.13666	-55.876472	-49.218445	0.3	43612981	19189.117062568665
217	-155.32027	-155.32027	-28.291344	-49.217697	2.9456947	14.124972	-54.503536	-49.217358	0.4	43813983	19273.679352760315
218	-177.93355	-177.93355	-19.659594	-49.218822	2.9573812	18.16394	-55.444324	-49.218807	0.1	44014982	19359.15403366089
219	-179.47064	-179.47064	-20.77986	-49.2224	2.956276	12.149387	-54.65388	-49.222294	0.2	44215983	19443.746351003647
220	-168.23471	-168.23471	-50.083412	-49.212532	2.9768407	17.56563	-54.38483	-49.21247	0.1	44416983	19528.354867458344
221	-154.42175	-154.42175	-45.717587	-49.214603	2.9991856	15.769413	-55.111782	-49.21484	0.2	44617982	19613.090549230576
222	-156.94257	-156.94257	-47.37762	-49.210102	2.9857702	17.410566	-55.527733	-49.20984	0.3	44818982	19697.995696544647
223	-176.24937	-176.24937	-110.47387	-49.21887	2.9470632	12.991335	-56.23079	-49.218857	0.2	45019983	19783.084530115128
224	-156.65878	-156.65878	-49.729736	-49.208874	2.9805555	25.656878	-55.37515	-49.208813	0.1	45220982	19867.76017689705
225	-163.53876	-163.53876	3.4717164	-49.204487	2.9908311	16.624365	-54.317226	-49.20473	0.2	45421985	19952.082499027252
226	-148.0605	-148.0605	-2.16146	-49.20434	2.9908504	17.045942	-58.206543	-49.204144	0.3	45622983	20036.737498760223
227	-167.97867	-167.97867	-5.338156	-49.203472	3.0325456	20.627562	-56.65337	-49.203373	0.4	45823983	20121.502069711685
228	-166.08908	-166.08908	-23.152962	-49.211914	3.0014186	19.666916	-56.128864	-49.21196	0.2	46024983	20205.7909822464
229	-192.69199	-192.69199	-70.2587	-49.208828	2.9657867	19.500109	-54.831547	-49.208828	0.2	46225982	20290.445891857147
230	-171.76819	-171.76819	-3.7329705	-49.212337	2.995167	14.557453	-57.20258	-49.2122	0.2	46426983	20375.174021720886
231	-150.13144	-150.13144	-36.986626	-49.208652	3.0150478	23.830997	-57.39354	-49.208656	0.3	46627983	20459.793065547943
232	-194.64272	-194.64272	-10.939323	-49.195927	3.0610402	18.71233	-56.421715	-49.196304	0.6	46828989	20544.201767206192
233	-161.81363	-161.81363	-15.91799	-49.2066	3.0609882	17.761164	-58.240936	-49.206154	0.3	47029985	20629.153086423874
234	-167.80878	-167.80878	-6.4189987	-49.207523	3.0451045	16.99983	-56.783333	-49.20761	0.0	47230982	20714.047840595245
235	-143.62209	-143.62209	-23.423717	-49.20889	3.0265064	15.270686	-56.546402	-49.209076	0.2	47431982	20799.153434753418
236	-155.27449	-155.27449	6.660982	-49.201096	3.0726914	16.812294	-60.178917	-49.200993	0.4	47632982	20884.049164295197
237	-148.13342	-148.13342	-27.73227	-49.206673	3.032811	17.94533	-57.977604	-49.206352	0.2	47833981	20968.499034404755
238	-163.7961	-163.7961	-8.064204	-49.196575	3.0529518	29.096783	-56.58113	-49.19678	0.2	48034983	21052.816879987717
239	-143.60594	-143.60594	-4.256083	-49.204933	3.050021	16.315533	-56.91863	-49.204887	0.2	48235987	21137.1650223732
240	-165.23395	-165.23395	-4.1858044	-49.185806	3.0946958	22.801388	-55.83964	-49.18569	0.4	48436982	21221.94402885437
241	-165.34305	-165.34305	-52.245377	-49.192352	3.06559	16.855005	-57.81164	-49.192314	0.1	48637986	21306.46682524681
242	-150.64372	-150.64372	-56.29485	-49.179783	3.1180897	22.890232	-57.27931	-49.179802	0.1	48838982	21391.015737056732
243	-150.91405	-150.91405	-5.808026	-49.182003	3.1420875	20.218262	-57.114788	-49.18176	0.1	49039981	21475.1871008873
244	-173.61621	-173.61621	-26.911724	-49.17805	3.15268	14.483801	-57.160637	-49.178326	0.0	49240985	21559.42266726494
245	-145.39049	-145.39049	-46.7431	-49.17376	3.1667795	18.553892	-60.176334	-49.173767	0.2	49441987	21644.28219127655
246	-140.99286	-140.99286	0.86561203	-49.176064	3.1529102	17.213148	-56.57009	-49.17578	0.3	49642986	21728.844399929047
247	-151.02025	-151.02025	-1.4274963	-49.158268	3.1796281	20.412987	-57.675232	-49.15831	0.0	49843982	21813.955471277237
248	-152.80418	-152.80418	-54.976307	-49.170692	3.15656	18.3292	-56.128414	-49.170628	0.2	50044987	21898.496813058853
249	-173.88042	-173.88042	-9.431169	-49.168972	3.1590357	18.32245	-56.480873	-49.168755	0.0	50245983	21982.77752184868
250	-147.7871	-147.7871	-59.711422	-49.16819	3.185751	12.048909	-55.26064	-49.167984	0.1	50446982	22066.86033964157
251	-164.5326	-164.5326	-5.437595	-49.159725	3.1927345	19.84798	-55.55038	-49.15997	0.1	50647986	22151.397696256638
252	-169.62515	-169.62515	1.635424	-49.173244	3.1572938	20.474358	-56.362316	-49.173065	0.1	50848981	22236.13777065277
253	-167.45451	-167.45451	-10.5720415	-49.168938	3.142502	14.504704	-57.386925	-49.16887	0.3	51049982	22320.74150300026
254	-158.63184	-158.63184	1.217113	-49.17707	3.118578	14.4127245	-63.12105	-49.177055	0.3	51250987	22405.092300891876
255	-155.44687	-155.44687	-1.039464	-49.173004	3.147721	20.45788	-55.217136	-49.172806	0.2	51451982	22489.075948238373
256	-165.17947	-165.17947	-8.64875	-49.164913	3.1763425	21.389559	-55.57275	-49.165054	0.1	51652988	22573.31162428856
257	-162.08432	-162.08432	-3.5088897	-49.164894	3.1725104	15.98355	-57.328968	-49.164845	0.3	51853983	22657.646594762802
258	-150.85307	-150.85307	-23.773504	-49.16211	3.1745837	17.200813	-56.55964	-49.161892	0.3	52054982	22742.399989128113
259	-144.23145	-144.23145	-6.3117275	-49.148865	3.2272754	13.701407	-56.502544	-49.149128	0.4	52255983	22826.54818701744
260	-147.41846	-147.41846	1.3082558	-49.164597	3.1850457	12.177675	-56.172497	-49.16441	0.4	52456985	22911.25114631653
261	-165.78693	-165.78693	-17.026283	-49.14881	3.2456722	20.388702	-57.1121	-49.148663	0.1	52657985	22995.649045705795
262	-161.93195	-161.93195	-15.045335	-49.15413	3.2321055	15.718772	-57.927063	-49.154247	0.3	52858983	23080.079846143723
263	-152.09781	-152.09781	-21.357761	-49.142906	3.2655876	18.037619	-57.85491	-49.142868	0.5	53059982	23164.603806972504
264	-153.55136	-153.55136	-5.1405573	-49.15571	3.239767	15.150313	-58.50389	-49.15546	0.6	53260984	23249.62593102455
265	-162.71806	-162.71806	-5.747835	-49.1407	3.2955785	15.603872	-57.391876	-49.1407	0.3	53461983	23334.04398417473
266	-143.55128	-143.55128	-36.765736	-49.145866	3.2775517	24.78099	-60.00509	-49.145847	0.4	53662981	23418.495685338974
267	-151.67839	-151.67839	-39.85225	-49.142525	3.2886646	14.067533	-57.2382	-49.142303	0.2	53863983	23502.36990404129
268	-153.4033	-153.4033	4.5566707	-49.148533	3.2631485	16.201319	-57.2447	-49.148388	0.2	54064981	23586.976425886154
269	-163.84708	-163.84708	0.57715034	-49.147434	3.2773364	14.425247	-56.971878	-49.14731	0.4	54265985	23671.315443992615
270	-175.81099	-175.81099	-18.791283	-49.148224	3.2378442	18.965286	-58.99777	-49.148148	0.4	54466981	23755.384481191635
271	-164.44359	-164.44359	-23.475801	-49.140408	3.290665	14.898331	-57.21227	-49.140717	0.2	54667987	23839.390003442764
272	-156.96518	-156.96518	-15.39584	-49.13532	3.3168914	14.072559	-58.209442	-49.134895	0.2	54868985	23923.691951274872
273	-166.17961	-166.17961	2.7764952	-49.135674	3.3063607	19.214834	-58.672714	-49.135387	0.2	55069984	24008.353669643402
274	-131.46065	-131.46065	-62.079174	-49.13426	3.3085194	20.549002	-58.43665	-49.134056	0.3	55270984	24093.14395904541
275	-152.5254	-152.5254	7.245485	-49.12713	3.336267	29.79455	-58.480984	-49.127098	0.6	55471982	24177.461728811264
276	-151.61305	-151.61305	3.133597	-49.13273	3.2903938	22.949387	-58.32882	-49.132362	0.3	55672982	24262.19471001625
277	-157.16402	-157.16402	-75.272224	-49.130253	3.2970595	15.838568	-60.448	-49.13007	0.2	55873983	24346.49757194519
278	-159.65211	-159.65211	2.8073015	-49.129925	3.2872202	12.330428	-58.764008	-49.12991	0.3	56074981	24432.167845249176
279	-156.8748	-156.8748	-133.82411	-49.125404	3.3313951	13.803876	-57.49966	-49.12546	0.2	56275982	24517.05304312706
280	-145.05446	-145.05446	8.010422	-49.124077	3.3303893	14.516407	-57.741207	-49.12394	0.4	56476984	24601.400721549988
281	-154.64116	-154.64116	2.0040765	-49.124214	3.3084645	17.331438	-57.769184	-49.12376	0.4	56677984	24686.628249645233
282	-158.55617	-158.55617	6.742487	-49.117474	3.360483	21.960691	-60.922356	-49.11754	0.2	56878982	24771.54768538475
283	-169.31879	-169.31879	-108.46355	-49.107433	3.3519642	18.811111	-60.400745	-49.1074	0.1	57079985	24856.256582021713
284	-175.18152	-175.18152	-12.607774	-49.118526	3.3428304	11.85348	-63.44854	-49.11814	0.3	57280984	24940.465779304504
285	-151.27711	-151.27711	-2.8418744	-49.108448	3.3841202	16.670572	-58.90228	-49.108036	0.3	57481984	25024.997381687164
286	-178.93758	-178.93758	-62.0416	-49.10988	3.3738472	15.795165	-58.090385	-49.10976	0.1	57682987	25109.101634979248
287	-168.24963	-168.24963	-23.286602	-49.111652	3.3801193	15.079905	-58.121845	-49.111458	0.1	57883983	25193.52418279648
288	-152.3905	-152.3905	-53.53733	-49.11162	3.3509154	13.942895	-59.227554	-49.11136	0.2	58084983	25277.845717668533
289	-193.89998	-193.89998	-57.92217	-49.123985	3.3224304	14.4296255	-60.11712	-49.123848	0.1	58285981	25361.91232728958
290	-149.88242	-149.88242	-32.326748	-49.115704	3.381351	14.213777	-57.52553	-49.115467	0.3	58486981	25446.36332178116
291	-140.77576	-140.77576	-3.6394274	-49.118965	3.3570366	19.627434	-58.07341	-49.118805	0.3	58687982	25530.884367227554
292	-173.40347	-173.40347	-23.991955	-49.099594	3.4237716	12.454622	-58.462563	-49.09946	0.3	58888982	25614.970724344254
293	-156.95688	-156.95688	-70.082794	-49.11707	3.349535	13.820301	-61.629818	-49.116417	0.2	59089991	25699.0517680645
294	-160.15741	-160.15741	-72.92068	-49.094948	3.43237	12.237836	-58.77294	-49.09502	0.2	59290982	25783.593675613403
295	-157.40414	-157.40414	-37.51517	-49.105873	3.3828735	15.517211	-59.17456	-49.10552	0.3	59491981	25868.111975431442
296	-155.7663	-155.7663	-22.989742	-49.086216	3.4605982	21.675604	-56.99872	-49.08598	0.3	59692982	25952.497257232666
297	-146.7925	-146.7925	-22.142042	-49.102985	3.4082274	16.182068	-58.221016	-49.102707	0.2	59893982	26036.714593410492
298	-153.94731	-153.94731	-16.46071	-49.098515	3.4087317	17.050884	-59.678913	-49.09829	0.2	60094982	26120.686224222183
299	-149.32417	-149.32417	1.714734	-49.092964	3.4460413	12.749022	-57.373955	-49.092827	0.1	60295982	26205.337525367737
300	-153.56177	-153.56177	4.469456	-49.092903	3.4157653	14.7772455	-61.414963	-49.092697	0.6	60496981	26289.85342669487
301	-139.76764	-139.76764	-35.013157	-49.08509	3.4663868	14.902946	-64.38898	-49.084896	0.1	60697982	26375.37657904625
302	-147.89629	-147.89629	-29.13982	-49.087852	3.4449368	12.297028	-61.42433	-49.087715	0.1	60898983	26459.84725832939
303	-173.16261	-173.16261	-24.25127	-49.088	3.4506912	22.168148	-58.34473	-49.087997	0.1	61099990	26544.73031949997
304	-142.22704	-142.22704	5.6337795	-49.084385	3.4692953	21.10802	-62.05394	-49.084103	0.3	61300984	26630.487143993378
305	-135.44318	-135.44318	-32.009525	-49.071384	3.473792	23.892756	-61.996094	-49.07141	0.1	61501982	26715.47171664238
306	-168.70485	-168.70485	4.090561	-49.077766	3.4624846	14.798161	-58.59036	-49.077595	0.2	61702982	26800.36669921875
307	-141.27332	-141.27332	-120.45027	-49.079365	3.4762244	15.022683	-59.94754	-49.079315	0.2	61903982	26885.215209007263
308	-146.22658	-146.22658	-13.987219	-49.08313	3.4791691	19.827192	-60.54254	-49.082825	0.6	62104984	26970.019688129425
309	-124.3274	-124.3274	9.647853	-49.06249	3.5012114	22.926413	-62.332146	-49.062363	0.3	62305985	27055.398062944412
310	-166.2431	-166.2431	-78.30596	-49.052227	3.5536737	19.335064	-62.696125	-49.05196	0.1	62506981	27140.27617788315
311	-156.22044	-156.22044	-56.449448	-49.06586	3.492075	16.31687	-60.504124	-49.065773	0.4	62707982	27225.001979351044
312	-140.83603	-140.83603	-33.0105	-49.048485	3.5565991	18.597397	-59.73458	-49.048187	0.1	62908982	27308.88973736763
313	-147.596	-147.596	3.190637	-49.053776	3.5169082	16.305567	-58.57407	-49.05388	0.2	63109983	27392.92187666893
314	-138.9827	-138.9827	-40.86668	-49.05729	3.5333452	16.417698	-60.986683	-49.056946	0.4	63310983	27477.641328573227
315	-135.81528	-135.81528	-35.29554	-49.05151	3.555073	13.828267	-60.451237	-49.051563	0.2	63511982	27562.148848056793
316	-163.01584	-163.01584	-27.830843	-49.041016	3.5310168	18.945831	-65.78452	-49.04085	0.1	63712984	27646.552851438522
317	-182.34154	-182.34154	-31.738007	-49.04065	3.5443318	17.400028	-62.733883	-49.040485	0.4	63913986	27731.188898801804
318	-145.52919	-145.52919	-18.843092	-49.04441	3.5572991	23.073326	-61.58757	-49.044468	0.2	64114982	27815.41462111473
319	-172.42075	-172.42075	-41.157707	-49.039375	3.6061327	13.519701	-59.45186	-49.039333	0.2	64315985	27900.766775131226
320	-169.75853	-169.75853	0.95104337	-49.048138	3.5708807	16.698559	-60.73049	-49.048164	0.4	64516985	27986.02060008049
321	-144.32076	-144.32076	-66.32055	-49.031807	3.6087065	20.74271	-58.09094	-49.031506	0.1	64717986	28071.034072875977
322	-157.6388	-157.6388	-32.905132	-49.025467	3.6367471	16.959724	-60.9964	-49.026093	0.4	64918982	28155.986009836197
323	-169.61874	-169.61874	-3.3590865	-49.025	3.6304815	16.297907	-60.471184	-49.02427	0.3	65119981	28241.19157743454
324	-162.54445	-162.54445	6.067586	-49.032852	3.5969687	12.753917	-60.097626	-49.032715	0.3	65320984	28326.135866642
325	-160.8178	-160.8178	-15.393728	-49.02129	3.615237	16.225681	-59.35094	-49.021305	0.3	65521985	28410.340674638748
326	-147.99982	-147.99982	-31.321888	-49.030922	3.6115792	29.65907	-61.864197	-49.0308	0.3	65722989	28495.164771080017
327	-138.7987	-138.7987	-35.587685	-49.0147	3.67747	16.908264	-61.036983	-49.01433	0.5	65923982	28579.642560243607
328	-125.670166	-125.670166	9.351567	-49.0131	3.6885493	18.048704	-61.010056	-49.01316	0.3	66124982	28664.491894960403
329	-152.33884	-152.33884	3.115419	-49.02065	3.6403797	17.823925	-59.90158	-49.02067	0.6	66325984	28749.601015090942
330	-149.88458	-149.88458	-28.83592	-49.00093	3.7258625	16.870277	-62.15918	-49.000923	0.5	66526986	28835.009618997574
331	-159.07816	-159.07816	-14.960297	-49.00413	3.705906	15.071849	-61.30329	-49.004124	0.6	66727990	28919.439294338226
332	-165.79692	-165.79692	2.1576176	-49.00313	3.7198875	17.529825	-67.466354	-49.00307	0.5	66928981	29004.042011499405
333	-130.70898	-130.70898	-7.5892773	-49.005306	3.67941	16.977064	-59.950916	-49.005474	0.4	67129981	29088.462534189224
334	-162.74666	-162.74666	-24.90317	-49.007538	3.6852765	18.00732	-61.11538	-49.00754	0.2	67330989	29172.8873565197
335	-143.2221	-143.2221	-25.838232	-48.995895	3.7518203	16.381622	-62.568317	-48.99572	0.4	67531985	29257.0543551445
336	-145.28438	-145.28438	0.44597042	-49.000126	3.689403	21.018784	-62.50764	-49.000008	0.2	67732982	29341.210443735123
337	-129.03235	-129.03235	-46.98385	-48.979694	3.7680297	15.013227	-62.58638	-48.979256	0.4	67933983	29425.857070684433
338	-161.29839	-161.29839	-15.728785	-48.97251	3.8104668	16.941778	-60.9736	-48.97258	0.2	68134981	29510.58277654648
339	-151.20978	-151.20978	10.541412	-48.980137	3.7945418	16.252504	-60.5431	-48.979828	0.4	68335983	29595.15015244484
340	-159.64417	-159.64417	7.656037	-48.9709	3.7870517	15.927239	-61.668312	-48.97088	0.5	68536983	29679.950191259384
341	-144.63634	-144.63634	9.038715	-48.988888	3.8041496	15.853589	-61.128395	-48.988537	0.5	68737983	29764.504232168198
342	-159.90234	-159.90234	-24.721052	-48.974636	3.8293617	19.755585	-62.91298	-48.974403	0.1	68938984	29848.92425608635
343	-180.33554	-180.33554	2.2157934	-48.98021	3.7533443	17.317307	-61.79664	-48.980038	0.2	69139991	29934.180681467056
344	-139.19699	-139.19699	4.751262	-48.981583	3.7892947	15.961594	-60.50498	-48.981266	0.2	69340984	30017.983731746674
345	-153.4798	-153.4798	-44.899403	-48.964554	3.816481	24.223928	-62.749943	-48.96418	0.2	69541987	30102.69592690468
346	-133.93205	-133.93205	10.499197	-48.9757	3.80701	17.703947	-62.422638	-48.975952	0.2	69742981	30187.053958177567
347	-159.82887	-159.82887	0.628622	-48.96407	3.8257213	18.003763	-61.74137	-48.96407	0.1	69943985	30271.629209041595
348	-149.06772	-149.06772	-11.447524	-48.97205	3.8227522	14.586248	-62.40937	-48.97188	0.2	70144985	30356.24378967285
349	-143.54146	-143.54146	0.50966674	-48.96211	3.8418992	16.394875	-61.900234	-48.962273	0.3	70345985	30440.838933467865
350	-139.93825	-139.93825	-31.835777	-48.962227	3.8462272	17.451326	-65.39617	-48.96208	0.5	70546989	30525.371871471405
351	-164.8909	-164.8909	6.6146846	-48.94591	3.889497	23.816107	-60.552612	-48.94638	0.3	70747985	30610.03280520439
352	-153.15941	-153.15941	9.664169	-48.941338	3.9029691	16.468435	-60.39739	-48.941097	0.5	70948981	30694.930609941483
353	-147.65146	-147.65146	7.8993073	-48.952534	3.838883	17.312866	-60.659367	-48.952602	0.3	71149983	30779.37930202484
354	-145.91591	-145.91591	-29.434435	-48.939415	3.9086804	16.996635	-61.964966	-48.939346	0.2	71350984	30864.227581977844
355	-142.73163	-142.73163	6.396293	-48.949696	3.8727431	18.229053	-62.764706	-48.94967	0.4	71551982	30948.96406197548
356	-147.15508	-147.15508	-12.457721	-48.933807	3.9086332	15.67454	-63.374645	-48.933983	0.0	71752981	31033.748482465744
357	-195.42725	-195.42725	-0.37577283	-48.953964	3.8109004	16.33532	-62.711	-48.953564	0.5	71953983	31119.019295930862
358	-163.73235	-163.73235	1.3623043	-48.9457	3.876375	23.516632	-68.49578	-48.94575	0.3	72154983	31203.696267604828
359	-124.98398	-124.98398	8.429984	-48.94435	3.891804	16.522963	-63.99899	-48.94403	0.3	72355984	31288.462698698044
360	-145.92232	-145.92232	1.0256202	-48.936626	3.889613	15.281389	-63.213657	-48.936474	0.5	72556991	31373.135449886322
361	-116.569824	-116.569824	-17.17005	-48.93786	3.8698003	20.514282	-61.909103	-48.937992	0.5	72757984	31457.68161559105
362	-152.55733	-152.55733	-41.166103	-48.928616	3.9314408	31.3522	-61.962074	-48.92835	0.1	72958983	31541.797078371048
363	-149.87212	-149.87212	11.137431	-48.899567	4.003278	16.30273	-66.829544	-48.899258	0.3	73159985	31627.851249456406
364	-148.55432	-148.55432	-14.652588	-48.928165	3.9082112	16.630386	-65.62239	-48.928062	0.2	73360982	31712.658664941788
365	-126.25733	-126.25733	-17.755299	-48.92151	3.9600704	18.681005	-62.638023	-48.921383	0.5	73561982	31797.70996451378
366	-131.15495	-131.15495	-0.18869632	-48.917515	3.931937	16.074547	-61.471783	-48.917297	0.6	73762982	31882.11101412773
367	-168.1851	-168.1851	1.309191	-48.905975	3.9749978	18.226776	-65.78113	-48.90652	0.5	73963983	31966.48423600197
368	-140.07005	-140.07005	-19.834639	-48.914444	3.9524493	14.948148	-63.956745	-48.91397	0.4	74164981	32050.633600234985
369	-144.51332	-144.51332	8.735701	-48.915905	3.9514835	18.388025	-63.53303	-48.915558	0.4	74365987	32135.019587278366
370	-151.46242	-151.46242	8.584914	-48.89565	4.031097	15.575017	-61.29025	-48.895832	0.3	74566987	32219.486335992813
371	-139.60144	-139.60144	-25.093073	-48.90147	4.0036864	18.13514	-63.945427	-48.901413	0.3	74767985	32303.720178842545
372	-151.94113	-151.94113	-30.604279	-48.90308	4.0040793	18.326551	-64.31164	-48.90337	0.5	74968981	32387.945858955383
373	-143.13702	-143.13702	-16.628672	-48.898777	4.022472	16.921524	-62.04245	-48.898624	0.3	75169983	32472.676918268204
374	-144.17737	-144.17737	-40.42053	-48.91161	4.0211825	17.63797	-65.79388	-48.911224	0.4	75370987	32557.176396369934
375	-153.28821	-153.28821	10.721476	-48.89466	4.0456357	16.189543	-64.41142	-48.894543	0.4	75571981	32642.415618419647
376	-157.74628	-157.74628	6.0570464	-48.885067	4.063664	18.158947	-61.605495	-48.884777	0.1	75772991	32726.75398826599
377	-139.86438	-139.86438	5.6831408	-48.87628	4.1006303	20.846424	-65.30441	-48.8758	0.3	75973984	32811.31829619408
378	-168.36609	-168.36609	9.213571	-48.895992	4.032389	20.535446	-62.821445	-48.89588	0.3	76174985	32896.06091880798
379	-142.77284	-142.77284	-8.351493	-48.88461	4.0685554	15.966486	-62.60235	-48.88443	0.4	76375983	32980.68794155121
380	-154.02547	-154.02547	-48.80864	-48.874874	4.118501	16.107557	-60.170372	-48.874653	0.2	76576982	33065.451551914215
381	-152.64073	-152.64073	7.872131	-48.862434	4.150087	17.247488	-65.57623	-48.862694	0.2	76777987	33149.90561437607
382	-189.78813	-189.78813	6.9884768	-48.87017	4.142557	15.774347	-61.77427	-48.869568	0.4	76978982	33234.817710876465
383	-148.28668	-148.28668	-14.728879	-48.864044	4.1527166	17.587393	-61.820564	-48.863796	0.2	77179982	33319.34198522568
384	-154.58655	-154.58655	-12.327215	-48.877647	4.1180177	21.543232	-62.427444	-48.87749	0.2	77380981	33403.72662162781
385	-143.05055	-143.05055	-22.496355	-48.861694	4.1724467	21.928997	-61.25654	-48.862034	0.3	77581983	33488.30762720108
386	-163.85086	-163.85086	4.6478705	-48.880775	4.1046047	13.941925	-62.08166	-48.880363	0.2	77782983	33573.29880094528
387	-152.78848	-152.78848	5.1871266	-48.868317	4.133097	23.687616	-62.77669	-48.868668	0.2	77983989	33657.74793434143
388	-159.68748	-159.68748	11.155857	-48.867332	4.1455197	16.16462	-62.35091	-48.867	0.4	78184981	33743.08087348938
389	-144.46632	-144.46632	-30.647503	-48.885506	4.0859404	15.915943	-62.40814	-48.8851	0.1	78385982	33827.25186634064
390	-146.54672	-146.54672	-1.7588321	-48.86529	4.158881	26.174744	-64.151024	-48.86599	0.4	78586984	33911.4884250164
391	-145.65176	-145.65176	5.7024765	-48.88363	4.0918636	26.282484	-60.837925	-48.88357	0.5	78787982	33995.54142045975
392	-136.76518	-136.76518	9.328443	-48.873196	4.146884	16.914343	-60.82889	-48.873116	0.1	78988983	34079.6086537838
393	-148.90236	-148.90236	0.53043103	-48.865883	4.1399713	18.010702	-67.30948	-48.86581	0.3	79189983	34164.41826725006
394	-139.95468	-139.95468	-9.440171	-48.870403	4.158077	14.584217	-62.858818	-48.870354	0.3	79390983	34249.574038267136
395	-153.46262	-153.46262	5.3346815	-48.866676	4.171824	16.058174	-71.37289	-48.866844	0.6	79591981	34334.14182949066
396	-163.63535	-163.63535	-16.418715	-48.862095	4.1538677	17.59238	-70.29529	-48.86157	0.4	79792983	34418.45220041275
397	-137.59409	-137.59409	-24.654127	-48.85861	4.1966496	21.034655	-74.13438	-48.85881	0.5	79993988	34503.07433056831
398	-151.22806	-151.22806	-14.173234	-48.84956	4.211868	24.282614	-63.783268	-48.84971	0.5	80194985	34587.23684501648
399	-156.3355	-156.3355	8.515275	-48.85736	4.191824	21.966717	-62.966732	-48.857346	0.2	80395981	34671.19213628769
400	-151.18445	-151.18445	6.854176	-48.85765	4.1769032	24.673162	-62.004253	-48.857944	0.7	80596982	34755.60184407234
401	-158.49403	-158.49403	9.593011	-48.853367	4.2024	21.366585	-68.79072	-48.85326	0.6	80797983	34840.49429345131
402	-159.23386	-159.23386	8.5569315	-48.847874	4.2058644	16.906694	-60.55184	-48.84769	0.4	80998984	34924.98592662811
403	-166.84868	-166.84868	8.587171	-48.845512	4.2101297	19.553814	-68.12342	-48.84529	0.4	81199983	35009.32220005989
404	-140.26447	-140.26447	-22.74811	-48.853817	4.222788	25.401083	-68.30982	-48.853916	0.7	81400983	35093.87048745155
405	-144.28003	-144.28003	10.898254	-48.848366	4.202893	18.772633	-62.640537	-48.848648	0.3	81601983	35178.755412817
406	-143.71056	-143.71056	6.2775254	-48.849728	4.21046	19.874043	-61.95188	-48.849525	0.4	81802985	35263.33618807793
407	-158.14653	-158.14653	7.623565	-48.853397	4.170144	17.377733	-60.71636	-48.853554	0.4	82003984	35348.69543147087
408	-148.64032	-148.64032	9.062531	-48.835743	4.250651	19.182152	-62.24871	-48.836212	0.4	82204985	35433.12333679199
409	-147.2528	-147.2528	4.3556447	-48.84268	4.249714	14.708708	-63.806297	-48.84282	0.3	82405982	35517.54129958153
410	-155.58183	-155.58183	8.354919	-48.845905	4.2295446	18.224998	-69.70551	-48.845913	0.5	82606984	35601.641228437424
411	-131.85672	-131.85672	-38.17308	-48.83304	4.268462	18.146517	-62.719852	-48.832882	0.3	82807982	35686.65563941002
412	-169.09398	-169.09398	9.608651	-48.838985	4.2172165	22.368876	-66.08449	-48.83963	0.6	83008986	35771.38101577759
413	-129.02011	-129.02011	6.346445	-48.83361	4.241608	17.193363	-61.84099	-48.83329	0.2	83209982	35855.5932738781
414	-144.92444	-144.92444	10.147366	-48.83915	4.24152	16.12315	-65.643936	-48.83959	0.4	83410981	35939.43202114105
415	-139.05875	-139.05875	-9.16083	-48.824432	4.304466	15.689606	-64.284805	-48.824043	0.5	83611982	36024.41636776924
416	-160.34552	-160.34552	7.006447	-48.823586	4.2878537	17.055605	-62.26415	-48.823223	0.4	83812982	36109.031537771225
417	-140.11536	-140.11536	10.671325	-48.823963	4.3240995	17.968737	-61.62198	-48.82417	0.6	84013984	36193.83911705017
418	-139.76212	-139.76212	4.2280126	-48.813522	4.324813	26.615053	-63.14407	-48.813698	0.3	84214982	36279.12336349487
419	-143.58948	-143.58948	8.53373	-48.8181	4.3077617	26.828632	-66.08502	-48.817368	0.4	84415983	36362.747253894806
420	-116.96188	-116.96188	7.5658665	-48.810852	4.350715	20.773987	-63.669415	-48.81074	0.5	84616983	36447.051102399826
421	-174.99992	-174.99992	-29.90833	-48.798656	4.394447	23.038122	-62.465744	-48.79836	0.2	84817985	36531.42563033104
422	-151.12987	-151.12987	7.297168	-48.80429	4.363769	21.038704	-61.42734	-48.803905	0.3	85018988	36616.29907536507
423	-154.70651	-154.70651	4.6709447	-48.818043	4.2988315	17.57591	-64.06082	-48.81833	0.3	85219981	36701.51109409332
424	-146.40237	-146.40237	6.084483	-48.78556	4.412022	21.002697	-67.51089	-48.785576	0.3	85420982	36785.96835207939
425	-129.04662	-129.04662	8.201409	-48.794827	4.3890867	19.3292	-64.43864	-48.795315	0.5	85621983	36870.568816423416
426	-156.53085	-156.53085	-2.1104372	-48.798344	4.353619	25.155262	-80.25092	-48.798157	0.6	85822982	36954.717180252075
427	-129.81354	-129.81354	-3.6837797	-48.78798	4.392375	15.387772	-62.33571	-48.787613	0.5	86023981	37039.170318841934
428	-152.37077	-152.37077	8.463338	-48.78319	4.3884974	20.40621	-63.175865	-48.78372	0.3	86224982	37123.77105689049
429	-130.90729	-130.90729	4.765334	-48.779873	4.4138455	17.430353	-62.954567	-48.778885	0.5	86425991	37208.274973869324
430	-148.29112	-148.29112	3.1365845	-48.791954	4.3692226	18.690973	-63.693474	-48.792114	0.7	86626981	37292.106971502304
431	-149.01099	-149.01099	7.8781905	-48.78268	4.4235325	18.081278	-63.286575	-48.782043	0.5	86827986	37376.55112743378
432	-164.05037	-164.05037	8.082145	-48.79704	4.3490252	21.503231	-65.63237	-48.797203	0.3	87028983	37460.67182612419
433	-140.41057	-140.41057	5.9809194	-48.81303	4.327016	20.08932	-63.56982	-48.81325	0.6	87229985	37545.274330616
434	-180.43375	-180.43375	7.8712554	-48.798244	4.3807807	19.47046	-65.15837	-48.797916	0.2	87430983	37629.73116540909
435	-154.01814	-154.01814	9.642418	-48.787315	4.4170966	18.789568	-64.53906	-48.78697	0.6	87631987	37713.82223081589
436	-148.99231	-148.99231	2.9395585	-48.765953	4.4711523	19.955109	-65.44661	-48.766262	0.5	87832983	37798.62020421028
437	-135.2038	-135.2038	-6.770553	-48.79931	4.366921	23.611902	-64.022285	-48.799095	0.5	88033982	37883.316452503204
438	-151.9655	-151.9655	5.922127	-48.771793	4.4604645	17.46427	-65.51265	-48.771694	0.1	88234983	37967.45474743843
439	-162.89297	-162.89297	8.0372505	-48.77899	4.4341526	20.569157	-66.500465	-48.778595	0.3	88435984	38052.53928518295
440	-137.80101	-137.80101	7.74005	-48.78017	4.3982825	21.101254	-63.4284	-48.780373	0.5	88636983	38137.252648591995
441	-133.96169	-133.96169	-6.144754	-48.77325	4.4456015	17.594074	-64.72145	-48.772854	0.2	88837983	38221.6989634037
442	-156.37569	-156.37569	-3.7570345	-48.765686	4.474458	18.628326	-65.7683	-48.766106	0.5	89038985	38306.01739358902
443	-143.71936	-143.71936	1.6385406	-48.770885	4.4237967	23.681444	-65.91138	-48.770832	0.6	89239981	38390.462104320526
444	-154.08456	-154.08456	-0.518029	-48.773407	4.450694	19.613562	-62.55062	-48.77341	0.5	89440982	38475.12008857727
445	-133.38762	-133.38762	5.6528325	-48.77516	4.435027	18.660872	-64.7041	-48.774666	0.5	89641982	38559.66587758064
446	-161.8149	-161.8149	-18.002975	-48.76232	4.490154	20.591146	-63.29342	-48.762005	0.8	89842981	38644.14831376076
447	-148.61905	-148.61905	8.244355	-48.751377	4.509669	22.294313	-62.84548	-48.750683	0.4	90043983	38729.14048790932
448	-158.95372	-158.95372	-11.017114	-48.758186	4.4723887	15.999359	-66.56524	-48.75834	0.2	90244984	38814.777955532074
449	-169.32645	-169.32645	7.719572	-48.77424	4.4340277	19.79627	-65.14127	-48.773712	0.6	90445981	38899.463795661926
450	-138.22562	-138.22562	-8.841067	-48.762688	4.4416137	19.1305	-66.1965	-48.76265	0.4	90646989	38984.09464645386
451	-144.66255	-144.66255	3.7484598	-48.757233	4.4881296	20.52623	-65.35573	-48.756424	0.5	90847981	39068.57213592529
452	-135.72455	-135.72455	-0.7384613	-48.76493	4.442287	18.070549	-65.00689	-48.764835	0.5	91048981	39153.15513253212
453	-120.32261	-120.32261	7.0724564	-48.778137	4.4193296	23.042574	-67.83348	-48.77757	0.3	91249984	39237.61540079117
454	-148.72865	-148.72865	3.5012116	-48.752754	4.5144677	16.55459	-63.156734	-48.752342	0.7	91450981	39322.87415575981
455	-143.02087	-143.02087	-7.364989	-48.76918	4.4481993	14.952071	-64.56164	-48.76865	0.3	91651981	39407.72723722458
456	-143.55959	-143.55959	-0.38805696	-48.755783	4.4961753	23.385515	-63.674973	-48.755215	0.3	91852982	39492.20380830765
457	-138.67865	-138.67865	6.075119	-48.746937	4.5226216	16.725391	-66.05151	-48.747555	0.4	92053987	39576.64317679405
458	-145.79036	-145.79036	4.847631	-48.756283	4.4792156	15.775945	-65.3269	-48.755474	0.4	92254983	39661.44457530975
459	-139.89243	-139.89243	10.21603	-48.759647	4.4824634	24.649637	-69.7133	-48.758904	0.5	92455982	39746.45113658905
460	-152.54936	-152.54936	3.2776232	-48.754826	4.510133	14.357355	-63.00392	-48.754337	0.2	92656983	39831.38098573685
461	-130.82495	-130.82495	5.620043	-48.755672	4.533163	15.839177	-65.17196	-48.755886	0.5	92857983	39916.22479557991
462	-163.57063	-163.57063	6.9406724	-48.74742	4.5110025	23.88533	-65.04953	-48.746906	0.5	93058982	40000.5508081913
463	-135.23225	-135.23225	0.7544149	-48.74655	4.494831	18.140549	-63.56208	-48.746483	0.5	93259988	40087.30882167816
464	-155.42378	-155.42378	5.2563343	-48.757637	4.48678	18.312794	-64.48068	-48.7576	0.6	93460981	40172.775097846985
465	-181.93048	-181.93048	3.7840693	-48.735302	4.5165324	24.611498	-74.827156	-48.734596	0.6	93661983	40258.14189219475
466	-161.76622	-161.76622	6.2630444	-48.727978	4.569241	24.024836	-70.63057	-48.72759	0.4	93862991	40342.93898677826
467	-147.503	-147.503	-21.978016	-48.73478	4.5492225	22.351835	-74.53782	-48.734604	0.4	94063982	40427.8727543354
468	-135.0192	-135.0192	-25.930676	-48.729618	4.55421	17.377077	-68.10065	-48.729073	0.4	94264982	40512.88352870941
469	-165.89427	-165.89427	5.9500093	-48.74528	4.521909	15.704531	-66.55444	-48.744484	0.3	94465981	40597.55609893799
470	-157.8416	-157.8416	7.0749555	-48.73324	4.546727	15.540211	-64.416275	-48.732784	0.3	94666987	40682.125953912735
471	-125.675156	-125.675156	7.4025326	-48.740707	4.525216	24.102417	-65.39054	-48.740448	0.6	94867981	40767.356922626495
472	-136.83955	-136.83955	6.905879	-48.730118	4.5622897	25.61186	-74.93504	-48.730106	0.4	95068984	40851.60400247574
473	-133.8256	-133.8256	7.1998005	-48.724644	4.5679727	27.782055	-65.51299	-48.724	0.4	95269990	40935.64236307144
474	-152.50478	-152.50478	8.27047	-48.725475	4.5767345	16.793741	-65.28917	-48.72562	0.6	95470983	41019.89902639389
475	-138.75557	-138.75557	1.8659046	-48.72843	4.588326	19.549376	-65.261536	-48.728226	0.6	95671982	41104.25771331787
476	-156.42802	-156.42802	4.462998	-48.727245	4.589102	15.223089	-69.246025	-48.72742	0.7	95872981	41189.14471435547
477	-143.1554	-143.1554	9.638302	-48.717556	4.616864	18.459665	-65.72229	-48.71708	0.4	96073984	41273.28892540932
478	-136.20338	-136.20338	-8.131121	-48.742123	4.522595	16.47791	-67.93935	-48.74204	0.4	96274984	41357.603444099426
479	-150.42517	-150.42517	9.6862955	-48.71481	4.6133065	20.055838	-65.89791	-48.71404	0.6	96475986	41441.90347623825
480	-133.844	-133.844	-6.2624354	-48.70641	4.6420827	23.026234	-72.219475	-48.706738	0.2	96676983	41526.140305280685
481	-126.87436	-126.87436	-17.704363	-48.723976	4.5985684	17.613054	-69.56413	-48.723644	0.4	96877983	41610.555149793625
482	-146.83406	-146.83406	5.8351135	-48.717617	4.609319	18.895622	-65.383934	-48.71794	0.6	97078985	41695.60410165787
483	-150.26013	-150.26013	-2.2872527	-48.70832	4.623467	16.775442	-66.83758	-48.708405	0.4	97279982	41779.755563259125
484	-143.86282	-143.86282	6.3737593	-48.704052	4.6249514	19.793552	-72.560196	-48.703304	0.6	97480990	41863.705657720566
485	-120.098564	-120.098564	3.542393	-48.698284	4.641714	28.154335	-66.833115	-48.698746	0.2	97681990	41947.77938866615
486	-141.52345	-141.52345	8.733807	-48.702473	4.6174555	16.329346	-74.64977	-48.70194	0.5	97882991	42032.24001574516
487	-124.668816	-124.668816	-18.163742	-48.690575	4.6600614	21.120478	-64.718666	-48.690235	0.5	98083983	42116.49597477913
488	-133.1199	-133.1199	-0.34058797	-48.697105	4.625822	18.419567	-66.685555	-48.696575	0.4	98284983	42200.538850307465
489	-151.63213	-151.63213	-48.255325	-48.712223	4.5933323	18.677559	-63.63245	-48.712193	0.3	98485986	42284.74786067009
490	-163.84167	-163.84167	3.5331938	-48.692142	4.621059	16.016422	-66.197426	-48.691833	0.3	98686981	42369.141986608505
491	-115.14609	-115.14609	7.0734615	-48.68141	4.6743965	15.308218	-67.31231	-48.680737	0.4	98887984	42454.48761224747
492	-142.20479	-142.20479	-9.196537	-48.701096	4.6299324	24.748745	-63.754074	-48.701187	0.3	99088983	42539.479449272156
493	-153.94263	-153.94263	7.7619762	-48.693146	4.6712565	18.251398	-65.84215	-48.692947	0.4	99289984	42624.0524930954
494	-148.44579	-148.44579	-28.402525	-48.70079	4.6287646	17.35034	-69.93791	-48.700645	0.4	99490986	42708.83898258209
495	-137.06389	-137.06389	5.1613307	-48.678436	4.7032895	16.029161	-66.21359	-48.678032	0.2	99691983	42793.39242172241
496	-135.00435	-135.00435	-42.899403	-48.674572	4.69541	22.465683	-67.5377	-48.67441	0.4	99892985	42877.66562247276
497	-139.71507	-139.71507	-22.643944	-48.67475	4.679327	16.119152	-71.42984	-48.674118	0.4	100093987	42961.89793610573
498	-163.60449	-163.60449	-10.543666	-48.677036	4.689332	18.433657	-66.4954	-48.677174	0.4	100294988	43046.977202653885
499	-147.79413	-147.79413	-2.0921395	-48.68135	4.697981	18.034204	-79.34705	-48.681744	0.3	100495984	43132.36127328873
